Starting evolution...
length: 34.0
feature_occurency: [50, 50, 50, 50, 50, 50, 50, 50, 50, 50, 50, 50, 50, 50, 50, 50, 50, 50, 50, 50, 50, 50, 50, 50, 50, 50, 50, 50, 50, 50, 50, 50, 50, 50]

Generation 0
Average: 0.8667 Best: 0.8917
Best Individual: 
C0 0|7|12|3|27|18|6|4|14|5|10|11|30|16|1|15|26|17|9|19|33|13|22|23|24|25|21|28|2|20|8|31|32|29|
Overall Best: 0.8917 Generation: 0
length: 34.0
feature_occurency: [50, 50, 50, 50, 50, 50, 50, 50, 50, 50, 50, 50, 50, 50, 50, 50, 50, 50, 50, 50, 50, 50, 50, 50, 50, 50, 50, 50, 50, 50, 50, 50, 50, 50]

Generation 1
Average: 0.8717 Best: 0.9003
Best Individual: 
C0 0|7|18|15|27|12|19|4|14|17|10|11|30|16|1|3|26|5|32|6|24|13|31|23|33|25|21|28|2|20|8|22|9|29|
Overall Best: 0.9003 Generation: 1
length: 34.0
feature_occurency: [50, 50, 50, 50, 50, 50, 50, 50, 50, 50, 50, 50, 50, 50, 50, 50, 50, 50, 50, 50, 50, 50, 50, 50, 50, 50, 50, 50, 50, 50, 50, 50, 50, 50]

Generation 2
Average: 0.8734 Best: 0.8946
Best Individual: 
C0 0|7|13|15|27|12|19|4|14|17|10|11|30|16|1|3|26|5|32|6|28|18|31|23|33|25|21|24|2|20|8|22|9|29|
Overall Best: 0.9003 Generation: 1
length: 34.0
feature_occurency: [50, 50, 50, 50, 50, 50, 50, 50, 50, 50, 50, 50, 50, 50, 50, 50, 50, 50, 50, 50, 50, 50, 50, 50, 50, 50, 50, 50, 50, 50, 50, 50, 50, 50]

Generation 3
Average: 0.8765 Best: 0.8974
Best Individual: 
C0 0|8|13|15|27|28|19|4|14|17|10|11|30|16|1|3|26|5|32|6|12|18|31|23|33|25|21|24|2|29|20|7|9|22|
Overall Best: 0.9003 Generation: 1
length: 34.0
feature_occurency: [50, 50, 50, 50, 50, 50, 50, 50, 50, 50, 50, 50, 50, 50, 50, 50, 50, 50, 50, 50, 50, 50, 50, 50, 50, 50, 50, 50, 50, 50, 50, 50, 50, 50]

Generation 4
Average: 0.8736 Best: 0.8860
Best Individual: 
C0 22|10|20|23|33|26|21|18|30|9|27|1|12|13|24|31|15|5|32|2|28|25|29|3|6|7|4|17|0|8|11|19|16|14|
Overall Best: 0.9003 Generation: 1
length: 34.0
feature_occurency: [50, 50, 50, 50, 50, 50, 50, 50, 50, 50, 50, 50, 50, 50, 50, 50, 50, 50, 50, 50, 50, 50, 50, 50, 50, 50, 50, 50, 50, 50, 50, 50, 50, 50]

Generation 5
Average: 0.8762 Best: 0.8974
Best Individual: 
C0 20|19|26|17|11|7|6|2|1|29|10|31|5|12|33|28|23|14|13|24|4|22|27|3|9|25|18|32|15|8|16|0|30|21|
Overall Best: 0.9003 Generation: 1
length: 34.0
feature_occurency: [50, 50, 50, 50, 50, 50, 50, 50, 50, 50, 50, 50, 50, 50, 50, 50, 50, 50, 50, 50, 50, 50, 50, 50, 50, 50, 50, 50, 50, 50, 50, 50, 50, 50]

Generation 6
Average: 0.8753 Best: 0.8917
Best Individual: 
C0 31|19|24|27|13|15|21|28|25|4|3|16|5|12|33|18|23|14|10|26|9|29|0|11|1|20|6|22|17|2|7|8|30|32|
Overall Best: 0.9003 Generation: 1
length: 34.0
feature_occurency: [50, 50, 50, 50, 50, 50, 50, 50, 50, 50, 50, 50, 50, 50, 50, 50, 50, 50, 50, 50, 50, 50, 50, 50, 50, 50, 50, 50, 50, 50, 50, 50, 50, 50]

Generation 7
Average: 0.8758 Best: 0.8917
Best Individual: 
C0 19|17|2|27|32|8|24|3|13|25|7|16|5|12|33|9|23|22|28|26|18|29|0|11|1|20|6|14|31|21|4|10|30|15|
Overall Best: 0.9003 Generation: 1
length: 34.0
feature_occurency: [50, 50, 50, 50, 50, 50, 50, 50, 50, 50, 50, 50, 50, 50, 50, 50, 50, 50, 50, 50, 50, 50, 50, 50, 50, 50, 50, 50, 50, 50, 50, 50, 50, 50]

Generation 8
Average: 0.8774 Best: 0.8974
Best Individual: 
C0 0|12|28|26|32|7|20|21|23|14|5|29|18|13|30|1|22|17|27|4|11|19|15|25|6|33|31|16|2|10|8|24|3|9|
Overall Best: 0.9003 Generation: 1
length: 34.0
feature_occurency: [50, 50, 50, 50, 50, 50, 50, 50, 50, 50, 50, 50, 50, 50, 50, 50, 50, 50, 50, 50, 50, 50, 50, 50, 50, 50, 50, 50, 50, 50, 50, 50, 50, 50]

Generation 9
Average: 0.8773 Best: 0.8974
Best Individual: 
C0 11|20|7|26|10|1|0|23|27|19|31|21|9|13|25|18|29|6|12|22|2|32|3|5|4|14|24|17|33|30|28|15|16|8|
Overall Best: 0.9003 Generation: 1
length: 34.0
feature_occurency: [50, 50, 50, 50, 50, 50, 50, 50, 50, 50, 50, 50, 50, 50, 50, 50, 50, 50, 50, 50, 50, 50, 50, 50, 50, 50, 50, 50, 50, 50, 50, 50, 50, 50]

Generation 10
Average: 0.8775 Best: 0.9003
Best Individual: 
C0 11|20|4|22|10|1|31|23|27|19|0|30|9|13|25|18|29|26|12|6|2|32|3|5|7|14|24|17|33|21|28|15|16|8|
Overall Best: 0.9003 Generation: 1
length: 34.0
feature_occurency: [50, 50, 50, 50, 50, 50, 50, 50, 50, 50, 50, 50, 50, 50, 50, 50, 50, 50, 50, 50, 50, 50, 50, 50, 50, 50, 50, 50, 50, 50, 50, 50, 50, 50]

Generation 11
Average: 0.8785 Best: 0.9003
Best Individual: 
C0 11|20|28|22|33|21|14|23|27|19|25|2|29|32|18|31|7|13|17|15|30|26|6|24|1|0|5|10|12|9|4|3|16|8|
Overall Best: 0.9003 Generation: 1
length: 34.0
feature_occurency: [50, 50, 50, 50, 50, 50, 50, 50, 50, 50, 50, 50, 50, 50, 50, 50, 50, 50, 50, 50, 50, 50, 50, 50, 50, 50, 50, 50, 50, 50, 50, 50, 50, 50]

Generation 12
Average: 0.8772 Best: 0.9088
Best Individual: 
C0 16|4|20|12|2|26|23|1|14|27|22|15|33|13|25|18|29|6|11|24|21|5|19|31|8|17|3|32|10|7|30|28|9|0|
Overall Best: 0.9088 Generation: 12
length: 34.0
feature_occurency: [50, 50, 50, 50, 50, 50, 50, 50, 50, 50, 50, 50, 50, 50, 50, 50, 50, 50, 50, 50, 50, 50, 50, 50, 50, 50, 50, 50, 50, 50, 50, 50, 50, 50]

Generation 13
Average: 0.8773 Best: 0.8974
Best Individual: 
C0 26|5|14|17|32|0|20|21|33|31|7|19|25|16|30|11|12|6|27|4|1|23|24|29|15|18|22|28|9|10|2|3|13|8|
Overall Best: 0.9088 Generation: 12
length: 34.0
feature_occurency: [50, 50, 50, 50, 50, 50, 50, 50, 50, 50, 50, 50, 50, 50, 50, 50, 50, 50, 50, 50, 50, 50, 50, 50, 50, 50, 50, 50, 50, 50, 50, 50, 50, 50]

Generation 14
Average: 0.8756 Best: 0.9088
Best Individual: 
C0 5|12|14|28|32|24|20|1|15|30|7|19|25|13|31|11|17|6|27|0|29|23|4|21|33|18|22|26|9|10|2|3|16|8|
Overall Best: 0.9088 Generation: 12
length: 34.0
feature_occurency: [50, 50, 50, 50, 50, 50, 50, 50, 50, 50, 50, 50, 50, 50, 50, 50, 50, 50, 50, 50, 50, 50, 50, 50, 50, 50, 50, 50, 50, 50, 50, 50, 50, 50]

Generation 15
Average: 0.8757 Best: 0.8946
Best Individual: 
C0 5|22|14|0|25|26|1|18|7|30|33|11|32|19|4|12|27|13|29|20|23|21|24|17|15|9|3|28|6|10|2|31|16|8|
Overall Best: 0.9088 Generation: 12
length: 34.0
feature_occurency: [50, 50, 50, 50, 50, 50, 50, 50, 50, 50, 50, 50, 50, 50, 50, 50, 50, 50, 50, 50, 50, 50, 50, 50, 50, 50, 50, 50, 50, 50, 50, 50, 50, 50]

Generation 16
Average: 0.8754 Best: 0.8974
Best Individual: 
C0 10|27|31|15|0|21|30|1|9|11|3|33|18|28|14|22|6|26|12|8|4|17|19|2|23|25|20|29|13|5|24|7|16|32|
Overall Best: 0.9088 Generation: 12
length: 34.0
feature_occurency: [50, 50, 50, 50, 50, 50, 50, 50, 50, 50, 50, 50, 50, 50, 50, 50, 50, 50, 50, 50, 50, 50, 50, 50, 50, 50, 50, 50, 50, 50, 50, 50, 50, 50]

Generation 17
Average: 0.8766 Best: 0.8974
Best Individual: 
C0 28|27|33|24|25|7|12|11|9|32|2|6|31|19|4|8|13|30|29|14|23|3|18|0|5|20|1|10|17|21|22|15|26|16|
Overall Best: 0.9088 Generation: 12
length: 34.0
feature_occurency: [50, 50, 50, 50, 50, 50, 50, 50, 50, 50, 50, 50, 50, 50, 50, 50, 50, 50, 50, 50, 50, 50, 50, 50, 50, 50, 50, 50, 50, 50, 50, 50, 50, 50]

Generation 18
Average: 0.8769 Best: 0.8946
Best Individual: 
C0 8|21|15|20|4|27|25|6|14|11|2|0|24|26|33|22|18|13|12|5|3|19|17|7|23|31|28|29|32|16|30|9|10|1|
Overall Best: 0.9088 Generation: 12
length: 34.0
feature_occurency: [50, 50, 50, 50, 50, 50, 50, 50, 50, 50, 50, 50, 50, 50, 50, 50, 50, 50, 50, 50, 50, 50, 50, 50, 50, 50, 50, 50, 50, 50, 50, 50, 50, 50]

Generation 19
Average: 0.8771 Best: 0.8946
Best Individual: 
C0 31|3|29|4|18|13|30|20|9|11|2|33|19|28|5|27|25|26|12|8|23|17|0|22|15|6|24|10|16|1|32|21|14|7|
Overall Best: 0.9088 Generation: 12
length: 34.0
feature_occurency: [50, 50, 50, 50, 50, 50, 50, 50, 50, 50, 50, 50, 50, 50, 50, 50, 50, 50, 50, 50, 50, 50, 50, 50, 50, 50, 50, 50, 50, 50, 50, 50, 50, 50]

Generation 20
Average: 0.8790 Best: 0.8974
Best Individual: 
C0 4|21|16|20|6|31|18|24|26|11|2|33|19|28|5|27|25|14|12|8|23|17|0|22|15|3|13|7|10|30|9|32|29|1|
Overall Best: 0.9088 Generation: 12
length: 34.0
feature_occurency: [50, 50, 50, 50, 50, 50, 50, 50, 50, 50, 50, 50, 50, 50, 50, 50, 50, 50, 50, 50, 50, 50, 50, 50, 50, 50, 50, 50, 50, 50, 50, 50, 50, 50]

Generation 21
Average: 0.8801 Best: 0.8974
Best Individual: 
C0 4|21|33|20|6|31|18|24|26|11|2|16|19|28|5|27|25|14|12|8|0|17|23|22|15|3|13|30|10|7|9|32|29|1|
Overall Best: 0.9088 Generation: 12
length: 34.0
feature_occurency: [50, 50, 50, 50, 50, 50, 50, 50, 50, 50, 50, 50, 50, 50, 50, 50, 50, 50, 50, 50, 50, 50, 50, 50, 50, 50, 50, 50, 50, 50, 50, 50, 50, 50]

Generation 22
Average: 0.8794 Best: 0.9003
Best Individual: 
C0 16|11|8|21|31|20|1|18|29|26|0|33|19|28|5|27|25|14|12|2|17|23|4|22|15|3|13|7|10|30|9|32|24|6|
Overall Best: 0.9088 Generation: 12
length: 34.0
feature_occurency: [50, 50, 50, 50, 50, 50, 50, 50, 50, 50, 50, 50, 50, 50, 50, 50, 50, 50, 50, 50, 50, 50, 50, 50, 50, 50, 50, 50, 50, 50, 50, 50, 50, 50]

Generation 23
Average: 0.8782 Best: 0.9088
Best Individual: 
C0 26|17|12|33|21|25|20|8|27|5|29|0|11|18|1|2|24|6|14|19|31|23|4|22|15|3|13|7|10|30|9|32|28|16|
Overall Best: 0.9088 Generation: 12
length: 34.0
feature_occurency: [50, 50, 50, 50, 50, 50, 50, 50, 50, 50, 50, 50, 50, 50, 50, 50, 50, 50, 50, 50, 50, 50, 50, 50, 50, 50, 50, 50, 50, 50, 50, 50, 50, 50]

Generation 24
Average: 0.8829 Best: 0.9088
Best Individual: 
C0 26|17|12|11|15|25|20|8|27|5|29|0|33|3|22|2|24|6|14|19|31|23|4|1|21|18|13|7|10|30|9|32|28|16|
Overall Best: 0.9088 Generation: 12
length: 34.0
feature_occurency: [50, 50, 50, 50, 50, 50, 50, 50, 50, 50, 50, 50, 50, 50, 50, 50, 50, 50, 50, 50, 50, 50, 50, 50, 50, 50, 50, 50, 50, 50, 50, 50, 50, 50]

Generation 25
Average: 0.8819 Best: 0.9088
Best Individual: 
C0 26|17|12|11|15|25|5|8|31|20|29|0|33|3|22|2|24|6|13|19|27|23|4|1|21|18|14|7|10|30|9|32|28|16|
Overall Best: 0.9088 Generation: 12
length: 34.0
feature_occurency: [50, 50, 50, 50, 50, 50, 50, 50, 50, 50, 50, 50, 50, 50, 50, 50, 50, 50, 50, 50, 50, 50, 50, 50, 50, 50, 50, 50, 50, 50, 50, 50, 50, 50]

Generation 26
Average: 0.8814 Best: 0.9003
Best Individual: 
C0 26|17|12|11|15|14|5|8|32|20|2|16|33|3|22|29|24|27|13|19|21|23|4|31|18|25|6|7|10|30|9|1|28|0|
Overall Best: 0.9088 Generation: 12
length: 34.0
feature_occurency: [50, 50, 50, 50, 50, 50, 50, 50, 50, 50, 50, 50, 50, 50, 50, 50, 50, 50, 50, 50, 50, 50, 50, 50, 50, 50, 50, 50, 50, 50, 50, 50, 50, 50]

Generation 27
Average: 0.8795 Best: 0.9003
Best Individual: 
C0 26|17|12|11|15|14|5|8|32|20|2|16|33|18|22|29|24|27|13|19|21|23|4|31|3|25|6|28|10|30|9|1|7|0|
Overall Best: 0.9088 Generation: 12
length: 34.0
feature_occurency: [50, 50, 50, 50, 50, 50, 50, 50, 50, 50, 50, 50, 50, 50, 50, 50, 50, 50, 50, 50, 50, 50, 50, 50, 50, 50, 50, 50, 50, 50, 50, 50, 50, 50]

Generation 28
Average: 0.8817 Best: 0.8974
Best Individual: 
C0 6|17|12|30|21|31|22|26|27|16|29|14|4|2|20|9|33|5|25|0|19|23|11|32|15|3|13|7|10|28|8|1|24|18|
Overall Best: 0.9088 Generation: 12
length: 34.0
feature_occurency: [50, 50, 50, 50, 50, 50, 50, 50, 50, 50, 50, 50, 50, 50, 50, 50, 50, 50, 50, 50, 50, 50, 50, 50, 50, 50, 50, 50, 50, 50, 50, 50, 50, 50]

Generation 29
Average: 0.8807 Best: 0.9031
Best Individual: 
C0 6|17|12|30|21|31|22|26|27|16|29|15|4|2|20|8|33|5|25|0|19|23|11|32|14|3|13|7|10|28|9|1|24|18|
Overall Best: 0.9088 Generation: 12
length: 34.0
feature_occurency: [50, 50, 50, 50, 50, 50, 50, 50, 50, 50, 50, 50, 50, 50, 50, 50, 50, 50, 50, 50, 50, 50, 50, 50, 50, 50, 50, 50, 50, 50, 50, 50, 50, 50]

Generation 30
Average: 0.8797 Best: 0.8974
Best Individual: 
C0 22|17|28|33|1|32|13|5|10|30|23|14|25|6|3|26|24|27|19|0|21|2|4|7|12|20|29|31|18|16|15|9|11|8|
Overall Best: 0.9088 Generation: 12
length: 34.0
feature_occurency: [50, 50, 50, 50, 50, 50, 50, 50, 50, 50, 50, 50, 50, 50, 50, 50, 50, 50, 50, 50, 50, 50, 50, 50, 50, 50, 50, 50, 50, 50, 50, 50, 50, 50]

Generation 31
Average: 0.8793 Best: 0.8974
Best Individual: 
C0 28|26|22|27|1|19|13|5|18|14|20|12|25|6|4|3|24|29|32|30|31|2|7|0|11|23|33|21|10|16|15|9|17|8|
Overall Best: 0.9088 Generation: 12
length: 34.0
feature_occurency: [50, 50, 50, 50, 50, 50, 50, 50, 50, 50, 50, 50, 50, 50, 50, 50, 50, 50, 50, 50, 50, 50, 50, 50, 50, 50, 50, 50, 50, 50, 50, 50, 50, 50]

Generation 32
Average: 0.8793 Best: 0.8946
Best Individual: 
C0 11|12|15|2|24|18|29|0|25|3|17|14|5|26|4|27|19|31|16|23|8|20|22|30|33|6|1|9|28|21|10|7|13|32|
Overall Best: 0.9088 Generation: 12
length: 34.0
feature_occurency: [50, 50, 50, 50, 50, 50, 50, 50, 50, 50, 50, 50, 50, 50, 50, 50, 50, 50, 50, 50, 50, 50, 50, 50, 50, 50, 50, 50, 50, 50, 50, 50, 50, 50]

Generation 33
Average: 0.8808 Best: 0.9003
Best Individual: 
C0 12|22|23|1|13|6|19|25|4|8|32|27|26|17|16|31|29|33|5|3|21|2|11|30|14|20|7|15|18|0|10|28|9|24|
Overall Best: 0.9088 Generation: 12
length: 34.0
feature_occurency: [50, 50, 50, 50, 50, 50, 50, 50, 50, 50, 50, 50, 50, 50, 50, 50, 50, 50, 50, 50, 50, 50, 50, 50, 50, 50, 50, 50, 50, 50, 50, 50, 50, 50]

Generation 34
Average: 0.8812 Best: 0.9003
Best Individual: 
C0 11|12|15|2|28|32|16|22|25|3|4|14|5|26|17|27|19|31|29|23|8|20|0|30|33|6|1|9|24|21|10|7|13|18|
Overall Best: 0.9088 Generation: 12
length: 34.0
feature_occurency: [50, 50, 50, 50, 50, 50, 50, 50, 50, 50, 50, 50, 50, 50, 50, 50, 50, 50, 50, 50, 50, 50, 50, 50, 50, 50, 50, 50, 50, 50, 50, 50, 50, 50]

Generation 35
Average: 0.8803 Best: 0.9003
Best Individual: 
C0 11|12|15|2|28|32|16|22|25|3|4|14|5|26|17|27|30|31|29|23|8|20|0|19|33|6|1|9|24|21|10|7|13|18|
Overall Best: 0.9088 Generation: 12
length: 34.0
feature_occurency: [50, 50, 50, 50, 50, 50, 50, 50, 50, 50, 50, 50, 50, 50, 50, 50, 50, 50, 50, 50, 50, 50, 50, 50, 50, 50, 50, 50, 50, 50, 50, 50, 50, 50]

Generation 36
Average: 0.8793 Best: 0.9003
Best Individual: 
C0 11|12|15|2|24|32|18|9|25|3|4|28|5|26|17|27|30|31|29|23|8|20|0|19|33|6|1|22|14|21|10|7|13|16|
Overall Best: 0.9088 Generation: 12
length: 34.0
feature_occurency: [50, 50, 50, 50, 50, 50, 50, 50, 50, 50, 50, 50, 50, 50, 50, 50, 50, 50, 50, 50, 50, 50, 50, 50, 50, 50, 50, 50, 50, 50, 50, 50, 50, 50]

Generation 37
Average: 0.8799 Best: 0.9003
Best Individual: 
C0 11|12|15|2|24|32|18|9|25|3|29|28|5|26|17|27|30|31|4|23|8|20|0|19|33|6|1|22|14|21|10|7|13|16|
Overall Best: 0.9088 Generation: 12
length: 34.0
feature_occurency: [50, 50, 50, 50, 50, 50, 50, 50, 50, 50, 50, 50, 50, 50, 50, 50, 50, 50, 50, 50, 50, 50, 50, 50, 50, 50, 50, 50, 50, 50, 50, 50, 50, 50]

Generation 38
Average: 0.8795 Best: 0.9003
Best Individual: 
C0 11|12|15|2|26|32|18|9|25|3|29|17|30|24|28|27|5|31|4|33|8|20|0|19|23|6|1|22|14|21|10|7|13|16|
Overall Best: 0.9088 Generation: 12
length: 34.0
feature_occurency: [50, 50, 50, 50, 50, 50, 50, 50, 50, 50, 50, 50, 50, 50, 50, 50, 50, 50, 50, 50, 50, 50, 50, 50, 50, 50, 50, 50, 50, 50, 50, 50, 50, 50]

Generation 39
Average: 0.8814 Best: 0.9088
Best Individual: 
C0 33|3|22|24|27|31|2|26|13|14|19|6|0|12|17|18|25|23|20|29|32|30|11|15|5|1|4|7|9|8|10|21|16|28|
Overall Best: 0.9088 Generation: 12
length: 34.0
feature_occurency: [50, 50, 50, 50, 50, 50, 50, 50, 50, 50, 50, 50, 50, 50, 50, 50, 50, 50, 50, 50, 50, 50, 50, 50, 50, 50, 50, 50, 50, 50, 50, 50, 50, 50]

Generation 40
Average: 0.8816 Best: 0.9088
Best Individual: 
C0 27|3|22|24|4|31|2|26|13|14|19|6|0|12|17|18|25|23|20|29|32|30|11|15|5|1|33|7|9|8|10|21|16|28|
Overall Best: 0.9088 Generation: 12
length: 34.0
feature_occurency: [50, 50, 50, 50, 50, 50, 50, 50, 50, 50, 50, 50, 50, 50, 50, 50, 50, 50, 50, 50, 50, 50, 50, 50, 50, 50, 50, 50, 50, 50, 50, 50, 50, 50]

Generation 41
Average: 0.8792 Best: 0.8974
Best Individual: 
C0 31|22|18|6|23|33|27|25|0|5|11|13|21|12|26|3|20|9|15|2|8|32|30|14|29|17|28|24|19|10|1|4|16|7|
Overall Best: 0.9088 Generation: 12
length: 34.0
feature_occurency: [50, 50, 50, 50, 50, 50, 50, 50, 50, 50, 50, 50, 50, 50, 50, 50, 50, 50, 50, 50, 50, 50, 50, 50, 50, 50, 50, 50, 50, 50, 50, 50, 50, 50]

Generation 42
Average: 0.8795 Best: 0.9003
Best Individual: 
C0 26|15|12|8|27|4|18|2|13|14|30|6|9|33|23|25|19|11|32|5|3|0|31|17|22|21|20|10|29|16|7|1|24|28|
Overall Best: 0.9088 Generation: 12
length: 34.0
feature_occurency: [50, 50, 50, 50, 50, 50, 50, 50, 50, 50, 50, 50, 50, 50, 50, 50, 50, 50, 50, 50, 50, 50, 50, 50, 50, 50, 50, 50, 50, 50, 50, 50, 50, 50]

Generation 43
Average: 0.8784 Best: 0.9060
Best Individual: 
C0 20|13|10|0|1|2|27|5|12|31|19|18|4|30|11|24|15|17|22|6|8|26|14|25|29|23|33|7|9|16|3|21|32|28|
Overall Best: 0.9088 Generation: 12
length: 34.0
feature_occurency: [50, 50, 50, 50, 50, 50, 50, 50, 50, 50, 50, 50, 50, 50, 50, 50, 50, 50, 50, 50, 50, 50, 50, 50, 50, 50, 50, 50, 50, 50, 50, 50, 50, 50]

Generation 44
Average: 0.8791 Best: 0.9060
Best Individual: 
C0 20|13|10|0|1|2|5|27|12|31|19|18|4|30|11|24|15|17|22|6|8|26|14|25|29|23|33|7|9|16|3|21|32|28|
Overall Best: 0.9088 Generation: 12
length: 34.0
feature_occurency: [50, 50, 50, 50, 50, 50, 50, 50, 50, 50, 50, 50, 50, 50, 50, 50, 50, 50, 50, 50, 50, 50, 50, 50, 50, 50, 50, 50, 50, 50, 50, 50, 50, 50]

Generation 45
Average: 0.8784 Best: 0.8974
Best Individual: 
C0 30|31|22|11|33|3|1|26|24|0|14|6|15|32|19|18|10|23|20|29|2|27|8|17|12|4|5|13|28|9|25|21|16|7|
Overall Best: 0.9088 Generation: 12
length: 34.0
feature_occurency: [50, 50, 50, 50, 50, 50, 50, 50, 50, 50, 50, 50, 50, 50, 50, 50, 50, 50, 50, 50, 50, 50, 50, 50, 50, 50, 50, 50, 50, 50, 50, 50, 50, 50]

Generation 46
Average: 0.8814 Best: 0.8946
Best Individual: 
C0 0|8|9|12|14|31|16|26|18|32|11|27|23|6|25|30|19|4|2|20|22|1|5|29|13|33|7|21|24|28|10|15|17|3|
Overall Best: 0.9088 Generation: 12
length: 34.0
feature_occurency: [50, 50, 50, 50, 50, 50, 50, 50, 50, 50, 50, 50, 50, 50, 50, 50, 50, 50, 50, 50, 50, 50, 50, 50, 50, 50, 50, 50, 50, 50, 50, 50, 50, 50]

Generation 47
Average: 0.8806 Best: 0.9003
Best Individual: 
C0 20|12|3|15|25|32|23|27|8|4|9|16|5|26|31|24|6|17|18|19|11|30|13|1|0|33|14|7|22|29|10|21|2|28|
Overall Best: 0.9088 Generation: 12
length: 34.0
feature_occurency: [50, 50, 50, 50, 50, 50, 50, 50, 50, 50, 50, 50, 50, 50, 50, 50, 50, 50, 50, 50, 50, 50, 50, 50, 50, 50, 50, 50, 50, 50, 50, 50, 50, 50]

Generation 48
Average: 0.8807 Best: 0.9003
Best Individual: 
C0 30|31|22|11|19|3|14|26|24|27|4|1|10|25|17|18|12|23|20|29|2|0|8|33|15|13|5|32|28|9|6|21|16|7|
Overall Best: 0.9088 Generation: 12
length: 34.0
feature_occurency: [50, 50, 50, 50, 50, 50, 50, 50, 50, 50, 50, 50, 50, 50, 50, 50, 50, 50, 50, 50, 50, 50, 50, 50, 50, 50, 50, 50, 50, 50, 50, 50, 50, 50]

Generation 49
Average: 0.8832 Best: 0.9031
Best Individual: 
C0 31|4|28|3|9|26|20|12|18|19|2|32|5|25|13|6|33|15|23|1|16|27|11|29|14|24|21|7|17|30|10|0|22|8|
Overall Best: 0.9088 Generation: 12
length: 34.0
feature_occurency: [50, 50, 50, 50, 50, 50, 50, 50, 50, 50, 50, 50, 50, 50, 50, 50, 50, 50, 50, 50, 50, 50, 50, 50, 50, 50, 50, 50, 50, 50, 50, 50, 50, 50]

Generation 50
Average: 0.8806 Best: 0.9060
Best Individual: 
C0 31|4|28|3|9|14|20|12|22|19|2|32|5|25|13|6|33|15|23|1|16|27|11|29|26|24|21|7|17|30|10|0|18|8|
Overall Best: 0.9088 Generation: 12
length: 34.0
feature_occurency: [50, 50, 50, 50, 50, 50, 50, 50, 50, 50, 50, 50, 50, 50, 50, 50, 50, 50, 50, 50, 50, 50, 50, 50, 50, 50, 50, 50, 50, 50, 50, 50, 50, 50]

Generation 51
Average: 0.8822 Best: 0.9031
Best Individual: 
C0 31|4|28|5|9|26|20|12|18|13|11|32|3|25|19|1|33|15|23|6|24|27|2|29|14|16|21|7|17|30|10|0|22|8|
Overall Best: 0.9088 Generation: 12
length: 34.0
feature_occurency: [50, 50, 50, 50, 50, 50, 50, 50, 50, 50, 50, 50, 50, 50, 50, 50, 50, 50, 50, 50, 50, 50, 50, 50, 50, 50, 50, 50, 50, 50, 50, 50, 50, 50]

Generation 52
Average: 0.8816 Best: 0.8917
Best Individual: 
C0 19|5|17|11|30|31|12|26|24|27|7|3|18|14|22|28|25|33|0|23|13|20|32|29|15|4|6|1|16|9|8|21|10|2|
Overall Best: 0.9088 Generation: 12
length: 34.0
feature_occurency: [50, 50, 50, 50, 50, 50, 50, 50, 50, 50, 50, 50, 50, 50, 50, 50, 50, 50, 50, 50, 50, 50, 50, 50, 50, 50, 50, 50, 50, 50, 50, 50, 50, 50]

Generation 53
Average: 0.8802 Best: 0.8974
Best Individual: 
C0 15|5|22|20|30|29|27|10|4|6|13|1|16|25|17|18|12|23|31|32|7|19|0|26|14|24|11|3|28|9|8|21|33|2|
Overall Best: 0.9088 Generation: 12
length: 34.0
feature_occurency: [50, 50, 50, 50, 50, 50, 50, 50, 50, 50, 50, 50, 50, 50, 50, 50, 50, 50, 50, 50, 50, 50, 50, 50, 50, 50, 50, 50, 50, 50, 50, 50, 50, 50]

Generation 54
Average: 0.8799 Best: 0.9031
Best Individual: 
C0 12|18|17|29|26|31|27|24|19|25|2|30|14|4|13|33|11|1|20|0|6|15|8|9|23|3|5|28|22|32|10|21|16|7|
Overall Best: 0.9088 Generation: 12
length: 34.0
feature_occurency: [50, 50, 50, 50, 50, 50, 50, 50, 50, 50, 50, 50, 50, 50, 50, 50, 50, 50, 50, 50, 50, 50, 50, 50, 50, 50, 50, 50, 50, 50, 50, 50, 50, 50]

Generation 55
Average: 0.8792 Best: 0.9031
Best Individual: 
C0 12|18|17|29|26|31|27|24|19|25|2|30|14|4|13|33|11|1|20|0|6|15|8|9|23|3|5|28|22|32|10|21|16|7|
Overall Best: 0.9088 Generation: 12
length: 34.0
feature_occurency: [50, 50, 50, 50, 50, 50, 50, 50, 50, 50, 50, 50, 50, 50, 50, 50, 50, 50, 50, 50, 50, 50, 50, 50, 50, 50, 50, 50, 50, 50, 50, 50, 50, 50]

Generation 56
Average: 0.8794 Best: 0.8974
Best Individual: 
C0 13|19|24|33|30|31|14|27|26|11|25|17|3|9|23|2|4|5|20|29|6|15|8|18|22|0|12|28|32|7|10|16|1|21|
Overall Best: 0.9088 Generation: 12
length: 34.0
feature_occurency: [50, 50, 50, 50, 50, 50, 50, 50, 50, 50, 50, 50, 50, 50, 50, 50, 50, 50, 50, 50, 50, 50, 50, 50, 50, 50, 50, 50, 50, 50, 50, 50, 50, 50]

Generation 57
Average: 0.8781 Best: 0.8974
Best Individual: 
C0 4|15|19|29|24|5|20|28|33|21|1|0|32|8|17|27|9|23|18|11|26|7|6|14|22|12|31|2|30|3|10|13|16|25|
Overall Best: 0.9088 Generation: 12
length: 34.0
feature_occurency: [50, 50, 50, 50, 50, 50, 50, 50, 50, 50, 50, 50, 50, 50, 50, 50, 50, 50, 50, 50, 50, 50, 50, 50, 50, 50, 50, 50, 50, 50, 50, 50, 50, 50]

Generation 58
Average: 0.8793 Best: 0.8974
Best Individual: 
C0 12|18|6|22|5|23|27|16|19|32|2|17|31|4|33|28|24|15|20|26|3|1|11|30|14|29|0|13|8|25|10|21|9|7|
Overall Best: 0.9088 Generation: 12
length: 34.0
feature_occurency: [50, 50, 50, 50, 50, 50, 50, 50, 50, 50, 50, 50, 50, 50, 50, 50, 50, 50, 50, 50, 50, 50, 50, 50, 50, 50, 50, 50, 50, 50, 50, 50, 50, 50]

Generation 59
Average: 0.8790 Best: 0.9003
Best Individual: 
C0 25|6|5|21|26|31|23|7|32|11|9|17|27|12|18|15|19|4|20|14|1|33|8|29|30|3|13|28|22|16|10|24|0|2|
Overall Best: 0.9088 Generation: 12
length: 34.0
feature_occurency: [50, 50, 50, 50, 50, 50, 50, 50, 50, 50, 50, 50, 50, 50, 50, 50, 50, 50, 50, 50, 50, 50, 50, 50, 50, 50, 50, 50, 50, 50, 50, 50, 50, 50]

Generation 60
Average: 0.8795 Best: 0.9031
Best Individual: 
C0 12|18|3|22|27|23|5|16|19|24|2|11|31|30|33|4|32|8|20|0|6|1|17|28|14|29|26|13|15|25|10|21|9|7|
Overall Best: 0.9088 Generation: 12
length: 34.0
feature_occurency: [50, 50, 50, 50, 50, 50, 50, 50, 50, 50, 50, 50, 50, 50, 50, 50, 50, 50, 50, 50, 50, 50, 50, 50, 50, 50, 50, 50, 50, 50, 50, 50, 50, 50]

Generation 61
Average: 0.8798 Best: 0.9003
Best Individual: 
C0 8|29|26|28|27|12|23|22|1|18|31|9|3|11|15|21|14|20|24|33|6|25|0|5|17|13|4|2|30|16|10|19|32|7|
Overall Best: 0.9088 Generation: 12
length: 34.0
feature_occurency: [50, 50, 50, 50, 50, 50, 50, 50, 50, 50, 50, 50, 50, 50, 50, 50, 50, 50, 50, 50, 50, 50, 50, 50, 50, 50, 50, 50, 50, 50, 50, 50, 50, 50]

Generation 62
Average: 0.8801 Best: 0.9003
Best Individual: 
C0 8|29|26|28|27|31|23|22|1|18|12|9|3|11|15|21|0|20|24|33|13|25|14|5|17|6|4|2|30|16|10|19|32|7|
Overall Best: 0.9088 Generation: 12
length: 34.0
feature_occurency: [50, 50, 50, 50, 50, 50, 50, 50, 50, 50, 50, 50, 50, 50, 50, 50, 50, 50, 50, 50, 50, 50, 50, 50, 50, 50, 50, 50, 50, 50, 50, 50, 50, 50]

Generation 63
Average: 0.8800 Best: 0.9003
Best Individual: 
C0 8|29|26|28|27|31|23|22|1|18|12|9|5|11|15|21|0|20|24|4|13|25|14|3|17|6|33|2|30|16|10|19|32|7|
Overall Best: 0.9088 Generation: 12
length: 34.0
feature_occurency: [50, 50, 50, 50, 50, 50, 50, 50, 50, 50, 50, 50, 50, 50, 50, 50, 50, 50, 50, 50, 50, 50, 50, 50, 50, 50, 50, 50, 50, 50, 50, 50, 50, 50]

Generation 64
Average: 0.8791 Best: 0.9060
Best Individual: 
C0 8|29|26|19|27|33|23|0|11|18|12|9|5|1|15|21|22|20|24|4|13|25|14|3|17|6|31|2|30|16|10|28|32|7|
Overall Best: 0.9088 Generation: 12
length: 34.0
feature_occurency: [50, 50, 50, 50, 50, 50, 50, 50, 50, 50, 50, 50, 50, 50, 50, 50, 50, 50, 50, 50, 50, 50, 50, 50, 50, 50, 50, 50, 50, 50, 50, 50, 50, 50]

Generation 65
Average: 0.8802 Best: 0.9060
Best Individual: 
C0 8|6|32|21|27|33|23|0|11|18|12|1|5|10|15|19|30|3|24|4|31|20|25|14|13|29|26|28|22|16|9|7|17|2|
Overall Best: 0.9088 Generation: 12
length: 34.0
feature_occurency: [50, 50, 50, 50, 50, 50, 50, 50, 50, 50, 50, 50, 50, 50, 50, 50, 50, 50, 50, 50, 50, 50, 50, 50, 50, 50, 50, 50, 50, 50, 50, 50, 50, 50]

Generation 66
Average: 0.8793 Best: 0.9060
Best Individual: 
C0 8|6|24|21|3|33|23|0|11|18|12|1|5|10|15|19|30|27|32|4|31|20|25|14|13|29|26|28|22|16|9|7|17|2|
Overall Best: 0.9088 Generation: 12
length: 34.0
feature_occurency: [50, 50, 50, 50, 50, 50, 50, 50, 50, 50, 50, 50, 50, 50, 50, 50, 50, 50, 50, 50, 50, 50, 50, 50, 50, 50, 50, 50, 50, 50, 50, 50, 50, 50]

Generation 67
Average: 0.8783 Best: 0.8974
Best Individual: 
C0 33|23|5|13|9|26|27|6|20|24|31|30|17|12|32|19|0|25|15|29|3|22|11|28|14|21|4|16|8|1|18|10|2|7|
Overall Best: 0.9088 Generation: 12
length: 34.0
feature_occurency: [50, 50, 50, 50, 50, 50, 50, 50, 50, 50, 50, 50, 50, 50, 50, 50, 50, 50, 50, 50, 50, 50, 50, 50, 50, 50, 50, 50, 50, 50, 50, 50, 50, 50]

Generation 68
Average: 0.8791 Best: 0.8974
Best Individual: 
C0 33|17|5|13|12|6|24|30|20|27|31|19|23|9|32|26|18|28|15|29|3|22|0|21|14|25|4|16|8|1|11|10|2|7|
Overall Best: 0.9088 Generation: 12
length: 34.0
feature_occurency: [50, 50, 50, 50, 50, 50, 50, 50, 50, 50, 50, 50, 50, 50, 50, 50, 50, 50, 50, 50, 50, 50, 50, 50, 50, 50, 50, 50, 50, 50, 50, 50, 50, 50]

Generation 69
Average: 0.8796 Best: 0.9003
Best Individual: 
C0 33|27|1|13|9|8|23|19|20|24|31|30|17|12|32|6|0|25|15|14|3|26|11|28|29|21|4|16|22|5|18|10|2|7|
Overall Best: 0.9088 Generation: 12
length: 34.0
feature_occurency: [50, 50, 50, 50, 50, 50, 50, 50, 50, 50, 50, 50, 50, 50, 50, 50, 50, 50, 50, 50, 50, 50, 50, 50, 50, 50, 50, 50, 50, 50, 50, 50, 50, 50]

Generation 70
Average: 0.8813 Best: 0.9003
Best Individual: 
C0 26|1|5|8|18|24|12|29|15|14|28|31|25|19|11|17|23|27|20|2|3|22|7|13|21|6|4|9|0|33|30|10|32|16|
Overall Best: 0.9088 Generation: 12
length: 34.0
feature_occurency: [50, 50, 50, 50, 50, 50, 50, 50, 50, 50, 50, 50, 50, 50, 50, 50, 50, 50, 50, 50, 50, 50, 50, 50, 50, 50, 50, 50, 50, 50, 50, 50, 50, 50]

Generation 71
Average: 0.8825 Best: 0.9003
Best Individual: 
C0 14|4|15|33|20|10|28|11|32|18|27|12|17|6|19|5|9|2|3|13|31|29|25|21|30|23|0|16|24|1|7|8|26|22|
Overall Best: 0.9088 Generation: 12
length: 34.0
feature_occurency: [50, 50, 50, 50, 50, 50, 50, 50, 50, 50, 50, 50, 50, 50, 50, 50, 50, 50, 50, 50, 50, 50, 50, 50, 50, 50, 50, 50, 50, 50, 50, 50, 50, 50]

Generation 72
Average: 0.8790 Best: 0.9003
Best Individual: 
C0 14|4|15|33|30|6|28|11|3|18|9|12|17|13|31|19|21|2|27|10|5|29|25|32|20|23|0|16|24|1|7|8|26|22|
Overall Best: 0.9088 Generation: 12
length: 34.0
feature_occurency: [50, 50, 50, 50, 50, 50, 50, 50, 50, 50, 50, 50, 50, 50, 50, 50, 50, 50, 50, 50, 50, 50, 50, 50, 50, 50, 50, 50, 50, 50, 50, 50, 50, 50]

Generation 73
Average: 0.8792 Best: 0.9003
Best Individual: 
C0 14|29|23|33|30|6|28|11|3|25|9|12|17|13|31|19|21|2|27|10|5|4|18|32|20|15|0|16|24|1|7|8|26|22|
Overall Best: 0.9088 Generation: 12
length: 34.0
feature_occurency: [50, 50, 50, 50, 50, 50, 50, 50, 50, 50, 50, 50, 50, 50, 50, 50, 50, 50, 50, 50, 50, 50, 50, 50, 50, 50, 50, 50, 50, 50, 50, 50, 50, 50]

Generation 74
Average: 0.8802 Best: 0.9060
Best Individual: 
C0 19|4|7|18|23|8|13|0|20|24|31|1|5|12|11|6|10|33|32|14|3|9|27|26|25|28|30|21|22|29|15|16|17|2|
Overall Best: 0.9088 Generation: 12
length: 34.0
feature_occurency: [50, 50, 50, 50, 50, 50, 50, 50, 50, 50, 50, 50, 50, 50, 50, 50, 50, 50, 50, 50, 50, 50, 50, 50, 50, 50, 50, 50, 50, 50, 50, 50, 50, 50]

Generation 75
Average: 0.8797 Best: 0.9060
Best Individual: 
C0 14|6|15|18|23|26|28|0|7|29|31|1|5|32|11|30|25|21|27|19|9|17|12|3|13|33|4|22|16|24|20|10|8|2|
Overall Best: 0.9088 Generation: 12
length: 34.0
feature_occurency: [50, 50, 50, 50, 50, 50, 50, 50, 50, 50, 50, 50, 50, 50, 50, 50, 50, 50, 50, 50, 50, 50, 50, 50, 50, 50, 50, 50, 50, 50, 50, 50, 50, 50]

Generation 76
Average: 0.8780 Best: 0.9060
Best Individual: 
C0 14|6|15|18|23|26|28|0|7|29|31|1|33|32|11|30|25|21|13|19|9|17|12|3|27|5|4|22|8|24|20|10|16|2|
Overall Best: 0.9088 Generation: 12
length: 34.0
feature_occurency: [50, 50, 50, 50, 50, 50, 50, 50, 50, 50, 50, 50, 50, 50, 50, 50, 50, 50, 50, 50, 50, 50, 50, 50, 50, 50, 50, 50, 50, 50, 50, 50, 50, 50]

Generation 77
Average: 0.8766 Best: 0.9003
Best Individual: 
C0 28|9|30|27|32|19|22|26|17|11|2|1|13|29|5|14|4|20|23|10|33|6|8|16|0|15|12|18|24|21|7|31|3|25|
Overall Best: 0.9088 Generation: 12
length: 34.0
feature_occurency: [50, 50, 50, 50, 50, 50, 50, 50, 50, 50, 50, 50, 50, 50, 50, 50, 50, 50, 50, 50, 50, 50, 50, 50, 50, 50, 50, 50, 50, 50, 50, 50, 50, 50]

Generation 78
Average: 0.8777 Best: 0.9031
Best Individual: 
C0 5|28|1|9|0|17|29|6|13|23|19|26|11|31|32|21|18|24|30|27|33|20|12|3|14|16|4|22|8|10|2|15|25|7|
Overall Best: 0.9088 Generation: 12
length: 34.0
feature_occurency: [50, 50, 50, 50, 50, 50, 50, 50, 50, 50, 50, 50, 50, 50, 50, 50, 50, 50, 50, 50, 50, 50, 50, 50, 50, 50, 50, 50, 50, 50, 50, 50, 50, 50]

Generation 79
Average: 0.8794 Best: 0.8974
Best Individual: 
C0 25|15|14|9|11|4|29|5|13|23|19|17|0|20|32|1|18|24|22|26|33|31|27|30|3|12|6|21|7|10|2|28|16|8|
Overall Best: 0.9088 Generation: 12
length: 34.0
feature_occurency: [50, 50, 50, 50, 50, 50, 50, 50, 50, 50, 50, 50, 50, 50, 50, 50, 50, 50, 50, 50, 50, 50, 50, 50, 50, 50, 50, 50, 50, 50, 50, 50, 50, 50]

Generation 80
Average: 0.8799 Best: 0.9031
Best Individual: 
C0 29|18|26|23|2|8|7|3|30|25|11|14|19|24|9|27|17|6|1|0|4|5|12|22|31|20|33|15|10|16|28|13|21|32|
Overall Best: 0.9088 Generation: 12
length: 34.0
feature_occurency: [50, 50, 50, 50, 50, 50, 50, 50, 50, 50, 50, 50, 50, 50, 50, 50, 50, 50, 50, 50, 50, 50, 50, 50, 50, 50, 50, 50, 50, 50, 50, 50, 50, 50]

Generation 81
Average: 0.8815 Best: 0.9060
Best Individual: 
C0 28|3|6|15|29|14|33|12|9|19|24|1|0|7|26|21|13|23|25|20|31|17|27|18|11|5|4|30|10|8|2|32|16|22|
Overall Best: 0.9088 Generation: 12
length: 34.0
feature_occurency: [50, 50, 50, 50, 50, 50, 50, 50, 50, 50, 50, 50, 50, 50, 50, 50, 50, 50, 50, 50, 50, 50, 50, 50, 50, 50, 50, 50, 50, 50, 50, 50, 50, 50]

Generation 82
Average: 0.8809 Best: 0.8974
Best Individual: 
C0 30|20|18|4|9|11|23|29|19|0|14|32|27|8|26|12|15|1|6|2|17|3|22|16|5|31|25|21|7|10|33|28|13|24|
Overall Best: 0.9088 Generation: 12
length: 34.0
feature_occurency: [50, 50, 50, 50, 50, 50, 50, 50, 50, 50, 50, 50, 50, 50, 50, 50, 50, 50, 50, 50, 50, 50, 50, 50, 50, 50, 50, 50, 50, 50, 50, 50, 50, 50]

Generation 83
Average: 0.8796 Best: 0.8946
Best Individual: 
C0 30|20|18|4|9|11|23|29|19|0|14|32|27|8|26|12|15|28|6|2|17|3|22|33|5|21|25|31|7|10|16|1|13|24|
Overall Best: 0.9088 Generation: 12
length: 34.0
feature_occurency: [50, 50, 50, 50, 50, 50, 50, 50, 50, 50, 50, 50, 50, 50, 50, 50, 50, 50, 50, 50, 50, 50, 50, 50, 50, 50, 50, 50, 50, 50, 50, 50, 50, 50]

Generation 84
Average: 0.8807 Best: 0.8974
Best Individual: 
C0 13|20|0|22|32|19|21|2|17|12|26|1|23|29|9|31|14|6|25|3|7|33|27|18|11|24|4|30|10|8|5|28|16|15|
Overall Best: 0.9088 Generation: 12
length: 34.0
feature_occurency: [50, 50, 50, 50, 50, 50, 50, 50, 50, 50, 50, 50, 50, 50, 50, 50, 50, 50, 50, 50, 50, 50, 50, 50, 50, 50, 50, 50, 50, 50, 50, 50, 50, 50]

Generation 85
Average: 0.8787 Best: 0.8974
Best Individual: 
C0 1|12|21|11|32|20|29|3|0|4|25|17|13|2|23|22|18|24|7|27|33|8|5|28|15|19|14|9|10|16|30|26|31|6|
Overall Best: 0.9088 Generation: 12
length: 34.0
feature_occurency: [50, 50, 50, 50, 50, 50, 50, 50, 50, 50, 50, 50, 50, 50, 50, 50, 50, 50, 50, 50, 50, 50, 50, 50, 50, 50, 50, 50, 50, 50, 50, 50, 50, 50]

Generation 86
Average: 0.8813 Best: 0.9031
Best Individual: 
C0 11|2|1|3|5|17|12|23|20|24|31|25|27|33|18|14|29|9|13|6|32|26|15|19|7|22|4|30|10|8|16|28|0|21|
Overall Best: 0.9088 Generation: 12
length: 34.0
feature_occurency: [50, 50, 50, 50, 50, 50, 50, 50, 50, 50, 50, 50, 50, 50, 50, 50, 50, 50, 50, 50, 50, 50, 50, 50, 50, 50, 50, 50, 50, 50, 50, 50, 50, 50]

Generation 87
Average: 0.8785 Best: 0.9060
Best Individual: 
C0 21|32|12|17|30|14|24|26|27|29|25|8|20|5|1|15|11|9|23|28|4|0|6|33|13|19|31|2|22|16|10|3|7|18|
Overall Best: 0.9088 Generation: 12
length: 34.0
feature_occurency: [50, 50, 50, 50, 50, 50, 50, 50, 50, 50, 50, 50, 50, 50, 50, 50, 50, 50, 50, 50, 50, 50, 50, 50, 50, 50, 50, 50, 50, 50, 50, 50, 50, 50]

Generation 88
Average: 0.8782 Best: 0.8974
Best Individual: 
C0 11|2|13|3|5|17|8|23|28|24|31|25|33|29|12|15|14|21|32|20|4|0|6|1|9|19|26|7|22|10|16|27|30|18|
Overall Best: 0.9088 Generation: 12
length: 34.0
feature_occurency: [50, 50, 50, 50, 50, 50, 50, 50, 50, 50, 50, 50, 50, 50, 50, 50, 50, 50, 50, 50, 50, 50, 50, 50, 50, 50, 50, 50, 50, 50, 50, 50, 50, 50]

Generation 89
Average: 0.8782 Best: 0.8974
Best Individual: 
C0 8|23|18|27|14|32|0|4|19|24|21|33|1|7|11|2|16|28|25|5|31|20|12|29|15|3|13|10|9|22|30|26|17|6|
Overall Best: 0.9088 Generation: 12
length: 34.0
feature_occurency: [50, 50, 50, 50, 50, 50, 50, 50, 50, 50, 50, 50, 50, 50, 50, 50, 50, 50, 50, 50, 50, 50, 50, 50, 50, 50, 50, 50, 50, 50, 50, 50, 50, 50]

Generation 90
Average: 0.8791 Best: 0.8974
Best Individual: 
C0 11|2|13|5|23|14|8|3|28|29|31|25|33|24|19|15|17|21|32|20|4|0|6|1|9|12|26|7|22|10|16|27|30|18|
Overall Best: 0.9088 Generation: 12
length: 34.0
feature_occurency: [50, 50, 50, 50, 50, 50, 50, 50, 50, 50, 50, 50, 50, 50, 50, 50, 50, 50, 50, 50, 50, 50, 50, 50, 50, 50, 50, 50, 50, 50, 50, 50, 50, 50]

Generation 91
Average: 0.8790 Best: 0.8974
Best Individual: 
C0 31|6|18|8|15|32|29|3|23|20|21|33|1|7|11|17|26|4|25|5|14|12|2|0|19|27|13|30|9|22|10|16|24|28|
Overall Best: 0.9088 Generation: 12
length: 34.0
feature_occurency: [50, 50, 50, 50, 50, 50, 50, 50, 50, 50, 50, 50, 50, 50, 50, 50, 50, 50, 50, 50, 50, 50, 50, 50, 50, 50, 50, 50, 50, 50, 50, 50, 50, 50]

Generation 92
Average: 0.8797 Best: 0.8974
Best Individual: 
C0 30|6|19|7|8|11|4|18|5|29|10|15|33|26|23|25|3|1|32|12|28|14|17|24|21|27|13|20|2|31|9|22|0|16|
Overall Best: 0.9088 Generation: 12
length: 34.0
feature_occurency: [50, 50, 50, 50, 50, 50, 50, 50, 50, 50, 50, 50, 50, 50, 50, 50, 50, 50, 50, 50, 50, 50, 50, 50, 50, 50, 50, 50, 50, 50, 50, 50, 50, 50]

Generation 93
Average: 0.8794 Best: 0.8917
Best Individual: 
C0 0|8|13|23|28|1|32|12|31|22|4|5|27|33|18|11|24|9|17|6|20|10|15|19|29|25|26|14|7|2|16|3|30|21|
Overall Best: 0.9088 Generation: 12
length: 34.0
feature_occurency: [50, 50, 50, 50, 50, 50, 50, 50, 50, 50, 50, 50, 50, 50, 50, 50, 50, 50, 50, 50, 50, 50, 50, 50, 50, 50, 50, 50, 50, 50, 50, 50, 50, 50]

Generation 94
Average: 0.8782 Best: 0.9031
Best Individual: 
C0 11|19|24|27|26|17|1|4|21|33|12|5|25|9|0|18|30|8|14|28|31|23|13|20|7|15|6|2|32|3|10|22|29|16|
Overall Best: 0.9088 Generation: 12
length: 34.0
feature_occurency: [50, 50, 50, 50, 50, 50, 50, 50, 50, 50, 50, 50, 50, 50, 50, 50, 50, 50, 50, 50, 50, 50, 50, 50, 50, 50, 50, 50, 50, 50, 50, 50, 50, 50]

Generation 95
Average: 0.8782 Best: 0.9003
Best Individual: 
C0 31|6|18|17|0|15|29|24|23|8|21|33|1|3|26|19|11|4|25|5|9|12|2|14|20|27|13|30|32|22|10|7|28|16|
Overall Best: 0.9088 Generation: 12
length: 34.0
feature_occurency: [50, 50, 50, 50, 50, 50, 50, 50, 50, 50, 50, 50, 50, 50, 50, 50, 50, 50, 50, 50, 50, 50, 50, 50, 50, 50, 50, 50, 50, 50, 50, 50, 50, 50]

Generation 96
Average: 0.8802 Best: 0.8974
Best Individual: 
C0 31|21|18|20|33|32|0|6|15|13|30|23|11|5|17|14|27|1|24|8|3|28|2|4|26|19|29|25|9|16|10|7|12|22|
Overall Best: 0.9088 Generation: 12
length: 34.0
feature_occurency: [50, 50, 50, 50, 50, 50, 50, 50, 50, 50, 50, 50, 50, 50, 50, 50, 50, 50, 50, 50, 50, 50, 50, 50, 50, 50, 50, 50, 50, 50, 50, 50, 50, 50]

Generation 97
Average: 0.8797 Best: 0.8946
Best Individual: 
C0 32|0|3|15|18|4|19|20|31|13|5|1|14|2|25|24|12|23|6|27|33|9|30|21|22|11|17|8|29|28|10|7|26|16|
Overall Best: 0.9088 Generation: 12
length: 34.0
feature_occurency: [50, 50, 50, 50, 50, 50, 50, 50, 50, 50, 50, 50, 50, 50, 50, 50, 50, 50, 50, 50, 50, 50, 50, 50, 50, 50, 50, 50, 50, 50, 50, 50, 50, 50]

Generation 98
Average: 0.8810 Best: 0.8974
Best Individual: 
C0 31|6|23|24|0|26|29|25|18|8|19|33|1|30|7|15|9|4|17|16|11|12|2|14|20|27|13|3|32|22|10|21|28|5|
Overall Best: 0.9088 Generation: 12
length: 34.0
feature_occurency: [50, 50, 50, 50, 50, 50, 50, 50, 50, 50, 50, 50, 50, 50, 50, 50, 50, 50, 50, 50, 50, 50, 50, 50, 50, 50, 50, 50, 50, 50, 50, 50, 50, 50]

Generation 99
Average: 0.8818 Best: 0.9060
Best Individual: 
C0 31|2|29|8|4|21|13|14|33|32|15|1|11|5|30|17|27|0|19|26|6|12|3|20|25|18|23|24|9|22|10|7|28|16|
Overall Best: 0.9088 Generation: 12
==================
    Best individual after 100 generations
    computed in 240.3960 seconds
    319 elements out of 351 correct.
    emerged in generation 12
    with fitness 0.9088
==================

16|4|20|12|2|26|23|1|14|27|22|15|33|13|25|18|29|6|11|24|21|5|19|31|8|17|3|32|10|7|30|28|9|0|
