Starting evolution...
length: 34.0
feature_occurency: [50, 50, 50, 50, 50, 50, 50, 50, 50, 50, 50, 50, 50, 50, 50, 50, 50, 50, 50, 50, 50, 50, 50, 50, 50, 50, 50, 50, 50, 50, 50, 50, 50, 50]

Generation 0
Average: 0.8724 Best: 0.8974
Best Individual: 
C0 0|22|2|3|4|5|6|9|27|10|16|23|12|21|14|18|20|1|15|19|7|13|32|11|24|25|26|30|28|8|17|31|29|33|
Overall Best: 0.8974 Generation: 0
length: 34.0
feature_occurency: [50, 50, 50, 50, 50, 50, 50, 50, 50, 50, 50, 50, 50, 50, 50, 50, 50, 50, 50, 50, 50, 50, 50, 50, 50, 50, 50, 50, 50, 50, 50, 50, 50, 50]

Generation 1
Average: 0.8750 Best: 0.8917
Best Individual: 
C0 0|1|18|4|15|31|30|20|8|5|14|26|12|28|6|2|17|16|25|29|7|21|22|13|24|10|9|23|19|27|3|11|32|33|
Overall Best: 0.8974 Generation: 0
length: 34.0
feature_occurency: [50, 50, 50, 50, 50, 50, 50, 50, 50, 50, 50, 50, 50, 50, 50, 50, 50, 50, 50, 50, 50, 50, 50, 50, 50, 50, 50, 50, 50, 50, 50, 50, 50, 50]

Generation 2
Average: 0.8748 Best: 0.9031
Best Individual: 
C0 0|8|19|4|14|32|6|26|12|20|23|11|25|13|24|31|16|17|33|2|28|21|22|5|29|15|9|18|27|7|3|30|10|1|
Overall Best: 0.9031 Generation: 2
length: 34.0
feature_occurency: [50, 50, 50, 50, 50, 50, 50, 50, 50, 50, 50, 50, 50, 50, 50, 50, 50, 50, 50, 50, 50, 50, 50, 50, 50, 50, 50, 50, 50, 50, 50, 50, 50, 50]

Generation 3
Average: 0.8795 Best: 0.9003
Best Individual: 
C0 12|1|2|3|4|5|17|21|14|10|32|11|26|8|22|16|7|20|23|9|24|19|6|0|27|30|18|25|28|13|15|31|29|33|
Overall Best: 0.9031 Generation: 2
length: 34.0
feature_occurency: [50, 50, 50, 50, 50, 50, 50, 50, 50, 50, 50, 50, 50, 50, 50, 50, 50, 50, 50, 50, 50, 50, 50, 50, 50, 50, 50, 50, 50, 50, 50, 50, 50, 50]

Generation 4
Average: 0.8785 Best: 0.9031
Best Individual: 
C0 21|4|26|27|16|11|23|22|28|32|20|0|12|13|14|6|19|33|25|24|15|9|1|5|29|10|3|18|7|8|30|31|17|2|
Overall Best: 0.9031 Generation: 2
length: 34.0
feature_occurency: [50, 50, 50, 50, 50, 50, 50, 50, 50, 50, 50, 50, 50, 50, 50, 50, 50, 50, 50, 50, 50, 50, 50, 50, 50, 50, 50, 50, 50, 50, 50, 50, 50, 50]

Generation 5
Average: 0.8805 Best: 0.9003
Best Individual: 
C0 12|25|2|22|4|23|30|15|0|7|32|11|26|5|6|14|24|1|18|19|16|3|28|10|9|17|21|20|8|13|27|31|29|33|
Overall Best: 0.9031 Generation: 2
length: 34.0
feature_occurency: [50, 50, 50, 50, 50, 50, 50, 50, 50, 50, 50, 50, 50, 50, 50, 50, 50, 50, 50, 50, 50, 50, 50, 50, 50, 50, 50, 50, 50, 50, 50, 50, 50, 50]

Generation 6
Average: 0.8831 Best: 0.9003
Best Individual: 
C0 12|25|7|22|4|23|30|15|0|32|2|11|26|16|6|14|24|1|18|19|5|3|28|10|9|17|31|20|8|13|27|21|29|33|
Overall Best: 0.9031 Generation: 2
length: 34.0
feature_occurency: [50, 50, 50, 50, 50, 50, 50, 50, 50, 50, 50, 50, 50, 50, 50, 50, 50, 50, 50, 50, 50, 50, 50, 50, 50, 50, 50, 50, 50, 50, 50, 50, 50, 50]

Generation 7
Average: 0.8819 Best: 0.9003
Best Individual: 
C0 0|12|7|22|4|30|23|15|5|32|2|11|26|16|6|14|24|1|18|19|25|28|3|10|9|17|31|20|8|13|29|21|27|33|
Overall Best: 0.9031 Generation: 2
length: 34.0
feature_occurency: [50, 50, 50, 50, 50, 50, 50, 50, 50, 50, 50, 50, 50, 50, 50, 50, 50, 50, 50, 50, 50, 50, 50, 50, 50, 50, 50, 50, 50, 50, 50, 50, 50, 50]

Generation 8
Average: 0.8803 Best: 0.9031
Best Individual: 
C0 2|4|24|25|32|5|26|21|8|23|14|13|12|7|1|0|27|19|11|22|10|33|6|17|18|20|30|15|28|16|3|31|9|29|
Overall Best: 0.9031 Generation: 2
length: 34.0
feature_occurency: [50, 50, 50, 50, 50, 50, 50, 50, 50, 50, 50, 50, 50, 50, 50, 50, 50, 50, 50, 50, 50, 50, 50, 50, 50, 50, 50, 50, 50, 50, 50, 50, 50, 50]

Generation 9
Average: 0.8810 Best: 0.9031
Best Individual: 
C0 4|10|31|22|19|12|11|21|33|32|23|24|5|26|2|6|13|9|29|27|17|20|18|1|30|15|16|8|3|0|7|28|14|25|
Overall Best: 0.9031 Generation: 2
length: 34.0
feature_occurency: [50, 50, 50, 50, 50, 50, 50, 50, 50, 50, 50, 50, 50, 50, 50, 50, 50, 50, 50, 50, 50, 50, 50, 50, 50, 50, 50, 50, 50, 50, 50, 50, 50, 50]

Generation 10
Average: 0.8799 Best: 0.9003
Best Individual: 
C0 25|12|26|27|0|8|6|21|30|16|14|18|4|23|20|5|33|29|1|22|32|3|2|31|11|28|13|9|24|15|17|7|10|19|
Overall Best: 0.9031 Generation: 2
length: 34.0
feature_occurency: [50, 50, 50, 50, 50, 50, 50, 50, 50, 50, 50, 50, 50, 50, 50, 50, 50, 50, 50, 50, 50, 50, 50, 50, 50, 50, 50, 50, 50, 50, 50, 50, 50, 50]

Generation 11
Average: 0.8827 Best: 0.8974
Best Individual: 
C0 18|1|17|31|25|5|21|15|16|33|20|3|29|4|19|14|6|28|26|24|8|23|11|13|32|7|22|12|9|30|0|2|27|10|
Overall Best: 0.9031 Generation: 2
length: 34.0
feature_occurency: [50, 50, 50, 50, 50, 50, 50, 50, 50, 50, 50, 50, 50, 50, 50, 50, 50, 50, 50, 50, 50, 50, 50, 50, 50, 50, 50, 50, 50, 50, 50, 50, 50, 50]

Generation 12
Average: 0.8814 Best: 0.9031
Best Individual: 
C0 0|10|32|22|19|23|11|21|33|31|12|29|5|26|2|6|13|24|9|27|17|20|18|1|30|15|16|8|3|4|7|28|14|25|
Overall Best: 0.9031 Generation: 2
length: 34.0
feature_occurency: [50, 50, 50, 50, 50, 50, 50, 50, 50, 50, 50, 50, 50, 50, 50, 50, 50, 50, 50, 50, 50, 50, 50, 50, 50, 50, 50, 50, 50, 50, 50, 50, 50, 50]

Generation 13
Average: 0.8814 Best: 0.9088
Best Individual: 
C0 12|24|27|8|19|32|25|28|22|13|9|33|4|23|14|3|20|0|1|29|5|21|10|17|16|11|18|30|6|31|7|15|26|2|
Overall Best: 0.9088 Generation: 13
length: 34.0
feature_occurency: [50, 50, 50, 50, 50, 50, 50, 50, 50, 50, 50, 50, 50, 50, 50, 50, 50, 50, 50, 50, 50, 50, 50, 50, 50, 50, 50, 50, 50, 50, 50, 50, 50, 50]

Generation 14
Average: 0.8796 Best: 0.9003
Best Individual: 
C0 25|11|2|14|18|24|1|33|23|5|7|13|17|12|32|6|21|27|31|22|4|28|19|26|0|9|16|29|10|8|3|15|20|30|
Overall Best: 0.9088 Generation: 13
length: 34.0
feature_occurency: [50, 50, 50, 50, 50, 50, 50, 50, 50, 50, 50, 50, 50, 50, 50, 50, 50, 50, 50, 50, 50, 50, 50, 50, 50, 50, 50, 50, 50, 50, 50, 50, 50, 50]

Generation 15
Average: 0.8813 Best: 0.9003
Best Individual: 
C0 19|16|20|29|21|1|11|15|33|0|27|28|22|31|4|14|6|3|26|30|23|8|18|24|32|25|5|12|9|13|10|2|17|7|
Overall Best: 0.9088 Generation: 13
length: 34.0
feature_occurency: [50, 50, 50, 50, 50, 50, 50, 50, 50, 50, 50, 50, 50, 50, 50, 50, 50, 50, 50, 50, 50, 50, 50, 50, 50, 50, 50, 50, 50, 50, 50, 50, 50, 50]

Generation 16
Average: 0.8828 Best: 0.9031
Best Individual: 
C0 12|4|24|29|19|28|22|15|14|21|27|9|25|13|2|33|5|26|0|1|20|10|23|17|6|11|7|31|18|30|16|3|8|32|
Overall Best: 0.9088 Generation: 13
length: 34.0
feature_occurency: [50, 50, 50, 50, 50, 50, 50, 50, 50, 50, 50, 50, 50, 50, 50, 50, 50, 50, 50, 50, 50, 50, 50, 50, 50, 50, 50, 50, 50, 50, 50, 50, 50, 50]

Generation 17
Average: 0.8825 Best: 0.9060
Best Individual: 
C0 12|13|19|4|18|8|25|27|6|7|24|0|11|5|2|33|20|23|29|28|31|26|14|9|30|1|21|15|16|17|32|3|10|22|
Overall Best: 0.9088 Generation: 13
length: 34.0
feature_occurency: [50, 50, 50, 50, 50, 50, 50, 50, 50, 50, 50, 50, 50, 50, 50, 50, 50, 50, 50, 50, 50, 50, 50, 50, 50, 50, 50, 50, 50, 50, 50, 50, 50, 50]

Generation 18
Average: 0.8825 Best: 0.9031
Best Individual: 
C0 19|5|20|23|31|33|6|7|0|11|27|28|4|29|12|3|15|10|14|30|8|21|1|17|13|25|16|9|32|26|18|24|2|22|
Overall Best: 0.9088 Generation: 13
length: 34.0
feature_occurency: [50, 50, 50, 50, 50, 50, 50, 50, 50, 50, 50, 50, 50, 50, 50, 50, 50, 50, 50, 50, 50, 50, 50, 50, 50, 50, 50, 50, 50, 50, 50, 50, 50, 50]

Generation 19
Average: 0.8811 Best: 0.9031
Best Individual: 
C0 19|5|0|23|31|33|6|7|20|11|27|28|4|29|12|3|15|10|21|30|8|14|1|17|13|25|16|9|32|26|2|24|18|22|
Overall Best: 0.9088 Generation: 13
length: 34.0
feature_occurency: [50, 50, 50, 50, 50, 50, 50, 50, 50, 50, 50, 50, 50, 50, 50, 50, 50, 50, 50, 50, 50, 50, 50, 50, 50, 50, 50, 50, 50, 50, 50, 50, 50, 50]

Generation 20
Average: 0.8807 Best: 0.9031
Best Individual: 
C0 2|31|22|4|14|11|25|30|28|12|24|0|17|26|32|15|27|10|18|1|20|8|23|21|6|9|7|5|33|16|13|3|29|19|
Overall Best: 0.9088 Generation: 13
length: 34.0
feature_occurency: [50, 50, 50, 50, 50, 50, 50, 50, 50, 50, 50, 50, 50, 50, 50, 50, 50, 50, 50, 50, 50, 50, 50, 50, 50, 50, 50, 50, 50, 50, 50, 50, 50, 50]

Generation 21
Average: 0.8809 Best: 0.9031
Best Individual: 
C0 27|21|16|28|30|24|20|1|6|4|7|13|26|33|18|14|3|25|11|23|10|2|5|31|9|0|8|22|15|17|29|19|12|32|
Overall Best: 0.9088 Generation: 13
length: 34.0
feature_occurency: [50, 50, 50, 50, 50, 50, 50, 50, 50, 50, 50, 50, 50, 50, 50, 50, 50, 50, 50, 50, 50, 50, 50, 50, 50, 50, 50, 50, 50, 50, 50, 50, 50, 50]

Generation 22
Average: 0.8818 Best: 0.9031
Best Individual: 
C0 27|21|16|28|6|4|20|1|30|25|7|13|26|33|18|14|3|24|11|22|23|2|5|31|9|0|8|10|15|17|29|19|12|32|
Overall Best: 0.9088 Generation: 13
length: 34.0
feature_occurency: [50, 50, 50, 50, 50, 50, 50, 50, 50, 50, 50, 50, 50, 50, 50, 50, 50, 50, 50, 50, 50, 50, 50, 50, 50, 50, 50, 50, 50, 50, 50, 50, 50, 50]

Generation 23
Average: 0.8806 Best: 0.9031
Best Individual: 
C0 27|21|16|28|5|4|20|1|30|25|7|13|26|33|18|14|3|24|11|22|23|2|6|31|9|0|8|10|15|29|17|19|12|32|
Overall Best: 0.9088 Generation: 13
length: 34.0
feature_occurency: [50, 50, 50, 50, 50, 50, 50, 50, 50, 50, 50, 50, 50, 50, 50, 50, 50, 50, 50, 50, 50, 50, 50, 50, 50, 50, 50, 50, 50, 50, 50, 50, 50, 50]

Generation 24
Average: 0.8835 Best: 0.9031
Best Individual: 
C0 27|21|16|28|5|4|20|1|30|25|7|26|13|33|18|14|3|24|11|22|23|2|6|31|9|0|8|10|15|29|17|19|12|32|
Overall Best: 0.9088 Generation: 13
length: 34.0
feature_occurency: [50, 50, 50, 50, 50, 50, 50, 50, 50, 50, 50, 50, 50, 50, 50, 50, 50, 50, 50, 50, 50, 50, 50, 50, 50, 50, 50, 50, 50, 50, 50, 50, 50, 50]

Generation 25
Average: 0.8815 Best: 0.9003
Best Individual: 
C0 16|22|33|6|0|15|1|20|13|4|9|3|26|31|19|21|12|14|23|8|32|27|5|7|24|29|25|30|18|17|2|10|28|11|
Overall Best: 0.9088 Generation: 13
length: 34.0
feature_occurency: [50, 50, 50, 50, 50, 50, 50, 50, 50, 50, 50, 50, 50, 50, 50, 50, 50, 50, 50, 50, 50, 50, 50, 50, 50, 50, 50, 50, 50, 50, 50, 50, 50, 50]

Generation 26
Average: 0.8840 Best: 0.9003
Best Individual: 
C0 32|9|6|15|19|13|33|26|0|31|27|28|4|18|11|1|30|10|14|12|8|23|20|25|16|17|3|24|5|29|22|21|2|7|
Overall Best: 0.9088 Generation: 13
length: 34.0
feature_occurency: [50, 50, 50, 50, 50, 50, 50, 50, 50, 50, 50, 50, 50, 50, 50, 50, 50, 50, 50, 50, 50, 50, 50, 50, 50, 50, 50, 50, 50, 50, 50, 50, 50, 50]

Generation 27
Average: 0.8866 Best: 0.9088
Best Individual: 
C0 27|11|7|0|14|24|33|1|2|25|23|12|8|6|20|31|10|30|29|19|26|18|4|16|17|3|9|32|22|28|13|15|5|21|
Overall Best: 0.9088 Generation: 13
length: 34.0
feature_occurency: [50, 50, 50, 50, 50, 50, 50, 50, 50, 50, 50, 50, 50, 50, 50, 50, 50, 50, 50, 50, 50, 50, 50, 50, 50, 50, 50, 50, 50, 50, 50, 50, 50, 50]

Generation 28
Average: 0.8834 Best: 0.9060
Best Individual: 
C0 11|25|6|15|5|33|18|27|29|23|19|3|12|30|17|4|26|7|24|16|32|31|14|13|28|20|9|2|8|10|0|21|22|1|
Overall Best: 0.9088 Generation: 13
length: 34.0
feature_occurency: [50, 50, 50, 50, 50, 50, 50, 50, 50, 50, 50, 50, 50, 50, 50, 50, 50, 50, 50, 50, 50, 50, 50, 50, 50, 50, 50, 50, 50, 50, 50, 50, 50, 50]

Generation 29
Average: 0.8856 Best: 0.9060
Best Individual: 
C0 24|31|6|12|15|16|29|27|20|25|7|33|0|23|8|1|30|10|17|19|26|18|4|21|2|3|9|32|22|28|13|5|14|11|
Overall Best: 0.9088 Generation: 13
length: 34.0
feature_occurency: [50, 50, 50, 50, 50, 50, 50, 50, 50, 50, 50, 50, 50, 50, 50, 50, 50, 50, 50, 50, 50, 50, 50, 50, 50, 50, 50, 50, 50, 50, 50, 50, 50, 50]

Generation 30
Average: 0.8818 Best: 0.9088
Best Individual: 
C0 5|12|25|9|1|30|7|19|4|33|13|24|32|3|27|18|29|11|6|14|20|2|26|22|21|23|8|10|16|15|17|28|0|31|
Overall Best: 0.9088 Generation: 13
length: 34.0
feature_occurency: [50, 50, 50, 50, 50, 50, 50, 50, 50, 50, 50, 50, 50, 50, 50, 50, 50, 50, 50, 50, 50, 50, 50, 50, 50, 50, 50, 50, 50, 50, 50, 50, 50, 50]

Generation 31
Average: 0.8818 Best: 0.9088
Best Individual: 
C0 5|12|25|9|1|30|7|19|4|33|13|24|32|3|27|18|29|11|6|14|20|2|26|22|21|23|28|10|16|15|17|8|0|31|
Overall Best: 0.9088 Generation: 13
length: 34.0
feature_occurency: [50, 50, 50, 50, 50, 50, 50, 50, 50, 50, 50, 50, 50, 50, 50, 50, 50, 50, 50, 50, 50, 50, 50, 50, 50, 50, 50, 50, 50, 50, 50, 50, 50, 50]

Generation 32
Average: 0.8822 Best: 0.9088
Best Individual: 
C0 5|12|25|9|1|30|7|19|4|33|13|3|32|24|27|18|29|11|6|14|20|2|26|22|21|23|28|10|16|15|17|8|0|31|
Overall Best: 0.9088 Generation: 13
length: 34.0
feature_occurency: [50, 50, 50, 50, 50, 50, 50, 50, 50, 50, 50, 50, 50, 50, 50, 50, 50, 50, 50, 50, 50, 50, 50, 50, 50, 50, 50, 50, 50, 50, 50, 50, 50, 50]

Generation 33
Average: 0.8805 Best: 0.8974
Best Individual: 
C0 9|1|28|0|4|23|30|5|19|33|13|3|32|24|27|18|29|11|6|14|20|2|26|22|21|17|25|31|10|16|12|7|15|8|
Overall Best: 0.9088 Generation: 13
length: 34.0
feature_occurency: [50, 50, 50, 50, 50, 50, 50, 50, 50, 50, 50, 50, 50, 50, 50, 50, 50, 50, 50, 50, 50, 50, 50, 50, 50, 50, 50, 50, 50, 50, 50, 50, 50, 50]

Generation 34
Average: 0.8847 Best: 0.9031
Best Individual: 
C0 27|13|2|14|10|0|17|6|18|21|29|19|9|11|5|4|20|23|12|22|33|32|15|26|28|24|30|1|16|8|31|25|7|3|
Overall Best: 0.9088 Generation: 13
length: 34.0
feature_occurency: [50, 50, 50, 50, 50, 50, 50, 50, 50, 50, 50, 50, 50, 50, 50, 50, 50, 50, 50, 50, 50, 50, 50, 50, 50, 50, 50, 50, 50, 50, 50, 50, 50, 50]

Generation 35
Average: 0.8825 Best: 0.9031
Best Individual: 
C0 27|13|2|14|32|15|17|6|18|21|29|19|9|20|5|4|11|23|12|22|33|10|0|26|28|24|16|1|30|8|31|25|7|3|
Overall Best: 0.9088 Generation: 13
length: 34.0
feature_occurency: [50, 50, 50, 50, 50, 50, 50, 50, 50, 50, 50, 50, 50, 50, 50, 50, 50, 50, 50, 50, 50, 50, 50, 50, 50, 50, 50, 50, 50, 50, 50, 50, 50, 50]

Generation 36
Average: 0.8837 Best: 0.9031
Best Individual: 
C0 24|10|6|33|29|1|16|27|2|14|26|5|3|25|4|19|18|11|7|12|23|20|31|21|30|0|8|15|22|9|17|32|13|28|
Overall Best: 0.9088 Generation: 13
length: 34.0
feature_occurency: [50, 50, 50, 50, 50, 50, 50, 50, 50, 50, 50, 50, 50, 50, 50, 50, 50, 50, 50, 50, 50, 50, 50, 50, 50, 50, 50, 50, 50, 50, 50, 50, 50, 50]

Generation 37
Average: 0.8803 Best: 0.9031
Best Individual: 
C0 23|20|19|33|22|27|17|15|6|21|29|26|0|13|16|4|2|24|3|14|12|18|32|30|25|7|28|5|1|31|8|11|10|9|
Overall Best: 0.9088 Generation: 13
length: 34.0
feature_occurency: [50, 50, 50, 50, 50, 50, 50, 50, 50, 50, 50, 50, 50, 50, 50, 50, 50, 50, 50, 50, 50, 50, 50, 50, 50, 50, 50, 50, 50, 50, 50, 50, 50, 50]

Generation 38
Average: 0.8807 Best: 0.8974
Best Individual: 
C0 4|32|3|6|2|12|11|31|22|27|8|1|15|20|26|23|25|10|9|7|19|5|30|28|21|18|13|17|14|29|16|24|0|33|
Overall Best: 0.9088 Generation: 13
length: 34.0
feature_occurency: [50, 50, 50, 50, 50, 50, 50, 50, 50, 50, 50, 50, 50, 50, 50, 50, 50, 50, 50, 50, 50, 50, 50, 50, 50, 50, 50, 50, 50, 50, 50, 50, 50, 50]

Generation 39
Average: 0.8818 Best: 0.8974
Best Individual: 
C0 9|25|20|11|23|24|4|12|30|31|21|33|2|29|17|19|14|5|27|26|13|28|0|22|6|32|8|15|1|7|3|18|16|10|
Overall Best: 0.9088 Generation: 13
length: 34.0
feature_occurency: [50, 50, 50, 50, 50, 50, 50, 50, 50, 50, 50, 50, 50, 50, 50, 50, 50, 50, 50, 50, 50, 50, 50, 50, 50, 50, 50, 50, 50, 50, 50, 50, 50, 50]

Generation 40
Average: 0.8825 Best: 0.9003
Best Individual: 
C0 28|6|26|24|1|23|21|33|2|18|3|13|20|25|8|29|14|5|4|32|12|11|27|9|19|0|16|22|7|30|17|10|31|15|
Overall Best: 0.9088 Generation: 13
length: 34.0
feature_occurency: [50, 50, 50, 50, 50, 50, 50, 50, 50, 50, 50, 50, 50, 50, 50, 50, 50, 50, 50, 50, 50, 50, 50, 50, 50, 50, 50, 50, 50, 50, 50, 50, 50, 50]

Generation 41
Average: 0.8819 Best: 0.9003
Best Individual: 
C0 31|25|4|16|19|0|33|1|24|15|23|21|29|6|28|2|14|12|3|10|13|26|18|5|7|9|30|17|20|22|8|27|32|11|
Overall Best: 0.9088 Generation: 13
length: 34.0
feature_occurency: [50, 50, 50, 50, 50, 50, 50, 50, 50, 50, 50, 50, 50, 50, 50, 50, 50, 50, 50, 50, 50, 50, 50, 50, 50, 50, 50, 50, 50, 50, 50, 50, 50, 50]

Generation 42
Average: 0.8794 Best: 0.9003
Best Individual: 
C0 31|25|4|5|19|0|33|1|24|15|23|21|29|6|28|2|14|12|3|10|13|26|18|16|8|9|30|17|20|22|7|27|32|11|
Overall Best: 0.9088 Generation: 13
length: 34.0
feature_occurency: [50, 50, 50, 50, 50, 50, 50, 50, 50, 50, 50, 50, 50, 50, 50, 50, 50, 50, 50, 50, 50, 50, 50, 50, 50, 50, 50, 50, 50, 50, 50, 50, 50, 50]

Generation 43
Average: 0.8823 Best: 0.9031
Best Individual: 
C0 0|22|27|6|28|30|26|5|11|23|3|16|24|31|1|33|29|20|9|14|12|18|19|17|10|4|13|15|32|25|8|21|2|7|
Overall Best: 0.9088 Generation: 13
length: 34.0
feature_occurency: [50, 50, 50, 50, 50, 50, 50, 50, 50, 50, 50, 50, 50, 50, 50, 50, 50, 50, 50, 50, 50, 50, 50, 50, 50, 50, 50, 50, 50, 50, 50, 50, 50, 50]

Generation 44
Average: 0.8832 Best: 0.9003
Best Individual: 
C0 33|24|27|6|28|11|19|3|23|20|2|13|14|12|17|26|1|5|4|18|10|0|21|15|31|8|30|16|32|25|22|29|7|9|
Overall Best: 0.9088 Generation: 13
length: 34.0
feature_occurency: [50, 50, 50, 50, 50, 50, 50, 50, 50, 50, 50, 50, 50, 50, 50, 50, 50, 50, 50, 50, 50, 50, 50, 50, 50, 50, 50, 50, 50, 50, 50, 50, 50, 50]

Generation 45
Average: 0.8838 Best: 0.9031
Best Individual: 
C0 33|24|27|1|19|5|31|3|23|8|20|10|14|18|30|13|32|0|15|26|4|11|12|17|7|2|16|6|22|25|21|29|28|9|
Overall Best: 0.9088 Generation: 13
length: 34.0
feature_occurency: [50, 50, 50, 50, 50, 50, 50, 50, 50, 50, 50, 50, 50, 50, 50, 50, 50, 50, 50, 50, 50, 50, 50, 50, 50, 50, 50, 50, 50, 50, 50, 50, 50, 50]

Generation 46
Average: 0.8785 Best: 0.8974
Best Individual: 
C0 20|3|12|1|11|24|26|25|2|29|8|13|23|0|27|19|21|10|4|32|33|18|30|17|7|9|31|22|5|15|14|16|28|6|
Overall Best: 0.9088 Generation: 13
length: 34.0
feature_occurency: [50, 50, 50, 50, 50, 50, 50, 50, 50, 50, 50, 50, 50, 50, 50, 50, 50, 50, 50, 50, 50, 50, 50, 50, 50, 50, 50, 50, 50, 50, 50, 50, 50, 50]

Generation 47
Average: 0.8822 Best: 0.9060
Best Individual: 
C0 33|23|3|0|2|19|31|11|29|17|14|20|32|4|24|12|1|5|6|30|22|13|16|9|26|28|27|18|10|25|21|8|7|15|
Overall Best: 0.9088 Generation: 13
length: 34.0
feature_occurency: [50, 50, 50, 50, 50, 50, 50, 50, 50, 50, 50, 50, 50, 50, 50, 50, 50, 50, 50, 50, 50, 50, 50, 50, 50, 50, 50, 50, 50, 50, 50, 50, 50, 50]

Generation 48
Average: 0.8821 Best: 0.9031
Best Individual: 
C0 5|3|17|11|0|27|25|7|15|31|12|32|16|29|30|23|14|4|1|19|22|2|20|33|28|26|21|8|24|13|9|18|6|10|
Overall Best: 0.9088 Generation: 13
length: 34.0
feature_occurency: [50, 50, 50, 50, 50, 50, 50, 50, 50, 50, 50, 50, 50, 50, 50, 50, 50, 50, 50, 50, 50, 50, 50, 50, 50, 50, 50, 50, 50, 50, 50, 50, 50, 50]

Generation 49
Average: 0.8789 Best: 0.9031
Best Individual: 
C0 24|12|7|25|5|20|11|4|26|22|2|6|1|15|14|28|23|0|30|19|32|33|18|8|16|21|31|13|29|9|17|27|3|10|
Overall Best: 0.9088 Generation: 13
length: 34.0
feature_occurency: [50, 50, 50, 50, 50, 50, 50, 50, 50, 50, 50, 50, 50, 50, 50, 50, 50, 50, 50, 50, 50, 50, 50, 50, 50, 50, 50, 50, 50, 50, 50, 50, 50, 50]

Generation 50
Average: 0.8811 Best: 0.9003
Best Individual: 
C0 6|27|30|10|21|8|19|18|11|32|12|0|16|33|23|22|14|4|1|9|3|2|20|5|26|7|17|13|31|29|28|24|15|25|
Overall Best: 0.9088 Generation: 13
length: 34.0
feature_occurency: [50, 50, 50, 50, 50, 50, 50, 50, 50, 50, 50, 50, 50, 50, 50, 50, 50, 50, 50, 50, 50, 50, 50, 50, 50, 50, 50, 50, 50, 50, 50, 50, 50, 50]

Generation 51
Average: 0.8821 Best: 0.9117
Best Individual: 
C0 8|24|21|6|26|13|28|12|4|1|18|29|3|25|0|27|32|19|11|33|20|23|2|17|16|9|31|14|30|15|10|5|22|7|
Overall Best: 0.9117 Generation: 51
length: 34.0
feature_occurency: [50, 50, 50, 50, 50, 50, 50, 50, 50, 50, 50, 50, 50, 50, 50, 50, 50, 50, 50, 50, 50, 50, 50, 50, 50, 50, 50, 50, 50, 50, 50, 50, 50, 50]

Generation 52
Average: 0.8825 Best: 0.9174
Best Individual: 
C0 8|24|33|6|26|13|28|12|4|2|18|29|3|25|0|27|32|19|5|21|20|23|1|17|16|9|31|14|30|15|10|11|22|7|
Overall Best: 0.9174 Generation: 52
length: 34.0
feature_occurency: [50, 50, 50, 50, 50, 50, 50, 50, 50, 50, 50, 50, 50, 50, 50, 50, 50, 50, 50, 50, 50, 50, 50, 50, 50, 50, 50, 50, 50, 50, 50, 50, 50, 50]

Generation 53
Average: 0.8804 Best: 0.9031
Best Individual: 
C0 7|28|23|19|0|10|26|12|4|3|15|29|20|8|2|17|18|25|5|24|27|11|22|33|6|32|31|21|16|1|14|13|9|30|
Overall Best: 0.9174 Generation: 52
length: 34.0
feature_occurency: [50, 50, 50, 50, 50, 50, 50, 50, 50, 50, 50, 50, 50, 50, 50, 50, 50, 50, 50, 50, 50, 50, 50, 50, 50, 50, 50, 50, 50, 50, 50, 50, 50, 50]

Generation 54
Average: 0.8807 Best: 0.9031
Best Individual: 
C0 10|0|7|12|23|28|26|19|4|3|15|29|20|8|2|17|18|25|5|24|27|11|22|33|6|32|31|21|16|1|14|13|9|30|
Overall Best: 0.9174 Generation: 52
length: 34.0
feature_occurency: [50, 50, 50, 50, 50, 50, 50, 50, 50, 50, 50, 50, 50, 50, 50, 50, 50, 50, 50, 50, 50, 50, 50, 50, 50, 50, 50, 50, 50, 50, 50, 50, 50, 50]

Generation 55
Average: 0.8782 Best: 0.9031
Best Individual: 
C0 13|26|18|4|30|2|17|33|20|0|5|3|28|7|12|23|14|21|1|19|22|11|32|16|25|8|6|31|27|9|24|15|29|10|
Overall Best: 0.9174 Generation: 52
length: 34.0
feature_occurency: [50, 50, 50, 50, 50, 50, 50, 50, 50, 50, 50, 50, 50, 50, 50, 50, 50, 50, 50, 50, 50, 50, 50, 50, 50, 50, 50, 50, 50, 50, 50, 50, 50, 50]

Generation 56
Average: 0.8808 Best: 0.9003
Best Individual: 
C0 13|26|23|22|10|2|17|33|0|20|5|3|28|7|12|18|14|21|1|19|4|11|32|16|25|8|6|31|27|9|24|15|29|30|
Overall Best: 0.9174 Generation: 52
length: 34.0
feature_occurency: [50, 50, 50, 50, 50, 50, 50, 50, 50, 50, 50, 50, 50, 50, 50, 50, 50, 50, 50, 50, 50, 50, 50, 50, 50, 50, 50, 50, 50, 50, 50, 50, 50, 50]

Generation 57
Average: 0.8839 Best: 0.9088
Best Individual: 
C0 11|32|0|18|8|23|20|30|22|21|24|1|17|6|12|33|2|15|16|29|4|26|14|9|28|19|7|13|25|3|10|5|31|27|
Overall Best: 0.9174 Generation: 52
length: 34.0
feature_occurency: [50, 50, 50, 50, 50, 50, 50, 50, 50, 50, 50, 50, 50, 50, 50, 50, 50, 50, 50, 50, 50, 50, 50, 50, 50, 50, 50, 50, 50, 50, 50, 50, 50, 50]

Generation 58
Average: 0.8832 Best: 0.9088
Best Individual: 
C0 11|32|0|18|8|23|20|30|33|21|24|1|17|6|12|22|2|15|16|29|4|26|14|9|28|19|7|13|25|3|10|5|31|27|
Overall Best: 0.9174 Generation: 52
length: 34.0
feature_occurency: [50, 50, 50, 50, 50, 50, 50, 50, 50, 50, 50, 50, 50, 50, 50, 50, 50, 50, 50, 50, 50, 50, 50, 50, 50, 50, 50, 50, 50, 50, 50, 50, 50, 50]

Generation 59
Average: 0.8814 Best: 0.9060
Best Individual: 
C0 11|20|2|25|6|10|33|32|21|23|18|22|28|7|13|5|14|0|1|19|4|26|29|3|30|15|8|12|24|27|31|9|16|17|
Overall Best: 0.9174 Generation: 52
length: 34.0
feature_occurency: [50, 50, 50, 50, 50, 50, 50, 50, 50, 50, 50, 50, 50, 50, 50, 50, 50, 50, 50, 50, 50, 50, 50, 50, 50, 50, 50, 50, 50, 50, 50, 50, 50, 50]

Generation 60
Average: 0.8826 Best: 0.9060
Best Individual: 
C0 11|20|2|25|6|10|33|32|21|23|18|22|28|7|13|5|14|0|1|19|4|26|29|3|30|15|8|12|24|27|31|9|16|17|
Overall Best: 0.9174 Generation: 52
length: 34.0
feature_occurency: [50, 50, 50, 50, 50, 50, 50, 50, 50, 50, 50, 50, 50, 50, 50, 50, 50, 50, 50, 50, 50, 50, 50, 50, 50, 50, 50, 50, 50, 50, 50, 50, 50, 50]

Generation 61
Average: 0.8827 Best: 0.9031
Best Individual: 
C0 19|11|20|23|30|0|15|12|4|9|3|5|6|27|33|31|28|16|26|17|2|32|22|25|14|10|24|13|18|21|29|8|1|7|
Overall Best: 0.9174 Generation: 52
length: 34.0
feature_occurency: [50, 50, 50, 50, 50, 50, 50, 50, 50, 50, 50, 50, 50, 50, 50, 50, 50, 50, 50, 50, 50, 50, 50, 50, 50, 50, 50, 50, 50, 50, 50, 50, 50, 50]

Generation 62
Average: 0.8840 Best: 0.9060
Best Individual: 
C0 25|19|30|26|14|28|32|6|1|21|10|31|27|8|23|12|17|20|15|33|0|11|18|7|4|2|9|22|3|13|29|5|24|16|
Overall Best: 0.9174 Generation: 52
length: 34.0
feature_occurency: [50, 50, 50, 50, 50, 50, 50, 50, 50, 50, 50, 50, 50, 50, 50, 50, 50, 50, 50, 50, 50, 50, 50, 50, 50, 50, 50, 50, 50, 50, 50, 50, 50, 50]

Generation 63
Average: 0.8832 Best: 0.9060
Best Individual: 
C0 23|11|16|6|8|0|20|26|33|10|4|1|21|24|12|32|22|15|5|29|18|30|14|9|28|17|7|13|25|3|31|2|19|27|
Overall Best: 0.9174 Generation: 52
length: 34.0
feature_occurency: [50, 50, 50, 50, 50, 50, 50, 50, 50, 50, 50, 50, 50, 50, 50, 50, 50, 50, 50, 50, 50, 50, 50, 50, 50, 50, 50, 50, 50, 50, 50, 50, 50, 50]

Generation 64
Average: 0.8817 Best: 0.9031
Best Individual: 
C0 15|4|20|23|19|0|2|12|11|9|3|5|6|27|33|31|28|16|26|29|18|30|14|25|22|21|24|13|32|10|17|8|1|7|
Overall Best: 0.9174 Generation: 52
length: 34.0
feature_occurency: [50, 50, 50, 50, 50, 50, 50, 50, 50, 50, 50, 50, 50, 50, 50, 50, 50, 50, 50, 50, 50, 50, 50, 50, 50, 50, 50, 50, 50, 50, 50, 50, 50, 50]

Generation 65
Average: 0.8809 Best: 0.9031
Best Individual: 
C0 15|4|20|23|19|8|2|12|11|9|3|5|6|27|33|31|28|16|26|29|18|30|14|25|22|21|24|13|32|10|17|0|1|7|
Overall Best: 0.9174 Generation: 52
length: 34.0
feature_occurency: [50, 50, 50, 50, 50, 50, 50, 50, 50, 50, 50, 50, 50, 50, 50, 50, 50, 50, 50, 50, 50, 50, 50, 50, 50, 50, 50, 50, 50, 50, 50, 50, 50, 50]

Generation 66
Average: 0.8814 Best: 0.9031
Best Individual: 
C0 15|4|20|23|30|0|2|12|11|9|3|5|17|27|33|31|28|16|26|32|18|19|14|25|22|21|24|13|29|10|6|8|1|7|
Overall Best: 0.9174 Generation: 52
length: 34.0
feature_occurency: [50, 50, 50, 50, 50, 50, 50, 50, 50, 50, 50, 50, 50, 50, 50, 50, 50, 50, 50, 50, 50, 50, 50, 50, 50, 50, 50, 50, 50, 50, 50, 50, 50, 50]

Generation 67
Average: 0.8852 Best: 0.9145
Best Individual: 
C0 14|20|6|3|16|25|15|26|31|28|0|12|19|23|22|1|27|5|2|32|4|10|8|21|7|13|29|18|33|9|17|11|30|24|
Overall Best: 0.9174 Generation: 52
length: 34.0
feature_occurency: [50, 50, 50, 50, 50, 50, 50, 50, 50, 50, 50, 50, 50, 50, 50, 50, 50, 50, 50, 50, 50, 50, 50, 50, 50, 50, 50, 50, 50, 50, 50, 50, 50, 50]

Generation 68
Average: 0.8812 Best: 0.9031
Best Individual: 
C0 15|30|13|16|4|21|20|26|27|29|6|24|14|31|18|12|5|28|25|33|0|19|23|32|2|9|1|11|22|10|17|7|8|3|
Overall Best: 0.9174 Generation: 52
length: 34.0
feature_occurency: [50, 50, 50, 50, 50, 50, 50, 50, 50, 50, 50, 50, 50, 50, 50, 50, 50, 50, 50, 50, 50, 50, 50, 50, 50, 50, 50, 50, 50, 50, 50, 50, 50, 50]

Generation 69
Average: 0.8847 Best: 0.9060
Best Individual: 
C0 14|30|20|26|23|12|15|10|8|29|25|5|32|7|31|11|0|4|16|24|9|6|33|17|27|1|22|21|28|19|18|13|3|2|
Overall Best: 0.9174 Generation: 52
length: 34.0
feature_occurency: [50, 50, 50, 50, 50, 50, 50, 50, 50, 50, 50, 50, 50, 50, 50, 50, 50, 50, 50, 50, 50, 50, 50, 50, 50, 50, 50, 50, 50, 50, 50, 50, 50, 50]

Generation 70
Average: 0.8852 Best: 0.9003
Best Individual: 
C0 22|20|9|32|14|23|2|4|6|25|5|10|33|29|8|12|24|27|21|26|0|13|28|15|11|16|17|3|18|19|30|7|1|31|
Overall Best: 0.9174 Generation: 52
length: 34.0
feature_occurency: [50, 50, 50, 50, 50, 50, 50, 50, 50, 50, 50, 50, 50, 50, 50, 50, 50, 50, 50, 50, 50, 50, 50, 50, 50, 50, 50, 50, 50, 50, 50, 50, 50, 50]

Generation 71
Average: 0.8847 Best: 0.9117
Best Individual: 
C0 13|20|11|26|28|0|10|27|32|19|6|24|14|31|30|9|17|33|12|29|4|5|23|8|3|15|1|16|22|18|25|7|21|2|
Overall Best: 0.9174 Generation: 52
length: 34.0
feature_occurency: [50, 50, 50, 50, 50, 50, 50, 50, 50, 50, 50, 50, 50, 50, 50, 50, 50, 50, 50, 50, 50, 50, 50, 50, 50, 50, 50, 50, 50, 50, 50, 50, 50, 50]

Generation 72
Average: 0.8839 Best: 0.9060
Best Individual: 
C0 3|12|0|11|8|23|33|18|13|21|29|14|25|19|5|27|7|26|17|24|9|6|4|16|30|28|22|20|1|15|31|2|32|10|
Overall Best: 0.9174 Generation: 52
length: 34.0
feature_occurency: [50, 50, 50, 50, 50, 50, 50, 50, 50, 50, 50, 50, 50, 50, 50, 50, 50, 50, 50, 50, 50, 50, 50, 50, 50, 50, 50, 50, 50, 50, 50, 50, 50, 50]

Generation 73
Average: 0.8799 Best: 0.9060
Best Individual: 
C0 19|15|12|24|14|33|30|28|16|1|18|25|4|31|32|26|13|20|21|23|29|5|6|3|7|22|10|0|11|8|27|9|17|2|
Overall Best: 0.9174 Generation: 52
length: 34.0
feature_occurency: [50, 50, 50, 50, 50, 50, 50, 50, 50, 50, 50, 50, 50, 50, 50, 50, 50, 50, 50, 50, 50, 50, 50, 50, 50, 50, 50, 50, 50, 50, 50, 50, 50, 50]

Generation 74
Average: 0.8836 Best: 0.9060
Best Individual: 
C0 19|15|12|24|14|33|30|28|16|1|18|25|4|31|32|26|13|21|20|23|29|5|6|3|7|22|10|0|11|8|27|9|17|2|
Overall Best: 0.9174 Generation: 52
length: 34.0
feature_occurency: [50, 50, 50, 50, 50, 50, 50, 50, 50, 50, 50, 50, 50, 50, 50, 50, 50, 50, 50, 50, 50, 50, 50, 50, 50, 50, 50, 50, 50, 50, 50, 50, 50, 50]

Generation 75
Average: 0.8824 Best: 0.9031
Best Individual: 
C0 15|26|23|19|20|8|27|14|32|18|6|0|25|33|10|31|5|9|4|24|30|3|29|21|2|13|12|16|22|28|11|7|1|17|
Overall Best: 0.9174 Generation: 52
length: 34.0
feature_occurency: [50, 50, 50, 50, 50, 50, 50, 50, 50, 50, 50, 50, 50, 50, 50, 50, 50, 50, 50, 50, 50, 50, 50, 50, 50, 50, 50, 50, 50, 50, 50, 50, 50, 50]

Generation 76
Average: 0.8802 Best: 0.9003
Best Individual: 
C0 27|2|6|11|31|7|13|12|9|17|20|14|23|4|5|8|19|0|1|32|26|33|29|15|24|22|10|30|16|18|28|3|21|25|
Overall Best: 0.9174 Generation: 52
length: 34.0
feature_occurency: [50, 50, 50, 50, 50, 50, 50, 50, 50, 50, 50, 50, 50, 50, 50, 50, 50, 50, 50, 50, 50, 50, 50, 50, 50, 50, 50, 50, 50, 50, 50, 50, 50, 50]

Generation 77
Average: 0.8803 Best: 0.9003
Best Individual: 
C0 24|6|0|15|14|2|20|3|23|5|8|9|21|33|18|1|4|22|26|32|29|27|10|30|19|17|13|16|11|31|25|7|12|28|
Overall Best: 0.9174 Generation: 52
length: 34.0
feature_occurency: [50, 50, 50, 50, 50, 50, 50, 50, 50, 50, 50, 50, 50, 50, 50, 50, 50, 50, 50, 50, 50, 50, 50, 50, 50, 50, 50, 50, 50, 50, 50, 50, 50, 50]

Generation 78
Average: 0.8846 Best: 0.9060
Best Individual: 
C0 25|24|28|31|29|11|1|23|5|32|6|33|13|3|27|4|26|0|14|19|10|12|18|21|2|8|17|16|15|7|9|30|20|22|
Overall Best: 0.9174 Generation: 52
length: 34.0
feature_occurency: [50, 50, 50, 50, 50, 50, 50, 50, 50, 50, 50, 50, 50, 50, 50, 50, 50, 50, 50, 50, 50, 50, 50, 50, 50, 50, 50, 50, 50, 50, 50, 50, 50, 50]

Generation 79
Average: 0.8822 Best: 0.9060
Best Individual: 
C0 25|24|18|31|29|11|1|23|5|32|6|33|13|3|27|4|26|0|14|19|10|12|28|21|2|8|17|16|15|7|9|30|20|22|
Overall Best: 0.9174 Generation: 52
length: 34.0
feature_occurency: [50, 50, 50, 50, 50, 50, 50, 50, 50, 50, 50, 50, 50, 50, 50, 50, 50, 50, 50, 50, 50, 50, 50, 50, 50, 50, 50, 50, 50, 50, 50, 50, 50, 50]

Generation 80
Average: 0.8858 Best: 0.9117
Best Individual: 
C0 30|18|28|19|17|13|33|10|31|14|23|25|20|7|26|24|3|32|11|5|12|6|4|16|2|21|15|0|9|29|8|27|22|1|
Overall Best: 0.9174 Generation: 52
length: 34.0
feature_occurency: [50, 50, 50, 50, 50, 50, 50, 50, 50, 50, 50, 50, 50, 50, 50, 50, 50, 50, 50, 50, 50, 50, 50, 50, 50, 50, 50, 50, 50, 50, 50, 50, 50, 50]

Generation 81
Average: 0.8803 Best: 0.9117
Best Individual: 
C0 21|1|32|23|15|24|33|5|13|8|19|14|27|3|31|4|26|0|11|6|17|12|28|7|16|10|29|9|22|30|2|20|18|25|
Overall Best: 0.9174 Generation: 52
length: 34.0
feature_occurency: [50, 50, 50, 50, 50, 50, 50, 50, 50, 50, 50, 50, 50, 50, 50, 50, 50, 50, 50, 50, 50, 50, 50, 50, 50, 50, 50, 50, 50, 50, 50, 50, 50, 50]

Generation 82
Average: 0.8848 Best: 0.9117
Best Individual: 
C0 21|3|19|14|0|24|33|5|13|8|32|23|27|1|31|4|26|15|11|6|17|12|28|7|9|10|29|16|22|30|2|20|18|25|
Overall Best: 0.9174 Generation: 52
length: 34.0
feature_occurency: [50, 50, 50, 50, 50, 50, 50, 50, 50, 50, 50, 50, 50, 50, 50, 50, 50, 50, 50, 50, 50, 50, 50, 50, 50, 50, 50, 50, 50, 50, 50, 50, 50, 50]

Generation 83
Average: 0.8828 Best: 0.9031
Best Individual: 
C0 24|14|12|10|2|4|3|21|28|15|19|33|1|29|6|25|9|20|23|27|26|32|18|8|5|0|17|11|31|16|30|22|7|13|
Overall Best: 0.9174 Generation: 52
length: 34.0
feature_occurency: [50, 50, 50, 50, 50, 50, 50, 50, 50, 50, 50, 50, 50, 50, 50, 50, 50, 50, 50, 50, 50, 50, 50, 50, 50, 50, 50, 50, 50, 50, 50, 50, 50, 50]

Generation 84
Average: 0.8814 Best: 0.9031
Best Individual: 
C0 23|14|12|10|2|4|3|21|28|15|19|33|1|29|6|25|9|20|24|27|26|32|18|8|5|0|17|11|31|16|30|22|7|13|
Overall Best: 0.9174 Generation: 52
length: 34.0
feature_occurency: [50, 50, 50, 50, 50, 50, 50, 50, 50, 50, 50, 50, 50, 50, 50, 50, 50, 50, 50, 50, 50, 50, 50, 50, 50, 50, 50, 50, 50, 50, 50, 50, 50, 50]

Generation 85
Average: 0.8847 Best: 0.9031
Best Individual: 
C0 29|14|12|28|2|33|1|21|13|15|26|4|19|3|6|25|9|0|24|27|23|32|18|8|5|20|17|11|31|7|30|22|16|10|
Overall Best: 0.9174 Generation: 52
length: 34.0
feature_occurency: [50, 50, 50, 50, 50, 50, 50, 50, 50, 50, 50, 50, 50, 50, 50, 50, 50, 50, 50, 50, 50, 50, 50, 50, 50, 50, 50, 50, 50, 50, 50, 50, 50, 50]

Generation 86
Average: 0.8836 Best: 0.9117
Best Individual: 
C0 10|33|19|14|31|1|6|11|30|8|26|23|24|13|0|12|32|29|27|5|17|4|3|16|25|21|22|20|15|28|7|2|18|9|
Overall Best: 0.9174 Generation: 52
length: 34.0
feature_occurency: [50, 50, 50, 50, 50, 50, 50, 50, 50, 50, 50, 50, 50, 50, 50, 50, 50, 50, 50, 50, 50, 50, 50, 50, 50, 50, 50, 50, 50, 50, 50, 50, 50, 50]

Generation 87
Average: 0.8803 Best: 0.8974
Best Individual: 
C0 12|5|11|24|4|18|9|2|14|23|32|27|33|26|6|17|3|20|25|29|31|10|15|8|7|0|22|19|28|13|30|1|16|21|
Overall Best: 0.9174 Generation: 52
length: 34.0
feature_occurency: [50, 50, 50, 50, 50, 50, 50, 50, 50, 50, 50, 50, 50, 50, 50, 50, 50, 50, 50, 50, 50, 50, 50, 50, 50, 50, 50, 50, 50, 50, 50, 50, 50, 50]

Generation 88
Average: 0.8800 Best: 0.9031
Best Individual: 
C0 19|30|23|11|22|17|13|31|33|10|4|32|18|9|6|12|27|20|28|26|25|2|1|15|0|21|29|5|24|14|7|3|8|16|
Overall Best: 0.9174 Generation: 52
length: 34.0
feature_occurency: [50, 50, 50, 50, 50, 50, 50, 50, 50, 50, 50, 50, 50, 50, 50, 50, 50, 50, 50, 50, 50, 50, 50, 50, 50, 50, 50, 50, 50, 50, 50, 50, 50, 50]

Generation 89
Average: 0.8811 Best: 0.9060
Best Individual: 
C0 15|6|18|10|3|19|0|29|17|1|2|4|32|27|13|14|9|23|12|5|33|26|24|28|25|16|22|20|8|11|31|21|7|30|
Overall Best: 0.9174 Generation: 52
length: 34.0
feature_occurency: [50, 50, 50, 50, 50, 50, 50, 50, 50, 50, 50, 50, 50, 50, 50, 50, 50, 50, 50, 50, 50, 50, 50, 50, 50, 50, 50, 50, 50, 50, 50, 50, 50, 50]

Generation 90
Average: 0.8812 Best: 0.9031
Best Individual: 
C0 12|8|18|0|24|11|6|3|29|9|32|27|33|26|23|17|2|4|20|14|19|30|16|5|7|10|1|21|13|22|25|28|15|31|
Overall Best: 0.9174 Generation: 52
length: 34.0
feature_occurency: [50, 50, 50, 50, 50, 50, 50, 50, 50, 50, 50, 50, 50, 50, 50, 50, 50, 50, 50, 50, 50, 50, 50, 50, 50, 50, 50, 50, 50, 50, 50, 50, 50, 50]

Generation 91
Average: 0.8807 Best: 0.9031
Best Individual: 
C0 4|8|18|6|3|19|0|24|29|9|32|27|33|30|14|17|2|12|20|23|11|26|16|5|7|10|1|21|13|22|25|28|15|31|
Overall Best: 0.9174 Generation: 52
length: 34.0
feature_occurency: [50, 50, 50, 50, 50, 50, 50, 50, 50, 50, 50, 50, 50, 50, 50, 50, 50, 50, 50, 50, 50, 50, 50, 50, 50, 50, 50, 50, 50, 50, 50, 50, 50, 50]

Generation 92
Average: 0.8822 Best: 0.9060
Best Individual: 
C0 4|8|18|6|3|13|0|24|29|9|32|27|33|30|14|17|2|12|16|23|10|26|20|5|7|11|1|21|19|22|31|28|15|25|
Overall Best: 0.9174 Generation: 52
length: 34.0
feature_occurency: [50, 50, 50, 50, 50, 50, 50, 50, 50, 50, 50, 50, 50, 50, 50, 50, 50, 50, 50, 50, 50, 50, 50, 50, 50, 50, 50, 50, 50, 50, 50, 50, 50, 50]

Generation 93
Average: 0.8834 Best: 0.9031
Best Individual: 
C0 4|8|14|6|3|13|1|24|29|9|32|27|33|0|2|17|18|12|16|23|10|26|20|5|7|11|30|21|15|22|31|28|19|25|
Overall Best: 0.9174 Generation: 52
length: 34.0
feature_occurency: [50, 50, 50, 50, 50, 50, 50, 50, 50, 50, 50, 50, 50, 50, 50, 50, 50, 50, 50, 50, 50, 50, 50, 50, 50, 50, 50, 50, 50, 50, 50, 50, 50, 50]

Generation 94
Average: 0.8813 Best: 0.8974
Best Individual: 
C0 32|8|18|0|10|12|5|1|7|6|20|23|24|33|11|14|22|2|31|3|13|4|21|9|17|30|19|26|15|28|27|25|16|29|
Overall Best: 0.9174 Generation: 52
length: 34.0
feature_occurency: [50, 50, 50, 50, 50, 50, 50, 50, 50, 50, 50, 50, 50, 50, 50, 50, 50, 50, 50, 50, 50, 50, 50, 50, 50, 50, 50, 50, 50, 50, 50, 50, 50, 50]

Generation 95
Average: 0.8815 Best: 0.9060
Best Individual: 
C0 26|10|18|6|33|20|17|12|1|27|23|3|31|13|11|32|19|2|5|4|0|9|22|24|8|29|21|25|15|7|28|16|30|14|
Overall Best: 0.9174 Generation: 52
length: 34.0
feature_occurency: [50, 50, 50, 50, 50, 50, 50, 50, 50, 50, 50, 50, 50, 50, 50, 50, 50, 50, 50, 50, 50, 50, 50, 50, 50, 50, 50, 50, 50, 50, 50, 50, 50, 50]

Generation 96
Average: 0.8828 Best: 0.9117
Best Individual: 
C0 1|33|8|4|10|19|24|27|11|21|14|23|6|20|26|15|17|5|32|3|13|0|7|29|2|31|16|22|28|9|30|25|18|12|
Overall Best: 0.9174 Generation: 52
length: 34.0
feature_occurency: [50, 50, 50, 50, 50, 50, 50, 50, 50, 50, 50, 50, 50, 50, 50, 50, 50, 50, 50, 50, 50, 50, 50, 50, 50, 50, 50, 50, 50, 50, 50, 50, 50, 50]

Generation 97
Average: 0.8834 Best: 0.9031
Best Individual: 
C0 1|33|8|4|22|9|29|0|11|2|14|5|6|20|28|15|12|23|32|27|17|3|26|24|21|16|10|30|7|19|31|25|18|13|
Overall Best: 0.9174 Generation: 52
length: 34.0
feature_occurency: [50, 50, 50, 50, 50, 50, 50, 50, 50, 50, 50, 50, 50, 50, 50, 50, 50, 50, 50, 50, 50, 50, 50, 50, 50, 50, 50, 50, 50, 50, 50, 50, 50, 50]

Generation 98
Average: 0.8795 Best: 0.8974
Best Individual: 
C0 4|6|31|14|28|15|29|23|9|33|17|5|27|18|2|1|25|0|12|10|30|26|11|24|13|19|32|21|16|3|22|8|20|7|
Overall Best: 0.9174 Generation: 52
length: 34.0
feature_occurency: [50, 50, 50, 50, 50, 50, 50, 50, 50, 50, 50, 50, 50, 50, 50, 50, 50, 50, 50, 50, 50, 50, 50, 50, 50, 50, 50, 50, 50, 50, 50, 50, 50, 50]

Generation 99
Average: 0.8790 Best: 0.9117
Best Individual: 
C0 26|24|19|12|28|32|3|14|33|23|27|20|7|9|25|4|1|6|5|30|0|10|31|17|8|13|22|15|18|11|29|16|21|2|
Overall Best: 0.9174 Generation: 52
==================
    Best individual after 100 generations
    computed in 229.0980 seconds
    322 elements out of 351 correct.
    emerged in generation 52
    with fitness 0.9174
==================

8|24|33|6|26|13|28|12|4|2|18|29|3|25|0|27|32|19|5|21|20|23|1|17|16|9|31|14|30|15|10|11|22|7|
