Starting evolution...
length: 34.0
feature_occurency: [50, 50, 50, 50, 50, 50, 50, 50, 50, 50, 50, 50, 50, 50, 50, 50, 50, 50, 50, 50, 50, 50, 50, 50, 50, 50, 50, 50, 50, 50, 50, 50, 50, 50]

Generation 0
Average: 0.8743 Best: 0.9003
Best Individual: 
C0 0|19|2|3|23|4|6|7|26|13|33|10|11|20|14|17|31|21|18|1|16|9|22|12|24|25|8|27|28|29|30|15|5|32|
Overall Best: 0.9003 Generation: 0
length: 34.0
feature_occurency: [50, 50, 50, 50, 50, 50, 50, 50, 50, 50, 50, 50, 50, 50, 50, 50, 50, 50, 50, 50, 50, 50, 50, 50, 50, 50, 50, 50, 50, 50, 50, 50, 50, 50]

Generation 1
Average: 0.8795 Best: 0.9031
Best Individual: 
C0 0|2|19|33|23|4|6|7|26|13|3|10|1|20|14|17|25|21|18|11|16|9|28|12|24|31|8|22|27|29|30|15|5|32|
Overall Best: 0.9031 Generation: 1
length: 34.0
feature_occurency: [50, 50, 50, 50, 50, 50, 50, 50, 50, 50, 50, 50, 50, 50, 50, 50, 50, 50, 50, 50, 50, 50, 50, 50, 50, 50, 50, 50, 50, 50, 50, 50, 50, 50]

Generation 2
Average: 0.8812 Best: 0.9117
Best Individual: 
C0 7|1|4|23|26|25|24|21|8|33|6|11|20|13|14|15|5|17|18|19|2|3|22|0|9|27|10|30|28|12|29|31|32|16|
Overall Best: 0.9117 Generation: 2
length: 34.0
feature_occurency: [50, 50, 50, 50, 50, 50, 50, 50, 50, 50, 50, 50, 50, 50, 50, 50, 50, 50, 50, 50, 50, 50, 50, 50, 50, 50, 50, 50, 50, 50, 50, 50, 50, 50]

Generation 3
Average: 0.8827 Best: 0.9145
Best Individual: 
C0 20|6|4|24|26|29|27|30|10|19|1|23|28|0|16|15|11|22|12|9|3|21|13|7|2|25|8|17|33|14|18|31|32|5|
Overall Best: 0.9145 Generation: 3
length: 34.0
feature_occurency: [50, 50, 50, 50, 50, 50, 50, 50, 50, 50, 50, 50, 50, 50, 50, 50, 50, 50, 50, 50, 50, 50, 50, 50, 50, 50, 50, 50, 50, 50, 50, 50, 50, 50]

Generation 4
Average: 0.8859 Best: 0.9088
Best Individual: 
C0 2|1|23|27|17|15|26|4|8|33|6|11|20|10|14|18|24|9|3|19|13|5|22|21|0|32|16|12|31|29|30|28|25|7|
Overall Best: 0.9145 Generation: 3
length: 34.0
feature_occurency: [50, 50, 50, 50, 50, 50, 50, 50, 50, 50, 50, 50, 50, 50, 50, 50, 50, 50, 50, 50, 50, 50, 50, 50, 50, 50, 50, 50, 50, 50, 50, 50, 50, 50]

Generation 5
Average: 0.8836 Best: 0.9060
Best Individual: 
C0 17|4|32|19|24|22|6|13|23|16|26|5|31|1|14|0|33|29|20|15|30|25|28|8|2|27|7|12|21|10|18|11|3|9|
Overall Best: 0.9145 Generation: 3
length: 34.0
feature_occurency: [50, 50, 50, 50, 50, 50, 50, 50, 50, 50, 50, 50, 50, 50, 50, 50, 50, 50, 50, 50, 50, 50, 50, 50, 50, 50, 50, 50, 50, 50, 50, 50, 50, 50]

Generation 6
Average: 0.8844 Best: 0.9060
Best Individual: 
C0 0|1|23|13|17|29|26|4|8|33|6|5|16|27|19|15|14|3|9|24|10|11|22|2|7|32|20|12|31|18|30|28|25|21|
Overall Best: 0.9145 Generation: 3
length: 34.0
feature_occurency: [50, 50, 50, 50, 50, 50, 50, 50, 50, 50, 50, 50, 50, 50, 50, 50, 50, 50, 50, 50, 50, 50, 50, 50, 50, 50, 50, 50, 50, 50, 50, 50, 50, 50]

Generation 7
Average: 0.8818 Best: 0.9117
Best Individual: 
C0 11|18|28|23|3|27|31|24|1|30|10|2|29|33|19|20|26|12|13|4|5|32|14|22|9|15|7|0|16|6|21|25|17|8|
Overall Best: 0.9145 Generation: 3
length: 34.0
feature_occurency: [50, 50, 50, 50, 50, 50, 50, 50, 50, 50, 50, 50, 50, 50, 50, 50, 50, 50, 50, 50, 50, 50, 50, 50, 50, 50, 50, 50, 50, 50, 50, 50, 50, 50]

Generation 8
Average: 0.8823 Best: 0.9060
Best Individual: 
C0 11|33|0|21|5|14|17|12|16|4|26|19|30|6|2|20|28|31|22|1|23|15|18|24|32|29|3|27|10|9|7|13|8|25|
Overall Best: 0.9145 Generation: 3
length: 34.0
feature_occurency: [50, 50, 50, 50, 50, 50, 50, 50, 50, 50, 50, 50, 50, 50, 50, 50, 50, 50, 50, 50, 50, 50, 50, 50, 50, 50, 50, 50, 50, 50, 50, 50, 50, 50]

Generation 9
Average: 0.8843 Best: 0.9060
Best Individual: 
C0 22|0|23|19|26|17|1|15|14|8|16|33|5|13|12|28|10|6|24|4|20|21|11|9|3|27|18|2|31|29|25|32|7|30|
Overall Best: 0.9145 Generation: 3
length: 34.0
feature_occurency: [50, 50, 50, 50, 50, 50, 50, 50, 50, 50, 50, 50, 50, 50, 50, 50, 50, 50, 50, 50, 50, 50, 50, 50, 50, 50, 50, 50, 50, 50, 50, 50, 50, 50]

Generation 10
Average: 0.8877 Best: 0.9060
Best Individual: 
C0 29|31|12|1|9|8|16|0|11|26|14|25|5|13|30|33|2|6|23|4|20|21|19|28|32|15|7|3|17|10|22|18|24|27|
Overall Best: 0.9145 Generation: 3
length: 34.0
feature_occurency: [50, 50, 50, 50, 50, 50, 50, 50, 50, 50, 50, 50, 50, 50, 50, 50, 50, 50, 50, 50, 50, 50, 50, 50, 50, 50, 50, 50, 50, 50, 50, 50, 50, 50]

Generation 11
Average: 0.8840 Best: 0.9088
Best Individual: 
C0 3|2|30|26|1|31|29|6|10|33|11|23|22|19|24|14|8|12|5|4|20|21|0|25|32|15|16|18|28|9|27|17|7|13|
Overall Best: 0.9145 Generation: 3
length: 34.0
feature_occurency: [50, 50, 50, 50, 50, 50, 50, 50, 50, 50, 50, 50, 50, 50, 50, 50, 50, 50, 50, 50, 50, 50, 50, 50, 50, 50, 50, 50, 50, 50, 50, 50, 50, 50]

Generation 12
Average: 0.8811 Best: 0.9031
Best Individual: 
C0 23|7|14|11|17|25|12|0|3|24|22|19|10|6|33|30|4|26|27|1|15|18|13|9|21|32|16|29|31|8|5|28|2|20|
Overall Best: 0.9145 Generation: 3
length: 34.0
feature_occurency: [50, 50, 50, 50, 50, 50, 50, 50, 50, 50, 50, 50, 50, 50, 50, 50, 50, 50, 50, 50, 50, 50, 50, 50, 50, 50, 50, 50, 50, 50, 50, 50, 50, 50]

Generation 13
Average: 0.8817 Best: 0.9060
Best Individual: 
C0 20|31|23|30|14|4|9|0|15|13|1|5|33|24|16|12|10|8|27|18|17|25|26|19|7|22|11|2|29|3|21|28|32|6|
Overall Best: 0.9145 Generation: 3
length: 34.0
feature_occurency: [50, 50, 50, 50, 50, 50, 50, 50, 50, 50, 50, 50, 50, 50, 50, 50, 50, 50, 50, 50, 50, 50, 50, 50, 50, 50, 50, 50, 50, 50, 50, 50, 50, 50]

Generation 14
Average: 0.8808 Best: 0.9060
Best Individual: 
C0 5|27|19|32|31|14|33|1|12|4|26|15|10|9|30|23|29|20|17|3|28|24|22|2|7|6|8|11|18|0|21|25|13|16|
Overall Best: 0.9145 Generation: 3
length: 34.0
feature_occurency: [50, 50, 50, 50, 50, 50, 50, 50, 50, 50, 50, 50, 50, 50, 50, 50, 50, 50, 50, 50, 50, 50, 50, 50, 50, 50, 50, 50, 50, 50, 50, 50, 50, 50]

Generation 15
Average: 0.8838 Best: 0.9174
Best Individual: 
C0 1|31|19|12|4|14|30|13|17|26|28|20|7|0|23|11|3|33|6|32|18|9|22|29|5|21|24|8|15|25|2|10|27|16|
Overall Best: 0.9174 Generation: 15
length: 34.0
feature_occurency: [50, 50, 50, 50, 50, 50, 50, 50, 50, 50, 50, 50, 50, 50, 50, 50, 50, 50, 50, 50, 50, 50, 50, 50, 50, 50, 50, 50, 50, 50, 50, 50, 50, 50]

Generation 16
Average: 0.8844 Best: 0.9117
Best Individual: 
C0 26|2|17|8|30|0|29|6|19|3|11|23|31|16|12|14|20|24|33|4|5|9|22|25|32|15|10|7|1|18|28|21|13|27|
Overall Best: 0.9174 Generation: 15
length: 34.0
feature_occurency: [50, 50, 50, 50, 50, 50, 50, 50, 50, 50, 50, 50, 50, 50, 50, 50, 50, 50, 50, 50, 50, 50, 50, 50, 50, 50, 50, 50, 50, 50, 50, 50, 50, 50]

Generation 17
Average: 0.8852 Best: 0.9117
Best Individual: 
C0 23|7|14|30|0|28|27|33|31|18|15|4|21|25|26|1|29|9|6|12|32|20|17|24|22|13|16|19|3|8|5|11|10|2|
Overall Best: 0.9174 Generation: 15
length: 34.0
feature_occurency: [50, 50, 50, 50, 50, 50, 50, 50, 50, 50, 50, 50, 50, 50, 50, 50, 50, 50, 50, 50, 50, 50, 50, 50, 50, 50, 50, 50, 50, 50, 50, 50, 50, 50]

Generation 18
Average: 0.8879 Best: 0.9117
Best Individual: 
C0 23|10|14|30|25|28|26|33|31|18|1|0|9|4|27|15|19|21|6|12|32|20|17|24|22|13|16|29|3|8|5|11|7|2|
Overall Best: 0.9174 Generation: 15
length: 34.0
feature_occurency: [50, 50, 50, 50, 50, 50, 50, 50, 50, 50, 50, 50, 50, 50, 50, 50, 50, 50, 50, 50, 50, 50, 50, 50, 50, 50, 50, 50, 50, 50, 50, 50, 50, 50]

Generation 19
Average: 0.8851 Best: 0.9060
Best Individual: 
C0 29|18|1|10|5|15|20|23|13|26|22|14|9|2|27|4|19|33|25|3|6|11|32|30|12|7|8|28|21|16|31|0|17|24|
Overall Best: 0.9174 Generation: 15
length: 34.0
feature_occurency: [50, 50, 50, 50, 50, 50, 50, 50, 50, 50, 50, 50, 50, 50, 50, 50, 50, 50, 50, 50, 50, 50, 50, 50, 50, 50, 50, 50, 50, 50, 50, 50, 50, 50]

Generation 20
Average: 0.8870 Best: 0.9088
Best Individual: 
C0 23|27|0|16|20|8|32|11|29|26|25|4|7|12|13|24|19|28|6|18|30|2|1|31|21|9|15|3|10|33|17|14|22|5|
Overall Best: 0.9174 Generation: 15
length: 34.0
feature_occurency: [50, 50, 50, 50, 50, 50, 50, 50, 50, 50, 50, 50, 50, 50, 50, 50, 50, 50, 50, 50, 50, 50, 50, 50, 50, 50, 50, 50, 50, 50, 50, 50, 50, 50]

Generation 21
Average: 0.8875 Best: 0.9088
Best Individual: 
C0 3|22|12|20|2|21|7|23|1|6|33|25|26|4|15|19|13|0|5|24|27|14|18|11|28|10|30|32|9|17|29|31|16|8|
Overall Best: 0.9174 Generation: 15
length: 34.0
feature_occurency: [50, 50, 50, 50, 50, 50, 50, 50, 50, 50, 50, 50, 50, 50, 50, 50, 50, 50, 50, 50, 50, 50, 50, 50, 50, 50, 50, 50, 50, 50, 50, 50, 50, 50]

Generation 22
Average: 0.8860 Best: 0.9060
Best Individual: 
C0 12|11|10|20|13|30|19|23|9|32|33|5|1|4|14|17|6|24|0|7|15|18|2|27|21|16|31|22|26|28|25|3|8|29|
Overall Best: 0.9174 Generation: 15
length: 34.0
feature_occurency: [50, 50, 50, 50, 50, 50, 50, 50, 50, 50, 50, 50, 50, 50, 50, 50, 50, 50, 50, 50, 50, 50, 50, 50, 50, 50, 50, 50, 50, 50, 50, 50, 50, 50]

Generation 23
Average: 0.8860 Best: 0.9088
Best Individual: 
C0 22|14|33|7|30|26|0|6|13|9|11|24|20|2|19|17|4|12|10|25|29|21|18|15|31|28|8|3|1|16|23|27|32|5|
Overall Best: 0.9174 Generation: 15
length: 34.0
feature_occurency: [50, 50, 50, 50, 50, 50, 50, 50, 50, 50, 50, 50, 50, 50, 50, 50, 50, 50, 50, 50, 50, 50, 50, 50, 50, 50, 50, 50, 50, 50, 50, 50, 50, 50]

Generation 24
Average: 0.8855 Best: 0.9088
Best Individual: 
C0 22|14|9|7|30|26|0|6|13|33|11|24|20|2|19|17|4|12|10|25|29|21|18|15|31|28|8|3|1|16|23|27|32|5|
Overall Best: 0.9174 Generation: 15
length: 34.0
feature_occurency: [50, 50, 50, 50, 50, 50, 50, 50, 50, 50, 50, 50, 50, 50, 50, 50, 50, 50, 50, 50, 50, 50, 50, 50, 50, 50, 50, 50, 50, 50, 50, 50, 50, 50]

Generation 25
Average: 0.8887 Best: 0.9117
Best Individual: 
C0 12|23|24|20|13|7|14|25|30|26|1|22|4|6|32|28|33|10|0|19|15|9|2|17|21|16|31|5|11|29|18|3|8|27|
Overall Best: 0.9174 Generation: 15
length: 34.0
feature_occurency: [50, 50, 50, 50, 50, 50, 50, 50, 50, 50, 50, 50, 50, 50, 50, 50, 50, 50, 50, 50, 50, 50, 50, 50, 50, 50, 50, 50, 50, 50, 50, 50, 50, 50]

Generation 26
Average: 0.8860 Best: 0.9060
Best Individual: 
C0 0|16|7|18|26|31|14|23|20|8|19|3|1|4|21|12|27|13|2|25|28|33|10|32|6|15|11|30|22|9|24|5|29|17|
Overall Best: 0.9174 Generation: 15
length: 34.0
feature_occurency: [50, 50, 50, 50, 50, 50, 50, 50, 50, 50, 50, 50, 50, 50, 50, 50, 50, 50, 50, 50, 50, 50, 50, 50, 50, 50, 50, 50, 50, 50, 50, 50, 50, 50]

Generation 27
Average: 0.8859 Best: 0.9060
Best Individual: 
C0 24|29|5|18|19|9|3|25|16|26|1|28|4|6|23|13|33|10|0|22|15|7|2|31|21|20|11|8|32|14|12|27|17|30|
Overall Best: 0.9174 Generation: 15
length: 34.0
feature_occurency: [50, 50, 50, 50, 50, 50, 50, 50, 50, 50, 50, 50, 50, 50, 50, 50, 50, 50, 50, 50, 50, 50, 50, 50, 50, 50, 50, 50, 50, 50, 50, 50, 50, 50]

Generation 28
Average: 0.8874 Best: 0.9117
Best Individual: 
C0 10|6|30|7|24|5|19|3|13|33|11|22|0|17|32|20|2|14|4|26|29|21|27|15|1|28|8|9|25|16|23|18|12|31|
Overall Best: 0.9174 Generation: 15
length: 34.0
feature_occurency: [50, 50, 50, 50, 50, 50, 50, 50, 50, 50, 50, 50, 50, 50, 50, 50, 50, 50, 50, 50, 50, 50, 50, 50, 50, 50, 50, 50, 50, 50, 50, 50, 50, 50]

Generation 29
Average: 0.8878 Best: 0.9088
Best Individual: 
C0 20|28|23|8|19|12|3|2|29|0|17|6|15|5|25|22|26|33|27|21|10|16|7|32|30|4|24|18|31|14|13|11|9|1|
Overall Best: 0.9174 Generation: 15
length: 34.0
feature_occurency: [50, 50, 50, 50, 50, 50, 50, 50, 50, 50, 50, 50, 50, 50, 50, 50, 50, 50, 50, 50, 50, 50, 50, 50, 50, 50, 50, 50, 50, 50, 50, 50, 50, 50]

Generation 30
Average: 0.8866 Best: 0.9088
Best Individual: 
C0 0|30|3|7|20|26|31|24|12|13|19|11|1|27|5|25|23|33|6|2|29|21|17|4|8|15|32|10|18|14|16|9|28|22|
Overall Best: 0.9174 Generation: 15
length: 34.0
feature_occurency: [50, 50, 50, 50, 50, 50, 50, 50, 50, 50, 50, 50, 50, 50, 50, 50, 50, 50, 50, 50, 50, 50, 50, 50, 50, 50, 50, 50, 50, 50, 50, 50, 50, 50]

Generation 31
Average: 0.8860 Best: 0.9117
Best Individual: 
C0 19|10|32|20|14|31|28|23|15|11|2|26|6|4|21|12|27|13|3|25|8|1|16|24|5|29|0|30|22|9|7|33|18|17|
Overall Best: 0.9174 Generation: 15
length: 34.0
feature_occurency: [50, 50, 50, 50, 50, 50, 50, 50, 50, 50, 50, 50, 50, 50, 50, 50, 50, 50, 50, 50, 50, 50, 50, 50, 50, 50, 50, 50, 50, 50, 50, 50, 50, 50]

Generation 32
Average: 0.8880 Best: 0.9117
Best Individual: 
C0 19|4|32|20|14|31|28|23|15|11|10|26|6|2|21|12|27|13|3|25|8|1|16|24|5|29|0|30|22|9|7|33|18|17|
Overall Best: 0.9174 Generation: 15
length: 34.0
feature_occurency: [50, 50, 50, 50, 50, 50, 50, 50, 50, 50, 50, 50, 50, 50, 50, 50, 50, 50, 50, 50, 50, 50, 50, 50, 50, 50, 50, 50, 50, 50, 50, 50, 50, 50]

Generation 33
Average: 0.8875 Best: 0.9117
Best Individual: 
C0 22|20|30|9|26|33|23|11|15|4|1|27|10|2|14|5|28|12|6|31|32|7|19|8|25|13|18|0|21|16|24|3|29|17|
Overall Best: 0.9174 Generation: 15
length: 34.0
feature_occurency: [50, 50, 50, 50, 50, 50, 50, 50, 50, 50, 50, 50, 50, 50, 50, 50, 50, 50, 50, 50, 50, 50, 50, 50, 50, 50, 50, 50, 50, 50, 50, 50, 50, 50]

Generation 34
Average: 0.8859 Best: 0.9060
Best Individual: 
C0 22|20|30|7|26|33|23|11|15|4|1|27|10|2|14|5|28|12|6|31|32|9|19|8|25|13|18|0|21|16|24|3|29|17|
Overall Best: 0.9174 Generation: 15
length: 34.0
feature_occurency: [50, 50, 50, 50, 50, 50, 50, 50, 50, 50, 50, 50, 50, 50, 50, 50, 50, 50, 50, 50, 50, 50, 50, 50, 50, 50, 50, 50, 50, 50, 50, 50, 50, 50]

Generation 35
Average: 0.8854 Best: 0.9060
Best Individual: 
C0 22|20|30|7|26|33|23|11|15|4|1|27|10|2|14|5|28|12|6|31|32|9|19|8|17|13|18|3|21|16|24|0|29|25|
Overall Best: 0.9174 Generation: 15
length: 34.0
feature_occurency: [50, 50, 50, 50, 50, 50, 50, 50, 50, 50, 50, 50, 50, 50, 50, 50, 50, 50, 50, 50, 50, 50, 50, 50, 50, 50, 50, 50, 50, 50, 50, 50, 50, 50]

Generation 36
Average: 0.8871 Best: 0.9117
Best Individual: 
C0 12|14|23|6|29|28|7|17|26|8|20|18|25|11|10|15|1|33|27|0|31|16|30|3|2|4|9|5|24|13|19|32|22|21|
Overall Best: 0.9174 Generation: 15
length: 34.0
feature_occurency: [50, 50, 50, 50, 50, 50, 50, 50, 50, 50, 50, 50, 50, 50, 50, 50, 50, 50, 50, 50, 50, 50, 50, 50, 50, 50, 50, 50, 50, 50, 50, 50, 50, 50]

Generation 37
Average: 0.8854 Best: 0.9117
Best Individual: 
C0 0|3|11|20|2|7|19|5|28|17|10|33|30|1|12|23|4|16|6|31|25|24|13|29|18|26|22|9|21|27|14|8|15|32|
Overall Best: 0.9174 Generation: 15
length: 34.0
feature_occurency: [50, 50, 50, 50, 50, 50, 50, 50, 50, 50, 50, 50, 50, 50, 50, 50, 50, 50, 50, 50, 50, 50, 50, 50, 50, 50, 50, 50, 50, 50, 50, 50, 50, 50]

Generation 38
Average: 0.8847 Best: 0.9060
Best Individual: 
C0 2|19|20|0|32|14|7|3|11|5|27|33|30|1|12|23|4|16|6|31|25|24|13|29|18|26|22|9|21|10|8|28|15|17|
Overall Best: 0.9174 Generation: 15
length: 34.0
feature_occurency: [50, 50, 50, 50, 50, 50, 50, 50, 50, 50, 50, 50, 50, 50, 50, 50, 50, 50, 50, 50, 50, 50, 50, 50, 50, 50, 50, 50, 50, 50, 50, 50, 50, 50]

Generation 39
Average: 0.8855 Best: 0.9088
Best Individual: 
C0 1|2|32|8|16|28|19|15|26|4|11|9|23|33|20|6|14|13|10|27|30|21|25|31|7|12|18|3|17|5|24|0|29|22|
Overall Best: 0.9174 Generation: 15
length: 34.0
feature_occurency: [50, 50, 50, 50, 50, 50, 50, 50, 50, 50, 50, 50, 50, 50, 50, 50, 50, 50, 50, 50, 50, 50, 50, 50, 50, 50, 50, 50, 50, 50, 50, 50, 50, 50]

Generation 40
Average: 0.8823 Best: 0.9088
Best Individual: 
C0 1|2|32|8|16|28|23|15|26|11|4|13|19|33|20|6|24|9|10|27|30|21|25|12|7|29|18|3|17|5|14|0|31|22|
Overall Best: 0.9174 Generation: 15
length: 34.0
feature_occurency: [50, 50, 50, 50, 50, 50, 50, 50, 50, 50, 50, 50, 50, 50, 50, 50, 50, 50, 50, 50, 50, 50, 50, 50, 50, 50, 50, 50, 50, 50, 50, 50, 50, 50]

Generation 41
Average: 0.8834 Best: 0.9145
Best Individual: 
C0 21|2|23|6|24|12|22|3|33|17|20|10|29|32|5|16|19|0|4|14|7|27|8|9|25|26|15|11|30|18|31|1|13|28|
Overall Best: 0.9174 Generation: 15
length: 34.0
feature_occurency: [50, 50, 50, 50, 50, 50, 50, 50, 50, 50, 50, 50, 50, 50, 50, 50, 50, 50, 50, 50, 50, 50, 50, 50, 50, 50, 50, 50, 50, 50, 50, 50, 50, 50]

Generation 42
Average: 0.8834 Best: 0.9088
Best Individual: 
C0 0|29|8|28|9|17|12|2|14|31|32|27|33|4|3|20|23|10|15|26|5|1|16|6|21|13|25|11|30|24|7|19|22|18|
Overall Best: 0.9174 Generation: 15
length: 34.0
feature_occurency: [50, 50, 50, 50, 50, 50, 50, 50, 50, 50, 50, 50, 50, 50, 50, 50, 50, 50, 50, 50, 50, 50, 50, 50, 50, 50, 50, 50, 50, 50, 50, 50, 50, 50]

Generation 43
Average: 0.8844 Best: 0.9145
Best Individual: 
C0 23|13|8|28|9|1|6|19|24|4|5|26|12|14|11|33|0|22|17|31|30|27|10|29|2|25|20|3|7|15|18|32|16|21|
Overall Best: 0.9174 Generation: 15
length: 34.0
feature_occurency: [50, 50, 50, 50, 50, 50, 50, 50, 50, 50, 50, 50, 50, 50, 50, 50, 50, 50, 50, 50, 50, 50, 50, 50, 50, 50, 50, 50, 50, 50, 50, 50, 50, 50]

Generation 44
Average: 0.8831 Best: 0.9031
Best Individual: 
C0 26|20|19|29|24|28|13|5|15|4|1|27|33|21|14|11|9|7|25|18|3|31|16|10|0|8|12|30|6|2|17|23|22|32|
Overall Best: 0.9174 Generation: 15
length: 34.0
feature_occurency: [50, 50, 50, 50, 50, 50, 50, 50, 50, 50, 50, 50, 50, 50, 50, 50, 50, 50, 50, 50, 50, 50, 50, 50, 50, 50, 50, 50, 50, 50, 50, 50, 50, 50]

Generation 45
Average: 0.8830 Best: 0.9060
Best Individual: 
C0 29|23|20|11|22|1|6|12|14|4|8|7|19|28|30|33|25|2|5|31|24|16|0|27|21|9|32|26|13|17|3|15|10|18|
Overall Best: 0.9174 Generation: 15
length: 34.0
feature_occurency: [50, 50, 50, 50, 50, 50, 50, 50, 50, 50, 50, 50, 50, 50, 50, 50, 50, 50, 50, 50, 50, 50, 50, 50, 50, 50, 50, 50, 50, 50, 50, 50, 50, 50]

Generation 46
Average: 0.8862 Best: 0.9060
Best Individual: 
C0 29|5|15|22|2|17|20|19|32|4|16|26|12|14|27|1|11|7|6|0|13|33|9|28|30|8|31|25|21|18|3|23|10|24|
Overall Best: 0.9174 Generation: 15
length: 34.0
feature_occurency: [50, 50, 50, 50, 50, 50, 50, 50, 50, 50, 50, 50, 50, 50, 50, 50, 50, 50, 50, 50, 50, 50, 50, 50, 50, 50, 50, 50, 50, 50, 50, 50, 50, 50]

Generation 47
Average: 0.8833 Best: 0.9145
Best Individual: 
C0 28|24|16|33|14|4|5|29|10|1|32|19|20|26|8|27|23|6|3|2|11|18|0|30|17|9|31|25|21|15|13|12|22|7|
Overall Best: 0.9174 Generation: 15
length: 34.0
feature_occurency: [50, 50, 50, 50, 50, 50, 50, 50, 50, 50, 50, 50, 50, 50, 50, 50, 50, 50, 50, 50, 50, 50, 50, 50, 50, 50, 50, 50, 50, 50, 50, 50, 50, 50]

Generation 48
Average: 0.8857 Best: 0.9117
Best Individual: 
C0 28|10|16|33|8|4|5|29|14|31|32|19|20|26|24|27|23|6|3|2|11|18|0|30|17|9|1|25|21|15|13|12|22|7|
Overall Best: 0.9174 Generation: 15
length: 34.0
feature_occurency: [50, 50, 50, 50, 50, 50, 50, 50, 50, 50, 50, 50, 50, 50, 50, 50, 50, 50, 50, 50, 50, 50, 50, 50, 50, 50, 50, 50, 50, 50, 50, 50, 50, 50]

Generation 49
Average: 0.8849 Best: 0.9060
Best Individual: 
C0 14|24|28|25|10|4|5|29|15|1|32|23|22|26|8|27|18|6|3|2|11|19|0|30|17|9|31|33|16|13|7|21|20|12|
Overall Best: 0.9174 Generation: 15
length: 34.0
feature_occurency: [50, 50, 50, 50, 50, 50, 50, 50, 50, 50, 50, 50, 50, 50, 50, 50, 50, 50, 50, 50, 50, 50, 50, 50, 50, 50, 50, 50, 50, 50, 50, 50, 50, 50]

Generation 50
Average: 0.8866 Best: 0.9145
Best Individual: 
C0 23|13|32|8|5|17|29|1|10|6|30|31|4|33|24|14|27|12|0|9|11|7|28|19|26|15|3|2|18|22|25|16|20|21|
Overall Best: 0.9174 Generation: 15
length: 34.0
feature_occurency: [50, 50, 50, 50, 50, 50, 50, 50, 50, 50, 50, 50, 50, 50, 50, 50, 50, 50, 50, 50, 50, 50, 50, 50, 50, 50, 50, 50, 50, 50, 50, 50, 50, 50]

Generation 51
Average: 0.8831 Best: 0.9060
Best Individual: 
C0 32|6|17|19|20|0|33|2|14|30|4|11|23|27|10|12|9|8|28|26|15|24|16|29|31|5|25|21|18|3|1|13|22|7|
Overall Best: 0.9174 Generation: 15
length: 34.0
feature_occurency: [50, 50, 50, 50, 50, 50, 50, 50, 50, 50, 50, 50, 50, 50, 50, 50, 50, 50, 50, 50, 50, 50, 50, 50, 50, 50, 50, 50, 50, 50, 50, 50, 50, 50]

Generation 52
Average: 0.8816 Best: 0.9031
Best Individual: 
C0 27|32|23|10|6|28|5|20|14|19|0|11|24|2|18|15|12|30|26|3|1|21|4|9|13|25|7|8|16|31|22|17|29|33|
Overall Best: 0.9174 Generation: 15
length: 34.0
feature_occurency: [50, 50, 50, 50, 50, 50, 50, 50, 50, 50, 50, 50, 50, 50, 50, 50, 50, 50, 50, 50, 50, 50, 50, 50, 50, 50, 50, 50, 50, 50, 50, 50, 50, 50]

Generation 53
Average: 0.8856 Best: 0.9031
Best Individual: 
C0 27|32|23|25|6|28|5|20|14|19|0|11|24|2|18|15|12|30|26|3|1|21|4|9|13|10|7|8|16|31|22|17|29|33|
Overall Best: 0.9174 Generation: 15
length: 34.0
feature_occurency: [50, 50, 50, 50, 50, 50, 50, 50, 50, 50, 50, 50, 50, 50, 50, 50, 50, 50, 50, 50, 50, 50, 50, 50, 50, 50, 50, 50, 50, 50, 50, 50, 50, 50]

Generation 54
Average: 0.8817 Best: 0.9060
Best Individual: 
C0 5|16|12|28|0|19|33|13|14|30|4|32|29|31|17|3|23|21|26|11|6|24|7|10|22|8|1|15|27|20|9|25|18|2|
Overall Best: 0.9174 Generation: 15
length: 34.0
feature_occurency: [50, 50, 50, 50, 50, 50, 50, 50, 50, 50, 50, 50, 50, 50, 50, 50, 50, 50, 50, 50, 50, 50, 50, 50, 50, 50, 50, 50, 50, 50, 50, 50, 50, 50]

Generation 55
Average: 0.8838 Best: 0.9031
Best Individual: 
C0 14|20|19|3|23|16|18|11|32|5|22|6|4|15|0|29|2|7|17|31|1|21|10|28|30|12|33|26|8|24|13|27|25|9|
Overall Best: 0.9174 Generation: 15
length: 34.0
feature_occurency: [50, 50, 50, 50, 50, 50, 50, 50, 50, 50, 50, 50, 50, 50, 50, 50, 50, 50, 50, 50, 50, 50, 50, 50, 50, 50, 50, 50, 50, 50, 50, 50, 50, 50]

Generation 56
Average: 0.8848 Best: 0.9088
Best Individual: 
C0 5|16|12|4|0|19|33|13|11|31|29|32|28|30|17|1|8|21|26|14|6|24|7|10|3|23|22|15|27|20|25|9|18|2|
Overall Best: 0.9174 Generation: 15
length: 34.0
feature_occurency: [50, 50, 50, 50, 50, 50, 50, 50, 50, 50, 50, 50, 50, 50, 50, 50, 50, 50, 50, 50, 50, 50, 50, 50, 50, 50, 50, 50, 50, 50, 50, 50, 50, 50]

Generation 57
Average: 0.8853 Best: 0.9060
Best Individual: 
C0 26|23|10|15|20|1|9|6|14|31|0|11|4|28|18|19|12|30|29|7|27|21|24|33|13|25|16|8|22|17|3|32|5|2|
Overall Best: 0.9174 Generation: 15
length: 34.0
feature_occurency: [50, 50, 50, 50, 50, 50, 50, 50, 50, 50, 50, 50, 50, 50, 50, 50, 50, 50, 50, 50, 50, 50, 50, 50, 50, 50, 50, 50, 50, 50, 50, 50, 50, 50]

Generation 58
Average: 0.8812 Best: 0.9060
Best Individual: 
C0 26|23|10|15|18|11|9|6|14|31|0|1|4|28|16|19|12|30|29|7|27|21|24|33|13|25|20|8|22|17|3|32|5|2|
Overall Best: 0.9174 Generation: 15
length: 34.0
feature_occurency: [50, 50, 50, 50, 50, 50, 50, 50, 50, 50, 50, 50, 50, 50, 50, 50, 50, 50, 50, 50, 50, 50, 50, 50, 50, 50, 50, 50, 50, 50, 50, 50, 50, 50]

Generation 59
Average: 0.8804 Best: 0.9003
Best Individual: 
C0 25|3|21|9|23|10|26|6|20|32|1|5|19|33|27|16|18|12|13|4|7|31|24|29|2|14|0|15|8|22|30|28|11|17|
Overall Best: 0.9174 Generation: 15
length: 34.0
feature_occurency: [50, 50, 50, 50, 50, 50, 50, 50, 50, 50, 50, 50, 50, 50, 50, 50, 50, 50, 50, 50, 50, 50, 50, 50, 50, 50, 50, 50, 50, 50, 50, 50, 50, 50]

Generation 60
Average: 0.8808 Best: 0.9031
Best Individual: 
C0 8|11|17|9|23|13|26|24|28|32|1|5|19|33|3|0|18|12|10|4|7|31|6|29|2|25|16|14|20|21|22|15|30|27|
Overall Best: 0.9174 Generation: 15
length: 34.0
feature_occurency: [50, 50, 50, 50, 50, 50, 50, 50, 50, 50, 50, 50, 50, 50, 50, 50, 50, 50, 50, 50, 50, 50, 50, 50, 50, 50, 50, 50, 50, 50, 50, 50, 50, 50]

Generation 61
Average: 0.8775 Best: 0.9031
Best Individual: 
C0 13|3|28|15|23|25|11|4|19|7|1|14|26|18|5|12|22|30|21|29|16|31|6|17|32|10|9|20|33|24|0|27|2|8|
Overall Best: 0.9174 Generation: 15
length: 34.0
feature_occurency: [50, 50, 50, 50, 50, 50, 50, 50, 50, 50, 50, 50, 50, 50, 50, 50, 50, 50, 50, 50, 50, 50, 50, 50, 50, 50, 50, 50, 50, 50, 50, 50, 50, 50]

Generation 62
Average: 0.8814 Best: 0.9145
Best Individual: 
C0 0|3|28|4|26|10|30|6|23|32|1|33|19|17|27|5|8|2|14|20|25|16|31|12|29|21|7|15|18|22|9|24|13|11|
Overall Best: 0.9174 Generation: 15
length: 34.0
feature_occurency: [50, 50, 50, 50, 50, 50, 50, 50, 50, 50, 50, 50, 50, 50, 50, 50, 50, 50, 50, 50, 50, 50, 50, 50, 50, 50, 50, 50, 50, 50, 50, 50, 50, 50]

Generation 63
Average: 0.8817 Best: 0.9088
Best Individual: 
C0 4|23|19|9|3|25|17|32|14|20|5|27|26|33|16|6|18|12|13|22|7|31|24|29|2|11|0|15|10|28|8|30|21|1|
Overall Best: 0.9174 Generation: 15
length: 34.0
feature_occurency: [50, 50, 50, 50, 50, 50, 50, 50, 50, 50, 50, 50, 50, 50, 50, 50, 50, 50, 50, 50, 50, 50, 50, 50, 50, 50, 50, 50, 50, 50, 50, 50, 50, 50]

Generation 64
Average: 0.8844 Best: 0.9174
Best Individual: 
C0 27|23|5|24|4|19|0|21|11|15|1|12|26|18|20|14|7|25|29|30|17|3|31|33|10|32|28|2|22|9|8|13|6|16|
Overall Best: 0.9174 Generation: 15
length: 34.0
feature_occurency: [50, 50, 50, 50, 50, 50, 50, 50, 50, 50, 50, 50, 50, 50, 50, 50, 50, 50, 50, 50, 50, 50, 50, 50, 50, 50, 50, 50, 50, 50, 50, 50, 50, 50]

Generation 65
Average: 0.8822 Best: 0.9145
Best Individual: 
C0 13|19|5|24|4|23|30|21|11|15|1|12|26|18|20|14|7|25|29|0|17|16|3|28|6|10|33|8|2|22|27|32|31|9|
Overall Best: 0.9174 Generation: 15
length: 34.0
feature_occurency: [50, 50, 50, 50, 50, 50, 50, 50, 50, 50, 50, 50, 50, 50, 50, 50, 50, 50, 50, 50, 50, 50, 50, 50, 50, 50, 50, 50, 50, 50, 50, 50, 50, 50]

Generation 66
Average: 0.8844 Best: 0.9117
Best Individual: 
C0 15|29|7|11|4|19|0|32|2|27|1|18|26|12|20|8|5|25|23|30|24|3|21|33|17|31|28|10|22|9|14|13|6|16|
Overall Best: 0.9174 Generation: 15
length: 34.0
feature_occurency: [50, 50, 50, 50, 50, 50, 50, 50, 50, 50, 50, 50, 50, 50, 50, 50, 50, 50, 50, 50, 50, 50, 50, 50, 50, 50, 50, 50, 50, 50, 50, 50, 50, 50]

Generation 67
Average: 0.8846 Best: 0.9117
Best Individual: 
C0 5|29|7|11|4|19|0|20|2|27|1|18|26|12|32|8|15|25|23|30|24|3|33|21|17|31|28|10|22|9|14|13|6|16|
Overall Best: 0.9174 Generation: 15
length: 34.0
feature_occurency: [50, 50, 50, 50, 50, 50, 50, 50, 50, 50, 50, 50, 50, 50, 50, 50, 50, 50, 50, 50, 50, 50, 50, 50, 50, 50, 50, 50, 50, 50, 50, 50, 50, 50]

Generation 68
Average: 0.8807 Best: 0.9088
Best Individual: 
C0 8|32|19|13|9|0|12|15|24|17|33|11|26|5|27|23|30|29|14|4|7|20|10|3|6|25|28|22|31|21|1|16|18|2|
Overall Best: 0.9174 Generation: 15
length: 34.0
feature_occurency: [50, 50, 50, 50, 50, 50, 50, 50, 50, 50, 50, 50, 50, 50, 50, 50, 50, 50, 50, 50, 50, 50, 50, 50, 50, 50, 50, 50, 50, 50, 50, 50, 50, 50]

Generation 69
Average: 0.8850 Best: 0.9202
Best Individual: 
C0 1|20|13|26|15|23|10|29|17|33|2|32|18|19|27|14|12|0|4|6|7|8|31|24|28|5|30|3|25|22|16|11|9|21|
Overall Best: 0.9202 Generation: 69
length: 34.0
feature_occurency: [50, 50, 50, 50, 50, 50, 50, 50, 50, 50, 50, 50, 50, 50, 50, 50, 50, 50, 50, 50, 50, 50, 50, 50, 50, 50, 50, 50, 50, 50, 50, 50, 50, 50]

Generation 70
Average: 0.8843 Best: 0.9145
Best Individual: 
C0 8|32|1|13|3|33|12|30|24|17|5|11|26|9|27|23|15|6|0|4|7|20|28|29|10|2|22|14|31|19|21|16|18|25|
Overall Best: 0.9202 Generation: 69
length: 34.0
feature_occurency: [50, 50, 50, 50, 50, 50, 50, 50, 50, 50, 50, 50, 50, 50, 50, 50, 50, 50, 50, 50, 50, 50, 50, 50, 50, 50, 50, 50, 50, 50, 50, 50, 50, 50]

Generation 71
Average: 0.8885 Best: 0.9060
Best Individual: 
C0 18|0|6|14|7|4|12|15|1|17|23|11|5|8|27|33|30|19|29|26|10|20|13|3|21|25|28|32|2|22|24|16|9|31|
Overall Best: 0.9202 Generation: 69
length: 34.0
feature_occurency: [50, 50, 50, 50, 50, 50, 50, 50, 50, 50, 50, 50, 50, 50, 50, 50, 50, 50, 50, 50, 50, 50, 50, 50, 50, 50, 50, 50, 50, 50, 50, 50, 50, 50]

Generation 72
Average: 0.8880 Best: 0.9117
Best Individual: 
C0 16|32|1|31|3|33|12|30|14|17|5|0|4|9|27|23|15|6|11|19|7|20|22|29|10|2|28|24|8|26|21|13|18|25|
Overall Best: 0.9202 Generation: 69
length: 34.0
feature_occurency: [50, 50, 50, 50, 50, 50, 50, 50, 50, 50, 50, 50, 50, 50, 50, 50, 50, 50, 50, 50, 50, 50, 50, 50, 50, 50, 50, 50, 50, 50, 50, 50, 50, 50]

Generation 73
Average: 0.8838 Best: 0.9060
Best Individual: 
C0 8|19|12|20|7|6|3|33|23|15|16|4|11|25|30|5|18|0|31|14|13|24|29|17|2|9|1|10|26|22|32|21|27|28|
Overall Best: 0.9202 Generation: 69
length: 34.0
feature_occurency: [50, 50, 50, 50, 50, 50, 50, 50, 50, 50, 50, 50, 50, 50, 50, 50, 50, 50, 50, 50, 50, 50, 50, 50, 50, 50, 50, 50, 50, 50, 50, 50, 50, 50]

Generation 74
Average: 0.8849 Best: 0.9117
Best Individual: 
C0 20|19|11|1|18|7|29|17|33|25|8|26|21|6|27|23|4|15|14|16|22|9|31|24|28|5|0|32|3|2|13|30|12|10|
Overall Best: 0.9202 Generation: 69
length: 34.0
feature_occurency: [50, 50, 50, 50, 50, 50, 50, 50, 50, 50, 50, 50, 50, 50, 50, 50, 50, 50, 50, 50, 50, 50, 50, 50, 50, 50, 50, 50, 50, 50, 50, 50, 50, 50]

Generation 75
Average: 0.8838 Best: 0.9088
Best Individual: 
C0 20|18|11|1|31|24|29|17|33|19|8|26|21|6|27|23|4|15|14|16|22|9|25|7|28|5|0|32|3|2|13|30|12|10|
Overall Best: 0.9202 Generation: 69
length: 34.0
feature_occurency: [50, 50, 50, 50, 50, 50, 50, 50, 50, 50, 50, 50, 50, 50, 50, 50, 50, 50, 50, 50, 50, 50, 50, 50, 50, 50, 50, 50, 50, 50, 50, 50, 50, 50]

Generation 76
Average: 0.8844 Best: 0.9088
Best Individual: 
C0 33|18|23|1|31|24|21|17|20|19|8|26|29|6|27|11|4|15|14|16|12|9|25|7|28|5|0|32|3|2|13|30|22|10|
Overall Best: 0.9202 Generation: 69
length: 34.0
feature_occurency: [50, 50, 50, 50, 50, 50, 50, 50, 50, 50, 50, 50, 50, 50, 50, 50, 50, 50, 50, 50, 50, 50, 50, 50, 50, 50, 50, 50, 50, 50, 50, 50, 50, 50]

Generation 77
Average: 0.8840 Best: 0.9060
Best Individual: 
C0 26|18|31|17|11|14|3|27|7|23|32|12|4|29|0|5|19|30|6|15|8|20|10|33|21|2|28|25|24|13|22|1|9|16|
Overall Best: 0.9202 Generation: 69
length: 34.0
feature_occurency: [50, 50, 50, 50, 50, 50, 50, 50, 50, 50, 50, 50, 50, 50, 50, 50, 50, 50, 50, 50, 50, 50, 50, 50, 50, 50, 50, 50, 50, 50, 50, 50, 50, 50]

Generation 78
Average: 0.8868 Best: 0.9174
Best Individual: 
C0 12|18|31|17|11|14|3|27|7|23|32|2|15|29|20|5|19|30|6|4|8|0|10|33|21|26|28|25|24|13|22|1|9|16|
Overall Best: 0.9202 Generation: 69
length: 34.0
feature_occurency: [50, 50, 50, 50, 50, 50, 50, 50, 50, 50, 50, 50, 50, 50, 50, 50, 50, 50, 50, 50, 50, 50, 50, 50, 50, 50, 50, 50, 50, 50, 50, 50, 50, 50]

Generation 79
Average: 0.8881 Best: 0.9088
Best Individual: 
C0 19|23|6|0|24|16|20|32|21|27|29|33|4|17|22|2|1|10|14|9|7|28|3|18|30|31|26|13|5|11|15|25|8|12|
Overall Best: 0.9202 Generation: 69
length: 34.0
feature_occurency: [50, 50, 50, 50, 50, 50, 50, 50, 50, 50, 50, 50, 50, 50, 50, 50, 50, 50, 50, 50, 50, 50, 50, 50, 50, 50, 50, 50, 50, 50, 50, 50, 50, 50]

Generation 80
Average: 0.8846 Best: 0.9031
Best Individual: 
C0 12|20|31|17|11|14|3|27|23|7|32|2|15|29|21|5|19|30|6|4|8|0|10|33|18|26|28|25|24|13|22|16|9|1|
Overall Best: 0.9202 Generation: 69
length: 34.0
feature_occurency: [50, 50, 50, 50, 50, 50, 50, 50, 50, 50, 50, 50, 50, 50, 50, 50, 50, 50, 50, 50, 50, 50, 50, 50, 50, 50, 50, 50, 50, 50, 50, 50, 50, 50]

Generation 81
Average: 0.8877 Best: 0.9117
Best Individual: 
C0 26|18|0|28|12|14|30|3|7|23|32|6|2|1|33|13|5|27|20|25|17|31|11|10|21|4|24|8|19|16|22|29|9|15|
Overall Best: 0.9202 Generation: 69
length: 34.0
feature_occurency: [50, 50, 50, 50, 50, 50, 50, 50, 50, 50, 50, 50, 50, 50, 50, 50, 50, 50, 50, 50, 50, 50, 50, 50, 50, 50, 50, 50, 50, 50, 50, 50, 50, 50]

Generation 82
Average: 0.8879 Best: 0.9060
Best Individual: 
C0 5|27|32|14|20|26|13|18|28|21|0|4|16|23|6|1|25|22|12|30|9|17|3|29|10|19|2|7|31|33|15|24|8|11|
Overall Best: 0.9202 Generation: 69
length: 34.0
feature_occurency: [50, 50, 50, 50, 50, 50, 50, 50, 50, 50, 50, 50, 50, 50, 50, 50, 50, 50, 50, 50, 50, 50, 50, 50, 50, 50, 50, 50, 50, 50, 50, 50, 50, 50]

Generation 83
Average: 0.8859 Best: 0.9145
Best Individual: 
C0 21|18|27|28|20|25|19|14|22|1|0|15|5|13|11|23|24|26|4|32|7|17|31|16|33|29|9|10|6|12|8|30|2|3|
Overall Best: 0.9202 Generation: 69
length: 34.0
feature_occurency: [50, 50, 50, 50, 50, 50, 50, 50, 50, 50, 50, 50, 50, 50, 50, 50, 50, 50, 50, 50, 50, 50, 50, 50, 50, 50, 50, 50, 50, 50, 50, 50, 50, 50]

Generation 84
Average: 0.8879 Best: 0.9174
Best Individual: 
C0 13|11|19|1|27|6|12|8|7|23|32|4|29|17|26|33|18|0|24|25|16|22|10|30|2|15|3|14|28|5|31|9|21|20|
Overall Best: 0.9202 Generation: 69
length: 34.0
feature_occurency: [50, 50, 50, 50, 50, 50, 50, 50, 50, 50, 50, 50, 50, 50, 50, 50, 50, 50, 50, 50, 50, 50, 50, 50, 50, 50, 50, 50, 50, 50, 50, 50, 50, 50]

Generation 85
Average: 0.8868 Best: 0.9060
Best Individual: 
C0 27|18|2|23|12|6|28|3|4|19|32|20|5|22|26|33|0|24|17|25|16|31|10|11|30|7|13|21|8|14|1|29|15|9|
Overall Best: 0.9202 Generation: 69
length: 34.0
feature_occurency: [50, 50, 50, 50, 50, 50, 50, 50, 50, 50, 50, 50, 50, 50, 50, 50, 50, 50, 50, 50, 50, 50, 50, 50, 50, 50, 50, 50, 50, 50, 50, 50, 50, 50]

Generation 86
Average: 0.8881 Best: 0.9060
Best Individual: 
C0 26|28|10|4|17|8|5|9|14|30|0|1|33|12|19|15|23|20|25|27|29|6|2|11|13|7|22|21|31|32|24|3|18|16|
Overall Best: 0.9202 Generation: 69
length: 34.0
feature_occurency: [50, 50, 50, 50, 50, 50, 50, 50, 50, 50, 50, 50, 50, 50, 50, 50, 50, 50, 50, 50, 50, 50, 50, 50, 50, 50, 50, 50, 50, 50, 50, 50, 50, 50]

Generation 87
Average: 0.8848 Best: 0.9060
Best Individual: 
C0 26|22|18|11|14|1|7|0|3|10|12|32|2|4|6|19|5|24|16|23|17|9|15|30|13|8|27|29|31|25|33|21|28|20|
Overall Best: 0.9202 Generation: 69
length: 34.0
feature_occurency: [50, 50, 50, 50, 50, 50, 50, 50, 50, 50, 50, 50, 50, 50, 50, 50, 50, 50, 50, 50, 50, 50, 50, 50, 50, 50, 50, 50, 50, 50, 50, 50, 50, 50]

Generation 88
Average: 0.8843 Best: 0.9060
Best Individual: 
C0 24|32|18|26|12|17|28|7|14|0|11|22|4|21|27|1|5|33|31|2|10|23|3|9|25|8|6|20|19|15|16|30|13|29|
Overall Best: 0.9202 Generation: 69
length: 34.0
feature_occurency: [50, 50, 50, 50, 50, 50, 50, 50, 50, 50, 50, 50, 50, 50, 50, 50, 50, 50, 50, 50, 50, 50, 50, 50, 50, 50, 50, 50, 50, 50, 50, 50, 50, 50]

Generation 89
Average: 0.8834 Best: 0.9117
Best Individual: 
C0 30|4|15|26|20|14|6|5|12|1|18|7|3|13|11|23|0|16|32|24|9|29|22|25|19|8|28|31|10|27|17|33|2|21|
Overall Best: 0.9202 Generation: 69
length: 34.0
feature_occurency: [50, 50, 50, 50, 50, 50, 50, 50, 50, 50, 50, 50, 50, 50, 50, 50, 50, 50, 50, 50, 50, 50, 50, 50, 50, 50, 50, 50, 50, 50, 50, 50, 50, 50]

Generation 90
Average: 0.8850 Best: 0.9117
Best Individual: 
C0 22|26|4|25|1|7|28|27|15|13|11|2|31|21|19|33|24|20|18|23|17|9|32|12|30|0|14|16|3|6|8|10|29|5|
Overall Best: 0.9202 Generation: 69
length: 34.0
feature_occurency: [50, 50, 50, 50, 50, 50, 50, 50, 50, 50, 50, 50, 50, 50, 50, 50, 50, 50, 50, 50, 50, 50, 50, 50, 50, 50, 50, 50, 50, 50, 50, 50, 50, 50]

Generation 91
Average: 0.8803 Best: 0.9060
Best Individual: 
C0 7|10|27|25|14|9|6|5|20|4|0|31|33|12|26|8|23|1|16|15|3|13|17|11|28|30|22|21|18|32|24|29|2|19|
Overall Best: 0.9202 Generation: 69
length: 34.0
feature_occurency: [50, 50, 50, 50, 50, 50, 50, 50, 50, 50, 50, 50, 50, 50, 50, 50, 50, 50, 50, 50, 50, 50, 50, 50, 50, 50, 50, 50, 50, 50, 50, 50, 50, 50]

Generation 92
Average: 0.8823 Best: 0.9031
Best Individual: 
C0 19|16|3|28|0|17|12|27|14|22|11|29|4|24|20|5|31|33|6|23|15|25|7|2|30|32|26|21|1|10|9|13|18|8|
Overall Best: 0.9202 Generation: 69
length: 34.0
feature_occurency: [50, 50, 50, 50, 50, 50, 50, 50, 50, 50, 50, 50, 50, 50, 50, 50, 50, 50, 50, 50, 50, 50, 50, 50, 50, 50, 50, 50, 50, 50, 50, 50, 50, 50]

Generation 93
Average: 0.8827 Best: 0.9003
Best Individual: 
C0 9|5|13|26|7|6|25|12|27|4|29|15|28|21|14|23|10|24|3|19|1|2|8|17|31|33|30|20|18|32|0|16|11|22|
Overall Best: 0.9202 Generation: 69
length: 34.0
feature_occurency: [50, 50, 50, 50, 50, 50, 50, 50, 50, 50, 50, 50, 50, 50, 50, 50, 50, 50, 50, 50, 50, 50, 50, 50, 50, 50, 50, 50, 50, 50, 50, 50, 50, 50]

Generation 94
Average: 0.8840 Best: 0.9060
Best Individual: 
C0 0|22|10|14|21|27|26|13|28|1|18|29|2|32|20|5|12|15|7|4|19|25|3|9|6|8|33|17|11|23|24|16|30|31|
Overall Best: 0.9202 Generation: 69
length: 34.0
feature_occurency: [50, 50, 50, 50, 50, 50, 50, 50, 50, 50, 50, 50, 50, 50, 50, 50, 50, 50, 50, 50, 50, 50, 50, 50, 50, 50, 50, 50, 50, 50, 50, 50, 50, 50]

Generation 95
Average: 0.8825 Best: 0.9031
Best Individual: 
C0 2|27|28|3|17|26|1|12|6|29|11|9|15|20|14|0|32|5|24|33|13|4|23|19|21|18|30|16|31|7|10|22|25|8|
Overall Best: 0.9202 Generation: 69
length: 34.0
feature_occurency: [50, 50, 50, 50, 50, 50, 50, 50, 50, 50, 50, 50, 50, 50, 50, 50, 50, 50, 50, 50, 50, 50, 50, 50, 50, 50, 50, 50, 50, 50, 50, 50, 50, 50]

Generation 96
Average: 0.8866 Best: 0.9003
Best Individual: 
C0 5|4|7|3|25|26|8|14|16|30|11|1|12|15|19|28|23|33|6|9|22|13|0|17|27|32|2|21|10|29|18|24|20|31|
Overall Best: 0.9202 Generation: 69
length: 34.0
feature_occurency: [50, 50, 50, 50, 50, 50, 50, 50, 50, 50, 50, 50, 50, 50, 50, 50, 50, 50, 50, 50, 50, 50, 50, 50, 50, 50, 50, 50, 50, 50, 50, 50, 50, 50]

Generation 97
Average: 0.8838 Best: 0.9031
Best Individual: 
C0 0|22|7|20|32|14|18|27|21|19|11|3|4|28|15|8|5|13|26|23|1|2|25|33|16|6|12|17|29|9|24|10|30|31|
Overall Best: 0.9202 Generation: 69
length: 34.0
feature_occurency: [50, 50, 50, 50, 50, 50, 50, 50, 50, 50, 50, 50, 50, 50, 50, 50, 50, 50, 50, 50, 50, 50, 50, 50, 50, 50, 50, 50, 50, 50, 50, 50, 50, 50]

Generation 98
Average: 0.8828 Best: 0.9003
Best Individual: 
C0 29|8|30|32|12|0|14|9|17|25|1|33|22|26|7|23|4|28|15|11|13|5|18|19|27|31|10|2|16|6|3|21|24|20|
Overall Best: 0.9202 Generation: 69
length: 34.0
feature_occurency: [50, 50, 50, 50, 50, 50, 50, 50, 50, 50, 50, 50, 50, 50, 50, 50, 50, 50, 50, 50, 50, 50, 50, 50, 50, 50, 50, 50, 50, 50, 50, 50, 50, 50]

Generation 99
Average: 0.8854 Best: 0.9117
Best Individual: 
C0 28|5|26|15|32|18|20|1|10|14|23|19|6|29|4|8|3|27|30|24|25|16|31|33|0|21|11|2|7|13|17|12|22|9|
Overall Best: 0.9202 Generation: 69
==================
    Best individual after 100 generations
    computed in 226.1050 seconds
    323 elements out of 351 correct.
    emerged in generation 69
    with fitness 0.9202
==================

1|20|13|26|15|23|10|29|17|33|2|32|18|19|27|14|12|0|4|6|7|8|31|24|28|5|30|3|25|22|16|11|9|21|
