Starting evolution...
length: 34.0
feature_occurency: [50, 50, 50, 50, 50, 50, 50, 50, 50, 50, 50, 50, 50, 50, 50, 50, 50, 50, 50, 50, 50, 50, 50, 50, 50, 50, 50, 50, 50, 50, 50, 50, 50, 50]

Generation 0
Average: 0.8776 Best: 0.9003
Best Individual: 
C0 0|1|2|3|32|5|4|7|23|28|10|20|27|30|14|33|22|8|18|6|17|9|19|13|24|12|26|25|21|29|15|31|16|11|
Overall Best: 0.9003 Generation: 0
length: 34.0
feature_occurency: [50, 50, 50, 50, 50, 50, 50, 50, 50, 50, 50, 50, 50, 50, 50, 50, 50, 50, 50, 50, 50, 50, 50, 50, 50, 50, 50, 50, 50, 50, 50, 50, 50, 50]

Generation 1
Average: 0.8781 Best: 0.9088
Best Individual: 
C0 0|1|7|3|24|5|6|26|8|15|10|27|4|13|14|19|16|22|29|11|20|12|25|23|17|32|18|9|21|28|30|31|2|33|
Overall Best: 0.9088 Generation: 1
length: 34.0
feature_occurency: [50, 50, 50, 50, 50, 50, 50, 50, 50, 50, 50, 50, 50, 50, 50, 50, 50, 50, 50, 50, 50, 50, 50, 50, 50, 50, 50, 50, 50, 50, 50, 50, 50, 50]

Generation 2
Average: 0.8802 Best: 0.9060
Best Individual: 
C0 0|1|7|15|26|5|6|22|8|3|10|27|4|13|14|19|16|24|29|11|20|12|25|23|17|32|18|9|21|28|30|31|2|33|
Overall Best: 0.9088 Generation: 1
length: 34.0
feature_occurency: [50, 50, 50, 50, 50, 50, 50, 50, 50, 50, 50, 50, 50, 50, 50, 50, 50, 50, 50, 50, 50, 50, 50, 50, 50, 50, 50, 50, 50, 50, 50, 50, 50, 50]

Generation 3
Average: 0.8797 Best: 0.9145
Best Individual: 
C0 5|18|4|26|32|0|7|13|23|9|8|20|27|15|33|14|1|3|11|6|17|25|29|2|24|12|22|28|21|19|30|31|10|16|
Overall Best: 0.9145 Generation: 3
length: 34.0
feature_occurency: [50, 50, 50, 50, 50, 50, 50, 50, 50, 50, 50, 50, 50, 50, 50, 50, 50, 50, 50, 50, 50, 50, 50, 50, 50, 50, 50, 50, 50, 50, 50, 50, 50, 50]

Generation 4
Average: 0.8800 Best: 0.9088
Best Individual: 
C0 0|30|3|26|32|23|4|1|5|29|27|8|33|12|14|11|22|16|9|15|24|17|2|13|7|6|28|21|25|10|31|20|19|18|
Overall Best: 0.9145 Generation: 3
length: 34.0
feature_occurency: [50, 50, 50, 50, 50, 50, 50, 50, 50, 50, 50, 50, 50, 50, 50, 50, 50, 50, 50, 50, 50, 50, 50, 50, 50, 50, 50, 50, 50, 50, 50, 50, 50, 50]

Generation 5
Average: 0.8833 Best: 0.9174
Best Individual: 
C0 6|18|4|26|30|0|7|10|23|9|16|20|27|12|14|33|1|2|11|3|17|25|29|5|24|15|22|28|21|19|32|31|13|8|
Overall Best: 0.9174 Generation: 5
length: 34.0
feature_occurency: [50, 50, 50, 50, 50, 50, 50, 50, 50, 50, 50, 50, 50, 50, 50, 50, 50, 50, 50, 50, 50, 50, 50, 50, 50, 50, 50, 50, 50, 50, 50, 50, 50, 50]

Generation 6
Average: 0.8860 Best: 0.9145
Best Individual: 
C0 6|18|4|30|26|0|31|10|23|9|16|13|27|12|14|33|1|2|11|3|24|25|29|5|17|15|22|28|21|19|32|7|20|8|
Overall Best: 0.9174 Generation: 5
length: 34.0
feature_occurency: [50, 50, 50, 50, 50, 50, 50, 50, 50, 50, 50, 50, 50, 50, 50, 50, 50, 50, 50, 50, 50, 50, 50, 50, 50, 50, 50, 50, 50, 50, 50, 50, 50, 50]

Generation 7
Average: 0.8868 Best: 0.9031
Best Individual: 
C0 33|29|3|15|26|18|19|10|23|9|8|20|27|12|0|6|11|22|5|30|21|25|14|13|7|32|28|24|17|1|31|16|2|4|
Overall Best: 0.9174 Generation: 5
length: 34.0
feature_occurency: [50, 50, 50, 50, 50, 50, 50, 50, 50, 50, 50, 50, 50, 50, 50, 50, 50, 50, 50, 50, 50, 50, 50, 50, 50, 50, 50, 50, 50, 50, 50, 50, 50, 50]

Generation 8
Average: 0.8861 Best: 0.9117
Best Individual: 
C0 18|9|4|23|19|25|14|13|26|20|30|15|5|12|24|33|27|31|16|3|6|1|22|10|29|17|21|32|11|8|28|7|2|0|
Overall Best: 0.9174 Generation: 5
length: 34.0
feature_occurency: [50, 50, 50, 50, 50, 50, 50, 50, 50, 50, 50, 50, 50, 50, 50, 50, 50, 50, 50, 50, 50, 50, 50, 50, 50, 50, 50, 50, 50, 50, 50, 50, 50, 50]

Generation 9
Average: 0.8854 Best: 0.9088
Best Individual: 
C0 33|11|3|10|26|22|31|0|14|23|15|25|13|4|19|12|18|29|5|30|21|1|9|27|7|32|28|24|17|2|6|16|20|8|
Overall Best: 0.9174 Generation: 5
length: 34.0
feature_occurency: [50, 50, 50, 50, 50, 50, 50, 50, 50, 50, 50, 50, 50, 50, 50, 50, 50, 50, 50, 50, 50, 50, 50, 50, 50, 50, 50, 50, 50, 50, 50, 50, 50, 50]

Generation 10
Average: 0.8868 Best: 0.9145
Best Individual: 
C0 26|14|33|3|0|31|10|11|22|23|15|25|13|4|30|12|18|1|5|19|7|29|9|27|21|32|28|24|17|2|6|16|20|8|
Overall Best: 0.9174 Generation: 5
length: 34.0
feature_occurency: [50, 50, 50, 50, 50, 50, 50, 50, 50, 50, 50, 50, 50, 50, 50, 50, 50, 50, 50, 50, 50, 50, 50, 50, 50, 50, 50, 50, 50, 50, 50, 50, 50, 50]

Generation 11
Average: 0.8877 Best: 0.9202
Best Individual: 
C0 26|14|33|3|0|31|10|11|22|23|15|25|12|4|30|13|9|1|8|19|24|5|18|7|21|32|28|27|17|2|6|16|20|29|
Overall Best: 0.9202 Generation: 11
length: 34.0
feature_occurency: [50, 50, 50, 50, 50, 50, 50, 50, 50, 50, 50, 50, 50, 50, 50, 50, 50, 50, 50, 50, 50, 50, 50, 50, 50, 50, 50, 50, 50, 50, 50, 50, 50, 50]

Generation 12
Average: 0.8890 Best: 0.9145
Best Individual: 
C0 0|12|19|20|14|8|1|31|15|16|11|28|29|7|6|26|27|3|30|23|17|24|4|5|9|21|22|13|33|18|32|25|2|10|
Overall Best: 0.9202 Generation: 11
length: 34.0
feature_occurency: [50, 50, 50, 50, 50, 50, 50, 50, 50, 50, 50, 50, 50, 50, 50, 50, 50, 50, 50, 50, 50, 50, 50, 50, 50, 50, 50, 50, 50, 50, 50, 50, 50, 50]

Generation 13
Average: 0.8865 Best: 0.9088
Best Individual: 
C0 29|20|28|4|32|25|12|6|31|23|14|19|18|33|1|21|15|24|8|7|17|3|11|5|9|10|27|2|16|0|26|22|13|30|
Overall Best: 0.9202 Generation: 11
length: 34.0
feature_occurency: [50, 50, 50, 50, 50, 50, 50, 50, 50, 50, 50, 50, 50, 50, 50, 50, 50, 50, 50, 50, 50, 50, 50, 50, 50, 50, 50, 50, 50, 50, 50, 50, 50, 50]

Generation 14
Average: 0.8923 Best: 0.9174
Best Individual: 
C0 14|7|25|4|16|27|10|26|19|13|8|6|15|9|32|23|3|31|11|24|2|22|33|29|0|21|5|30|12|1|18|20|28|17|
Overall Best: 0.9202 Generation: 11
length: 34.0
feature_occurency: [50, 50, 50, 50, 50, 50, 50, 50, 50, 50, 50, 50, 50, 50, 50, 50, 50, 50, 50, 50, 50, 50, 50, 50, 50, 50, 50, 50, 50, 50, 50, 50, 50, 50]

Generation 15
Average: 0.8895 Best: 0.9145
Best Individual: 
C0 18|7|25|30|26|20|6|19|8|0|23|3|27|24|14|33|9|17|16|4|12|13|1|5|10|15|22|31|11|32|2|21|28|29|
Overall Best: 0.9202 Generation: 11
length: 34.0
feature_occurency: [50, 50, 50, 50, 50, 50, 50, 50, 50, 50, 50, 50, 50, 50, 50, 50, 50, 50, 50, 50, 50, 50, 50, 50, 50, 50, 50, 50, 50, 50, 50, 50, 50, 50]

Generation 16
Average: 0.8908 Best: 0.9202
Best Individual: 
C0 20|29|6|2|15|0|22|24|4|26|7|25|19|1|14|11|28|8|3|10|13|21|27|33|5|18|30|31|9|23|16|12|17|32|
Overall Best: 0.9202 Generation: 11
length: 34.0
feature_occurency: [50, 50, 50, 50, 50, 50, 50, 50, 50, 50, 50, 50, 50, 50, 50, 50, 50, 50, 50, 50, 50, 50, 50, 50, 50, 50, 50, 50, 50, 50, 50, 50, 50, 50]

Generation 17
Average: 0.8858 Best: 0.9145
Best Individual: 
C0 18|27|25|19|30|20|6|26|8|0|23|3|7|24|14|33|9|17|16|4|12|13|5|1|10|15|22|31|11|32|2|21|28|29|
Overall Best: 0.9202 Generation: 11
length: 34.0
feature_occurency: [50, 50, 50, 50, 50, 50, 50, 50, 50, 50, 50, 50, 50, 50, 50, 50, 50, 50, 50, 50, 50, 50, 50, 50, 50, 50, 50, 50, 50, 50, 50, 50, 50, 50]

Generation 18
Average: 0.8840 Best: 0.9145
Best Individual: 
C0 14|8|5|19|29|33|23|30|24|26|7|6|20|1|9|27|3|17|0|4|12|13|16|25|10|15|22|31|11|32|2|21|28|18|
Overall Best: 0.9202 Generation: 11
length: 34.0
feature_occurency: [50, 50, 50, 50, 50, 50, 50, 50, 50, 50, 50, 50, 50, 50, 50, 50, 50, 50, 50, 50, 50, 50, 50, 50, 50, 50, 50, 50, 50, 50, 50, 50, 50, 50]

Generation 19
Average: 0.8834 Best: 0.9088
Best Individual: 
C0 22|6|10|30|26|0|4|5|16|3|2|12|8|1|23|14|24|27|11|21|13|15|28|20|17|29|33|25|7|19|31|18|9|32|
Overall Best: 0.9202 Generation: 11
length: 34.0
feature_occurency: [50, 50, 50, 50, 50, 50, 50, 50, 50, 50, 50, 50, 50, 50, 50, 50, 50, 50, 50, 50, 50, 50, 50, 50, 50, 50, 50, 50, 50, 50, 50, 50, 50, 50]

Generation 20
Average: 0.8864 Best: 0.9145
Best Individual: 
C0 0|1|18|6|17|19|13|10|32|20|26|33|27|11|14|23|2|3|8|24|9|4|16|7|29|15|22|21|5|12|25|31|28|30|
Overall Best: 0.9202 Generation: 11
length: 34.0
feature_occurency: [50, 50, 50, 50, 50, 50, 50, 50, 50, 50, 50, 50, 50, 50, 50, 50, 50, 50, 50, 50, 50, 50, 50, 50, 50, 50, 50, 50, 50, 50, 50, 50, 50, 50]

Generation 21
Average: 0.8889 Best: 0.9288
Best Individual: 
C0 25|8|15|2|6|27|19|0|23|4|26|20|1|18|29|9|33|13|11|31|32|3|24|22|21|12|14|28|30|5|16|10|7|17|
Overall Best: 0.9288 Generation: 21
length: 34.0
feature_occurency: [50, 50, 50, 50, 50, 50, 50, 50, 50, 50, 50, 50, 50, 50, 50, 50, 50, 50, 50, 50, 50, 50, 50, 50, 50, 50, 50, 50, 50, 50, 50, 50, 50, 50]

Generation 22
Average: 0.8886 Best: 0.9145
Best Individual: 
C0 12|15|6|14|32|21|22|2|29|1|7|4|26|20|23|11|0|27|16|19|13|10|24|30|8|9|31|28|18|3|17|5|33|25|
Overall Best: 0.9288 Generation: 21
length: 34.0
feature_occurency: [50, 50, 50, 50, 50, 50, 50, 50, 50, 50, 50, 50, 50, 50, 50, 50, 50, 50, 50, 50, 50, 50, 50, 50, 50, 50, 50, 50, 50, 50, 50, 50, 50, 50]

Generation 23
Average: 0.8874 Best: 0.9174
Best Individual: 
C0 9|26|8|23|10|13|14|0|18|6|33|4|22|17|2|1|27|30|19|20|29|32|16|3|21|7|28|11|15|12|25|24|5|31|
Overall Best: 0.9288 Generation: 21
length: 34.0
feature_occurency: [50, 50, 50, 50, 50, 50, 50, 50, 50, 50, 50, 50, 50, 50, 50, 50, 50, 50, 50, 50, 50, 50, 50, 50, 50, 50, 50, 50, 50, 50, 50, 50, 50, 50]

Generation 24
Average: 0.8885 Best: 0.9174
Best Individual: 
C0 9|26|8|23|10|13|14|0|18|6|33|4|22|17|2|1|27|30|19|20|29|32|16|3|21|7|28|11|5|12|25|24|15|31|
Overall Best: 0.9288 Generation: 21
length: 34.0
feature_occurency: [50, 50, 50, 50, 50, 50, 50, 50, 50, 50, 50, 50, 50, 50, 50, 50, 50, 50, 50, 50, 50, 50, 50, 50, 50, 50, 50, 50, 50, 50, 50, 50, 50, 50]

Generation 25
Average: 0.8875 Best: 0.9174
Best Individual: 
C0 9|26|8|23|18|13|14|0|10|6|33|4|22|17|2|1|27|16|19|20|29|32|30|3|28|7|21|11|5|12|25|24|15|31|
Overall Best: 0.9288 Generation: 21
length: 34.0
feature_occurency: [50, 50, 50, 50, 50, 50, 50, 50, 50, 50, 50, 50, 50, 50, 50, 50, 50, 50, 50, 50, 50, 50, 50, 50, 50, 50, 50, 50, 50, 50, 50, 50, 50, 50]

Generation 26
Average: 0.8899 Best: 0.9174
Best Individual: 
C0 21|1|8|27|10|32|14|0|12|6|33|29|22|17|2|26|23|30|19|20|4|13|16|3|9|25|28|11|5|18|7|15|24|31|
Overall Best: 0.9288 Generation: 21
length: 34.0
feature_occurency: [50, 50, 50, 50, 50, 50, 50, 50, 50, 50, 50, 50, 50, 50, 50, 50, 50, 50, 50, 50, 50, 50, 50, 50, 50, 50, 50, 50, 50, 50, 50, 50, 50, 50]

Generation 27
Average: 0.8892 Best: 0.9202
Best Individual: 
C0 33|24|4|18|14|21|22|2|29|11|12|15|26|20|23|1|0|27|10|19|13|16|17|30|8|9|31|28|7|3|25|5|32|6|
Overall Best: 0.9288 Generation: 21
length: 34.0
feature_occurency: [50, 50, 50, 50, 50, 50, 50, 50, 50, 50, 50, 50, 50, 50, 50, 50, 50, 50, 50, 50, 50, 50, 50, 50, 50, 50, 50, 50, 50, 50, 50, 50, 50, 50]

Generation 28
Average: 0.8905 Best: 0.9259
Best Individual: 
C0 26|0|5|33|29|3|32|1|7|23|12|14|19|20|11|4|8|17|15|2|9|10|28|27|31|24|6|21|18|16|22|25|13|30|
Overall Best: 0.9288 Generation: 21
length: 34.0
feature_occurency: [50, 50, 50, 50, 50, 50, 50, 50, 50, 50, 50, 50, 50, 50, 50, 50, 50, 50, 50, 50, 50, 50, 50, 50, 50, 50, 50, 50, 50, 50, 50, 50, 50, 50]

Generation 29
Average: 0.8907 Best: 0.9259
Best Individual: 
C0 26|0|5|33|29|1|14|3|7|23|12|32|19|20|11|4|8|17|15|10|16|2|30|27|31|24|6|21|18|9|22|25|13|28|
Overall Best: 0.9288 Generation: 21
length: 34.0
feature_occurency: [50, 50, 50, 50, 50, 50, 50, 50, 50, 50, 50, 50, 50, 50, 50, 50, 50, 50, 50, 50, 50, 50, 50, 50, 50, 50, 50, 50, 50, 50, 50, 50, 50, 50]

Generation 30
Average: 0.8892 Best: 0.9145
Best Individual: 
C0 21|22|24|27|10|18|14|17|9|6|33|29|26|8|2|4|23|11|25|0|5|32|16|1|31|3|28|30|7|19|12|15|20|13|
Overall Best: 0.9288 Generation: 21
length: 34.0
feature_occurency: [50, 50, 50, 50, 50, 50, 50, 50, 50, 50, 50, 50, 50, 50, 50, 50, 50, 50, 50, 50, 50, 50, 50, 50, 50, 50, 50, 50, 50, 50, 50, 50, 50, 50]

Generation 31
Average: 0.8916 Best: 0.9145
Best Individual: 
C0 21|22|24|27|10|18|14|17|9|6|33|29|26|8|2|4|23|11|20|0|5|32|16|1|7|3|28|30|31|19|12|15|25|13|
Overall Best: 0.9288 Generation: 21
length: 34.0
feature_occurency: [50, 50, 50, 50, 50, 50, 50, 50, 50, 50, 50, 50, 50, 50, 50, 50, 50, 50, 50, 50, 50, 50, 50, 50, 50, 50, 50, 50, 50, 50, 50, 50, 50, 50]

Generation 32
Average: 0.8867 Best: 0.9145
Best Individual: 
C0 1|33|8|23|18|19|14|0|4|30|12|15|26|17|2|27|5|16|13|10|29|28|9|3|32|21|25|24|11|20|22|31|6|7|
Overall Best: 0.9288 Generation: 21
length: 34.0
feature_occurency: [50, 50, 50, 50, 50, 50, 50, 50, 50, 50, 50, 50, 50, 50, 50, 50, 50, 50, 50, 50, 50, 50, 50, 50, 50, 50, 50, 50, 50, 50, 50, 50, 50, 50]

Generation 33
Average: 0.8917 Best: 0.9259
Best Individual: 
C0 6|12|10|26|15|13|14|9|24|27|33|29|22|23|2|4|18|11|16|0|5|32|1|25|31|3|28|30|7|19|8|20|17|21|
Overall Best: 0.9288 Generation: 21
length: 34.0
feature_occurency: [50, 50, 50, 50, 50, 50, 50, 50, 50, 50, 50, 50, 50, 50, 50, 50, 50, 50, 50, 50, 50, 50, 50, 50, 50, 50, 50, 50, 50, 50, 50, 50, 50, 50]

Generation 34
Average: 0.8868 Best: 0.9145
Best Individual: 
C0 11|20|19|27|18|22|14|30|4|6|1|29|26|23|9|2|16|24|10|31|5|32|8|33|3|17|28|0|7|25|12|15|13|21|
Overall Best: 0.9288 Generation: 21
length: 34.0
feature_occurency: [50, 50, 50, 50, 50, 50, 50, 50, 50, 50, 50, 50, 50, 50, 50, 50, 50, 50, 50, 50, 50, 50, 50, 50, 50, 50, 50, 50, 50, 50, 50, 50, 50, 50]

Generation 35
Average: 0.8898 Best: 0.9202
Best Individual: 
C0 21|22|32|11|20|4|24|7|18|6|33|29|26|14|23|17|0|28|10|2|5|3|16|9|1|8|27|30|31|19|12|15|25|13|
Overall Best: 0.9288 Generation: 21
length: 34.0
feature_occurency: [50, 50, 50, 50, 50, 50, 50, 50, 50, 50, 50, 50, 50, 50, 50, 50, 50, 50, 50, 50, 50, 50, 50, 50, 50, 50, 50, 50, 50, 50, 50, 50, 50, 50]

Generation 36
Average: 0.8848 Best: 0.9117
Best Individual: 
C0 23|12|16|26|13|18|33|1|6|19|0|24|22|21|10|14|9|2|5|31|20|4|29|7|32|30|17|25|15|27|11|3|8|28|
Overall Best: 0.9288 Generation: 21
length: 34.0
feature_occurency: [50, 50, 50, 50, 50, 50, 50, 50, 50, 50, 50, 50, 50, 50, 50, 50, 50, 50, 50, 50, 50, 50, 50, 50, 50, 50, 50, 50, 50, 50, 50, 50, 50, 50]

Generation 37
Average: 0.8867 Best: 0.9088
Best Individual: 
C0 2|10|4|11|13|18|23|16|6|30|17|26|12|27|14|19|15|33|28|9|25|24|22|21|20|0|8|1|31|32|5|29|7|3|
Overall Best: 0.9288 Generation: 21
length: 34.0
feature_occurency: [50, 50, 50, 50, 50, 50, 50, 50, 50, 50, 50, 50, 50, 50, 50, 50, 50, 50, 50, 50, 50, 50, 50, 50, 50, 50, 50, 50, 50, 50, 50, 50, 50, 50]

Generation 38
Average: 0.8843 Best: 0.9060
Best Individual: 
C0 29|20|23|33|8|0|17|30|27|31|4|14|5|19|15|25|13|16|6|1|26|3|10|12|24|2|21|18|7|22|11|28|9|32|
Overall Best: 0.9288 Generation: 21
length: 34.0
feature_occurency: [50, 50, 50, 50, 50, 50, 50, 50, 50, 50, 50, 50, 50, 50, 50, 50, 50, 50, 50, 50, 50, 50, 50, 50, 50, 50, 50, 50, 50, 50, 50, 50, 50, 50]

Generation 39
Average: 0.8858 Best: 0.9117
Best Individual: 
C0 19|12|27|14|11|7|6|23|0|3|15|5|26|16|2|17|4|33|20|8|29|24|9|30|32|21|1|13|28|25|18|31|10|22|
Overall Best: 0.9288 Generation: 21
length: 34.0
feature_occurency: [50, 50, 50, 50, 50, 50, 50, 50, 50, 50, 50, 50, 50, 50, 50, 50, 50, 50, 50, 50, 50, 50, 50, 50, 50, 50, 50, 50, 50, 50, 50, 50, 50, 50]

Generation 40
Average: 0.8858 Best: 0.9117
Best Individual: 
C0 2|30|26|32|13|29|0|27|23|20|4|24|22|12|14|10|15|33|5|8|16|21|11|31|28|18|6|25|9|7|1|17|19|3|
Overall Best: 0.9288 Generation: 21
length: 34.0
feature_occurency: [50, 50, 50, 50, 50, 50, 50, 50, 50, 50, 50, 50, 50, 50, 50, 50, 50, 50, 50, 50, 50, 50, 50, 50, 50, 50, 50, 50, 50, 50, 50, 50, 50, 50]

Generation 41
Average: 0.8875 Best: 0.9231
Best Individual: 
C0 19|12|27|11|3|7|6|23|15|26|0|4|14|20|5|25|2|22|16|8|29|24|9|30|32|21|1|13|28|17|18|31|10|33|
Overall Best: 0.9288 Generation: 21
length: 34.0
feature_occurency: [50, 50, 50, 50, 50, 50, 50, 50, 50, 50, 50, 50, 50, 50, 50, 50, 50, 50, 50, 50, 50, 50, 50, 50, 50, 50, 50, 50, 50, 50, 50, 50, 50, 50]

Generation 42
Average: 0.8856 Best: 0.9174
Best Individual: 
C0 29|12|27|11|30|7|6|23|15|2|20|14|26|16|25|3|4|33|9|24|19|1|28|5|32|21|8|13|0|17|10|31|18|22|
Overall Best: 0.9288 Generation: 21
length: 34.0
feature_occurency: [50, 50, 50, 50, 50, 50, 50, 50, 50, 50, 50, 50, 50, 50, 50, 50, 50, 50, 50, 50, 50, 50, 50, 50, 50, 50, 50, 50, 50, 50, 50, 50, 50, 50]

Generation 43
Average: 0.8876 Best: 0.9088
Best Individual: 
C0 29|31|19|0|12|10|22|33|28|6|30|20|18|26|23|14|16|7|27|4|11|21|17|5|32|1|8|15|9|24|25|2|13|3|
Overall Best: 0.9288 Generation: 21
length: 34.0
feature_occurency: [50, 50, 50, 50, 50, 50, 50, 50, 50, 50, 50, 50, 50, 50, 50, 50, 50, 50, 50, 50, 50, 50, 50, 50, 50, 50, 50, 50, 50, 50, 50, 50, 50, 50]

Generation 44
Average: 0.8853 Best: 0.9088
Best Individual: 
C0 16|1|13|32|25|10|4|26|23|20|0|7|22|12|14|15|2|33|5|8|24|21|11|6|28|18|30|27|9|31|29|17|19|3|
Overall Best: 0.9288 Generation: 21
length: 34.0
feature_occurency: [50, 50, 50, 50, 50, 50, 50, 50, 50, 50, 50, 50, 50, 50, 50, 50, 50, 50, 50, 50, 50, 50, 50, 50, 50, 50, 50, 50, 50, 50, 50, 50, 50, 50]

Generation 45
Average: 0.8876 Best: 0.9145
Best Individual: 
C0 5|31|21|0|26|10|4|7|28|6|15|20|22|12|14|30|24|19|16|18|29|33|17|11|32|1|8|23|9|27|25|2|13|3|
Overall Best: 0.9288 Generation: 21
length: 34.0
feature_occurency: [50, 50, 50, 50, 50, 50, 50, 50, 50, 50, 50, 50, 50, 50, 50, 50, 50, 50, 50, 50, 50, 50, 50, 50, 50, 50, 50, 50, 50, 50, 50, 50, 50, 50]

Generation 46
Average: 0.8911 Best: 0.9174
Best Individual: 
C0 6|21|27|4|25|19|7|12|20|2|0|26|23|15|11|8|1|32|16|17|3|24|10|13|18|30|33|22|31|5|14|29|9|28|
Overall Best: 0.9288 Generation: 21
length: 34.0
feature_occurency: [50, 50, 50, 50, 50, 50, 50, 50, 50, 50, 50, 50, 50, 50, 50, 50, 50, 50, 50, 50, 50, 50, 50, 50, 50, 50, 50, 50, 50, 50, 50, 50, 50, 50]

Generation 47
Average: 0.8890 Best: 0.9145
Best Individual: 
C0 5|31|21|20|26|24|4|7|28|6|15|0|22|12|14|30|10|19|16|18|29|11|17|9|32|1|8|23|33|27|25|2|13|3|
Overall Best: 0.9288 Generation: 21
length: 34.0
feature_occurency: [50, 50, 50, 50, 50, 50, 50, 50, 50, 50, 50, 50, 50, 50, 50, 50, 50, 50, 50, 50, 50, 50, 50, 50, 50, 50, 50, 50, 50, 50, 50, 50, 50, 50]

Generation 48
Average: 0.8850 Best: 0.9060
Best Individual: 
C0 31|14|4|19|2|27|20|18|5|16|28|23|12|0|11|8|26|30|6|3|25|24|29|21|13|17|1|22|32|10|33|7|15|9|
Overall Best: 0.9288 Generation: 21
length: 34.0
feature_occurency: [50, 50, 50, 50, 50, 50, 50, 50, 50, 50, 50, 50, 50, 50, 50, 50, 50, 50, 50, 50, 50, 50, 50, 50, 50, 50, 50, 50, 50, 50, 50, 50, 50, 50]

Generation 49
Average: 0.8837 Best: 0.9060
Best Individual: 
C0 27|1|15|7|4|18|21|12|24|32|28|14|5|22|33|23|26|30|9|16|3|11|17|20|25|19|0|6|29|10|8|13|2|31|
Overall Best: 0.9288 Generation: 21
length: 34.0
feature_occurency: [50, 50, 50, 50, 50, 50, 50, 50, 50, 50, 50, 50, 50, 50, 50, 50, 50, 50, 50, 50, 50, 50, 50, 50, 50, 50, 50, 50, 50, 50, 50, 50, 50, 50]

Generation 50
Average: 0.8827 Best: 0.9060
Best Individual: 
C0 27|3|20|33|16|24|23|8|17|4|15|0|28|11|14|12|10|25|26|7|21|18|29|1|19|30|6|22|5|2|32|9|13|31|
Overall Best: 0.9288 Generation: 21
length: 34.0
feature_occurency: [50, 50, 50, 50, 50, 50, 50, 50, 50, 50, 50, 50, 50, 50, 50, 50, 50, 50, 50, 50, 50, 50, 50, 50, 50, 50, 50, 50, 50, 50, 50, 50, 50, 50]

Generation 51
Average: 0.8848 Best: 0.9088
Best Individual: 
C0 11|14|4|30|17|0|16|29|33|20|28|2|25|27|31|3|26|19|15|8|6|23|7|21|12|18|24|22|32|10|5|1|13|9|
Overall Best: 0.9288 Generation: 21
length: 34.0
feature_occurency: [50, 50, 50, 50, 50, 50, 50, 50, 50, 50, 50, 50, 50, 50, 50, 50, 50, 50, 50, 50, 50, 50, 50, 50, 50, 50, 50, 50, 50, 50, 50, 50, 50, 50]

Generation 52
Average: 0.8853 Best: 0.9088
Best Individual: 
C0 2|19|10|31|5|30|29|23|12|33|8|14|4|0|22|11|26|15|16|25|6|21|9|18|17|20|13|27|28|32|24|3|7|1|
Overall Best: 0.9288 Generation: 21
length: 34.0
feature_occurency: [50, 50, 50, 50, 50, 50, 50, 50, 50, 50, 50, 50, 50, 50, 50, 50, 50, 50, 50, 50, 50, 50, 50, 50, 50, 50, 50, 50, 50, 50, 50, 50, 50, 50]

Generation 53
Average: 0.8873 Best: 0.9088
Best Individual: 
C0 31|20|28|19|33|27|24|29|22|4|5|2|12|11|14|17|26|30|6|3|25|10|18|21|8|7|15|1|0|13|16|23|32|9|
Overall Best: 0.9288 Generation: 21
length: 34.0
feature_occurency: [50, 50, 50, 50, 50, 50, 50, 50, 50, 50, 50, 50, 50, 50, 50, 50, 50, 50, 50, 50, 50, 50, 50, 50, 50, 50, 50, 50, 50, 50, 50, 50, 50, 50]

Generation 54
Average: 0.8920 Best: 0.9145
Best Individual: 
C0 2|19|3|31|5|0|16|23|12|33|8|14|4|30|22|11|26|29|15|25|6|10|9|28|17|18|13|27|20|21|24|32|7|1|
Overall Best: 0.9288 Generation: 21
length: 34.0
feature_occurency: [50, 50, 50, 50, 50, 50, 50, 50, 50, 50, 50, 50, 50, 50, 50, 50, 50, 50, 50, 50, 50, 50, 50, 50, 50, 50, 50, 50, 50, 50, 50, 50, 50, 50]

Generation 55
Average: 0.8878 Best: 0.9088
Best Individual: 
C0 5|22|10|8|32|1|14|31|23|0|2|7|26|4|12|20|29|30|6|3|15|27|11|17|25|19|13|28|16|24|33|9|18|21|
Overall Best: 0.9288 Generation: 21
length: 34.0
feature_occurency: [50, 50, 50, 50, 50, 50, 50, 50, 50, 50, 50, 50, 50, 50, 50, 50, 50, 50, 50, 50, 50, 50, 50, 50, 50, 50, 50, 50, 50, 50, 50, 50, 50, 50]

Generation 56
Average: 0.8884 Best: 0.9117
Best Individual: 
C0 20|12|10|6|33|27|24|14|18|4|13|2|25|21|29|7|26|30|3|0|8|28|11|23|15|19|22|1|17|5|16|31|32|9|
Overall Best: 0.9288 Generation: 21
length: 34.0
feature_occurency: [50, 50, 50, 50, 50, 50, 50, 50, 50, 50, 50, 50, 50, 50, 50, 50, 50, 50, 50, 50, 50, 50, 50, 50, 50, 50, 50, 50, 50, 50, 50, 50, 50, 50]

Generation 57
Average: 0.8917 Best: 0.9202
Best Individual: 
C0 33|2|27|8|14|29|19|16|30|23|10|5|26|4|12|20|0|31|15|22|6|1|11|17|3|25|7|21|18|24|13|9|28|32|
Overall Best: 0.9288 Generation: 21
length: 34.0
feature_occurency: [50, 50, 50, 50, 50, 50, 50, 50, 50, 50, 50, 50, 50, 50, 50, 50, 50, 50, 50, 50, 50, 50, 50, 50, 50, 50, 50, 50, 50, 50, 50, 50, 50, 50]

Generation 58
Average: 0.8903 Best: 0.9202
Best Individual: 
C0 29|2|27|8|14|33|19|26|30|23|10|5|16|4|12|20|0|31|15|22|6|1|11|17|3|9|7|21|18|24|13|28|25|32|
Overall Best: 0.9288 Generation: 21
length: 34.0
feature_occurency: [50, 50, 50, 50, 50, 50, 50, 50, 50, 50, 50, 50, 50, 50, 50, 50, 50, 50, 50, 50, 50, 50, 50, 50, 50, 50, 50, 50, 50, 50, 50, 50, 50, 50]

Generation 59
Average: 0.8913 Best: 0.9145
Best Individual: 
C0 29|2|27|8|14|15|19|26|4|23|10|5|16|30|12|20|0|31|33|22|6|1|11|17|7|9|3|21|18|24|13|28|25|32|
Overall Best: 0.9288 Generation: 21
length: 34.0
feature_occurency: [50, 50, 50, 50, 50, 50, 50, 50, 50, 50, 50, 50, 50, 50, 50, 50, 50, 50, 50, 50, 50, 50, 50, 50, 50, 50, 50, 50, 50, 50, 50, 50, 50, 50]

Generation 60
Average: 0.8916 Best: 0.9202
Best Individual: 
C0 5|27|30|14|23|8|33|19|16|26|28|25|13|4|12|20|0|31|15|6|22|1|11|17|29|9|7|21|18|3|32|24|10|2|
Overall Best: 0.9288 Generation: 21
length: 34.0
feature_occurency: [50, 50, 50, 50, 50, 50, 50, 50, 50, 50, 50, 50, 50, 50, 50, 50, 50, 50, 50, 50, 50, 50, 50, 50, 50, 50, 50, 50, 50, 50, 50, 50, 50, 50]

Generation 61
Average: 0.8905 Best: 0.9174
Best Individual: 
C0 1|5|7|14|23|8|33|19|16|26|28|6|13|4|12|20|0|11|25|10|2|27|15|29|17|9|31|24|32|30|22|21|3|18|
Overall Best: 0.9288 Generation: 21
length: 34.0
feature_occurency: [50, 50, 50, 50, 50, 50, 50, 50, 50, 50, 50, 50, 50, 50, 50, 50, 50, 50, 50, 50, 50, 50, 50, 50, 50, 50, 50, 50, 50, 50, 50, 50, 50, 50]

Generation 62
Average: 0.8889 Best: 0.9117
Best Individual: 
C0 4|10|12|27|24|13|6|21|5|33|20|26|2|1|23|14|18|29|31|16|3|17|11|28|15|9|0|19|8|22|32|7|25|30|
Overall Best: 0.9288 Generation: 21
length: 34.0
feature_occurency: [50, 50, 50, 50, 50, 50, 50, 50, 50, 50, 50, 50, 50, 50, 50, 50, 50, 50, 50, 50, 50, 50, 50, 50, 50, 50, 50, 50, 50, 50, 50, 50, 50, 50]

Generation 63
Average: 0.8892 Best: 0.9174
Best Individual: 
C0 7|25|2|12|23|14|26|0|16|33|4|27|15|29|30|11|6|13|5|21|22|1|20|17|19|9|24|28|18|3|32|31|8|10|
Overall Best: 0.9288 Generation: 21
length: 34.0
feature_occurency: [50, 50, 50, 50, 50, 50, 50, 50, 50, 50, 50, 50, 50, 50, 50, 50, 50, 50, 50, 50, 50, 50, 50, 50, 50, 50, 50, 50, 50, 50, 50, 50, 50, 50]

Generation 64
Average: 0.8884 Best: 0.9145
Best Individual: 
C0 6|25|18|20|29|4|23|8|2|30|26|27|22|1|0|10|19|31|7|3|15|17|11|5|16|9|14|12|28|33|21|32|13|24|
Overall Best: 0.9288 Generation: 21
length: 34.0
feature_occurency: [50, 50, 50, 50, 50, 50, 50, 50, 50, 50, 50, 50, 50, 50, 50, 50, 50, 50, 50, 50, 50, 50, 50, 50, 50, 50, 50, 50, 50, 50, 50, 50, 50, 50]

Generation 65
Average: 0.8867 Best: 0.9174
Best Individual: 
C0 6|0|18|20|16|4|23|8|2|30|26|27|22|1|15|10|19|31|7|3|25|13|32|17|29|24|9|12|28|33|21|11|5|14|
Overall Best: 0.9288 Generation: 21
length: 34.0
feature_occurency: [50, 50, 50, 50, 50, 50, 50, 50, 50, 50, 50, 50, 50, 50, 50, 50, 50, 50, 50, 50, 50, 50, 50, 50, 50, 50, 50, 50, 50, 50, 50, 50, 50, 50]

Generation 66
Average: 0.8884 Best: 0.9174
Best Individual: 
C0 6|0|18|20|16|1|23|8|2|30|26|10|22|4|15|27|19|31|7|3|25|13|32|12|29|24|9|17|28|33|21|11|5|14|
Overall Best: 0.9288 Generation: 21
length: 34.0
feature_occurency: [50, 50, 50, 50, 50, 50, 50, 50, 50, 50, 50, 50, 50, 50, 50, 50, 50, 50, 50, 50, 50, 50, 50, 50, 50, 50, 50, 50, 50, 50, 50, 50, 50, 50]

Generation 67
Average: 0.8893 Best: 0.9174
Best Individual: 
C0 10|4|18|20|16|27|23|8|2|29|26|0|22|3|12|6|19|31|7|1|25|13|32|15|17|24|9|30|28|33|21|11|5|14|
Overall Best: 0.9288 Generation: 21
length: 34.0
feature_occurency: [50, 50, 50, 50, 50, 50, 50, 50, 50, 50, 50, 50, 50, 50, 50, 50, 50, 50, 50, 50, 50, 50, 50, 50, 50, 50, 50, 50, 50, 50, 50, 50, 50, 50]

Generation 68
Average: 0.8893 Best: 0.9259
Best Individual: 
C0 6|0|18|20|19|1|12|8|2|10|26|3|25|4|23|27|16|31|7|22|29|13|32|15|17|24|30|9|28|33|21|11|5|14|
Overall Best: 0.9288 Generation: 21
length: 34.0
feature_occurency: [50, 50, 50, 50, 50, 50, 50, 50, 50, 50, 50, 50, 50, 50, 50, 50, 50, 50, 50, 50, 50, 50, 50, 50, 50, 50, 50, 50, 50, 50, 50, 50, 50, 50]

Generation 69
Average: 0.8872 Best: 0.9174
Best Individual: 
C0 6|0|18|32|19|1|12|8|29|17|26|3|25|4|23|27|16|31|7|22|2|13|20|15|10|24|28|9|30|33|21|11|5|14|
Overall Best: 0.9288 Generation: 21
length: 34.0
feature_occurency: [50, 50, 50, 50, 50, 50, 50, 50, 50, 50, 50, 50, 50, 50, 50, 50, 50, 50, 50, 50, 50, 50, 50, 50, 50, 50, 50, 50, 50, 50, 50, 50, 50, 50]

Generation 70
Average: 0.8905 Best: 0.9117
Best Individual: 
C0 0|12|14|18|19|8|6|1|29|17|26|3|25|4|23|27|16|33|7|10|2|13|20|15|22|24|28|9|30|31|21|11|5|32|
Overall Best: 0.9288 Generation: 21
length: 34.0
feature_occurency: [50, 50, 50, 50, 50, 50, 50, 50, 50, 50, 50, 50, 50, 50, 50, 50, 50, 50, 50, 50, 50, 50, 50, 50, 50, 50, 50, 50, 50, 50, 50, 50, 50, 50]

Generation 71
Average: 0.8879 Best: 0.9145
Best Individual: 
C0 17|28|19|14|6|32|30|4|9|1|33|10|25|27|2|23|20|24|22|16|8|21|7|13|11|15|3|29|26|12|0|18|31|5|
Overall Best: 0.9288 Generation: 21
length: 34.0
feature_occurency: [50, 50, 50, 50, 50, 50, 50, 50, 50, 50, 50, 50, 50, 50, 50, 50, 50, 50, 50, 50, 50, 50, 50, 50, 50, 50, 50, 50, 50, 50, 50, 50, 50, 50]

Generation 72
Average: 0.8887 Best: 0.9202
Best Individual: 
C0 0|12|14|6|19|8|18|1|29|17|26|3|25|4|23|27|15|33|7|10|2|13|20|16|22|24|21|9|28|31|30|11|5|32|
Overall Best: 0.9288 Generation: 21
length: 34.0
feature_occurency: [50, 50, 50, 50, 50, 50, 50, 50, 50, 50, 50, 50, 50, 50, 50, 50, 50, 50, 50, 50, 50, 50, 50, 50, 50, 50, 50, 50, 50, 50, 50, 50, 50, 50]

Generation 73
Average: 0.8862 Best: 0.9202
Best Individual: 
C0 29|12|14|6|19|8|18|1|0|17|26|3|25|4|23|27|15|33|7|10|2|31|20|16|22|24|21|9|28|13|30|11|5|32|
Overall Best: 0.9288 Generation: 21
length: 34.0
feature_occurency: [50, 50, 50, 50, 50, 50, 50, 50, 50, 50, 50, 50, 50, 50, 50, 50, 50, 50, 50, 50, 50, 50, 50, 50, 50, 50, 50, 50, 50, 50, 50, 50, 50, 50]

Generation 74
Average: 0.8879 Best: 0.9202
Best Individual: 
C0 29|12|14|6|19|8|18|1|27|17|26|3|25|4|23|0|15|33|7|10|2|31|20|16|22|24|21|9|28|30|13|11|5|32|
Overall Best: 0.9288 Generation: 21
length: 34.0
feature_occurency: [50, 50, 50, 50, 50, 50, 50, 50, 50, 50, 50, 50, 50, 50, 50, 50, 50, 50, 50, 50, 50, 50, 50, 50, 50, 50, 50, 50, 50, 50, 50, 50, 50, 50]

Generation 75
Average: 0.8892 Best: 0.9202
Best Individual: 
C0 29|12|14|6|19|8|18|1|27|17|26|3|25|4|23|0|15|33|7|16|2|31|20|10|22|24|21|9|28|30|13|11|5|32|
Overall Best: 0.9288 Generation: 21
length: 34.0
feature_occurency: [50, 50, 50, 50, 50, 50, 50, 50, 50, 50, 50, 50, 50, 50, 50, 50, 50, 50, 50, 50, 50, 50, 50, 50, 50, 50, 50, 50, 50, 50, 50, 50, 50, 50]

Generation 76
Average: 0.8885 Best: 0.9117
Best Individual: 
C0 29|12|14|6|19|8|7|1|18|17|26|3|25|4|23|27|15|33|0|16|2|30|20|10|22|24|13|9|28|31|21|11|5|32|
Overall Best: 0.9288 Generation: 21
length: 34.0
feature_occurency: [50, 50, 50, 50, 50, 50, 50, 50, 50, 50, 50, 50, 50, 50, 50, 50, 50, 50, 50, 50, 50, 50, 50, 50, 50, 50, 50, 50, 50, 50, 50, 50, 50, 50]

Generation 77
Average: 0.8858 Best: 0.9117
Best Individual: 
C0 15|12|0|32|1|4|14|11|9|21|2|28|18|23|26|3|27|16|7|5|31|13|20|25|22|33|17|19|8|29|30|10|24|6|
Overall Best: 0.9288 Generation: 21
length: 34.0
feature_occurency: [50, 50, 50, 50, 50, 50, 50, 50, 50, 50, 50, 50, 50, 50, 50, 50, 50, 50, 50, 50, 50, 50, 50, 50, 50, 50, 50, 50, 50, 50, 50, 50, 50, 50]

Generation 78
Average: 0.8850 Best: 0.9145
Best Individual: 
C0 29|12|0|6|33|23|1|14|5|17|26|3|25|4|8|31|19|27|11|16|9|13|20|15|22|24|7|2|18|10|21|32|28|30|
Overall Best: 0.9288 Generation: 21
length: 34.0
feature_occurency: [50, 50, 50, 50, 50, 50, 50, 50, 50, 50, 50, 50, 50, 50, 50, 50, 50, 50, 50, 50, 50, 50, 50, 50, 50, 50, 50, 50, 50, 50, 50, 50, 50, 50]

Generation 79
Average: 0.8897 Best: 0.9145
Best Individual: 
C0 26|33|28|23|7|24|31|15|32|14|20|6|22|4|11|21|0|29|18|16|17|10|8|30|3|25|5|9|2|19|1|27|13|12|
Overall Best: 0.9288 Generation: 21
length: 34.0
feature_occurency: [50, 50, 50, 50, 50, 50, 50, 50, 50, 50, 50, 50, 50, 50, 50, 50, 50, 50, 50, 50, 50, 50, 50, 50, 50, 50, 50, 50, 50, 50, 50, 50, 50, 50]

Generation 80
Average: 0.8868 Best: 0.9202
Best Individual: 
C0 27|0|14|23|33|6|1|12|29|8|17|15|19|4|26|7|25|16|3|22|24|9|20|5|10|2|13|28|30|31|21|11|18|32|
Overall Best: 0.9288 Generation: 21
length: 34.0
feature_occurency: [50, 50, 50, 50, 50, 50, 50, 50, 50, 50, 50, 50, 50, 50, 50, 50, 50, 50, 50, 50, 50, 50, 50, 50, 50, 50, 50, 50, 50, 50, 50, 50, 50, 50]

Generation 81
Average: 0.8890 Best: 0.9145
Best Individual: 
C0 31|1|28|21|33|26|15|27|32|14|30|12|25|4|0|23|11|29|18|16|17|10|20|7|22|3|24|5|6|8|2|13|19|9|
Overall Best: 0.9288 Generation: 21
length: 34.0
feature_occurency: [50, 50, 50, 50, 50, 50, 50, 50, 50, 50, 50, 50, 50, 50, 50, 50, 50, 50, 50, 50, 50, 50, 50, 50, 50, 50, 50, 50, 50, 50, 50, 50, 50, 50]

Generation 82
Average: 0.8915 Best: 0.9174
Best Individual: 
C0 11|12|14|6|25|23|26|27|9|18|17|0|33|4|8|22|19|15|3|13|24|32|20|5|10|2|7|28|16|31|21|1|29|30|
Overall Best: 0.9288 Generation: 21
length: 34.0
feature_occurency: [50, 50, 50, 50, 50, 50, 50, 50, 50, 50, 50, 50, 50, 50, 50, 50, 50, 50, 50, 50, 50, 50, 50, 50, 50, 50, 50, 50, 50, 50, 50, 50, 50, 50]

Generation 83
Average: 0.8887 Best: 0.9088
Best Individual: 
C0 11|12|14|16|30|23|26|27|9|18|17|22|33|4|8|31|19|29|3|13|24|32|20|5|10|2|7|28|6|0|21|1|15|25|
Overall Best: 0.9288 Generation: 21
length: 34.0
feature_occurency: [50, 50, 50, 50, 50, 50, 50, 50, 50, 50, 50, 50, 50, 50, 50, 50, 50, 50, 50, 50, 50, 50, 50, 50, 50, 50, 50, 50, 50, 50, 50, 50, 50, 50]

Generation 84
Average: 0.8892 Best: 0.9202
Best Individual: 
C0 18|19|29|30|33|23|9|14|27|0|5|26|22|4|20|11|32|3|25|21|17|13|8|28|24|16|10|31|12|2|1|15|6|7|
Overall Best: 0.9288 Generation: 21
length: 34.0
feature_occurency: [50, 50, 50, 50, 50, 50, 50, 50, 50, 50, 50, 50, 50, 50, 50, 50, 50, 50, 50, 50, 50, 50, 50, 50, 50, 50, 50, 50, 50, 50, 50, 50, 50, 50]

Generation 85
Average: 0.8879 Best: 0.9145
Best Individual: 
C0 28|27|29|30|33|23|9|14|19|0|5|26|22|4|20|11|32|3|25|7|31|24|8|18|16|12|17|10|13|2|1|15|6|21|
Overall Best: 0.9288 Generation: 21
length: 34.0
feature_occurency: [50, 50, 50, 50, 50, 50, 50, 50, 50, 50, 50, 50, 50, 50, 50, 50, 50, 50, 50, 50, 50, 50, 50, 50, 50, 50, 50, 50, 50, 50, 50, 50, 50, 50]

Generation 86
Average: 0.8915 Best: 0.9117
Best Individual: 
C0 27|30|32|15|29|23|9|14|19|0|5|26|22|4|20|11|21|3|25|7|31|24|8|18|16|12|17|10|13|2|6|33|1|28|
Overall Best: 0.9288 Generation: 21
length: 34.0
feature_occurency: [50, 50, 50, 50, 50, 50, 50, 50, 50, 50, 50, 50, 50, 50, 50, 50, 50, 50, 50, 50, 50, 50, 50, 50, 50, 50, 50, 50, 50, 50, 50, 50, 50, 50]

Generation 87
Average: 0.8904 Best: 0.9088
Best Individual: 
C0 19|22|14|20|30|31|29|15|16|23|13|6|2|4|26|5|33|11|25|12|17|9|10|28|21|27|3|1|18|32|24|0|7|8|
Overall Best: 0.9288 Generation: 21
length: 34.0
feature_occurency: [50, 50, 50, 50, 50, 50, 50, 50, 50, 50, 50, 50, 50, 50, 50, 50, 50, 50, 50, 50, 50, 50, 50, 50, 50, 50, 50, 50, 50, 50, 50, 50, 50, 50]

Generation 88
Average: 0.8892 Best: 0.9288
Best Individual: 
C0 28|18|8|14|3|1|23|0|33|11|24|21|19|4|22|15|20|10|12|32|29|6|30|31|5|16|7|25|27|13|17|2|26|9|
Overall Best: 0.9288 Generation: 21
length: 34.0
feature_occurency: [50, 50, 50, 50, 50, 50, 50, 50, 50, 50, 50, 50, 50, 50, 50, 50, 50, 50, 50, 50, 50, 50, 50, 50, 50, 50, 50, 50, 50, 50, 50, 50, 50, 50]

Generation 89
Average: 0.8853 Best: 0.9145
Best Individual: 
C0 19|13|14|20|26|27|29|15|25|33|18|8|2|4|12|3|6|5|32|24|17|9|10|11|30|22|7|28|16|0|21|1|23|31|
Overall Best: 0.9288 Generation: 21
length: 34.0
feature_occurency: [50, 50, 50, 50, 50, 50, 50, 50, 50, 50, 50, 50, 50, 50, 50, 50, 50, 50, 50, 50, 50, 50, 50, 50, 50, 50, 50, 50, 50, 50, 50, 50, 50, 50]

Generation 90
Average: 0.8862 Best: 0.9145
Best Individual: 
C0 30|28|4|3|1|8|15|5|0|23|11|26|19|14|27|22|20|10|24|32|17|6|9|18|2|16|12|29|21|33|7|31|13|25|
Overall Best: 0.9288 Generation: 21
length: 34.0
feature_occurency: [50, 50, 50, 50, 50, 50, 50, 50, 50, 50, 50, 50, 50, 50, 50, 50, 50, 50, 50, 50, 50, 50, 50, 50, 50, 50, 50, 50, 50, 50, 50, 50, 50, 50]

Generation 91
Average: 0.8872 Best: 0.9202
Best Individual: 
C0 22|5|7|26|23|6|14|17|8|1|19|3|10|4|24|33|21|25|31|0|27|13|16|9|32|29|18|2|30|15|12|20|11|28|
Overall Best: 0.9288 Generation: 21
length: 34.0
feature_occurency: [50, 50, 50, 50, 50, 50, 50, 50, 50, 50, 50, 50, 50, 50, 50, 50, 50, 50, 50, 50, 50, 50, 50, 50, 50, 50, 50, 50, 50, 50, 50, 50, 50, 50]

Generation 92
Average: 0.8886 Best: 0.9174
Best Individual: 
C0 4|1|19|28|17|26|7|31|29|0|27|22|24|14|20|11|5|10|3|2|33|6|9|12|15|16|18|23|21|25|13|32|30|8|
Overall Best: 0.9288 Generation: 21
length: 34.0
feature_occurency: [50, 50, 50, 50, 50, 50, 50, 50, 50, 50, 50, 50, 50, 50, 50, 50, 50, 50, 50, 50, 50, 50, 50, 50, 50, 50, 50, 50, 50, 50, 50, 50, 50, 50]

Generation 93
Average: 0.8863 Best: 0.9088
Best Individual: 
C0 23|10|14|3|0|5|24|2|12|8|17|1|4|33|21|19|26|32|11|28|25|18|29|16|31|20|22|9|30|6|13|27|7|15|
Overall Best: 0.9288 Generation: 21
length: 34.0
feature_occurency: [50, 50, 50, 50, 50, 50, 50, 50, 50, 50, 50, 50, 50, 50, 50, 50, 50, 50, 50, 50, 50, 50, 50, 50, 50, 50, 50, 50, 50, 50, 50, 50, 50, 50]

Generation 94
Average: 0.8854 Best: 0.9088
Best Individual: 
C0 5|1|11|26|32|29|14|33|28|23|19|4|22|3|18|17|21|25|31|0|24|13|20|10|15|2|7|30|12|16|27|8|9|6|
Overall Best: 0.9288 Generation: 21
length: 34.0
feature_occurency: [50, 50, 50, 50, 50, 50, 50, 50, 50, 50, 50, 50, 50, 50, 50, 50, 50, 50, 50, 50, 50, 50, 50, 50, 50, 50, 50, 50, 50, 50, 50, 50, 50, 50]

Generation 95
Average: 0.8868 Best: 0.9174
Best Individual: 
C0 16|1|25|22|32|9|23|26|5|10|14|12|20|0|27|4|19|24|30|8|6|7|28|15|29|2|13|31|33|17|3|18|21|11|
Overall Best: 0.9288 Generation: 21
length: 34.0
feature_occurency: [50, 50, 50, 50, 50, 50, 50, 50, 50, 50, 50, 50, 50, 50, 50, 50, 50, 50, 50, 50, 50, 50, 50, 50, 50, 50, 50, 50, 50, 50, 50, 50, 50, 50]

Generation 96
Average: 0.8889 Best: 0.9174
Best Individual: 
C0 16|1|23|22|32|9|25|26|5|10|14|12|20|0|27|4|19|24|30|8|6|7|28|15|29|2|13|31|33|17|3|11|21|18|
Overall Best: 0.9288 Generation: 21
length: 34.0
feature_occurency: [50, 50, 50, 50, 50, 50, 50, 50, 50, 50, 50, 50, 50, 50, 50, 50, 50, 50, 50, 50, 50, 50, 50, 50, 50, 50, 50, 50, 50, 50, 50, 50, 50, 50]

Generation 97
Average: 0.8896 Best: 0.9117
Best Individual: 
C0 18|28|13|24|21|31|22|12|33|2|23|8|6|3|27|25|26|20|9|29|4|1|5|10|15|14|7|30|17|16|0|19|32|11|
Overall Best: 0.9288 Generation: 21
length: 34.0
feature_occurency: [50, 50, 50, 50, 50, 50, 50, 50, 50, 50, 50, 50, 50, 50, 50, 50, 50, 50, 50, 50, 50, 50, 50, 50, 50, 50, 50, 50, 50, 50, 50, 50, 50, 50]

Generation 98
Average: 0.8898 Best: 0.9031
Best Individual: 
C0 5|28|6|26|19|29|14|33|1|8|23|9|0|4|3|22|2|25|11|18|30|21|20|10|15|24|7|31|12|16|27|32|17|13|
Overall Best: 0.9288 Generation: 21
length: 34.0
feature_occurency: [50, 50, 50, 50, 50, 50, 50, 50, 50, 50, 50, 50, 50, 50, 50, 50, 50, 50, 50, 50, 50, 50, 50, 50, 50, 50, 50, 50, 50, 50, 50, 50, 50, 50]

Generation 99
Average: 0.8884 Best: 0.9117
Best Individual: 
C0 4|12|31|14|29|6|25|26|33|2|18|10|28|27|20|5|19|0|22|11|21|3|9|15|32|16|1|23|30|24|13|8|7|17|
Overall Best: 0.9288 Generation: 21
==================
    Best individual after 100 generations
    computed in 222.6540 seconds
    326 elements out of 351 correct.
    emerged in generation 21
    with fitness 0.9288
==================

25|8|15|2|6|27|19|0|23|4|26|20|1|18|29|9|33|13|11|31|32|3|24|22|21|12|14|28|30|5|16|10|7|17|
