Starting evolution...
length: 34.0
feature_occurency: [50, 50, 50, 50, 50, 50, 50, 50, 50, 50, 50, 50, 50, 50, 50, 50, 50, 50, 50, 50, 50, 50, 50, 50, 50, 50, 50, 50, 50, 50, 50, 50, 50, 50]

Generation 0
Average: 0.8814 Best: 0.9088
Best Individual: 
C0 0|1|19|2|3|5|6|10|27|4|22|23|11|13|14|15|18|7|17|28|25|21|16|12|24|30|26|8|9|32|20|31|29|33|
Overall Best: 0.9088 Generation: 0
length: 34.0
feature_occurency: [50, 50, 50, 50, 50, 50, 50, 50, 50, 50, 50, 50, 50, 50, 50, 50, 50, 50, 50, 50, 50, 50, 50, 50, 50, 50, 50, 50, 50, 50, 50, 50, 50, 50]

Generation 1
Average: 0.8825 Best: 0.9117
Best Individual: 
C0 8|18|23|12|0|26|6|19|4|31|10|20|3|13|24|15|5|22|17|7|11|21|32|2|1|28|16|27|14|29|30|9|25|33|
Overall Best: 0.9117 Generation: 1
length: 34.0
feature_occurency: [50, 50, 50, 50, 50, 50, 50, 50, 50, 50, 50, 50, 50, 50, 50, 50, 50, 50, 50, 50, 50, 50, 50, 50, 50, 50, 50, 50, 50, 50, 50, 50, 50, 50]

Generation 2
Average: 0.8865 Best: 0.9117
Best Individual: 
C0 0|11|24|17|30|20|6|7|8|15|10|2|23|5|4|3|16|28|26|19|12|29|1|21|25|31|22|27|18|13|9|14|32|33|
Overall Best: 0.9117 Generation: 1
length: 34.0
feature_occurency: [50, 50, 50, 50, 50, 50, 50, 50, 50, 50, 50, 50, 50, 50, 50, 50, 50, 50, 50, 50, 50, 50, 50, 50, 50, 50, 50, 50, 50, 50, 50, 50, 50, 50]

Generation 3
Average: 0.8889 Best: 0.9288
Best Individual: 
C0 0|1|19|22|3|8|6|10|27|23|2|4|20|12|14|15|18|30|17|28|29|21|16|13|9|5|26|11|24|32|7|31|25|33|
Overall Best: 0.9288 Generation: 3
length: 34.0
feature_occurency: [50, 50, 50, 50, 50, 50, 50, 50, 50, 50, 50, 50, 50, 50, 50, 50, 50, 50, 50, 50, 50, 50, 50, 50, 50, 50, 50, 50, 50, 50, 50, 50, 50, 50]

Generation 4
Average: 0.8925 Best: 0.9174
Best Individual: 
C0 32|7|2|26|1|5|6|33|19|0|18|4|20|28|15|3|29|8|10|23|16|14|30|21|24|11|31|25|13|22|9|17|27|12|
Overall Best: 0.9288 Generation: 3
length: 34.0
feature_occurency: [50, 50, 50, 50, 50, 50, 50, 50, 50, 50, 50, 50, 50, 50, 50, 50, 50, 50, 50, 50, 50, 50, 50, 50, 50, 50, 50, 50, 50, 50, 50, 50, 50, 50]

Generation 5
Average: 0.8948 Best: 0.9345
Best Individual: 
C0 32|18|26|14|1|7|6|10|2|31|33|4|20|23|11|3|8|30|25|28|29|21|16|13|9|0|5|22|15|24|19|27|12|17|
Overall Best: 0.9345 Generation: 5
length: 34.0
feature_occurency: [50, 50, 50, 50, 50, 50, 50, 50, 50, 50, 50, 50, 50, 50, 50, 50, 50, 50, 50, 50, 50, 50, 50, 50, 50, 50, 50, 50, 50, 50, 50, 50, 50, 50]

Generation 6
Average: 0.8905 Best: 0.9202
Best Individual: 
C0 15|0|26|17|20|5|6|2|4|10|22|33|18|27|7|11|9|23|32|13|29|3|8|25|19|21|28|31|16|1|14|30|24|12|
Overall Best: 0.9345 Generation: 5
length: 34.0
feature_occurency: [50, 50, 50, 50, 50, 50, 50, 50, 50, 50, 50, 50, 50, 50, 50, 50, 50, 50, 50, 50, 50, 50, 50, 50, 50, 50, 50, 50, 50, 50, 50, 50, 50, 50]

Generation 7
Average: 0.8920 Best: 0.9202
Best Individual: 
C0 15|12|26|17|20|5|6|2|4|10|22|33|18|27|7|11|9|23|32|13|29|3|8|25|19|21|28|31|16|1|14|30|24|0|
Overall Best: 0.9345 Generation: 5
length: 34.0
feature_occurency: [50, 50, 50, 50, 50, 50, 50, 50, 50, 50, 50, 50, 50, 50, 50, 50, 50, 50, 50, 50, 50, 50, 50, 50, 50, 50, 50, 50, 50, 50, 50, 50, 50, 50]

Generation 8
Average: 0.8936 Best: 0.9145
Best Individual: 
C0 15|1|26|17|20|5|6|16|7|10|4|33|22|25|8|11|31|23|19|0|29|21|13|12|32|3|28|9|2|27|18|30|24|14|
Overall Best: 0.9345 Generation: 5
length: 34.0
feature_occurency: [50, 50, 50, 50, 50, 50, 50, 50, 50, 50, 50, 50, 50, 50, 50, 50, 50, 50, 50, 50, 50, 50, 50, 50, 50, 50, 50, 50, 50, 50, 50, 50, 50, 50]

Generation 9
Average: 0.8899 Best: 0.9088
Best Individual: 
C0 16|18|1|33|10|23|31|7|22|32|4|6|17|26|5|28|8|0|21|20|12|11|14|25|30|2|15|27|3|13|9|19|24|29|
Overall Best: 0.9345 Generation: 5
length: 34.0
feature_occurency: [50, 50, 50, 50, 50, 50, 50, 50, 50, 50, 50, 50, 50, 50, 50, 50, 50, 50, 50, 50, 50, 50, 50, 50, 50, 50, 50, 50, 50, 50, 50, 50, 50, 50]

Generation 10
Average: 0.8898 Best: 0.9373
Best Individual: 
C0 33|3|26|23|15|29|27|2|19|25|4|22|20|13|31|8|30|32|18|10|28|16|21|6|9|12|17|0|11|24|5|7|14|1|
Overall Best: 0.9373 Generation: 10
length: 34.0
feature_occurency: [50, 50, 50, 50, 50, 50, 50, 50, 50, 50, 50, 50, 50, 50, 50, 50, 50, 50, 50, 50, 50, 50, 50, 50, 50, 50, 50, 50, 50, 50, 50, 50, 50, 50]

Generation 11
Average: 0.8896 Best: 0.9174
Best Individual: 
C0 2|27|5|1|25|22|19|33|4|14|23|26|20|13|31|8|15|32|18|11|28|16|21|6|9|12|17|0|10|3|7|30|29|24|
Overall Best: 0.9373 Generation: 10
length: 34.0
feature_occurency: [50, 50, 50, 50, 50, 50, 50, 50, 50, 50, 50, 50, 50, 50, 50, 50, 50, 50, 50, 50, 50, 50, 50, 50, 50, 50, 50, 50, 50, 50, 50, 50, 50, 50]

Generation 12
Average: 0.8901 Best: 0.9231
Best Individual: 
C0 2|27|8|15|25|22|19|33|4|14|23|26|20|6|9|5|1|11|18|30|28|16|21|13|31|12|17|0|10|3|7|24|29|32|
Overall Best: 0.9373 Generation: 10
length: 34.0
feature_occurency: [50, 50, 50, 50, 50, 50, 50, 50, 50, 50, 50, 50, 50, 50, 50, 50, 50, 50, 50, 50, 50, 50, 50, 50, 50, 50, 50, 50, 50, 50, 50, 50, 50, 50]

Generation 13
Average: 0.8912 Best: 0.9231
Best Individual: 
C0 5|17|33|23|7|4|6|0|26|32|28|30|14|15|27|16|29|31|22|12|24|9|25|8|11|10|21|13|19|3|1|18|20|2|
Overall Best: 0.9373 Generation: 10
length: 34.0
feature_occurency: [50, 50, 50, 50, 50, 50, 50, 50, 50, 50, 50, 50, 50, 50, 50, 50, 50, 50, 50, 50, 50, 50, 50, 50, 50, 50, 50, 50, 50, 50, 50, 50, 50, 50]

Generation 14
Average: 0.8919 Best: 0.9231
Best Individual: 
C0 33|5|17|23|7|4|6|0|26|32|28|30|14|15|27|16|29|31|22|12|24|9|25|8|11|10|21|13|19|3|1|18|20|2|
Overall Best: 0.9373 Generation: 10
length: 34.0
feature_occurency: [50, 50, 50, 50, 50, 50, 50, 50, 50, 50, 50, 50, 50, 50, 50, 50, 50, 50, 50, 50, 50, 50, 50, 50, 50, 50, 50, 50, 50, 50, 50, 50, 50, 50]

Generation 15
Average: 0.8927 Best: 0.9174
Best Individual: 
C0 2|27|14|15|20|33|21|22|4|11|23|19|25|17|9|5|1|24|18|30|28|16|0|26|31|12|6|13|10|3|7|8|29|32|
Overall Best: 0.9373 Generation: 10
length: 34.0
feature_occurency: [50, 50, 50, 50, 50, 50, 50, 50, 50, 50, 50, 50, 50, 50, 50, 50, 50, 50, 50, 50, 50, 50, 50, 50, 50, 50, 50, 50, 50, 50, 50, 50, 50, 50]

Generation 16
Average: 0.8937 Best: 0.9231
Best Individual: 
C0 23|4|16|10|14|2|17|8|30|15|1|0|24|20|5|33|18|7|25|12|21|13|6|32|26|3|19|29|9|31|22|11|28|27|
Overall Best: 0.9373 Generation: 10
length: 34.0
feature_occurency: [50, 50, 50, 50, 50, 50, 50, 50, 50, 50, 50, 50, 50, 50, 50, 50, 50, 50, 50, 50, 50, 50, 50, 50, 50, 50, 50, 50, 50, 50, 50, 50, 50, 50]

Generation 17
Average: 0.8926 Best: 0.9231
Best Individual: 
C0 23|10|16|4|14|2|17|8|30|15|1|0|24|20|5|33|18|7|31|12|21|13|6|32|26|3|19|29|9|25|22|11|28|27|
Overall Best: 0.9373 Generation: 10
length: 34.0
feature_occurency: [50, 50, 50, 50, 50, 50, 50, 50, 50, 50, 50, 50, 50, 50, 50, 50, 50, 50, 50, 50, 50, 50, 50, 50, 50, 50, 50, 50, 50, 50, 50, 50, 50, 50]

Generation 18
Average: 0.8946 Best: 0.9174
Best Individual: 
C0 20|26|19|5|2|4|6|17|14|12|33|30|10|15|27|23|9|29|25|32|24|31|18|8|1|0|22|3|11|28|16|13|21|7|
Overall Best: 0.9373 Generation: 10
length: 34.0
feature_occurency: [50, 50, 50, 50, 50, 50, 50, 50, 50, 50, 50, 50, 50, 50, 50, 50, 50, 50, 50, 50, 50, 50, 50, 50, 50, 50, 50, 50, 50, 50, 50, 50, 50, 50]

Generation 19
Average: 0.8902 Best: 0.9259
Best Individual: 
C0 12|6|8|17|33|19|4|26|27|15|23|18|1|32|13|5|29|9|31|0|11|24|10|25|21|3|2|16|28|20|22|14|7|30|
Overall Best: 0.9373 Generation: 10
length: 34.0
feature_occurency: [50, 50, 50, 50, 50, 50, 50, 50, 50, 50, 50, 50, 50, 50, 50, 50, 50, 50, 50, 50, 50, 50, 50, 50, 50, 50, 50, 50, 50, 50, 50, 50, 50, 50]

Generation 20
Average: 0.8892 Best: 0.9174
Best Individual: 
C0 0|15|5|1|22|26|6|14|23|4|20|30|7|8|27|24|9|3|33|12|19|25|31|18|11|10|32|29|2|28|17|16|21|13|
Overall Best: 0.9373 Generation: 10
length: 34.0
feature_occurency: [50, 50, 50, 50, 50, 50, 50, 50, 50, 50, 50, 50, 50, 50, 50, 50, 50, 50, 50, 50, 50, 50, 50, 50, 50, 50, 50, 50, 50, 50, 50, 50, 50, 50]

Generation 21
Average: 0.8906 Best: 0.9174
Best Individual: 
C0 17|2|0|7|16|1|8|14|23|4|32|10|5|21|6|22|13|19|12|24|33|26|9|18|15|3|31|20|25|29|28|11|27|30|
Overall Best: 0.9373 Generation: 10
length: 34.0
feature_occurency: [50, 50, 50, 50, 50, 50, 50, 50, 50, 50, 50, 50, 50, 50, 50, 50, 50, 50, 50, 50, 50, 50, 50, 50, 50, 50, 50, 50, 50, 50, 50, 50, 50, 50]

Generation 22
Average: 0.8932 Best: 0.9288
Best Individual: 
C0 21|1|33|28|27|26|14|4|6|8|15|23|25|19|17|0|22|18|32|30|29|13|16|2|31|12|10|9|7|11|24|20|3|5|
Overall Best: 0.9373 Generation: 10
length: 34.0
feature_occurency: [50, 50, 50, 50, 50, 50, 50, 50, 50, 50, 50, 50, 50, 50, 50, 50, 50, 50, 50, 50, 50, 50, 50, 50, 50, 50, 50, 50, 50, 50, 50, 50, 50, 50]

Generation 23
Average: 0.8908 Best: 0.9259
Best Individual: 
C0 15|14|20|12|22|26|1|23|13|0|4|9|19|18|5|27|25|33|7|6|30|31|3|8|11|10|32|29|2|28|17|16|21|24|
Overall Best: 0.9373 Generation: 10
length: 34.0
feature_occurency: [50, 50, 50, 50, 50, 50, 50, 50, 50, 50, 50, 50, 50, 50, 50, 50, 50, 50, 50, 50, 50, 50, 50, 50, 50, 50, 50, 50, 50, 50, 50, 50, 50, 50]

Generation 24
Average: 0.8862 Best: 0.9174
Best Individual: 
C0 9|19|1|26|18|6|14|4|23|8|15|12|0|22|31|27|17|11|32|30|13|29|16|2|25|21|20|24|3|10|7|5|28|33|
Overall Best: 0.9373 Generation: 10
length: 34.0
feature_occurency: [50, 50, 50, 50, 50, 50, 50, 50, 50, 50, 50, 50, 50, 50, 50, 50, 50, 50, 50, 50, 50, 50, 50, 50, 50, 50, 50, 50, 50, 50, 50, 50, 50, 50]

Generation 25
Average: 0.8905 Best: 0.9202
Best Individual: 
C0 14|23|21|4|1|5|33|26|0|13|17|19|11|16|27|18|9|31|6|30|3|29|32|7|8|24|15|20|25|28|12|10|22|2|
Overall Best: 0.9373 Generation: 10
length: 34.0
feature_occurency: [50, 50, 50, 50, 50, 50, 50, 50, 50, 50, 50, 50, 50, 50, 50, 50, 50, 50, 50, 50, 50, 50, 50, 50, 50, 50, 50, 50, 50, 50, 50, 50, 50, 50]

Generation 26
Average: 0.8873 Best: 0.9117
Best Individual: 
C0 28|32|19|10|14|20|1|23|21|4|0|8|33|27|5|6|9|3|18|12|31|16|29|17|22|24|2|13|11|25|7|15|30|26|
Overall Best: 0.9373 Generation: 10
length: 34.0
feature_occurency: [50, 50, 50, 50, 50, 50, 50, 50, 50, 50, 50, 50, 50, 50, 50, 50, 50, 50, 50, 50, 50, 50, 50, 50, 50, 50, 50, 50, 50, 50, 50, 50, 50, 50]

Generation 27
Average: 0.8914 Best: 0.9174
Best Individual: 
C0 19|22|2|1|4|28|33|11|14|15|26|23|27|16|3|20|21|17|6|24|10|31|8|0|30|5|9|25|32|7|18|29|12|13|
Overall Best: 0.9373 Generation: 10
length: 34.0
feature_occurency: [50, 50, 50, 50, 50, 50, 50, 50, 50, 50, 50, 50, 50, 50, 50, 50, 50, 50, 50, 50, 50, 50, 50, 50, 50, 50, 50, 50, 50, 50, 50, 50, 50, 50]

Generation 28
Average: 0.8897 Best: 0.9259
Best Individual: 
C0 19|12|0|1|4|14|20|33|28|15|26|30|27|16|6|11|22|21|5|24|2|10|8|17|23|3|9|25|32|7|18|29|31|13|
Overall Best: 0.9373 Generation: 10
length: 34.0
feature_occurency: [50, 50, 50, 50, 50, 50, 50, 50, 50, 50, 50, 50, 50, 50, 50, 50, 50, 50, 50, 50, 50, 50, 50, 50, 50, 50, 50, 50, 50, 50, 50, 50, 50, 50]

Generation 29
Average: 0.8876 Best: 0.9259
Best Individual: 
C0 19|12|0|1|4|14|20|33|28|15|26|30|27|21|6|31|22|16|5|24|2|10|8|17|23|3|9|25|32|7|18|29|11|13|
Overall Best: 0.9373 Generation: 10
length: 34.0
feature_occurency: [50, 50, 50, 50, 50, 50, 50, 50, 50, 50, 50, 50, 50, 50, 50, 50, 50, 50, 50, 50, 50, 50, 50, 50, 50, 50, 50, 50, 50, 50, 50, 50, 50, 50]

Generation 30
Average: 0.8901 Best: 0.9202
Best Individual: 
C0 23|20|7|0|2|4|5|11|24|13|15|33|19|30|1|16|31|9|6|22|10|27|28|17|25|21|29|26|32|12|3|8|18|14|
Overall Best: 0.9373 Generation: 10
length: 34.0
feature_occurency: [50, 50, 50, 50, 50, 50, 50, 50, 50, 50, 50, 50, 50, 50, 50, 50, 50, 50, 50, 50, 50, 50, 50, 50, 50, 50, 50, 50, 50, 50, 50, 50, 50, 50]

Generation 31
Average: 0.8912 Best: 0.9202
Best Individual: 
C0 23|20|7|0|2|4|5|11|24|13|15|33|19|30|1|16|31|25|6|22|10|27|28|17|9|21|29|26|32|12|3|8|18|14|
Overall Best: 0.9373 Generation: 10
length: 34.0
feature_occurency: [50, 50, 50, 50, 50, 50, 50, 50, 50, 50, 50, 50, 50, 50, 50, 50, 50, 50, 50, 50, 50, 50, 50, 50, 50, 50, 50, 50, 50, 50, 50, 50, 50, 50]

Generation 32
Average: 0.8909 Best: 0.9117
Best Individual: 
C0 0|1|20|19|33|2|14|13|27|23|7|11|17|3|16|26|30|31|6|29|10|5|12|24|15|21|28|25|32|9|18|8|22|4|
Overall Best: 0.9373 Generation: 10
length: 34.0
feature_occurency: [50, 50, 50, 50, 50, 50, 50, 50, 50, 50, 50, 50, 50, 50, 50, 50, 50, 50, 50, 50, 50, 50, 50, 50, 50, 50, 50, 50, 50, 50, 50, 50, 50, 50]

Generation 33
Average: 0.8912 Best: 0.9174
Best Individual: 
C0 29|12|0|13|28|14|4|26|6|22|20|24|19|9|8|32|30|3|18|33|2|27|15|21|25|5|23|11|31|16|10|17|1|7|
Overall Best: 0.9373 Generation: 10
length: 34.0
feature_occurency: [50, 50, 50, 50, 50, 50, 50, 50, 50, 50, 50, 50, 50, 50, 50, 50, 50, 50, 50, 50, 50, 50, 50, 50, 50, 50, 50, 50, 50, 50, 50, 50, 50, 50]

Generation 34
Average: 0.8929 Best: 0.9231
Best Individual: 
C0 20|23|5|6|8|28|33|13|14|4|12|26|16|15|21|27|25|22|2|0|10|24|18|31|30|17|9|7|32|1|19|29|11|3|
Overall Best: 0.9373 Generation: 10
length: 34.0
feature_occurency: [50, 50, 50, 50, 50, 50, 50, 50, 50, 50, 50, 50, 50, 50, 50, 50, 50, 50, 50, 50, 50, 50, 50, 50, 50, 50, 50, 50, 50, 50, 50, 50, 50, 50]

Generation 35
Average: 0.8881 Best: 0.9117
Best Individual: 
C0 5|28|16|14|4|22|0|25|9|30|26|33|32|18|7|2|17|27|23|8|20|29|10|24|3|12|19|15|11|31|6|1|21|13|
Overall Best: 0.9373 Generation: 10
length: 34.0
feature_occurency: [50, 50, 50, 50, 50, 50, 50, 50, 50, 50, 50, 50, 50, 50, 50, 50, 50, 50, 50, 50, 50, 50, 50, 50, 50, 50, 50, 50, 50, 50, 50, 50, 50, 50]

Generation 36
Average: 0.8912 Best: 0.9174
Best Individual: 
C0 0|16|21|4|26|28|7|33|23|2|20|24|1|6|12|25|3|22|27|32|14|18|15|9|30|5|11|17|13|29|19|10|31|8|
Overall Best: 0.9373 Generation: 10
length: 34.0
feature_occurency: [50, 50, 50, 50, 50, 50, 50, 50, 50, 50, 50, 50, 50, 50, 50, 50, 50, 50, 50, 50, 50, 50, 50, 50, 50, 50, 50, 50, 50, 50, 50, 50, 50, 50]

Generation 37
Average: 0.8916 Best: 0.9259
Best Individual: 
C0 0|17|21|4|26|28|7|33|23|2|20|13|1|31|12|25|3|22|27|32|14|24|15|9|30|5|11|16|18|29|19|10|6|8|
Overall Best: 0.9373 Generation: 10
length: 34.0
feature_occurency: [50, 50, 50, 50, 50, 50, 50, 50, 50, 50, 50, 50, 50, 50, 50, 50, 50, 50, 50, 50, 50, 50, 50, 50, 50, 50, 50, 50, 50, 50, 50, 50, 50, 50]

Generation 38
Average: 0.8898 Best: 0.9259
Best Individual: 
C0 1|33|28|21|3|4|19|12|27|10|26|23|25|30|8|11|24|13|15|22|31|5|18|9|7|32|29|16|20|14|2|0|6|17|
Overall Best: 0.9373 Generation: 10
length: 34.0
feature_occurency: [50, 50, 50, 50, 50, 50, 50, 50, 50, 50, 50, 50, 50, 50, 50, 50, 50, 50, 50, 50, 50, 50, 50, 50, 50, 50, 50, 50, 50, 50, 50, 50, 50, 50]

Generation 39
Average: 0.8895 Best: 0.9174
Best Individual: 
C0 24|11|6|20|2|14|32|22|8|23|12|18|17|30|16|13|25|5|3|7|9|10|29|33|28|21|31|19|1|26|4|27|15|0|
Overall Best: 0.9373 Generation: 10
length: 34.0
feature_occurency: [50, 50, 50, 50, 50, 50, 50, 50, 50, 50, 50, 50, 50, 50, 50, 50, 50, 50, 50, 50, 50, 50, 50, 50, 50, 50, 50, 50, 50, 50, 50, 50, 50, 50]

Generation 40
Average: 0.8881 Best: 0.9174
Best Individual: 
C0 24|11|6|20|2|14|32|22|8|23|12|18|17|30|16|13|25|5|3|7|9|10|29|33|28|21|31|19|1|26|4|27|15|0|
Overall Best: 0.9373 Generation: 10
length: 34.0
feature_occurency: [50, 50, 50, 50, 50, 50, 50, 50, 50, 50, 50, 50, 50, 50, 50, 50, 50, 50, 50, 50, 50, 50, 50, 50, 50, 50, 50, 50, 50, 50, 50, 50, 50, 50]

Generation 41
Average: 0.8920 Best: 0.9202
Best Individual: 
C0 26|25|30|23|27|14|11|4|6|1|22|15|12|20|16|13|8|7|3|5|9|24|29|33|2|21|32|19|10|18|31|0|28|17|
Overall Best: 0.9373 Generation: 10
length: 34.0
feature_occurency: [50, 50, 50, 50, 50, 50, 50, 50, 50, 50, 50, 50, 50, 50, 50, 50, 50, 50, 50, 50, 50, 50, 50, 50, 50, 50, 50, 50, 50, 50, 50, 50, 50, 50]

Generation 42
Average: 0.8899 Best: 0.9202
Best Individual: 
C0 14|10|31|11|28|1|4|0|15|2|26|8|12|29|33|16|5|13|22|23|20|24|21|9|3|19|30|18|32|17|27|6|7|25|
Overall Best: 0.9373 Generation: 10
length: 34.0
feature_occurency: [50, 50, 50, 50, 50, 50, 50, 50, 50, 50, 50, 50, 50, 50, 50, 50, 50, 50, 50, 50, 50, 50, 50, 50, 50, 50, 50, 50, 50, 50, 50, 50, 50, 50]

Generation 43
Average: 0.8868 Best: 0.9174
Best Individual: 
C0 10|22|19|23|26|20|14|27|15|6|33|8|11|28|21|25|24|13|31|32|30|5|18|4|1|29|0|16|9|17|12|7|2|3|
Overall Best: 0.9373 Generation: 10
length: 34.0
feature_occurency: [50, 50, 50, 50, 50, 50, 50, 50, 50, 50, 50, 50, 50, 50, 50, 50, 50, 50, 50, 50, 50, 50, 50, 50, 50, 50, 50, 50, 50, 50, 50, 50, 50, 50]

Generation 44
Average: 0.8924 Best: 0.9145
Best Individual: 
C0 24|33|32|27|2|19|4|11|1|23|12|18|17|28|31|21|25|5|3|7|9|10|29|6|30|8|16|13|0|26|14|20|15|22|
Overall Best: 0.9373 Generation: 10
length: 34.0
feature_occurency: [50, 50, 50, 50, 50, 50, 50, 50, 50, 50, 50, 50, 50, 50, 50, 50, 50, 50, 50, 50, 50, 50, 50, 50, 50, 50, 50, 50, 50, 50, 50, 50, 50, 50]

Generation 45
Average: 0.8889 Best: 0.9231
Best Individual: 
C0 24|8|4|27|2|19|32|23|1|26|6|3|30|10|21|0|5|33|18|31|20|28|29|12|17|7|16|13|11|22|14|9|15|25|
Overall Best: 0.9373 Generation: 10
length: 34.0
feature_occurency: [50, 50, 50, 50, 50, 50, 50, 50, 50, 50, 50, 50, 50, 50, 50, 50, 50, 50, 50, 50, 50, 50, 50, 50, 50, 50, 50, 50, 50, 50, 50, 50, 50, 50]

Generation 46
Average: 0.8922 Best: 0.9259
Best Individual: 
C0 33|29|4|27|13|19|24|23|1|20|6|3|26|30|7|0|5|8|18|31|25|28|12|22|17|21|16|2|14|32|11|10|15|9|
Overall Best: 0.9373 Generation: 10
length: 34.0
feature_occurency: [50, 50, 50, 50, 50, 50, 50, 50, 50, 50, 50, 50, 50, 50, 50, 50, 50, 50, 50, 50, 50, 50, 50, 50, 50, 50, 50, 50, 50, 50, 50, 50, 50, 50]

Generation 47
Average: 0.8892 Best: 0.9231
Best Individual: 
C0 20|6|26|33|13|2|31|0|23|19|27|4|17|14|3|25|1|5|24|28|10|16|21|8|11|9|18|30|29|32|7|22|12|15|
Overall Best: 0.9373 Generation: 10
length: 34.0
feature_occurency: [50, 50, 50, 50, 50, 50, 50, 50, 50, 50, 50, 50, 50, 50, 50, 50, 50, 50, 50, 50, 50, 50, 50, 50, 50, 50, 50, 50, 50, 50, 50, 50, 50, 50]

Generation 48
Average: 0.8907 Best: 0.9231
Best Individual: 
C0 20|6|26|33|13|2|31|0|23|19|27|4|17|14|3|25|22|5|24|28|10|16|18|8|11|9|21|30|29|32|7|15|12|1|
Overall Best: 0.9373 Generation: 10
length: 34.0
feature_occurency: [50, 50, 50, 50, 50, 50, 50, 50, 50, 50, 50, 50, 50, 50, 50, 50, 50, 50, 50, 50, 50, 50, 50, 50, 50, 50, 50, 50, 50, 50, 50, 50, 50, 50]

Generation 49
Average: 0.8912 Best: 0.9345
Best Individual: 
C0 33|1|4|0|18|2|15|12|21|20|6|3|26|16|22|17|13|8|30|32|28|25|10|27|19|5|29|31|14|23|11|7|24|9|
Overall Best: 0.9373 Generation: 10
length: 34.0
feature_occurency: [50, 50, 50, 50, 50, 50, 50, 50, 50, 50, 50, 50, 50, 50, 50, 50, 50, 50, 50, 50, 50, 50, 50, 50, 50, 50, 50, 50, 50, 50, 50, 50, 50, 50]

Generation 50
Average: 0.8940 Best: 0.9316
Best Individual: 
C0 14|4|11|15|6|31|24|26|29|27|18|19|7|33|30|28|5|12|9|32|2|10|25|22|13|21|1|17|3|16|0|8|20|23|
Overall Best: 0.9373 Generation: 10
length: 34.0
feature_occurency: [50, 50, 50, 50, 50, 50, 50, 50, 50, 50, 50, 50, 50, 50, 50, 50, 50, 50, 50, 50, 50, 50, 50, 50, 50, 50, 50, 50, 50, 50, 50, 50, 50, 50]

Generation 51
Average: 0.8947 Best: 0.9288
Best Individual: 
C0 18|20|30|15|4|27|22|33|23|17|14|19|26|8|2|24|12|29|31|32|10|5|28|3|0|7|6|25|13|9|11|21|1|16|
Overall Best: 0.9373 Generation: 10
length: 34.0
feature_occurency: [50, 50, 50, 50, 50, 50, 50, 50, 50, 50, 50, 50, 50, 50, 50, 50, 50, 50, 50, 50, 50, 50, 50, 50, 50, 50, 50, 50, 50, 50, 50, 50, 50, 50]

Generation 52
Average: 0.8935 Best: 0.9316
Best Individual: 
C0 4|18|30|15|14|1|20|33|17|23|27|13|26|2|8|24|12|29|25|32|10|5|28|3|0|7|6|19|22|31|16|11|21|9|
Overall Best: 0.9373 Generation: 10
length: 34.0
feature_occurency: [50, 50, 50, 50, 50, 50, 50, 50, 50, 50, 50, 50, 50, 50, 50, 50, 50, 50, 50, 50, 50, 50, 50, 50, 50, 50, 50, 50, 50, 50, 50, 50, 50, 50]

Generation 53
Average: 0.8915 Best: 0.9174
Best Individual: 
C0 0|23|2|15|19|17|10|33|20|27|14|4|26|29|12|24|9|30|7|1|25|11|8|28|18|31|32|3|6|22|16|13|21|5|
Overall Best: 0.9373 Generation: 10
length: 34.0
feature_occurency: [50, 50, 50, 50, 50, 50, 50, 50, 50, 50, 50, 50, 50, 50, 50, 50, 50, 50, 50, 50, 50, 50, 50, 50, 50, 50, 50, 50, 50, 50, 50, 50, 50, 50]

Generation 54
Average: 0.8937 Best: 0.9259
Best Individual: 
C0 30|17|23|4|0|20|29|1|33|12|14|18|26|8|2|5|10|25|15|6|13|9|21|27|32|7|22|11|19|3|28|31|24|16|
Overall Best: 0.9373 Generation: 10
length: 34.0
feature_occurency: [50, 50, 50, 50, 50, 50, 50, 50, 50, 50, 50, 50, 50, 50, 50, 50, 50, 50, 50, 50, 50, 50, 50, 50, 50, 50, 50, 50, 50, 50, 50, 50, 50, 50]

Generation 55
Average: 0.8965 Best: 0.9316
Best Individual: 
C0 30|0|23|4|17|20|29|22|33|12|14|18|26|8|2|5|10|25|15|16|13|9|21|27|32|7|1|11|19|3|28|31|24|6|
Overall Best: 0.9373 Generation: 10
length: 34.0
feature_occurency: [50, 50, 50, 50, 50, 50, 50, 50, 50, 50, 50, 50, 50, 50, 50, 50, 50, 50, 50, 50, 50, 50, 50, 50, 50, 50, 50, 50, 50, 50, 50, 50, 50, 50]

Generation 56
Average: 0.8937 Best: 0.9259
Best Individual: 
C0 15|0|19|4|17|2|29|22|33|12|14|18|26|5|20|8|24|25|10|16|23|9|21|27|32|7|1|11|13|3|28|31|30|6|
Overall Best: 0.9373 Generation: 10
length: 34.0
feature_occurency: [50, 50, 50, 50, 50, 50, 50, 50, 50, 50, 50, 50, 50, 50, 50, 50, 50, 50, 50, 50, 50, 50, 50, 50, 50, 50, 50, 50, 50, 50, 50, 50, 50, 50]

Generation 57
Average: 0.8968 Best: 0.9231
Best Individual: 
C0 2|17|21|27|0|4|29|1|33|12|14|18|26|5|20|8|32|25|23|7|6|9|15|30|22|13|11|24|19|3|28|31|10|16|
Overall Best: 0.9373 Generation: 10
length: 34.0
feature_occurency: [50, 50, 50, 50, 50, 50, 50, 50, 50, 50, 50, 50, 50, 50, 50, 50, 50, 50, 50, 50, 50, 50, 50, 50, 50, 50, 50, 50, 50, 50, 50, 50, 50, 50]

Generation 58
Average: 0.8913 Best: 0.9259
Best Individual: 
C0 23|17|21|27|0|29|14|15|26|12|18|4|33|31|1|8|32|25|2|7|6|9|20|30|22|13|11|24|19|3|28|5|10|16|
Overall Best: 0.9373 Generation: 10
length: 34.0
feature_occurency: [50, 50, 50, 50, 50, 50, 50, 50, 50, 50, 50, 50, 50, 50, 50, 50, 50, 50, 50, 50, 50, 50, 50, 50, 50, 50, 50, 50, 50, 50, 50, 50, 50, 50]

Generation 59
Average: 0.8938 Best: 0.9259
Best Individual: 
C0 23|17|21|27|0|29|14|15|26|12|18|4|33|31|1|8|32|10|2|7|6|9|20|30|22|13|11|19|24|3|28|5|25|16|
Overall Best: 0.9373 Generation: 10
length: 34.0
feature_occurency: [50, 50, 50, 50, 50, 50, 50, 50, 50, 50, 50, 50, 50, 50, 50, 50, 50, 50, 50, 50, 50, 50, 50, 50, 50, 50, 50, 50, 50, 50, 50, 50, 50, 50]

Generation 60
Average: 0.8896 Best: 0.9174
Best Individual: 
C0 10|27|20|33|32|26|12|29|8|19|4|23|3|25|18|24|31|7|14|6|9|5|28|11|30|15|0|13|21|16|22|17|1|2|
Overall Best: 0.9373 Generation: 10
length: 34.0
feature_occurency: [50, 50, 50, 50, 50, 50, 50, 50, 50, 50, 50, 50, 50, 50, 50, 50, 50, 50, 50, 50, 50, 50, 50, 50, 50, 50, 50, 50, 50, 50, 50, 50, 50, 50]

Generation 61
Average: 0.8944 Best: 0.9288
Best Individual: 
C0 10|27|12|25|32|26|20|29|8|19|4|23|3|33|18|2|31|7|14|6|9|5|28|11|30|15|22|13|21|16|0|17|1|24|
Overall Best: 0.9373 Generation: 10
length: 34.0
feature_occurency: [50, 50, 50, 50, 50, 50, 50, 50, 50, 50, 50, 50, 50, 50, 50, 50, 50, 50, 50, 50, 50, 50, 50, 50, 50, 50, 50, 50, 50, 50, 50, 50, 50, 50]

Generation 62
Average: 0.8941 Best: 0.9259
Best Individual: 
C0 1|0|18|6|31|23|21|33|19|12|14|20|4|13|27|24|26|28|2|7|10|11|17|15|3|22|30|8|25|9|29|5|32|16|
Overall Best: 0.9373 Generation: 10
length: 34.0
feature_occurency: [50, 50, 50, 50, 50, 50, 50, 50, 50, 50, 50, 50, 50, 50, 50, 50, 50, 50, 50, 50, 50, 50, 50, 50, 50, 50, 50, 50, 50, 50, 50, 50, 50, 50]

Generation 63
Average: 0.8919 Best: 0.9259
Best Individual: 
C0 21|27|12|33|4|1|20|14|8|19|25|23|3|0|18|2|31|7|29|6|9|10|5|24|22|16|13|30|32|11|28|26|17|15|
Overall Best: 0.9373 Generation: 10
length: 34.0
feature_occurency: [50, 50, 50, 50, 50, 50, 50, 50, 50, 50, 50, 50, 50, 50, 50, 50, 50, 50, 50, 50, 50, 50, 50, 50, 50, 50, 50, 50, 50, 50, 50, 50, 50, 50]

Generation 64
Average: 0.8893 Best: 0.9288
Best Individual: 
C0 19|2|5|3|14|1|23|24|33|21|4|26|32|16|30|8|13|9|7|10|18|0|28|17|15|6|29|12|25|22|31|11|27|20|
Overall Best: 0.9373 Generation: 10
length: 34.0
feature_occurency: [50, 50, 50, 50, 50, 50, 50, 50, 50, 50, 50, 50, 50, 50, 50, 50, 50, 50, 50, 50, 50, 50, 50, 50, 50, 50, 50, 50, 50, 50, 50, 50, 50, 50]

Generation 65
Average: 0.8919 Best: 0.9288
Best Individual: 
C0 19|2|5|3|14|24|23|1|33|21|4|26|32|16|30|0|13|9|7|10|18|17|28|8|15|6|29|12|25|22|31|11|27|20|
Overall Best: 0.9373 Generation: 10
length: 34.0
feature_occurency: [50, 50, 50, 50, 50, 50, 50, 50, 50, 50, 50, 50, 50, 50, 50, 50, 50, 50, 50, 50, 50, 50, 50, 50, 50, 50, 50, 50, 50, 50, 50, 50, 50, 50]

Generation 66
Average: 0.8900 Best: 0.9316
Best Individual: 
C0 23|11|18|20|19|14|33|4|27|7|21|2|31|24|12|6|13|1|25|5|0|17|32|10|3|8|29|26|30|16|9|28|22|15|
Overall Best: 0.9373 Generation: 10
length: 34.0
feature_occurency: [50, 50, 50, 50, 50, 50, 50, 50, 50, 50, 50, 50, 50, 50, 50, 50, 50, 50, 50, 50, 50, 50, 50, 50, 50, 50, 50, 50, 50, 50, 50, 50, 50, 50]

Generation 67
Average: 0.8927 Best: 0.9316
Best Individual: 
C0 31|11|18|20|19|2|21|4|27|7|33|14|23|24|12|6|16|1|25|5|0|17|32|10|3|8|29|26|30|13|9|28|22|15|
Overall Best: 0.9373 Generation: 10
length: 34.0
feature_occurency: [50, 50, 50, 50, 50, 50, 50, 50, 50, 50, 50, 50, 50, 50, 50, 50, 50, 50, 50, 50, 50, 50, 50, 50, 50, 50, 50, 50, 50, 50, 50, 50, 50, 50]

Generation 68
Average: 0.8908 Best: 0.9202
Best Individual: 
C0 2|27|26|14|23|22|33|16|4|19|1|32|20|21|30|5|13|10|7|9|18|17|28|15|8|6|29|12|25|11|31|24|3|0|
Overall Best: 0.9373 Generation: 10
length: 34.0
feature_occurency: [50, 50, 50, 50, 50, 50, 50, 50, 50, 50, 50, 50, 50, 50, 50, 50, 50, 50, 50, 50, 50, 50, 50, 50, 50, 50, 50, 50, 50, 50, 50, 50, 50, 50]

Generation 69
Average: 0.8926 Best: 0.9202
Best Individual: 
C0 19|2|22|28|12|4|6|23|33|24|3|15|0|25|7|9|13|10|16|14|27|31|21|18|20|1|5|8|29|32|17|11|26|30|
Overall Best: 0.9373 Generation: 10
length: 34.0
feature_occurency: [50, 50, 50, 50, 50, 50, 50, 50, 50, 50, 50, 50, 50, 50, 50, 50, 50, 50, 50, 50, 50, 50, 50, 50, 50, 50, 50, 50, 50, 50, 50, 50, 50, 50]

Generation 70
Average: 0.8933 Best: 0.9202
Best Individual: 
C0 19|2|22|28|12|23|6|4|33|24|3|15|0|25|7|9|13|10|16|14|27|31|21|8|20|1|5|18|29|32|17|11|26|30|
Overall Best: 0.9373 Generation: 10
length: 34.0
feature_occurency: [50, 50, 50, 50, 50, 50, 50, 50, 50, 50, 50, 50, 50, 50, 50, 50, 50, 50, 50, 50, 50, 50, 50, 50, 50, 50, 50, 50, 50, 50, 50, 50, 50, 50]

Generation 71
Average: 0.8960 Best: 0.9202
Best Individual: 
C0 19|2|28|22|12|23|6|4|33|24|3|15|0|25|7|31|29|10|20|14|27|9|21|8|16|1|5|18|13|32|17|11|26|30|
Overall Best: 0.9373 Generation: 10
length: 34.0
feature_occurency: [50, 50, 50, 50, 50, 50, 50, 50, 50, 50, 50, 50, 50, 50, 50, 50, 50, 50, 50, 50, 50, 50, 50, 50, 50, 50, 50, 50, 50, 50, 50, 50, 50, 50]

Generation 72
Average: 0.8906 Best: 0.9202
Best Individual: 
C0 19|20|28|22|2|23|6|4|33|24|3|15|0|25|13|5|29|10|12|14|27|7|21|8|16|1|31|18|9|32|17|11|26|30|
Overall Best: 0.9373 Generation: 10
length: 34.0
feature_occurency: [50, 50, 50, 50, 50, 50, 50, 50, 50, 50, 50, 50, 50, 50, 50, 50, 50, 50, 50, 50, 50, 50, 50, 50, 50, 50, 50, 50, 50, 50, 50, 50, 50, 50]

Generation 73
Average: 0.8917 Best: 0.9174
Best Individual: 
C0 2|4|19|1|7|10|26|23|31|6|16|14|13|17|30|24|5|3|18|22|27|9|32|28|15|20|21|12|11|0|33|29|25|8|
Overall Best: 0.9373 Generation: 10
length: 34.0
feature_occurency: [50, 50, 50, 50, 50, 50, 50, 50, 50, 50, 50, 50, 50, 50, 50, 50, 50, 50, 50, 50, 50, 50, 50, 50, 50, 50, 50, 50, 50, 50, 50, 50, 50, 50]

Generation 74
Average: 0.8926 Best: 0.9202
Best Individual: 
C0 7|10|20|33|23|30|28|6|8|11|12|5|14|22|32|3|13|1|25|2|21|17|29|9|0|15|18|26|31|4|19|24|16|27|
Overall Best: 0.9373 Generation: 10
length: 34.0
feature_occurency: [50, 50, 50, 50, 50, 50, 50, 50, 50, 50, 50, 50, 50, 50, 50, 50, 50, 50, 50, 50, 50, 50, 50, 50, 50, 50, 50, 50, 50, 50, 50, 50, 50, 50]

Generation 75
Average: 0.8933 Best: 0.9231
Best Individual: 
C0 19|11|17|1|5|26|3|23|33|4|28|20|22|25|27|21|15|18|16|12|2|10|9|14|8|0|30|6|7|32|24|29|31|13|
Overall Best: 0.9373 Generation: 10
length: 34.0
feature_occurency: [50, 50, 50, 50, 50, 50, 50, 50, 50, 50, 50, 50, 50, 50, 50, 50, 50, 50, 50, 50, 50, 50, 50, 50, 50, 50, 50, 50, 50, 50, 50, 50, 50, 50]

Generation 76
Average: 0.8939 Best: 0.9231
Best Individual: 
C0 19|11|17|1|5|26|3|23|33|4|28|20|22|25|18|8|15|27|16|12|2|10|9|14|21|0|30|6|7|32|24|29|31|13|
Overall Best: 0.9373 Generation: 10
length: 34.0
feature_occurency: [50, 50, 50, 50, 50, 50, 50, 50, 50, 50, 50, 50, 50, 50, 50, 50, 50, 50, 50, 50, 50, 50, 50, 50, 50, 50, 50, 50, 50, 50, 50, 50, 50, 50]

Generation 77
Average: 0.8924 Best: 0.9345
Best Individual: 
C0 20|6|14|23|7|11|32|4|19|17|33|1|26|22|18|30|25|12|16|29|2|8|27|10|0|21|28|13|15|24|3|9|31|5|
Overall Best: 0.9373 Generation: 10
length: 34.0
feature_occurency: [50, 50, 50, 50, 50, 50, 50, 50, 50, 50, 50, 50, 50, 50, 50, 50, 50, 50, 50, 50, 50, 50, 50, 50, 50, 50, 50, 50, 50, 50, 50, 50, 50, 50]

Generation 78
Average: 0.8915 Best: 0.9345
Best Individual: 
C0 20|6|14|23|7|11|32|4|19|17|33|1|26|22|18|30|25|12|16|29|2|8|27|10|0|21|28|13|15|24|3|9|31|5|
Overall Best: 0.9373 Generation: 10
length: 34.0
feature_occurency: [50, 50, 50, 50, 50, 50, 50, 50, 50, 50, 50, 50, 50, 50, 50, 50, 50, 50, 50, 50, 50, 50, 50, 50, 50, 50, 50, 50, 50, 50, 50, 50, 50, 50]

Generation 79
Average: 0.8899 Best: 0.9174
Best Individual: 
C0 20|6|14|29|7|31|32|4|19|17|28|1|26|22|18|30|25|12|16|23|2|8|27|10|13|21|33|0|15|24|3|9|11|5|
Overall Best: 0.9373 Generation: 10
length: 34.0
feature_occurency: [50, 50, 50, 50, 50, 50, 50, 50, 50, 50, 50, 50, 50, 50, 50, 50, 50, 50, 50, 50, 50, 50, 50, 50, 50, 50, 50, 50, 50, 50, 50, 50, 50, 50]

Generation 80
Average: 0.8940 Best: 0.9202
Best Individual: 
C0 15|10|24|5|23|14|4|13|2|26|16|7|0|9|19|1|20|25|21|8|12|18|29|31|3|30|27|28|33|22|6|32|11|17|
Overall Best: 0.9373 Generation: 10
length: 34.0
feature_occurency: [50, 50, 50, 50, 50, 50, 50, 50, 50, 50, 50, 50, 50, 50, 50, 50, 50, 50, 50, 50, 50, 50, 50, 50, 50, 50, 50, 50, 50, 50, 50, 50, 50, 50]

Generation 81
Average: 0.8926 Best: 0.9202
Best Individual: 
C0 15|23|24|5|16|14|4|1|2|26|10|7|0|9|19|13|20|25|33|8|12|18|29|31|3|30|27|28|21|22|6|32|11|17|
Overall Best: 0.9373 Generation: 10
length: 34.0
feature_occurency: [50, 50, 50, 50, 50, 50, 50, 50, 50, 50, 50, 50, 50, 50, 50, 50, 50, 50, 50, 50, 50, 50, 50, 50, 50, 50, 50, 50, 50, 50, 50, 50, 50, 50]

Generation 82
Average: 0.8950 Best: 0.9202
Best Individual: 
C0 20|8|26|4|0|28|19|6|14|22|27|10|15|30|25|29|18|13|7|3|33|1|32|17|31|23|24|16|11|12|2|9|21|5|
Overall Best: 0.9373 Generation: 10
length: 34.0
feature_occurency: [50, 50, 50, 50, 50, 50, 50, 50, 50, 50, 50, 50, 50, 50, 50, 50, 50, 50, 50, 50, 50, 50, 50, 50, 50, 50, 50, 50, 50, 50, 50, 50, 50, 50]

Generation 83
Average: 0.8905 Best: 0.9259
Best Individual: 
C0 22|24|0|21|26|11|1|23|4|20|15|7|17|32|25|30|3|5|18|8|9|2|16|10|33|29|6|28|14|19|31|27|13|12|
Overall Best: 0.9373 Generation: 10
length: 34.0
feature_occurency: [50, 50, 50, 50, 50, 50, 50, 50, 50, 50, 50, 50, 50, 50, 50, 50, 50, 50, 50, 50, 50, 50, 50, 50, 50, 50, 50, 50, 50, 50, 50, 50, 50, 50]

Generation 84
Average: 0.8929 Best: 0.9288
Best Individual: 
C0 5|15|26|23|1|4|18|17|14|20|19|33|27|10|28|30|11|7|32|8|21|25|9|16|22|3|13|2|0|24|31|6|12|29|
Overall Best: 0.9373 Generation: 10
length: 34.0
feature_occurency: [50, 50, 50, 50, 50, 50, 50, 50, 50, 50, 50, 50, 50, 50, 50, 50, 50, 50, 50, 50, 50, 50, 50, 50, 50, 50, 50, 50, 50, 50, 50, 50, 50, 50]

Generation 85
Average: 0.8972 Best: 0.9259
Best Individual: 
C0 5|8|26|14|1|4|18|17|23|20|19|33|27|10|28|30|11|7|32|9|21|25|15|6|22|3|13|2|0|24|31|16|12|29|
Overall Best: 0.9373 Generation: 10
length: 34.0
feature_occurency: [50, 50, 50, 50, 50, 50, 50, 50, 50, 50, 50, 50, 50, 50, 50, 50, 50, 50, 50, 50, 50, 50, 50, 50, 50, 50, 50, 50, 50, 50, 50, 50, 50, 50]

Generation 86
Average: 0.8970 Best: 0.9231
Best Individual: 
C0 28|29|4|21|33|19|1|23|0|20|3|22|17|32|13|18|10|14|16|30|15|31|9|26|7|5|11|24|8|12|25|2|6|27|
Overall Best: 0.9373 Generation: 10
length: 34.0
feature_occurency: [50, 50, 50, 50, 50, 50, 50, 50, 50, 50, 50, 50, 50, 50, 50, 50, 50, 50, 50, 50, 50, 50, 50, 50, 50, 50, 50, 50, 50, 50, 50, 50, 50, 50]

Generation 87
Average: 0.8970 Best: 0.9174
Best Individual: 
C0 23|0|33|13|28|26|25|6|29|32|4|7|31|9|3|1|22|15|14|10|5|17|24|2|12|18|16|30|19|8|21|27|20|11|
Overall Best: 0.9373 Generation: 10
length: 34.0
feature_occurency: [50, 50, 50, 50, 50, 50, 50, 50, 50, 50, 50, 50, 50, 50, 50, 50, 50, 50, 50, 50, 50, 50, 50, 50, 50, 50, 50, 50, 50, 50, 50, 50, 50, 50]

Generation 88
Average: 0.8962 Best: 0.9202
Best Individual: 
C0 20|13|7|1|3|23|5|26|4|27|32|22|33|0|17|30|8|12|24|21|10|25|9|29|11|2|6|15|16|14|31|19|18|28|
Overall Best: 0.9373 Generation: 10
length: 34.0
feature_occurency: [50, 50, 50, 50, 50, 50, 50, 50, 50, 50, 50, 50, 50, 50, 50, 50, 50, 50, 50, 50, 50, 50, 50, 50, 50, 50, 50, 50, 50, 50, 50, 50, 50, 50]

Generation 89
Average: 0.8934 Best: 0.9202
Best Individual: 
C0 26|23|1|18|24|33|27|0|14|13|19|4|31|10|25|6|9|2|28|16|8|12|29|15|5|17|20|11|21|22|32|7|3|30|
Overall Best: 0.9373 Generation: 10
length: 34.0
feature_occurency: [50, 50, 50, 50, 50, 50, 50, 50, 50, 50, 50, 50, 50, 50, 50, 50, 50, 50, 50, 50, 50, 50, 50, 50, 50, 50, 50, 50, 50, 50, 50, 50, 50, 50]

Generation 90
Average: 0.8895 Best: 0.9117
Best Individual: 
C0 0|23|12|32|20|18|8|26|30|10|19|4|31|14|25|6|9|2|28|16|27|1|29|15|5|17|11|24|21|22|33|7|3|13|
Overall Best: 0.9373 Generation: 10
length: 34.0
feature_occurency: [50, 50, 50, 50, 50, 50, 50, 50, 50, 50, 50, 50, 50, 50, 50, 50, 50, 50, 50, 50, 50, 50, 50, 50, 50, 50, 50, 50, 50, 50, 50, 50, 50, 50]

Generation 91
Average: 0.8913 Best: 0.9145
Best Individual: 
C0 29|7|6|24|10|19|1|26|31|33|16|14|28|20|27|22|21|23|8|30|11|12|13|25|2|9|15|32|4|5|17|18|3|0|
Overall Best: 0.9373 Generation: 10
length: 34.0
feature_occurency: [50, 50, 50, 50, 50, 50, 50, 50, 50, 50, 50, 50, 50, 50, 50, 50, 50, 50, 50, 50, 50, 50, 50, 50, 50, 50, 50, 50, 50, 50, 50, 50, 50, 50]

Generation 92
Average: 0.8894 Best: 0.9174
Best Individual: 
C0 24|11|23|20|4|26|18|12|14|13|0|33|31|30|17|16|7|9|32|19|1|28|29|25|2|21|22|10|5|8|27|3|6|15|
Overall Best: 0.9373 Generation: 10
length: 34.0
feature_occurency: [50, 50, 50, 50, 50, 50, 50, 50, 50, 50, 50, 50, 50, 50, 50, 50, 50, 50, 50, 50, 50, 50, 50, 50, 50, 50, 50, 50, 50, 50, 50, 50, 50, 50]

Generation 93
Average: 0.8934 Best: 0.9174
Best Individual: 
C0 24|23|7|20|4|26|30|1|19|10|33|2|3|27|29|17|31|16|21|0|11|12|13|9|22|25|32|6|5|28|8|14|15|18|
Overall Best: 0.9373 Generation: 10
length: 34.0
feature_occurency: [50, 50, 50, 50, 50, 50, 50, 50, 50, 50, 50, 50, 50, 50, 50, 50, 50, 50, 50, 50, 50, 50, 50, 50, 50, 50, 50, 50, 50, 50, 50, 50, 50, 50]

Generation 94
Average: 0.8928 Best: 0.9202
Best Individual: 
C0 1|22|18|20|5|19|0|29|4|13|11|23|7|10|25|15|9|6|28|12|32|16|24|2|27|8|30|17|21|14|33|31|3|26|
Overall Best: 0.9373 Generation: 10
length: 34.0
feature_occurency: [50, 50, 50, 50, 50, 50, 50, 50, 50, 50, 50, 50, 50, 50, 50, 50, 50, 50, 50, 50, 50, 50, 50, 50, 50, 50, 50, 50, 50, 50, 50, 50, 50, 50]

Generation 95
Average: 0.8922 Best: 0.9117
Best Individual: 
C0 4|10|25|24|6|15|30|26|18|27|1|14|29|7|2|22|12|23|28|31|32|20|5|21|33|9|13|11|8|19|17|16|3|0|
Overall Best: 0.9373 Generation: 10
length: 34.0
feature_occurency: [50, 50, 50, 50, 50, 50, 50, 50, 50, 50, 50, 50, 50, 50, 50, 50, 50, 50, 50, 50, 50, 50, 50, 50, 50, 50, 50, 50, 50, 50, 50, 50, 50, 50]

Generation 96
Average: 0.8897 Best: 0.9117
Best Individual: 
C0 4|10|25|24|6|15|30|26|18|27|1|14|29|7|2|22|12|23|19|31|32|20|5|21|33|8|13|17|9|28|11|16|3|0|
Overall Best: 0.9373 Generation: 10
length: 34.0
feature_occurency: [50, 50, 50, 50, 50, 50, 50, 50, 50, 50, 50, 50, 50, 50, 50, 50, 50, 50, 50, 50, 50, 50, 50, 50, 50, 50, 50, 50, 50, 50, 50, 50, 50, 50]

Generation 97
Average: 0.8891 Best: 0.9231
Best Individual: 
C0 30|23|33|19|20|4|18|11|24|2|1|26|12|10|29|13|31|32|28|0|25|7|6|17|14|8|5|9|27|22|21|16|3|15|
Overall Best: 0.9373 Generation: 10
length: 34.0
feature_occurency: [50, 50, 50, 50, 50, 50, 50, 50, 50, 50, 50, 50, 50, 50, 50, 50, 50, 50, 50, 50, 50, 50, 50, 50, 50, 50, 50, 50, 50, 50, 50, 50, 50, 50]

Generation 98
Average: 0.8892 Best: 0.9202
Best Individual: 
C0 19|5|17|20|1|6|30|10|23|26|33|22|2|32|27|24|12|25|15|29|4|16|9|0|21|18|28|13|11|8|7|3|31|14|
Overall Best: 0.9373 Generation: 10
length: 34.0
feature_occurency: [50, 50, 50, 50, 50, 50, 50, 50, 50, 50, 50, 50, 50, 50, 50, 50, 50, 50, 50, 50, 50, 50, 50, 50, 50, 50, 50, 50, 50, 50, 50, 50, 50, 50]

Generation 99
Average: 0.8885 Best: 0.9145
Best Individual: 
C0 19|28|0|20|14|6|30|10|23|26|33|22|17|32|27|24|12|25|15|29|4|16|13|2|1|8|5|9|11|18|7|3|31|21|
Overall Best: 0.9373 Generation: 10
==================
    Best individual after 100 generations
    computed in 214.0520 seconds
    329 elements out of 351 correct.
    emerged in generation 10
    with fitness 0.9373
==================

33|3|26|23|15|29|27|2|19|25|4|22|20|13|31|8|30|32|18|10|28|16|21|6|9|12|17|0|11|24|5|7|14|1|
