Starting evolution...

Generation 0
Average: 0.9154 Best: 0.9222
Best Individual: 
C0 0|149|139|3|250|51|6|9|8|97|176|11|12|13|14|155|130|152|234|10|142|21|200|226|24|201|144|196|238|29|30|31|120|79|34|132|36|37|231|241|44|41|42|91|146|45|46|193|248|49|50|158|126|53|167|224|236|57|58|77|177|237|62|63|64|66|65|89|68|230|169|218|220|73|40|75|244|197|33|175|80|203|82|121|84|183|86|254|245|154|90|136|99|194|94|88|212|7|98|92|100|161|102|17|4|216|148|206|108|109|110|111|105|113|195|115|116|219|233|119|239|185|122|67|240|54|52|127|128|19|16|131|182|208|134|135|43|137|138|225|140|27|95|253|70|199|69|38|112|1|150|25|103|246|123|15|165|81|187|232|160|101|104|147|210|74|166|164|168|78|170|114|172|173|174|26|39|60|222|179|180|85|117|181|184|83|106|56|188|189|190|156|192|47|242|20|213|129|198|145|207|157|209|163|204|205|191|202|125|22|133|211|35|141|214|93|186|217|71|96|72|227|178|223|5|61|23|159|228|229|55|151|221|118|18|235|59|243|28|32|124|107|215|2|76|171|153|247|48|249|162|251|252|143|87|255|
Overall Best: 0.9222 Generation: 0

Generation 1
Average: 0.9168 Best: 0.9253
Best Individual: 
C0 0|249|206|248|20|5|6|109|8|133|81|11|12|13|116|62|16|230|149|43|4|165|55|103|24|63|26|69|138|93|30|250|32|33|210|35|106|163|38|240|40|254|181|89|44|45|132|47|48|49|234|51|175|22|78|53|182|200|166|211|60|223|23|31|227|86|156|83|237|82|29|218|72|73|74|160|150|115|96|129|99|112|140|173|193|27|190|95|110|231|232|91|59|70|94|207|67|15|98|80|100|212|102|224|188|105|36|107|235|7|171|75|243|113|114|76|14|117|118|119|159|88|37|141|244|92|54|134|64|242|130|90|52|222|50|135|131|18|120|147|85|123|127|154|151|145|146|122|241|137|209|187|101|221|143|155|121|157|158|179|199|161|17|104|229|56|10|128|168|152|170|42|172|177|195|111|176|28|169|66|180|167|198|183|184|185|226|162|197|144|125|191|192|77|194|174|196|225|178|142|236|201|202|203|204|205|2|87|208|9|34|65|217|213|214|215|216|124|220|1|41|153|57|61|97|21|186|219|228|108|126|245|136|233|253|84|164|68|238|239|39|46|79|58|139|19|246|247|3|25|189|251|252|148|71|255|
Overall Best: 0.9253 Generation: 1

Generation 2
Average: 0.9170 Best: 0.9222
Best Individual: 
C0 239|23|2|135|211|44|163|188|71|9|55|144|12|47|14|131|82|210|18|19|35|21|130|157|5|25|223|27|164|220|113|42|176|98|207|225|36|8|195|243|154|41|227|43|34|45|105|13|48|88|50|51|52|254|208|76|122|92|121|209|175|56|85|236|11|65|134|67|212|69|93|64|72|153|200|126|10|77|246|49|115|7|132|238|38|162|75|235|173|89|90|37|100|116|70|95|120|33|215|170|183|101|102|127|160|165|106|124|108|177|110|111|253|78|114|189|99|1|171|119|245|46|80|182|107|125|3|142|147|53|150|202|230|6|66|148|136|83|129|109|118|255|249|143|158|184|128|146|32|97|22|250|117|86|40|155|152|68|24|228|104|161|4|26|28|205|241|167|168|169|141|140|172|178|234|179|62|112|59|60|244|17|74|133|145|185|186|187|166|191|156|103|192|193|233|84|196|197|214|139|123|201|181|96|39|190|206|137|204|79|15|194|199|81|198|248|0|138|240|219|29|221|222|203|237|16|226|58|159|229|94|231|232|31|174|151|61|224|57|216|73|213|242|54|180|218|30|247|63|91|87|251|252|20|217|149|
Overall Best: 0.9253 Generation: 1

Generation 3
Average: 0.9172 Best: 0.9240
Best Individual: 
C0 100|213|2|17|110|226|216|69|178|42|156|87|125|164|118|114|16|157|7|119|154|21|27|215|209|37|239|22|250|29|74|31|140|108|106|72|120|139|77|49|245|66|102|196|175|168|190|71|38|169|173|3|252|53|192|26|205|57|185|161|204|93|224|63|83|65|94|44|52|181|8|51|35|235|148|55|0|78|228|174|201|15|40|127|189|124|165|11|88|183|210|91|92|223|171|95|96|187|193|203|111|255|75|163|67|105|14|142|180|153|167|229|50|242|225|115|191|39|244|128|89|231|122|195|45|12|10|5|200|129|152|240|132|130|155|20|176|137|81|43|32|141|123|251|144|86|117|79|19|64|133|103|61|227|47|211|90|233|182|109|160|59|246|36|54|56|212|58|135|104|121|30|199|9|237|34|24|150|238|41|162|253|158|241|73|113|247|13|126|84|60|151|33|221|166|188|149|197|145|220|46|170|98|99|116|179|85|177|28|147|23|234|138|254|214|62|186|217|194|82|207|243|222|134|80|112|97|76|218|70|230|172|232|48|143|136|146|184|1|236|131|198|6|68|4|107|18|208|248|249|202|159|219|25|101|206|
Overall Best: 0.9253 Generation: 1

Generation 4
Average: 0.9176 Best: 0.9253
Best Individual: 
C0 19|211|133|214|186|17|241|38|14|1|137|237|167|6|224|135|16|252|42|102|20|21|210|199|145|196|72|193|162|11|2|22|32|74|86|35|208|67|132|129|111|82|230|43|116|66|190|47|117|105|70|51|151|239|206|12|56|158|44|59|166|125|18|63|91|48|205|160|87|170|152|234|195|198|53|185|222|37|103|153|113|141|8|9|149|85|163|200|68|209|4|134|28|93|242|95|184|255|173|110|249|54|226|148|215|146|245|7|253|187|207|98|90|159|238|121|123|131|156|235|120|182|84|218|62|107|246|41|39|81|58|15|27|191|64|202|96|92|30|189|45|122|179|150|168|194|46|128|118|119|181|244|172|83|25|180|177|142|57|243|13|109|49|176|201|251|23|36|77|192|89|225|114|78|203|65|217|115|29|94|71|247|34|161|231|52|240|219|69|108|183|178|124|188|232|104|174|197|10|3|79|233|138|204|99|164|33|213|75|155|112|127|97|157|101|175|24|227|106|228|250|221|60|223|139|126|140|80|88|229|216|76|73|100|55|31|236|165|130|61|169|212|154|40|50|220|5|144|248|143|147|171|136|0|254|26|
Overall Best: 0.9253 Generation: 1

Generation 5
Average: 0.9173 Best: 0.9247
Best Individual: 
C0 253|1|53|69|99|181|98|65|122|188|137|11|20|47|198|183|217|252|42|102|204|29|210|236|94|196|72|27|6|124|157|2|32|74|120|35|208|67|186|169|245|119|61|43|70|54|52|9|250|49|255|97|86|239|77|170|56|31|213|59|23|134|127|63|243|48|205|160|108|192|111|234|150|176|202|237|76|79|103|153|113|81|200|175|166|85|17|12|68|235|201|64|58|82|242|66|161|51|173|83|39|92|117|148|106|105|34|142|180|174|167|91|88|171|4|115|191|249|244|128|139|231|46|195|45|218|10|5|40|129|152|224|132|130|251|112|107|16|138|136|190|141|230|154|84|145|187|226|13|7|211|151|118|221|143|155|162|89|158|179|194|177|203|199|168|19|172|238|135|233|140|22|212|209|123|96|25|28|21|41|71|232|14|164|184|185|182|131|214|38|149|178|78|114|121|104|109|197|73|62|37|90|30|193|15|116|33|36|110|241|240|18|26|246|227|206|24|101|3|228|207|125|222|223|146|126|147|80|44|133|216|163|95|100|55|57|87|165|219|159|156|225|8|144|75|220|93|247|248|229|215|60|189|0|254|50|
Overall Best: 0.9253 Generation: 1

Generation 6
Average: 0.9174 Best: 0.9253
Best Individual: 
C0 59|247|3|112|31|62|235|37|117|205|8|118|232|84|56|54|156|194|42|1|144|5|132|119|201|225|120|206|161|30|157|48|23|116|124|50|2|126|74|7|125|174|47|85|14|97|143|63|29|49|18|228|207|222|36|20|245|104|58|101|122|55|64|76|211|28|66|94|189|45|70|121|250|217|163|69|166|160|61|240|227|80|91|196|183|164|111|0|89|200|17|26|218|93|67|95|231|209|177|87|40|199|4|169|237|139|78|129|92|233|234|180|96|102|187|115|44|186|19|52|198|249|147|123|136|13|213|171|128|195|32|241|9|133|109|135|83|73|138|176|238|60|230|142|41|145|152|215|72|103|220|151|140|53|154|165|10|127|79|25|204|181|172|24|179|193|43|149|168|253|65|27|167|162|99|197|11|6|173|210|141|105|244|81|219|229|224|77|188|226|221|214|15|146|192|90|35|130|202|71|175|46|100|203|255|34|236|39|208|16|178|21|212|113|159|106|38|110|57|131|75|252|88|223|137|216|242|134|108|82|170|153|86|12|246|251|158|155|22|148|184|191|190|248|182|150|68|239|114|243|98|33|51|107|254|185|
Overall Best: 0.9253 Generation: 1

Generation 7
Average: 0.9178 Best: 0.9259
Best Individual: 
C0 14|38|210|61|117|149|122|46|71|196|0|26|217|23|253|22|150|15|8|76|74|21|190|1|49|246|132|161|100|62|95|166|32|98|34|35|92|163|169|118|40|255|12|39|144|204|183|47|48|139|154|176|235|5|78|53|121|172|177|211|112|81|170|145|186|73|20|239|199|187|63|131|7|64|228|75|79|244|91|29|184|43|113|156|85|86|103|87|60|89|58|175|138|167|105|213|96|125|214|99|114|3|102|10|84|197|203|137|108|237|242|185|221|130|157|207|151|188|80|129|128|68|193|152|192|104|195|6|226|45|124|224|55|25|153|24|136|101|119|120|250|179|88|219|18|215|146|9|232|30|109|50|208|238|135|155|116|2|148|82|241|200|57|160|72|44|77|94|110|236|181|174|227|230|231|16|165|42|178|54|107|51|182|90|209|191|97|67|233|41|218|56|19|251|36|234|59|168|66|70|222|140|202|223|198|83|106|243|194|123|245|52|37|127|254|189|133|134|143|33|13|159|142|180|220|225|173|164|252|69|115|249|205|201|240|216|229|126|28|111|141|27|158|65|212|17|93|11|31|171|248|4|247|147|162|206|
Overall Best: 0.9259 Generation: 7

Generation 8
Average: 0.9172 Best: 0.9228
Best Individual: 
C0 161|152|128|104|82|56|47|197|60|189|6|35|119|221|9|96|74|99|186|52|39|240|50|85|253|1|95|254|2|29|192|154|42|157|209|180|108|127|83|241|22|225|131|15|138|196|34|193|89|188|129|12|76|44|80|55|170|172|174|121|143|213|134|86|26|166|87|204|137|156|136|71|210|73|116|132|237|150|184|33|78|169|224|14|219|102|37|53|242|45|163|91|92|30|120|173|84|49|228|63|7|179|25|103|81|105|255|62|145|252|10|38|112|100|114|0|75|250|58|199|178|246|122|69|117|79|20|113|88|227|130|124|101|8|217|139|135|203|17|140|207|48|177|126|3|32|146|68|148|190|133|64|57|153|149|155|208|245|144|18|24|200|98|160|72|59|77|94|110|142|181|61|40|230|147|54|165|223|232|16|13|51|176|90|123|191|97|66|220|41|109|195|19|251|36|28|243|168|233|70|222|247|211|21|182|183|218|235|5|187|231|175|215|198|43|118|65|107|185|125|206|11|236|164|67|244|46|194|202|226|238|249|205|201|111|216|229|115|234|239|141|27|158|23|106|151|93|159|31|171|248|4|214|167|162|212|
Overall Best: 0.9259 Generation: 7

Generation 9
Average: 0.9170 Best: 0.9228
Best Individual: 
C0 64|68|172|21|6|212|235|32|0|151|220|103|104|44|52|107|121|250|42|49|166|3|84|58|109|188|35|113|161|88|5|102|116|176|75|162|63|181|149|20|241|25|43|213|170|155|207|137|132|239|175|117|215|53|65|71|10|57|204|147|248|237|62|48|189|7|224|50|31|209|247|37|243|143|165|192|76|142|85|60|111|45|138|83|219|86|66|182|94|252|15|231|129|240|156|95|200|197|8|89|193|154|120|93|56|177|168|229|196|148|39|185|194|4|70|96|17|221|118|216|127|255|115|223|158|134|126|160|128|230|141|99|179|114|33|47|136|218|59|92|123|61|77|122|201|140|46|164|69|80|29|211|23|101|199|178|251|203|82|159|180|38|24|236|14|90|169|81|152|105|36|110|73|174|72|226|249|40|12|67|227|19|202|195|253|130|9|54|245|186|87|217|91|246|238|144|13|133|167|26|233|191|97|145|171|198|2|242|173|106|163|34|208|41|157|187|16|205|22|100|153|228|139|232|190|1|11|98|108|234|28|112|79|206|146|55|18|214|124|27|184|222|183|78|244|150|30|135|119|131|210|225|51|125|254|74|
Overall Best: 0.9259 Generation: 7

Generation 10
Average: 0.9174 Best: 0.9247
Best Individual: 
C0 121|147|11|170|242|63|173|198|255|117|203|62|190|93|32|237|150|43|125|29|228|5|232|221|33|59|70|215|18|180|118|149|254|83|211|20|166|128|30|183|4|192|102|196|35|36|91|152|108|64|114|58|210|53|235|26|188|31|189|218|213|182|231|239|72|65|96|177|227|162|157|77|240|3|19|207|79|168|78|151|175|225|169|47|90|234|54|135|119|55|15|42|21|110|94|181|249|226|179|74|39|154|233|204|105|132|186|24|97|167|129|111|60|22|133|199|109|243|44|51|92|2|101|161|104|197|194|241|244|195|41|124|245|223|247|209|193|139|6|143|138|212|75|37|25|123|103|178|148|84|238|95|141|68|126|208|160|127|140|176|85|185|222|56|155|112|76|134|107|206|66|99|12|187|87|156|171|69|191|10|251|144|57|81|219|229|224|145|252|14|137|9|45|146|1|23|88|130|202|71|217|46|100|214|163|116|236|13|7|16|201|80|230|113|159|165|38|34|0|131|27|115|106|73|61|216|8|142|48|200|250|153|86|122|67|40|158|164|184|246|248|205|253|89|98|50|120|17|82|136|172|220|28|52|49|174|
Overall Best: 0.9259 Generation: 7

Generation 11
Average: 0.9178 Best: 0.9247
Best Individual: 
C0 192|53|5|245|185|24|162|168|116|95|218|0|68|244|155|113|77|200|45|209|134|133|76|43|219|7|183|10|182|243|102|69|103|136|161|129|224|26|90|93|114|212|217|108|216|164|232|75|179|79|42|229|18|80|213|84|64|201|239|83|67|225|210|193|169|91|191|148|235|99|138|44|153|22|165|101|106|128|71|109|115|30|63|242|188|187|147|38|135|54|158|199|126|56|175|160|130|60|37|48|33|171|21|73|231|184|36|111|46|254|97|226|15|221|215|120|9|117|92|223|105|8|27|233|88|149|6|119|125|172|16|251|176|58|140|32|196|23|124|255|127|13|39|195|220|250|234|104|252|208|150|146|228|62|189|66|1|34|249|82|110|89|174|78|72|61|40|181|4|240|81|178|29|86|123|214|51|137|85|65|190|180|57|121|253|194|100|112|20|206|152|47|198|131|3|14|49|132|87|74|12|230|177|118|107|28|222|143|186|211|204|247|142|154|96|70|205|248|59|241|94|31|144|55|98|25|207|237|203|151|202|170|157|156|163|246|122|236|52|2|139|17|238|50|173|159|11|166|145|41|197|227|35|141|19|167|
Overall Best: 0.9259 Generation: 7

Generation 12
Average: 0.9183 Best: 0.9278
Best Individual: 
C0 192|53|5|245|36|24|162|168|116|46|218|0|225|244|155|16|77|200|115|56|32|3|45|58|95|185|35|180|161|131|166|113|60|236|223|215|148|204|149|93|94|121|13|44|140|88|87|243|107|173|194|182|253|4|249|175|91|28|239|213|67|68|206|29|118|197|117|156|89|92|72|108|153|22|165|101|106|128|71|109|224|30|63|242|54|187|147|38|135|188|158|199|126|209|189|160|130|103|210|48|33|26|170|73|231|184|7|111|9|254|97|226|15|221|129|120|114|191|83|229|105|8|27|233|164|90|6|119|125|172|69|251|176|43|70|96|196|23|124|255|127|235|39|195|220|40|234|104|252|208|150|146|228|62|84|66|1|34|181|82|110|11|174|78|138|61|250|99|80|240|81|178|193|86|123|214|51|137|85|31|190|10|18|102|57|42|100|112|20|37|152|47|198|75|133|163|49|132|232|74|12|230|177|169|179|98|222|143|186|211|171|207|142|154|134|216|205|248|59|241|219|65|144|202|201|25|247|237|203|151|55|21|157|76|14|246|122|136|52|2|139|17|238|50|79|159|217|212|145|41|64|227|183|141|19|167|
Overall Best: 0.9278 Generation: 12

Generation 13
Average: 0.9178 Best: 0.9247
Best Individual: 
C0 64|255|172|35|6|134|235|184|0|152|18|103|126|44|4|251|10|96|42|49|242|3|204|30|192|136|247|207|41|124|5|11|116|157|70|162|63|180|149|20|48|58|181|222|170|1|135|8|61|239|214|109|215|15|50|253|121|125|169|147|101|237|166|241|211|212|224|205|31|209|248|37|243|79|129|12|76|187|22|60|120|80|159|83|202|156|74|142|234|231|53|117|182|254|176|190|102|197|91|89|193|154|25|153|194|177|168|229|227|148|85|250|56|143|160|230|106|144|213|71|33|119|113|217|208|99|115|151|128|52|133|7|39|223|173|122|118|86|59|92|40|82|77|161|201|140|34|164|69|94|29|93|23|13|199|203|107|90|132|36|220|178|114|66|14|196|88|81|200|105|138|45|73|104|72|97|249|24|155|67|38|19|219|111|216|130|9|54|245|186|87|123|46|246|238|221|179|47|167|26|233|191|100|145|171|195|2|226|68|17|163|65|137|16|218|165|252|228|127|141|189|62|78|232|75|236|84|98|108|110|28|112|43|206|131|55|198|175|158|27|32|188|183|139|244|150|95|57|21|146|210|225|51|174|240|185|
Overall Best: 0.9278 Generation: 12

Generation 14
Average: 0.9181 Best: 0.9240
Best Individual: 
C0 161|160|244|233|71|15|91|120|194|24|1|35|86|150|116|100|74|50|103|7|81|255|84|85|29|136|205|173|170|206|230|196|183|197|221|36|254|43|77|82|69|192|53|18|110|5|165|47|215|164|216|249|44|26|131|191|78|17|212|241|213|237|210|67|228|187|13|83|57|139|132|250|80|138|109|140|151|3|37|163|34|240|144|157|217|6|104|239|76|28|20|198|231|180|72|227|16|68|225|4|124|134|135|58|171|102|181|33|242|167|229|61|19|96|182|0|143|108|126|199|32|2|129|235|117|64|46|31|38|54|92|99|251|8|146|152|166|156|75|200|207|121|177|10|145|176|118|185|148|14|133|79|40|186|154|62|49|169|45|179|202|114|98|105|107|59|195|238|178|190|245|162|11|95|172|113|149|111|232|41|87|12|189|88|73|55|23|184|147|248|130|222|246|101|224|204|90|168|219|63|158|209|220|226|253|243|234|30|155|112|56|175|153|247|52|252|65|142|159|125|203|208|137|188|211|218|236|60|25|22|94|66|223|201|193|122|123|115|70|42|141|27|127|97|106|48|93|9|21|39|51|89|214|119|128|174|
Overall Best: 0.9278 Generation: 12

Generation 15
Average: 0.9184 Best: 0.9253
Best Individual: 
C0 171|60|40|35|22|220|83|184|0|152|18|103|126|44|233|251|10|96|42|49|242|3|26|30|228|136|84|65|73|37|5|11|195|43|219|237|63|180|141|20|48|58|68|75|27|108|135|166|61|239|214|109|176|15|189|253|155|125|211|147|101|190|8|188|56|218|224|178|175|209|181|124|243|244|129|12|206|187|6|255|120|80|82|235|216|156|250|137|200|231|53|117|182|254|215|128|16|197|91|24|193|102|236|153|194|177|168|229|227|148|85|163|127|143|160|230|119|78|213|71|33|240|113|95|46|99|115|151|116|98|133|174|39|223|173|198|118|165|149|92|172|159|77|66|81|140|34|170|69|203|29|93|23|13|139|28|107|90|79|36|57|252|87|161|14|196|88|201|121|105|74|45|41|104|183|97|249|89|234|67|38|131|50|111|32|130|9|54|62|192|210|123|208|1|72|221|64|47|167|94|4|164|158|145|179|226|222|100|186|205|138|207|142|154|212|232|169|248|59|241|150|245|144|202|191|25|247|162|204|52|55|21|157|76|19|246|122|31|51|2|199|17|238|86|132|70|106|134|112|146|114|225|110|7|217|185|
Overall Best: 0.9278 Generation: 12

Generation 16
Average: 0.9182 Best: 0.9247
Best Individual: 
C0 229|34|244|233|60|15|155|84|194|125|203|35|95|206|116|63|49|160|98|7|243|255|102|85|103|136|82|106|56|161|230|147|185|197|173|92|171|190|77|237|223|30|181|18|110|225|165|168|215|10|240|143|42|22|27|224|78|70|120|163|178|187|91|176|228|177|13|172|36|152|132|117|80|73|79|140|113|3|37|220|156|198|68|33|65|6|251|40|137|184|20|53|200|145|211|115|127|217|149|151|170|5|166|188|180|61|182|107|83|193|236|69|124|96|114|0|216|108|231|141|24|126|86|11|134|81|210|195|43|227|16|153|101|8|146|139|135|159|46|219|175|112|250|26|74|48|118|242|122|71|133|109|218|239|209|66|29|213|99|253|57|252|87|129|14|196|88|201|121|105|119|45|41|104|183|97|249|89|234|67|38|131|50|111|32|130|9|54|62|192|75|123|208|1|245|221|64|47|167|94|4|164|158|254|179|226|202|100|241|205|138|207|142|154|212|232|169|248|59|186|150|72|144|222|191|25|247|162|204|246|55|21|157|76|19|52|148|31|51|2|199|17|238|23|58|28|93|44|235|39|189|90|214|12|128|174|
Overall Best: 0.9278 Generation: 12

Generation 17
Average: 0.9174 Best: 0.9240
Best Individual: 
C0 23|17|34|233|60|15|155|204|194|125|203|35|95|206|158|63|49|172|98|7|243|255|102|85|251|136|82|106|56|161|230|147|185|197|173|42|132|190|77|189|248|30|181|18|119|205|4|168|213|10|240|6|92|22|27|224|78|70|232|163|178|187|91|219|228|177|13|160|36|152|171|117|80|73|207|140|169|3|37|220|142|116|68|33|65|143|103|40|137|191|20|41|200|145|208|115|127|46|149|151|170|5|166|188|180|61|182|107|83|193|236|69|124|96|114|0|216|108|231|141|24|126|86|11|218|81|135|195|43|202|16|153|101|8|146|139|210|159|217|176|175|112|250|26|74|48|79|242|122|71|133|109|134|239|209|66|99|215|29|253|57|252|87|129|14|196|88|201|121|105|110|45|53|104|183|97|249|89|234|67|38|131|50|111|32|130|9|54|62|192|75|123|211|1|245|221|64|47|167|94|165|164|198|254|179|226|227|100|241|225|138|52|156|235|212|120|113|223|59|186|150|72|144|222|157|25|247|162|84|246|55|21|184|76|214|44|28|51|39|154|238|31|148|2|90|93|174|199|118|237|229|244|128|12|58|19|
Overall Best: 0.9278 Generation: 12

Generation 18
Average: 0.9170 Best: 0.9228
Best Individual: 
C0 98|199|58|24|59|91|122|116|197|221|28|132|205|202|14|130|106|231|84|243|140|34|96|223|103|166|195|30|222|39|143|196|54|232|45|102|1|64|0|244|38|22|215|254|94|201|230|70|186|245|80|72|227|120|169|213|79|138|146|152|198|55|118|29|111|145|229|114|218|247|11|216|19|83|46|141|121|224|234|189|81|190|173|178|192|252|131|150|26|246|27|220|142|210|13|112|255|10|156|7|56|77|144|25|240|250|172|164|20|153|97|184|214|57|149|82|124|52|208|37|157|78|127|61|225|115|235|233|209|175|2|93|40|158|207|109|3|125|31|174|129|191|160|147|200|242|113|180|42|32|228|241|108|128|48|155|47|69|176|136|76|183|62|193|159|177|15|5|167|181|36|217|134|165|88|9|239|23|100|162|137|212|238|151|182|248|87|117|85|251|123|21|75|249|18|194|35|49|65|187|71|171|92|107|53|67|135|50|6|86|133|16|237|89|179|110|139|101|185|148|170|44|211|51|8|12|63|60|163|219|33|66|105|203|4|168|74|95|68|119|188|17|73|204|236|154|90|161|99|41|206|43|126|226|253|104|
Overall Best: 0.9278 Generation: 12

Generation 19
Average: 0.9170 Best: 0.9234
Best Individual: 
C0 98|199|58|24|59|228|154|116|10|221|28|150|13|202|14|130|106|231|84|46|94|252|96|223|189|166|195|30|222|39|102|138|144|236|213|143|108|148|52|89|135|164|165|193|140|129|91|139|88|186|81|176|182|122|68|75|64|112|197|158|146|119|57|136|133|15|255|114|47|239|92|95|147|20|227|247|3|21|105|103|23|53|246|126|74|34|185|97|35|242|234|107|167|51|205|83|191|25|173|42|120|90|63|32|79|77|253|31|0|169|132|101|214|118|29|82|128|65|208|37|157|78|127|61|225|115|235|233|156|175|2|93|40|152|207|109|111|125|22|174|201|229|160|19|200|36|113|180|7|198|230|241|1|8|48|155|218|69|72|149|76|183|62|254|159|177|145|5|142|181|209|217|134|215|9|245|141|80|100|162|137|212|238|151|243|248|87|117|26|251|123|224|4|249|18|194|85|49|196|187|71|171|11|220|190|67|38|50|6|86|121|16|237|244|179|110|70|172|131|240|170|44|211|210|124|12|54|60|163|219|33|66|27|203|45|168|192|216|153|55|188|17|73|204|232|56|250|161|99|41|206|43|178|226|184|104|
Overall Best: 0.9278 Generation: 12
==================
    Best individual after 20 generations
    computed in 3,607.2130 seconds
    1478 elements out of 1593 correct.
    emerged in generation 12
    with fitness 0.9278
==================

