Starting evolution...

Generation 0
Average: 0.8850 Best: 0.8970
Best Individual: 
C0 46|121|98|196|254|212|159|205|162|50|173|118|5|168|115|106|245|142|230|154|250|128|111|207|35|71|23|92|162|169|109|108|95|51|222|217|55|166|217|46|116|112|237|135|98|162|200|101|188|36|217|242|96|141|9|81|79|240|31|127|248|249|3|2|85|95|47|248|110|50|131|156|148|198|184|9|134|36|165|37|162|122|169|250|68|24|146|83|80|78|144|85|6|81|194|47|57|173|79|45|14|2|238|99|152|221|87|69|181|71|241|127|188|39|215|95|207|6|48|175|195|238|147|62|242|216|89|150|119|28|77|82|183|131|141|64|120|56|2|13|27|120|64|121|4|33|84|74|161|124|99|231|19|90|231|90|216|115|170|188|145|58|153|133|88|207|2|219|235|129|192|51|111|76|121|197|66|49|240|243|10|207|70|182|234|139|228|32|132|179|155|179|35|174|147|204|124|192|123|119|4|46|139|74|214|164|193|135|58|143|18|106|120|177|5|225|250|162|187|57|124|34|27|242|51|0|97|254|230|60|80|224|12|73|169|154|11|15|161|87|27|210|158|153|52|158|146|77|236|219|243|157|70|180|102|128|
Overall Best: 0.8970 Generation: 0

Generation 1
Average: 0.8886 Best: 0.9027
Best Individual: 
C0 204|35|16|59|190|89|16|187|179|229|25|181|199|84|56|128|5|146|250|202|0|12|142|77|254|190|136|101|232|124|85|14|177|108|220|207|97|81|46|105|34|25|251|174|2|138|41|236|100|88|50|37|160|127|128|211|112|179|56|178|176|204|27|55|120|160|104|214|251|105|247|145|83|227|37|63|18|151|194|201|146|76|7|78|91|159|123|82|210|178|241|119|169|115|223|5|44|157|246|14|28|169|7|185|240|255|171|152|83|120|218|208|253|230|126|3|219|4|172|41|96|33|179|75|153|66|74|65|22|27|242|122|245|138|198|124|23|138|164|11|151|8|6|120|7|164|133|20|180|107|131|239|48|238|34|23|72|198|68|46|165|243|51|73|130|30|230|184|178|99|7|123|79|221|59|116|239|94|95|236|39|224|224|7|170|11|138|102|66|5|203|36|121|170|148|68|209|93|177|195|26|186|184|27|99|108|189|124|5|241|241|95|5|95|19|106|74|31|192|148|219|54|245|118|167|49|193|80|56|246|168|53|234|235|57|100|101|97|70|72|13|38|181|172|141|41|64|195|151|127|139|71|119|199|56|149|
Overall Best: 0.9027 Generation: 1

Generation 2
Average: 0.8909 Best: 0.9077
Best Individual: 
C0 64|56|226|199|68|164|28|58|108|145|184|74|121|37|232|58|38|200|194|136|76|57|167|57|195|126|145|21|103|253|234|47|147|183|172|129|208|220|47|97|234|239|151|163|62|168|159|184|204|209|228|79|121|94|232|151|16|178|0|92|140|210|51|171|153|210|173|221|94|9|169|46|149|133|186|57|205|44|65|239|157|160|208|18|91|164|106|182|4|247|79|135|160|166|16|59|68|210|115|175|84|73|248|97|168|251|171|96|93|103|158|231|187|94|79|154|209|59|207|253|102|44|38|65|86|88|109|133|165|205|17|222|153|155|140|239|4|228|245|103|116|193|204|36|62|166|98|13|34|134|119|144|174|114|9|86|74|125|60|42|96|194|22|105|58|7|155|187|161|18|230|134|29|14|90|68|162|209|7|108|201|115|37|161|31|183|125|193|105|89|131|180|18|35|24|15|25|167|252|113|110|244|70|58|80|134|233|94|250|212|227|109|144|220|57|104|154|101|126|123|238|120|47|186|89|123|79|133|224|130|181|110|152|193|164|228|67|25|199|226|178|229|112|159|42|250|10|33|204|213|122|154|10|175|10|81|
Overall Best: 0.9077 Generation: 2

Generation 3
Average: 0.8920 Best: 0.9065
Best Individual: 
C0 46|121|73|196|254|212|159|205|162|50|173|76|231|168|115|106|245|142|92|98|250|159|111|207|35|71|126|203|252|114|177|108|95|51|70|217|92|166|217|51|116|112|237|135|4|162|160|144|207|36|217|242|33|141|9|81|79|178|31|175|210|45|62|2|106|95|104|214|251|105|247|145|123|227|37|63|18|50|194|201|146|167|7|78|91|159|123|82|210|178|241|119|242|115|223|5|44|157|246|14|19|169|7|185|240|255|171|152|83|120|218|208|253|36|47|225|219|170|172|41|96|33|179|75|153|66|74|238|22|27|242|122|245|150|198|124|23|138|164|180|151|8|6|120|7|232|3|20|180|107|131|250|48|238|34|23|170|17|51|19|51|11|17|24|39|52|1|3|25|167|50|59|44|239|197|167|49|13|11|172|159|95|54|107|8|178|194|19|221|192|198|25|80|35|121|171|179|126|98|47|219|46|139|74|77|164|193|135|116|45|18|133|120|177|5|225|42|10|187|57|124|34|27|242|51|0|97|254|66|60|80|224|86|73|169|148|11|15|129|101|27|144|249|61|46|158|164|77|236|219|64|232|70|84|102|244|
Overall Best: 0.9077 Generation: 2

Generation 4
Average: 0.8924 Best: 0.9083
Best Individual: 
C0 139|67|177|75|22|120|47|224|176|76|196|114|170|169|132|71|73|71|223|234|254|66|94|251|48|212|68|159|80|183|82|230|188|32|170|23|90|50|254|50|221|84|38|79|59|206|53|198|133|182|103|196|71|195|169|12|177|85|81|121|33|76|58|127|70|188|201|5|153|80|126|87|104|14|55|82|24|110|219|229|18|136|65|231|118|153|204|34|76|253|58|85|88|211|42|18|188|13|19|153|57|61|68|116|246|162|195|196|97|144|78|126|177|192|238|12|115|220|56|232|203|39|245|145|231|198|123|113|102|93|8|83|128|54|234|171|4|228|245|206|116|193|204|245|62|166|98|13|34|134|119|144|59|101|157|86|74|75|60|99|96|194|22|105|146|7|155|140|28|18|88|95|29|14|74|162|99|186|133|152|13|154|68|2|102|23|235|100|224|236|4|138|128|127|71|191|8|187|219|151|14|227|70|128|82|83|9|16|57|15|129|7|171|225|254|162|65|229|210|25|81|119|82|157|192|243|79|233|224|40|181|164|152|157|164|145|67|25|199|226|178|219|112|249|194|64|81|27|149|10|37|76|236|107|75|1|
Overall Best: 0.9083 Generation: 4

Generation 5
Average: 0.8917 Best: 0.9027
Best Individual: 
C0 238|35|16|59|104|4|16|68|95|126|25|181|199|84|56|128|96|13|250|202|0|12|142|173|254|190|199|101|232|124|85|14|177|108|70|217|55|166|46|105|34|71|251|113|135|138|41|236|100|88|50|167|112|127|128|131|112|175|56|178|176|68|27|55|67|160|104|214|251|7|157|101|171|227|37|63|154|151|194|201|146|76|126|78|131|149|114|82|210|181|241|34|82|115|223|5|210|153|246|14|24|169|7|185|155|255|171|42|83|120|218|12|253|230|218|3|219|4|172|41|57|173|179|75|153|66|160|65|203|34|220|122|245|45|198|124|23|65|58|245|151|231|121|120|7|164|133|20|107|159|131|239|48|238|34|213|97|50|54|46|165|243|242|73|201|30|160|184|178|99|7|123|63|221|148|75|239|226|82|181|206|224|224|227|170|11|196|102|66|5|203|36|139|218|47|68|161|93|112|195|26|54|184|27|1|108|189|124|149|84|241|95|234|42|191|106|74|178|192|148|219|54|245|118|120|49|193|124|56|138|168|53|234|42|1|218|101|97|70|72|13|38|181|172|141|41|64|195|216|127|32|71|119|199|241|149|
Overall Best: 0.9083 Generation: 4

Generation 6
Average: 0.8954 Best: 0.9083
Best Individual: 
C0 238|35|16|59|104|4|16|68|95|126|25|181|199|84|145|128|96|13|250|202|0|12|142|173|254|190|199|101|40|124|253|14|177|186|161|217|55|166|46|105|34|71|251|113|135|138|41|236|100|88|50|167|112|127|128|131|112|175|56|178|176|68|27|55|67|160|104|214|251|7|113|101|171|227|37|249|154|151|194|201|5|76|126|78|131|149|114|48|210|181|241|181|82|115|223|2|210|153|246|90|24|169|7|185|155|255|171|42|83|120|218|12|253|230|218|3|219|4|172|41|57|173|179|75|153|66|160|65|203|148|220|122|245|45|198|124|23|65|58|245|151|231|121|120|7|164|133|20|107|159|131|239|48|238|34|17|97|50|163|147|232|143|93|111|68|252|71|198|158|156|76|224|122|22|85|178|71|244|44|94|180|11|56|252|22|204|125|219|29|69|178|147|111|223|110|169|82|35|173|20|204|28|47|219|37|224|43|207|144|242|44|122|101|34|36|43|80|236|144|90|250|75|169|221|202|98|249|88|223|123|145|112|65|156|71|119|117|180|214|72|13|38|181|172|141|41|64|195|216|212|32|71|119|63|241|149|
Overall Best: 0.9083 Generation: 4

Generation 7
Average: 0.8955 Best: 0.9083
Best Individual: 
C0 158|35|16|59|104|4|16|68|95|126|152|181|199|25|145|128|96|13|250|202|0|12|142|66|254|190|199|101|40|124|253|14|177|186|161|217|55|166|46|105|194|71|251|113|135|138|41|236|100|88|50|167|112|127|128|131|112|175|56|178|176|68|27|55|67|160|104|253|251|7|10|101|171|227|37|249|154|151|194|201|5|76|126|78|131|149|114|48|210|181|241|181|82|115|223|2|210|153|242|90|24|169|7|185|155|255|171|42|83|120|218|12|253|230|218|3|219|4|172|41|57|173|179|75|72|131|160|65|203|148|220|122|245|45|198|124|23|65|58|245|151|231|121|120|7|164|133|20|107|159|131|239|96|238|34|17|97|50|163|147|232|143|93|89|68|252|237|198|158|92|76|224|122|22|85|178|133|244|44|94|180|11|11|252|22|204|125|219|29|69|178|147|111|223|110|169|82|35|173|20|204|28|47|219|37|224|43|207|144|242|44|64|101|34|36|43|80|236|144|90|250|75|251|149|202|98|249|88|223|123|145|112|65|156|71|119|117|180|214|72|13|38|181|172|141|41|64|195|216|212|32|73|119|63|241|149|
Overall Best: 0.9083 Generation: 4

Generation 8
Average: 0.8952 Best: 0.9146
Best Individual: 
C0 159|67|177|75|241|82|47|91|251|16|196|114|170|1|132|71|234|115|99|234|250|207|125|49|35|71|232|190|162|169|109|108|95|52|6|217|151|192|110|46|116|112|237|47|98|162|200|101|188|33|208|101|148|141|9|81|12|189|89|127|30|147|95|2|77|15|47|90|110|207|106|108|104|14|37|249|154|151|194|201|5|76|126|78|131|149|114|48|210|181|82|181|82|115|223|2|210|153|242|90|24|169|7|185|155|255|171|42|83|170|218|94|52|230|218|3|219|4|172|41|162|173|179|75|72|131|160|65|203|148|220|122|238|45|198|124|23|65|58|245|151|231|121|120|7|164|133|20|107|159|131|239|96|238|34|17|97|50|80|147|250|143|93|89|68|252|237|198|158|92|76|224|122|22|85|178|133|244|44|94|180|11|11|252|22|204|125|219|39|69|178|147|111|223|110|169|82|35|173|20|204|28|47|219|37|224|43|207|144|242|44|64|140|34|36|176|80|236|144|90|250|75|251|232|202|98|249|88|223|123|145|112|65|156|71|119|117|180|214|72|13|81|181|172|141|41|64|195|216|212|32|73|236|32|75|1|
Overall Best: 0.9146 Generation: 8

Generation 9
Average: 0.8966 Best: 0.9065
Best Individual: 
C0 159|127|177|166|241|82|47|91|251|16|196|114|170|1|132|71|194|115|99|234|250|207|125|49|35|71|161|190|245|7|109|197|2|130|39|97|252|246|27|100|234|243|142|244|6|190|221|35|233|79|142|13|92|163|23|116|154|209|95|161|217|88|135|49|5|210|136|221|221|140|126|46|251|133|62|57|143|44|188|2|157|50|208|18|91|106|111|182|128|247|75|42|160|187|88|59|68|175|115|175|113|71|248|97|108|90|171|96|162|103|56|129|250|186|79|154|38|108|39|253|205|44|38|18|86|88|5|102|49|134|202|237|127|215|69|239|164|113|165|140|99|35|201|21|196|104|236|84|75|30|124|182|215|108|125|50|140|250|54|46|241|194|242|73|201|30|160|252|183|226|7|253|110|221|148|154|239|226|82|181|117|195|224|227|149|11|196|102|66|5|2|36|39|208|96|68|161|231|112|177|26|32|184|27|1|210|189|79|149|84|241|184|234|167|216|106|127|178|192|148|219|54|245|181|120|49|79|116|12|130|181|164|179|193|33|13|67|25|63|3|178|219|112|50|194|25|31|49|149|10|37|33|236|197|51|1|
Overall Best: 0.9146 Generation: 8

Generation 10
Average: 0.8983 Best: 0.9109
Best Individual: 
C0 159|127|177|166|241|82|47|91|251|16|196|114|170|1|132|71|194|115|99|234|250|207|125|49|35|198|32|144|77|5|107|50|180|153|111|31|48|34|124|160|135|184|251|112|79|187|11|35|233|79|142|13|92|163|23|116|154|209|95|83|217|88|135|49|5|210|136|221|221|221|126|46|251|133|62|57|143|94|188|2|157|50|208|18|91|106|111|182|128|247|75|42|160|187|88|59|68|11|115|175|113|71|248|97|108|90|72|96|162|103|56|129|250|186|79|65|38|108|39|253|205|44|38|191|86|88|5|102|49|134|202|237|127|215|69|239|164|113|165|140|99|35|201|21|196|104|236|136|75|30|124|197|215|108|189|50|140|250|54|46|241|194|242|73|201|30|160|252|183|226|7|253|110|221|148|154|239|226|82|181|117|195|224|227|149|11|196|102|170|5|2|36|39|208|96|68|161|231|112|177|26|32|184|27|1|210|189|79|18|84|241|184|234|167|216|106|127|178|192|148|219|54|245|181|120|49|79|116|12|130|181|164|192|193|33|13|67|25|63|3|178|219|112|50|194|25|252|27|149|10|37|33|236|197|51|1|
Overall Best: 0.9146 Generation: 8

Generation 11
Average: 0.8985 Best: 0.9146
Best Individual: 
C0 210|219|9|75|22|120|157|224|176|76|82|200|140|160|148|237|2|83|156|145|234|159|177|13|7|198|32|144|77|5|107|50|180|214|111|31|48|157|124|160|135|184|251|41|112|187|11|242|181|8|39|37|160|60|249|125|177|71|81|121|33|15|81|127|213|12|201|5|255|7|95|189|104|226|207|82|24|110|219|10|18|136|164|18|118|78|142|34|76|253|185|85|88|211|42|18|188|13|76|153|125|61|68|116|246|192|8|98|85|144|78|133|177|109|69|77|107|163|56|232|203|161|238|147|231|198|250|165|57|93|29|83|128|180|236|57|4|228|245|206|122|193|204|245|62|161|227|74|206|124|155|231|19|212|231|90|216|115|240|188|145|24|90|133|40|79|2|130|235|208|223|51|56|213|239|197|184|161|240|100|10|111|154|111|136|210|20|75|101|190|196|71|71|69|197|204|78|86|253|21|108|46|227|74|164|164|193|225|194|48|73|71|88|177|5|4|250|162|110|172|205|183|98|242|248|88|70|254|148|105|80|127|160|73|52|89|106|89|13|251|73|3|255|31|135|79|117|203|153|11|64|241|13|23|126|134|
Overall Best: 0.9146 Generation: 8

Generation 12
Average: 0.8976 Best: 0.9065
Best Individual: 
C0 159|52|177|247|241|92|198|91|251|132|253|182|170|243|61|71|234|115|99|234|250|207|215|49|35|71|232|244|162|169|161|108|95|52|6|217|149|192|228|46|116|178|123|172|98|14|200|177|82|33|208|36|148|71|9|81|12|189|173|193|30|20|95|2|77|233|161|90|110|25|106|4|185|14|179|223|26|126|194|139|246|76|126|78|131|218|68|48|210|181|82|181|218|115|223|2|210|153|181|90|24|169|7|156|155|84|171|42|119|170|190|94|52|241|218|3|163|4|198|41|126|157|179|214|72|131|160|65|109|186|220|122|238|45|198|124|23|169|18|120|151|231|121|120|7|164|133|93|242|159|131|239|96|88|34|219|97|50|64|147|250|76|93|89|88|252|237|198|253|99|7|5|63|15|148|75|239|226|82|181|117|195|224|227|134|11|196|102|66|5|203|36|139|221|134|41|161|107|112|185|26|121|184|27|1|108|189|249|149|84|113|105|63|42|16|106|127|178|218|148|219|110|245|118|131|49|193|124|223|123|145|112|201|156|186|217|117|248|48|72|13|81|150|19|141|41|64|178|216|212|32|113|130|214|75|28|
Overall Best: 0.9146 Generation: 8

Generation 13
Average: 0.8989 Best: 0.9071
Best Individual: 
C0 129|45|64|186|78|92|5|224|176|76|82|200|140|160|148|114|215|99|156|145|234|159|177|13|183|198|32|144|77|5|107|50|180|214|111|31|48|157|124|92|135|88|251|41|112|187|11|207|181|8|39|37|160|60|249|125|177|71|81|121|147|15|81|127|45|26|201|5|162|7|95|189|104|226|216|103|50|104|188|2|157|50|220|18|199|106|175|182|4|1|75|135|47|94|88|59|24|124|115|175|0|38|80|97|0|227|171|67|252|122|56|231|177|109|69|77|107|163|56|232|203|161|238|147|231|198|250|165|41|93|29|83|128|172|236|57|4|228|245|206|122|193|204|245|62|161|162|164|206|124|97|231|19|171|231|90|216|115|240|49|145|24|191|133|40|79|2|130|100|208|223|51|56|213|239|197|184|161|240|100|149|144|224|227|134|11|196|102|66|5|203|6|139|196|134|41|161|8|112|185|26|121|227|27|84|251|189|249|149|84|241|228|63|42|16|71|127|178|218|148|219|110|245|118|131|133|193|124|43|138|156|206|234|42|186|218|101|21|47|242|146|171|9|70|198|16|154|37|3|62|214|207|44|108|174|26|
Overall Best: 0.9146 Generation: 8

Generation 14
Average: 0.8985 Best: 0.9134
Best Individual: 
C0 245|127|177|166|241|82|47|43|251|29|196|114|87|219|132|37|194|115|99|234|250|207|112|49|35|198|32|144|77|140|107|50|180|153|111|31|43|34|124|160|135|184|161|112|79|187|11|35|233|229|142|13|92|163|187|116|90|209|95|83|217|88|135|49|5|73|183|221|221|221|151|143|177|220|197|57|143|44|10|152|109|50|220|74|178|106|111|104|9|247|75|135|227|187|92|148|68|11|241|175|247|49|94|97|108|118|72|96|126|103|56|129|67|186|94|65|54|42|172|35|57|173|179|22|153|172|252|106|203|34|207|46|3|220|198|53|23|151|155|52|151|149|170|120|7|164|133|200|107|159|131|239|19|169|64|213|178|42|54|46|237|207|249|253|54|30|160|184|178|99|7|128|44|221|102|64|239|37|82|181|98|195|224|182|54|25|196|102|170|5|2|36|39|208|250|68|161|231|112|177|26|205|184|236|1|210|189|79|18|84|241|184|234|168|168|5|131|178|192|234|219|54|138|181|120|49|79|116|12|130|181|18|192|193|33|13|67|120|63|3|178|131|112|50|78|25|252|27|149|10|37|78|71|197|51|150|
Overall Best: 0.9146 Generation: 8

Generation 15
Average: 0.9003 Best: 0.9171
Best Individual: 
C0 129|45|76|186|78|38|5|224|176|76|82|200|140|160|93|114|215|191|156|145|234|12|138|13|183|198|16|130|77|5|107|50|180|214|111|31|48|22|124|92|135|88|244|41|181|187|46|207|181|8|39|37|160|60|249|125|177|71|81|121|147|15|160|127|45|26|201|5|162|7|95|189|110|226|216|217|205|104|254|2|157|50|220|15|199|106|175|182|127|1|75|135|47|94|88|59|24|124|115|175|180|38|80|97|0|105|171|39|36|122|56|231|177|109|69|115|13|163|56|129|203|163|238|147|249|239|250|165|41|93|29|83|128|144|236|57|4|228|245|153|122|193|204|193|62|161|162|164|127|124|97|231|19|171|231|90|216|115|240|49|145|130|191|133|40|79|152|130|100|6|223|51|56|213|236|197|103|161|14|100|174|105|224|54|134|11|196|102|69|5|203|6|139|196|134|106|161|34|112|185|26|121|227|192|84|251|189|35|149|183|241|228|63|42|16|71|127|178|218|148|108|110|245|118|131|133|193|124|43|138|156|206|234|42|186|218|101|21|47|242|146|171|9|70|186|16|154|37|3|66|214|207|208|108|173|26|
Overall Best: 0.9171 Generation: 15

Generation 16
Average: 0.8993 Best: 0.9134
Best Individual: 
C0 61|88|64|186|234|116|5|26|74|211|162|16|236|240|176|30|105|16|34|74|94|132|14|152|243|13|84|132|221|190|251|152|171|232|76|97|48|60|246|149|205|103|103|239|230|190|169|80|84|208|20|13|92|163|2|116|127|209|158|178|183|146|31|161|37|29|94|245|134|68|147|46|237|118|62|158|161|44|188|23|70|50|220|18|211|106|121|20|116|247|75|135|160|109|88|121|206|201|115|175|93|234|222|179|75|227|40|4|51|32|56|12|187|186|129|154|39|237|39|119|164|44|129|56|95|117|149|185|141|9|143|82|158|59|141|64|120|130|155|52|72|182|148|120|140|164|104|20|11|172|19|135|215|16|206|3|116|131|160|51|50|88|222|40|39|234|199|47|28|238|209|192|6|123|247|7|155|28|177|91|41|132|145|107|8|161|176|48|234|217|198|168|80|35|121|97|10|249|112|19|60|226|139|81|172|254|165|181|116|2|110|133|120|30|5|225|42|130|36|91|124|34|181|239|26|40|97|254|127|62|112|7|240|236|169|130|31|86|129|101|184|15|249|226|157|67|150|77|236|80|64|80|29|47|221|242|
Overall Best: 0.9171 Generation: 15

Generation 17
Average: 0.8998 Best: 0.9134
Best Individual: 
C0 19|77|107|216|188|191|150|226|118|77|194|175|1|122|14|172|80|236|147|244|57|255|53|43|159|13|157|210|251|24|5|122|220|136|76|97|11|140|27|160|24|110|182|112|79|238|11|35|233|195|142|3|92|163|1|116|244|209|187|212|196|163|135|79|43|210|136|254|84|201|86|46|166|133|62|129|131|94|188|2|157|50|208|244|91|106|21|153|128|247|75|42|160|187|88|81|68|11|115|152|63|71|248|161|108|106|72|96|162|103|56|192|181|181|146|49|38|154|212|253|145|105|162|65|196|42|69|252|44|155|31|82|169|59|193|24|120|56|205|54|3|51|58|146|176|207|4|106|73|223|182|93|246|9|194|32|19|199|76|63|121|44|254|34|176|145|173|33|137|161|251|106|79|231|50|20|136|176|58|18|179|196|192|97|129|45|41|175|151|5|99|36|80|58|121|171|146|67|176|148|82|145|2|169|16|201|42|68|92|252|235|171|27|137|177|177|65|124|48|34|189|110|67|190|21|142|37|224|142|59|88|192|130|94|153|87|214|11|250|132|145|115|197|141|37|174|252|102|213|133|37|84|33|219|146|229|
Overall Best: 0.9171 Generation: 15

Generation 18
Average: 0.9006 Best: 0.9146
Best Individual: 
C0 39|121|52|177|254|231|68|205|243|100|13|76|231|119|79|239|147|83|76|81|119|160|84|190|30|140|103|140|222|9|214|197|2|130|146|97|58|90|108|100|10|243|103|8|6|15|16|208|190|208|142|6|92|163|23|116|86|162|174|47|217|225|199|161|37|79|222|98|221|140|147|46|237|159|62|77|161|44|188|56|91|180|220|18|199|106|47|70|116|247|199|102|160|192|88|59|24|124|145|176|127|73|194|97|173|179|101|123|51|117|58|242|187|9|44|85|182|242|231|85|234|126|212|23|116|177|146|186|161|78|155|162|127|215|223|239|164|113|48|176|13|163|64|106|188|33|55|143|202|30|49|238|3|195|5|50|6|151|203|189|8|67|145|81|39|140|86|155|62|166|252|176|215|240|212|200|49|28|222|232|182|95|252|42|8|48|194|38|156|185|198|94|17|35|98|97|120|249|176|171|36|195|250|74|172|24|204|135|128|110|18|133|120|115|125|225|42|10|69|57|124|169|134|2|199|194|97|254|28|136|121|224|240|139|169|4|42|178|58|224|74|34|34|156|110|242|117|185|38|11|56|197|13|180|21|147|
Overall Best: 0.9171 Generation: 15

Generation 19
Average: 0.9007 Best: 0.9140
Best Individual: 
C0 19|196|91|216|188|191|150|226|118|77|194|175|1|122|14|172|80|236|147|244|62|255|53|43|159|13|157|210|251|24|5|122|220|253|76|97|241|140|27|160|24|239|187|58|246|23|11|35|233|130|142|3|92|163|1|116|244|209|187|78|196|163|135|189|205|210|136|254|84|93|86|46|166|191|224|129|131|94|65|2|157|50|208|244|91|106|21|153|128|189|75|42|90|187|88|81|68|11|179|201|237|71|248|234|108|168|126|96|162|132|224|133|177|196|69|167|56|51|192|167|231|161|115|185|1|198|65|113|76|30|225|83|128|124|169|171|4|228|15|206|68|101|152|35|62|210|109|115|47|124|15|86|74|28|126|213|88|43|54|172|237|70|251|34|176|145|161|33|137|161|251|167|79|231|50|20|136|176|58|18|179|196|192|97|129|45|41|10|151|5|99|36|80|58|121|171|146|67|176|148|82|35|2|190|16|201|42|68|92|252|235|171|27|137|177|177|230|124|48|34|189|110|67|190|21|142|37|224|142|59|206|192|130|94|153|87|82|11|250|132|145|115|197|141|37|174|252|102|213|133|37|84|33|219|146|211|
Overall Best: 0.9171 Generation: 15

Generation 20
Average: 0.9006 Best: 0.9134
Best Individual: 
C0 19|196|91|216|188|191|150|226|12|77|194|175|1|122|14|172|80|236|147|244|62|255|53|43|159|13|42|210|251|24|5|122|220|110|76|97|241|140|27|160|24|239|187|102|246|23|11|35|233|130|142|141|20|163|1|116|244|209|187|78|205|163|135|189|205|210|136|254|84|93|86|46|166|191|224|129|131|94|65|2|157|50|208|244|91|254|21|153|128|189|75|42|90|104|88|81|68|11|179|201|237|71|248|234|108|168|126|96|162|132|104|133|177|196|69|167|56|51|192|167|231|161|115|130|1|198|65|113|76|30|225|83|128|124|169|171|4|228|15|206|68|101|152|35|62|210|109|115|47|138|15|86|166|28|126|213|166|43|54|172|237|172|251|34|176|251|161|33|137|161|251|167|79|231|50|20|136|176|58|18|179|196|192|97|129|45|41|10|151|5|99|36|80|98|121|171|146|67|176|148|82|49|2|190|16|201|42|68|92|252|235|171|27|137|177|177|230|124|48|34|189|110|67|190|21|219|42|224|142|59|206|192|130|178|153|87|82|11|250|132|145|115|197|141|37|174|252|102|235|133|37|84|33|219|146|211|
Overall Best: 0.9171 Generation: 15

Generation 21
Average: 0.9003 Best: 0.9203
Best Individual: 
C0 210|121|52|177|254|177|109|205|243|100|73|118|221|144|254|114|245|19|142|185|94|3|41|97|179|248|25|225|114|74|6|54|15|79|3|146|99|120|47|3|49|26|113|108|123|162|129|177|71|100|3|130|95|141|9|91|79|179|201|251|76|15|81|127|179|111|201|111|162|17|147|46|237|118|161|57|214|56|188|241|70|50|220|242|12|106|121|211|176|247|75|135|127|194|88|201|24|219|253|112|202|44|78|185|154|48|170|155|151|101|58|182|253|7|85|41|197|19|172|42|148|45|140|176|47|148|89|72|119|28|49|49|21|206|141|230|165|196|109|176|147|102|58|78|149|184|203|175|197|223|55|151|216|9|181|100|19|92|178|156|121|130|104|29|94|234|145|218|13|11|127|106|79|119|50|20|127|51|75|91|117|23|11|252|224|204|120|1|33|69|209|180|86|177|24|9|130|71|145|66|204|85|31|183|172|215|204|145|60|48|18|133|120|115|125|225|185|10|4|57|67|169|134|2|199|194|97|254|28|51|121|224|240|139|250|4|42|189|58|89|138|34|34|243|239|242|239|185|38|174|89|197|182|180|5|147|
Overall Best: 0.9203 Generation: 21

Generation 22
Average: 0.8992 Best: 0.9140
Best Individual: 
C0 210|121|52|177|254|177|109|205|243|100|73|118|221|144|254|114|245|19|95|185|250|190|41|97|179|248|59|220|114|74|6|54|15|79|3|146|34|153|47|82|9|92|52|108|69|162|129|177|71|100|140|130|95|141|9|106|90|82|169|117|235|210|135|84|5|27|183|245|221|140|147|46|237|230|97|57|161|44|188|152|22|51|9|226|118|78|178|34|60|39|75|42|90|104|127|81|185|11|179|201|75|71|248|234|213|181|126|96|162|132|104|51|177|196|69|167|56|51|192|167|231|161|115|130|1|198|65|113|16|251|3|83|128|124|169|35|30|228|15|206|108|94|112|193|3|161|207|60|64|92|144|127|212|119|86|20|41|176|205|19|41|195|128|218|251|139|127|165|31|44|168|79|162|15|250|89|28|11|173|79|117|195|214|227|179|156|117|125|197|69|125|180|116|177|24|9|130|48|145|66|204|114|31|183|172|215|204|145|192|48|90|133|240|115|125|225|185|10|4|57|76|77|134|123|199|194|97|135|28|172|27|88|240|139|28|4|42|178|58|57|138|34|34|120|220|242|117|185|38|146|89|197|182|180|5|147|
Overall Best: 0.9203 Generation: 21

Generation 23
Average: 0.8996 Best: 0.9146
Best Individual: 
C0 210|121|52|177|26|177|60|205|243|100|73|118|221|144|254|114|245|72|95|185|250|190|126|97|179|248|59|220|114|74|6|54|101|207|76|146|34|153|47|82|9|92|52|51|69|162|129|177|71|100|140|130|95|141|9|106|90|82|169|117|235|210|135|84|5|27|183|245|221|140|147|46|237|230|97|57|161|44|188|152|22|51|9|226|118|78|175|34|60|39|75|42|90|104|127|81|185|11|179|201|75|71|248|234|213|181|126|240|162|221|104|51|177|196|69|167|56|51|86|167|231|161|115|130|1|198|65|113|16|251|3|83|128|124|197|35|30|228|15|206|108|94|112|193|176|161|207|60|17|223|98|127|173|119|181|20|41|176|205|19|41|195|128|218|251|250|127|165|31|44|168|79|162|15|250|89|28|11|173|79|117|195|214|227|179|156|117|125|197|69|95|180|116|177|24|9|235|48|145|66|204|114|31|49|172|215|204|145|192|14|90|133|240|115|125|225|185|10|4|57|76|77|134|123|199|194|97|135|28|172|27|88|240|139|28|4|42|178|58|57|226|34|34|120|220|242|117|185|38|146|89|197|182|180|5|147|
Overall Best: 0.9203 Generation: 21

Generation 24
Average: 0.9003 Best: 0.9109
Best Individual: 
C0 99|46|41|216|188|24|148|226|138|77|131|175|1|190|188|172|80|236|147|244|204|255|53|107|159|60|42|226|251|159|25|122|146|110|76|97|241|223|27|160|24|9|187|102|246|33|11|35|233|130|142|38|249|163|90|116|60|209|174|129|217|229|44|59|37|79|185|24|123|154|147|14|226|34|28|205|161|162|29|10|194|40|177|214|123|70|47|13|142|35|75|135|171|122|127|213|183|205|179|48|237|71|248|234|108|185|126|96|38|132|104|133|177|196|69|167|56|79|192|167|231|161|115|130|1|198|65|113|118|30|225|83|128|124|169|171|4|238|15|206|68|101|130|35|83|210|109|115|47|138|15|86|166|28|114|13|166|79|54|202|237|185|251|34|176|127|161|33|137|141|251|152|79|231|198|229|85|160|58|18|127|184|192|97|129|45|41|10|151|5|116|36|123|98|121|171|146|230|176|148|82|105|58|190|78|201|42|12|92|252|140|171|107|137|177|177|230|10|48|34|189|240|88|190|21|150|167|224|142|184|206|24|130|252|155|6|82|11|238|132|145|47|50|141|91|174|189|232|119|9|37|73|236|82|250|211|
Overall Best: 0.9203 Generation: 21

Generation 25
Average: 0.8992 Best: 0.9140
Best Individual: 
C0 241|181|20|186|197|38|85|224|123|179|152|77|19|160|93|66|80|236|240|42|16|241|53|43|68|16|42|210|251|201|142|122|90|110|190|13|241|140|101|108|24|239|113|102|246|68|11|96|233|130|24|180|229|230|9|12|79|81|7|179|56|132|140|85|161|12|39|245|237|214|155|8|145|16|158|192|161|128|188|169|211|177|220|18|132|83|121|211|176|247|75|42|176|104|127|81|185|11|67|201|75|71|248|63|213|181|126|240|162|101|104|128|177|22|69|167|19|163|56|201|93|161|165|88|231|239|37|249|53|74|201|250|21|239|48|177|11|14|44|76|94|249|58|78|114|202|4|212|11|85|55|167|94|9|19|100|186|255|178|156|91|179|52|29|184|234|145|6|73|11|39|106|79|119|50|106|127|202|232|91|117|23|11|252|224|204|120|1|33|2|198|180|86|165|24|211|36|71|85|88|164|158|235|183|172|215|204|145|144|48|9|115|120|115|125|225|42|130|239|243|165|217|152|91|26|163|98|254|127|37|112|107|147|36|33|218|142|87|47|99|70|174|9|63|40|175|206|149|153|62|214|13|190|92|212|26|
Overall Best: 0.9203 Generation: 21

Generation 26
Average: 0.8998 Best: 0.9109
Best Individual: 
C0 45|196|41|89|188|4|150|73|142|77|194|175|123|255|14|172|40|1|147|244|62|255|53|107|213|60|42|193|251|161|5|48|205|110|76|97|241|69|27|160|24|5|113|108|123|14|132|177|8|100|137|2|95|141|140|91|79|179|14|251|76|214|58|199|102|12|175|246|234|140|147|137|237|16|85|193|158|44|188|21|194|35|140|214|190|146|47|13|78|39|188|42|108|104|127|15|185|11|179|25|227|239|178|226|165|236|220|87|171|250|51|93|147|164|44|146|194|95|12|176|195|160|254|212|95|72|237|121|207|30|225|83|128|124|169|171|4|228|75|130|68|101|130|35|83|210|109|115|47|138|15|86|166|28|36|142|3|43|54|202|237|152|251|34|176|231|161|33|137|161|251|152|79|231|198|229|85|160|58|18|127|184|192|97|129|174|41|10|56|153|234|220|161|98|121|104|146|5|211|80|69|23|213|81|172|254|165|181|177|2|124|7|94|237|5|96|30|130|113|58|124|217|110|91|221|40|98|215|127|37|66|111|130|235|153|27|239|54|126|193|92|166|197|197|111|123|192|102|107|56|37|84|98|219|20|211|
Overall Best: 0.9203 Generation: 21

Generation 27
Average: 0.8998 Best: 0.9096
Best Individual: 
C0 247|83|149|113|254|108|65|7|243|244|0|231|250|77|195|87|87|56|99|40|234|235|181|199|7|168|161|190|243|74|6|54|6|79|3|92|26|153|47|82|9|92|52|108|69|162|55|177|71|100|135|130|57|23|103|21|126|6|169|117|235|210|41|132|121|140|183|157|221|230|147|46|122|64|97|57|161|44|188|152|199|116|90|160|125|246|199|34|220|248|75|46|244|178|121|59|69|8|25|195|202|44|19|145|84|147|170|14|79|209|253|165|101|104|9|229|58|223|191|85|64|126|28|220|145|72|176|87|164|128|122|162|14|75|204|171|137|28|134|115|105|122|239|148|162|77|127|180|24|83|221|236|234|170|163|79|143|199|76|151|143|44|16|230|141|101|85|192|137|11|39|131|60|42|239|197|33|161|92|80|177|150|214|227|142|156|165|211|160|239|149|252|166|92|219|157|161|249|43|177|110|32|62|184|36|235|206|78|163|13|68|21|100|20|254|175|57|231|214|243|219|95|128|118|88|195|171|254|47|37|109|107|74|36|169|218|134|21|240|99|70|177|31|192|46|239|78|193|236|60|64|27|160|32|3|124|
Overall Best: 0.9203 Generation: 21

Generation 28
Average: 0.8987 Best: 0.9096
Best Individual: 
C0 93|46|41|216|188|24|241|226|52|77|131|77|19|160|137|87|80|236|179|42|16|241|53|20|225|65|189|96|251|201|202|122|90|88|140|81|195|140|101|47|1|176|252|37|79|238|11|35|233|14|49|160|30|86|9|150|130|250|228|24|210|39|121|228|138|10|222|147|56|185|147|46|237|159|62|161|161|56|29|10|194|106|177|214|76|70|47|13|134|35|75|193|134|122|221|213|99|205|152|166|178|71|248|234|108|185|126|96|38|63|72|133|177|196|69|167|56|79|192|167|231|161|191|220|1|198|38|113|118|57|225|33|128|49|169|223|4|238|15|206|68|101|217|5|83|187|109|115|47|138|205|86|166|135|114|152|18|255|178|156|91|179|254|29|116|234|78|6|238|11|39|106|79|119|50|151|127|178|57|153|117|23|11|252|224|204|59|1|33|2|198|180|86|165|22|211|36|143|85|196|164|158|134|210|172|215|209|200|144|100|9|115|248|115|125|197|42|130|239|243|49|158|152|91|73|163|98|254|30|64|112|107|207|36|53|218|142|33|47|99|70|174|34|63|101|186|206|149|153|62|4|76|236|82|250|11|
Overall Best: 0.9203 Generation: 21

Generation 29
Average: 0.8986 Best: 0.9121
Best Individual: 
C0 19|5|231|38|254|231|68|192|89|189|13|76|200|119|15|30|221|83|183|110|119|20|73|111|147|178|78|35|115|67|111|22|184|244|146|97|54|50|179|133|10|243|130|8|217|15|210|14|55|130|208|182|95|141|3|47|30|160|210|117|172|230|135|84|5|210|136|239|84|93|86|46|166|101|224|110|115|94|234|29|199|74|90|160|125|246|58|34|220|248|75|46|244|178|121|59|69|8|25|195|202|44|19|145|53|147|170|14|79|212|94|165|101|104|9|229|171|223|191|203|64|126|28|220|145|229|176|87|164|128|122|162|14|75|204|171|128|28|134|115|105|122|239|148|162|61|127|180|42|83|221|236|234|170|163|79|143|199|76|151|143|44|251|115|166|101|85|192|137|11|92|214|60|42|239|197|33|161|92|5|177|150|214|166|142|156|165|211|160|239|149|252|166|92|219|157|161|249|43|177|110|32|62|184|36|235|206|78|163|116|253|203|38|147|194|217|137|102|226|203|163|204|212|85|32|194|97|248|28|226|179|192|130|178|124|104|82|11|250|8|118|175|102|141|37|174|56|28|11|9|37|198|98|219|20|211|
Overall Best: 0.9203 Generation: 21
==================
    Best individual after 30 generations
    computed in 6,039.7610 seconds
    1466 elements out of 1593 correct.
    emerged in generation 21
    with fitness 0.9203
==================

