Starting evolution...

Generation 0
Average: 0.9171 Best: 0.9171
Best Individual: 
C0 0|141|69|17|74|249|6|7|223|9|10|11|1|137|254|99|125|47|180|42|20|220|130|23|24|54|26|121|8|59|148|16|32|33|82|93|13|184|238|97|154|41|19|43|44|221|46|3|48|49|94|25|164|12|34|168|252|39|57|198|60|61|62|63|83|75|66|67|92|50|15|71|36|73|124|65|243|77|244|79|80|191|51|197|211|178|86|4|88|104|237|91|2|155|21|231|96|40|98|241|100|101|102|103|120|105|106|107|108|109|110|218|68|56|114|84|129|156|143|150|157|118|55|123|194|117|126|127|128|196|177|131|132|181|134|111|136|219|138|139|226|53|247|167|144|174|146|147|30|149|116|18|152|31|90|233|27|89|170|159|160|227|162|158|133|165|166|70|122|169|163|200|172|173|145|175|176|58|85|45|29|52|179|183|235|185|214|187|188|189|190|81|192|72|140|195|119|115|161|199|171|201|224|203|28|205|206|207|208|209|22|204|212|213|186|35|151|217|135|242|5|78|222|193|202|225|210|87|228|229|230|95|232|215|234|182|236|216|38|239|240|153|112|251|37|14|246|142|248|64|250|76|113|253|245|255|
Overall Best: 0.9171 Generation: 0

Generation 1
Average: 0.9171 Best: 0.9171
Best Individual: 
C0 230|1|15|218|178|5|19|7|121|250|249|11|74|13|36|93|71|17|109|38|20|90|22|23|24|145|26|73|41|126|50|31|63|70|119|203|14|37|82|57|40|186|27|43|44|114|32|47|48|49|182|234|158|177|210|21|247|39|196|142|60|216|62|254|64|65|169|67|193|69|241|143|125|209|12|104|89|77|200|42|113|81|99|188|155|85|219|0|116|164|211|91|132|2|94|138|6|97|58|56|202|106|102|103|34|194|101|76|252|18|110|197|112|80|75|208|52|78|88|128|160|55|122|9|124|179|245|127|98|129|130|131|183|133|134|72|86|137|167|139|162|10|214|147|144|248|243|87|140|149|157|151|152|51|154|150|232|225|92|141|120|212|96|163|199|165|222|95|168|66|170|171|172|173|174|175|176|148|118|213|180|181|195|45|123|185|244|187|35|146|190|191|231|153|105|8|198|159|192|107|217|201|30|83|204|205|206|207|115|79|215|235|108|111|59|237|61|29|238|136|84|229|166|223|224|156|226|46|228|221|53|25|227|233|68|220|236|189|4|135|240|33|242|100|28|54|246|3|239|16|184|251|161|253|117|255|
Overall Best: 0.9171 Generation: 0

Generation 2
Average: 0.9171 Best: 0.9171
Best Individual: 
C0 108|1|2|202|4|130|212|7|54|222|19|11|174|188|206|89|90|235|156|239|20|21|168|93|24|232|47|27|53|88|86|122|116|33|34|65|36|153|220|179|15|216|43|37|96|163|218|82|51|203|201|46|52|242|61|31|214|151|49|75|60|225|12|227|64|217|99|223|69|87|211|17|72|159|85|252|129|77|195|197|59|28|126|48|44|228|30|39|10|29|247|233|135|133|115|95|79|97|147|244|100|22|102|103|120|105|106|107|0|109|110|215|68|56|234|84|145|42|164|150|157|118|55|123|35|117|26|127|128|196|177|131|66|140|134|111|136|246|138|139|226|141|13|143|194|73|146|98|148|189|119|166|205|71|169|152|221|249|144|58|5|161|162|149|182|165|173|25|78|40|191|171|172|57|112|6|9|209|251|80|180|104|38|183|184|213|113|187|94|101|190|198|181|193|67|231|158|224|248|199|200|124|3|32|121|62|240|207|243|8|210|70|16|253|178|154|208|125|41|137|245|238|167|18|155|254|204|63|81|229|114|74|176|91|219|132|14|237|50|142|186|192|83|92|241|230|160|175|170|45|250|23|76|185|236|255|
Overall Best: 0.9171 Generation: 0

Generation 3
Average: 0.9171 Best: 0.9171
Best Individual: 
C0 0|27|109|3|192|255|121|7|245|41|136|78|208|229|80|82|128|35|100|77|16|56|69|23|24|165|26|6|143|65|93|4|32|201|34|220|50|231|190|206|195|8|42|53|117|129|90|9|237|135|61|51|145|250|108|153|30|203|58|152|60|199|43|45|241|169|29|234|31|2|94|71|141|49|244|131|52|19|54|198|14|142|122|46|253|154|55|87|209|254|139|176|76|174|196|59|96|99|63|118|232|239|68|182|57|111|106|150|230|21|189|105|177|214|114|115|95|213|173|144|178|1|242|148|132|219|126|127|20|70|140|216|119|133|137|251|103|33|84|73|130|197|39|48|22|92|5|246|123|113|221|215|168|247|85|162|156|188|240|159|160|38|155|163|72|116|166|167|66|83|15|171|236|112|226|200|18|12|37|81|147|97|47|183|149|185|146|212|151|134|194|191|124|193|218|161|210|222|88|217|224|205|202|75|204|36|10|25|28|235|62|211|172|164|184|11|179|225|207|125|228|86|107|79|175|102|40|157|17|64|252|158|181|233|67|110|138|91|238|104|187|74|227|243|223|170|180|44|248|249|98|120|101|13|89|186|
Overall Best: 0.9171 Generation: 0

Generation 4
Average: 0.9171 Best: 0.9171
Best Individual: 
C0 75|102|90|70|174|228|186|14|131|176|74|197|54|198|5|56|246|106|165|147|61|21|124|157|36|206|129|94|188|156|42|155|43|52|87|50|151|69|229|12|225|41|71|107|51|230|9|47|26|45|143|44|250|170|239|66|33|1|19|202|223|3|222|168|146|214|67|217|68|227|84|136|59|226|72|253|92|135|185|57|80|137|82|173|164|83|30|159|150|179|231|78|145|184|98|234|100|24|2|35|53|101|115|103|238|148|96|93|108|237|86|62|175|46|172|169|122|97|118|119|162|171|23|125|81|123|126|180|128|0|117|199|49|39|40|17|134|22|242|158|221|132|216|205|112|99|77|182|140|149|109|207|58|243|37|79|139|116|15|111|204|161|254|220|245|18|249|244|240|248|16|121|29|130|142|181|166|27|13|95|85|20|104|194|218|213|120|219|28|11|232|153|189|133|6|64|196|76|48|236|200|201|138|193|190|192|211|60|178|209|65|247|10|8|4|215|113|163|252|25|141|224|32|183|212|31|73|110|177|34|154|203|152|160|208|235|233|89|55|127|7|105|114|187|167|191|63|88|144|210|38|251|255|241|195|91|
Overall Best: 0.9171 Generation: 0

Generation 5
Average: 0.9171 Best: 0.9171
Best Individual: 
C0 54|39|112|160|153|194|108|166|216|224|251|184|179|12|217|27|235|125|7|110|228|4|103|23|76|149|168|249|79|247|248|42|176|131|17|35|196|195|124|207|78|246|119|52|87|21|9|47|26|88|143|44|250|170|115|66|33|1|19|202|223|3|222|219|146|214|67|137|68|227|84|136|59|221|72|253|37|135|185|71|215|109|11|163|74|144|86|193|46|192|118|48|242|10|94|172|255|53|206|175|148|188|201|0|142|81|5|49|232|178|164|8|254|204|114|50|31|99|180|154|101|211|147|123|139|252|126|70|20|116|197|75|191|73|134|98|43|151|6|69|22|141|236|83|24|240|158|129|132|234|55|200|96|34|181|152|156|157|105|30|65|161|16|89|113|107|82|138|183|212|174|203|229|41|122|226|130|198|15|63|245|38|182|14|210|128|220|187|92|60|58|243|173|51|80|127|18|244|102|117|162|120|97|93|199|190|218|209|64|239|189|155|121|208|100|150|186|205|231|167|225|233|159|106|213|28|165|230|95|104|36|13|91|40|32|56|90|77|238|169|237|57|2|61|140|45|171|29|133|85|25|145|62|241|111|177|
Overall Best: 0.9171 Generation: 0

Generation 6
Average: 0.9171 Best: 0.9171
Best Individual: 
C0 91|169|32|90|216|36|194|153|29|57|138|238|179|12|217|27|246|125|7|110|228|4|103|23|76|149|168|249|79|247|248|233|113|64|17|222|196|195|124|207|220|235|119|52|87|49|9|47|40|88|143|173|250|170|115|66|33|1|187|202|223|74|35|219|146|214|156|137|68|227|84|136|3|55|72|154|37|135|253|71|215|109|11|163|59|144|180|193|46|192|118|48|242|10|94|172|255|53|206|175|148|188|201|0|142|81|5|21|232|178|164|22|254|204|114|50|31|99|86|185|101|211|147|123|139|252|157|70|20|18|197|75|191|73|134|98|43|151|6|69|8|141|174|83|24|240|158|129|132|234|221|200|96|34|181|152|67|126|105|30|65|161|16|89|176|107|82|108|183|212|236|203|229|41|122|226|177|198|15|63|245|38|182|14|210|128|78|19|92|160|58|243|44|51|80|127|116|244|102|117|162|120|97|93|199|190|218|209|25|239|189|155|121|208|100|150|186|205|231|167|225|42|159|106|213|28|165|230|95|133|60|56|39|62|237|2|111|61|130|171|54|112|166|224|131|26|104|140|85|45|77|251|13|184|145|241|
Overall Best: 0.9171 Generation: 0

Generation 7
Average: 0.9171 Best: 0.9171
Best Individual: 
C0 188|211|60|134|240|252|49|135|237|71|24|190|9|96|207|243|171|75|34|63|40|18|123|91|111|184|83|173|109|160|46|213|85|119|148|235|36|21|193|39|16|167|199|20|158|124|113|13|47|249|125|77|41|170|115|51|33|1|187|202|223|145|35|163|146|214|156|137|68|227|74|136|3|55|103|154|37|45|139|162|182|179|248|65|50|118|142|161|4|19|90|31|229|138|28|117|69|233|180|107|7|42|152|52|104|228|56|153|108|238|110|78|164|38|218|143|144|131|231|86|129|212|224|141|205|6|157|121|208|168|198|27|200|195|84|114|70|251|203|64|250|23|246|232|165|191|100|58|14|120|174|87|209|67|80|2|48|254|0|8|189|255|99|26|245|93|22|89|25|79|147|178|172|62|201|133|76|66|140|192|215|194|253|183|61|185|186|236|112|222|216|150|220|176|126|32|206|5|177|204|88|151|155|94|197|169|196|128|217|221|175|239|116|106|73|59|230|225|29|10|181|247|81|17|30|12|226|82|244|11|57|54|105|159|234|149|97|15|127|122|130|210|242|98|43|95|241|72|53|92|219|132|166|44|101|102|
Overall Best: 0.9171 Generation: 0

Generation 8
Average: 0.9171 Best: 0.9171
Best Individual: 
C0 188|113|60|134|240|252|157|148|237|71|24|103|9|96|209|79|149|253|34|35|40|18|123|78|111|184|11|173|153|143|46|213|85|80|135|235|36|21|193|23|16|167|199|20|158|182|211|13|47|249|108|77|41|170|115|205|33|196|187|202|223|110|63|163|146|125|156|137|68|227|141|99|6|55|51|54|212|128|139|162|124|122|248|65|50|118|142|161|4|19|90|31|231|138|86|117|69|233|180|107|7|42|58|27|105|207|38|109|114|190|145|198|136|1|185|160|45|43|229|28|210|224|37|74|238|3|169|140|234|166|104|66|200|195|84|214|70|251|203|64|250|39|246|232|165|191|100|152|14|120|174|87|228|67|119|2|48|254|0|8|189|255|164|26|245|93|22|89|25|243|147|178|172|62|201|133|76|52|126|192|215|194|75|183|61|218|186|236|112|222|216|150|220|176|121|32|206|5|239|204|88|151|155|95|197|49|56|144|217|221|175|177|116|106|73|59|230|225|29|10|181|129|159|17|30|12|226|82|244|83|57|154|91|81|208|171|97|15|127|179|130|247|242|98|131|94|241|72|53|92|219|132|168|44|101|102|
Overall Best: 0.9171 Generation: 0

Generation 9
Average: 0.9171 Best: 0.9171
Best Individual: 
C0 0|154|169|192|157|27|9|220|40|85|216|135|80|86|195|159|6|167|238|236|217|24|125|222|185|134|102|52|123|23|136|67|237|177|34|214|1|210|7|202|180|141|146|33|247|187|148|204|84|137|10|232|170|179|182|240|128|249|73|149|162|61|117|242|42|19|115|145|198|126|189|4|72|243|200|25|58|152|225|74|191|201|50|82|36|253|207|184|109|127|178|75|239|224|100|111|45|97|44|78|94|122|221|108|142|138|22|47|55|255|53|95|99|20|171|228|76|49|172|174|107|65|250|101|203|163|143|12|227|39|219|168|29|254|68|124|41|147|241|54|175|197|43|88|223|104|38|91|156|59|151|130|196|139|133|56|160|46|48|32|106|144|89|15|66|83|218|158|120|63|153|11|14|112|116|3|140|26|114|231|13|164|105|209|17|16|90|62|18|96|155|8|183|92|51|57|71|81|161|37|165|194|212|244|110|188|251|35|215|181|131|248|230|208|30|193|28|234|93|211|113|118|176|121|5|213|173|2|206|77|235|21|229|205|64|132|246|60|79|166|119|129|69|186|98|199|31|252|226|190|233|245|150|70|87|103|
Overall Best: 0.9171 Generation: 0

Generation 10
Average: 0.9171 Best: 0.9171
Best Individual: 
C0 232|42|154|178|62|185|183|36|29|186|199|133|112|220|97|201|163|242|46|37|101|87|198|139|151|21|77|245|187|4|217|39|31|177|254|251|64|200|182|109|33|63|102|90|189|238|32|241|188|250|247|85|71|78|134|74|83|180|224|0|60|13|204|20|169|191|181|53|127|69|174|160|117|47|19|249|165|194|30|92|72|123|99|119|84|114|105|248|61|43|175|190|236|231|197|131|212|81|41|229|120|203|233|70|156|137|158|26|68|221|15|17|18|16|244|115|9|214|150|222|216|52|179|195|170|192|223|205|96|227|243|226|10|111|125|22|130|59|132|193|159|51|184|202|108|24|162|6|67|149|82|207|122|107|246|79|140|167|153|144|40|161|1|58|76|65|106|45|240|164|2|91|98|38|142|237|166|27|124|210|129|157|94|25|218|66|116|219|73|208|126|255|104|168|209|152|252|135|14|57|54|228|23|34|89|172|239|147|11|141|75|138|95|148|171|100|28|234|93|211|113|118|176|121|5|213|110|173|3|215|155|143|55|146|12|230|86|136|7|145|48|49|235|50|44|206|80|103|196|35|128|8|88|225|56|253|
Overall Best: 0.9171 Generation: 0

Generation 11
Average: 0.9171 Best: 0.9171
Best Individual: 
C0 143|209|179|217|1|168|178|139|103|208|110|159|77|240|253|193|125|135|201|242|170|142|37|174|181|35|79|221|62|4|166|89|98|224|254|251|64|200|182|109|33|63|102|90|106|238|32|241|188|250|247|85|71|78|34|74|83|180|177|0|60|13|204|20|169|191|225|53|127|69|101|160|117|47|19|249|165|194|30|92|72|123|99|119|84|158|105|147|61|43|175|190|236|231|197|131|157|228|41|229|120|203|233|70|156|137|40|26|68|218|129|17|18|16|244|115|9|214|150|222|216|52|151|195|45|192|223|205|96|227|243|226|10|141|39|15|81|207|133|171|28|248|116|232|82|163|22|149|55|6|255|29|114|97|49|134|91|93|234|59|252|140|42|154|130|86|100|196|155|67|27|162|46|187|122|136|215|118|176|87|239|38|14|95|184|23|167|199|148|245|153|198|124|48|104|126|210|66|88|219|57|112|65|128|56|172|202|58|50|206|161|25|107|211|189|76|213|31|73|80|132|138|11|111|24|144|8|186|108|51|230|75|145|54|44|185|164|152|2|36|246|237|113|5|3|220|12|183|94|146|121|7|212|173|235|21|
Overall Best: 0.9171 Generation: 0

Generation 12
Average: 0.9171 Best: 0.9171
Best Individual: 
C0 168|32|240|63|165|104|186|244|191|92|234|163|233|135|101|0|136|37|31|51|241|190|11|206|88|174|67|156|126|56|189|235|123|24|79|173|142|54|157|106|112|243|1|21|158|208|129|108|20|143|200|178|248|170|162|159|33|49|147|111|177|194|10|219|61|93|171|224|226|50|254|62|246|6|204|151|227|211|175|117|29|19|122|139|245|96|95|7|128|13|39|215|247|188|239|84|109|89|5|138|232|144|2|127|125|187|36|69|9|12|90|116|236|58|74|214|192|97|66|210|218|113|199|77|196|201|185|124|23|217|179|100|105|213|252|130|38|137|169|155|152|15|198|253|34|153|81|57|148|228|45|193|71|64|220|238|17|110|202|205|237|44|212|48|86|46|134|255|181|102|72|65|141|197|76|132|25|103|166|70|80|209|223|182|73|60|150|154|164|99|145|121|107|146|231|42|68|43|118|41|52|18|131|251|225|203|114|207|75|87|195|216|149|119|160|16|229|230|55|221|176|22|140|30|82|249|98|83|8|47|4|91|40|78|161|59|180|53|167|14|35|222|26|172|133|94|3|27|28|85|120|115|250|242|183|184|
Overall Best: 0.9171 Generation: 0

Generation 13
Average: 0.9171 Best: 0.9171
Best Individual: 
C0 62|59|186|242|27|85|32|30|104|91|92|180|233|135|133|0|136|37|31|51|241|28|11|206|88|174|67|209|126|56|189|235|123|24|79|173|142|54|157|106|112|243|1|21|158|208|129|247|20|143|200|178|149|170|162|159|33|227|147|111|177|194|10|219|61|93|171|224|226|50|81|110|246|6|204|151|49|211|175|117|29|19|122|134|245|96|95|7|128|212|39|215|108|15|239|84|109|89|5|138|232|144|2|127|125|187|36|69|9|12|58|116|236|90|74|214|192|97|66|210|218|113|199|77|196|201|185|124|23|217|179|100|105|213|252|165|38|137|169|155|152|188|198|253|34|153|254|57|148|228|45|193|71|64|220|46|17|3|202|205|237|44|13|48|86|238|139|255|181|102|72|65|141|197|76|132|25|103|244|70|80|156|223|182|73|22|150|82|164|40|145|121|107|146|231|42|68|43|118|41|52|18|131|251|225|203|114|207|75|87|195|216|248|119|160|94|229|230|55|221|176|60|140|172|191|35|99|83|8|166|249|250|222|190|234|130|115|47|120|183|16|98|4|63|154|101|161|26|167|168|53|163|14|78|184|240|
Overall Best: 0.9171 Generation: 0

Generation 14
Average: 0.9171 Best: 0.9171
Best Individual: 
C0 33|82|9|53|35|117|225|13|44|184|149|38|197|186|229|69|240|126|237|26|56|190|217|195|110|220|95|0|182|88|76|102|34|228|223|145|255|132|106|128|27|86|21|93|157|20|68|83|6|96|243|120|164|165|198|169|147|92|163|64|215|70|1|104|42|43|150|135|5|48|212|158|185|203|248|123|179|3|78|39|177|219|67|144|65|236|108|134|52|194|141|151|40|23|72|54|188|208|94|218|232|239|90|138|125|250|156|89|253|81|196|10|36|11|17|41|19|178|29|32|129|16|139|114|66|247|234|233|18|121|75|25|80|170|116|244|143|100|227|2|153|249|246|152|71|124|180|160|155|252|181|22|99|226|192|87|231|235|60|238|31|47|61|46|193|113|37|133|251|24|174|162|191|187|211|30|189|245|59|79|210|159|161|254|213|202|167|14|148|140|142|101|214|103|224|84|146|216|130|221|57|45|168|175|222|15|4|58|50|206|205|204|241|28|201|127|171|154|73|136|107|172|176|111|55|98|8|105|173|122|230|242|63|77|7|137|62|131|115|209|74|112|166|51|207|97|12|183|118|119|200|91|109|49|85|199|
Overall Best: 0.9171 Generation: 0

Generation 15
Average: 0.9171 Best: 0.9171
Best Individual: 
C0 215|28|250|254|14|6|62|143|184|88|42|243|8|165|94|64|202|141|147|139|230|17|37|18|252|193|115|240|233|34|176|249|102|189|97|20|48|21|22|70|200|238|130|2|32|210|168|220|171|43|96|207|253|227|199|136|137|35|167|155|190|124|208|30|4|198|90|152|209|160|222|203|231|244|72|138|63|177|218|121|188|241|12|144|194|109|47|162|91|169|116|148|29|182|187|79|145|146|206|60|58|89|15|26|213|131|174|106|140|73|173|135|101|16|172|5|31|196|247|192|175|150|179|123|76|56|232|0|114|1|119|224|127|128|87|25|125|159|158|217|23|39|117|83|24|255|105|170|219|228|69|86|10|51|181|149|67|234|84|251|129|3|50|161|225|201|142|191|178|212|38|111|229|41|100|126|157|236|166|235|75|49|55|183|110|11|78|164|65|45|66|151|122|82|132|93|103|237|40|245|77|27|92|68|216|113|99|246|195|98|242|211|133|80|13|154|180|33|214|7|163|134|85|112|95|74|186|9|118|36|239|107|44|61|81|221|54|104|120|52|204|57|248|108|226|223|197|59|185|156|19|53|71|153|205|46|
Overall Best: 0.9171 Generation: 0

Generation 16
Average: 0.9171 Best: 0.9171
Best Individual: 
C0 14|98|249|49|118|254|165|161|215|65|170|253|100|58|168|203|23|38|247|225|122|70|131|162|19|99|218|240|239|235|176|228|173|63|29|143|230|201|78|209|20|88|199|62|130|28|124|202|169|157|186|220|74|184|163|36|197|156|51|39|83|17|42|231|137|242|35|9|134|69|54|52|182|140|47|251|72|219|206|237|25|77|136|222|101|155|18|94|178|233|141|6|68|3|207|204|127|82|50|145|172|115|104|81|129|210|250|27|119|110|53|24|132|43|116|56|120|243|139|1|212|79|174|4|89|114|252|221|180|171|8|30|195|153|185|226|112|216|85|177|192|196|2|7|111|200|160|246|194|217|208|179|34|224|123|238|105|187|244|95|41|80|40|135|126|0|107|37|214|86|60|76|97|64|245|26|103|48|241|150|181|22|32|142|227|87|75|71|15|189|13|117|46|66|154|175|164|193|21|211|151|108|159|67|16|59|255|158|198|125|55|166|113|93|91|232|90|84|148|183|106|191|223|229|109|138|146|121|5|73|236|45|234|96|190|147|248|102|44|92|133|188|57|12|31|149|213|152|144|167|128|10|33|11|205|61|
Overall Best: 0.9171 Generation: 0

Generation 17
Average: 0.9171 Best: 0.9171
Best Individual: 
C0 174|184|101|13|157|78|83|130|251|95|50|12|249|99|120|211|80|247|47|31|117|195|171|22|104|196|240|114|179|29|0|144|74|140|135|208|39|142|200|91|27|241|162|224|124|227|150|16|131|253|228|3|14|209|64|72|97|201|28|70|254|102|51|156|177|60|35|9|106|38|56|233|15|98|186|84|244|219|206|237|25|164|242|222|203|176|11|49|178|40|197|132|61|23|207|85|127|75|193|145|246|92|212|235|129|210|225|239|119|7|59|24|153|121|116|54|58|138|250|1|90|198|194|79|82|8|236|234|191|134|172|218|36|252|66|187|146|76|133|10|165|77|169|232|87|4|113|52|96|189|205|175|63|155|86|180|220|136|88|163|245|141|226|93|125|103|217|243|139|81|110|185|73|115|71|213|45|37|154|192|215|69|68|42|19|137|100|199|148|166|26|188|160|44|41|34|122|223|230|221|57|152|48|108|229|161|214|204|53|202|43|18|147|255|2|158|89|182|5|109|46|67|181|32|105|30|143|62|149|6|151|118|21|20|170|112|183|107|17|167|168|128|126|33|216|248|111|173|190|159|55|94|231|238|65|123|
Overall Best: 0.9171 Generation: 0

Generation 18
Average: 0.9171 Best: 0.9171
Best Individual: 
C0 174|184|101|57|157|151|176|130|84|136|115|39|111|150|159|211|42|247|109|31|62|195|171|205|104|196|192|114|203|29|86|144|74|140|97|208|202|142|200|91|239|138|162|224|124|95|99|16|131|253|228|3|14|209|64|113|135|201|28|70|254|102|193|156|177|242|35|9|106|137|56|233|15|98|47|251|72|219|25|237|206|164|169|222|179|83|11|94|178|199|197|132|24|23|207|204|127|75|51|145|246|92|212|81|129|210|225|27|119|7|59|252|153|121|116|54|58|53|250|1|90|198|194|32|82|175|236|234|191|134|107|223|36|61|180|187|146|76|183|10|165|77|100|232|143|4|244|112|96|189|60|8|40|155|22|108|220|227|88|163|245|141|68|93|125|103|217|243|139|235|186|185|89|50|71|213|79|37|154|240|215|69|80|226|166|38|63|52|148|19|2|188|110|18|41|34|122|218|230|221|13|152|48|55|229|161|214|85|241|12|43|248|170|255|26|158|73|182|105|160|46|67|126|45|5|30|87|117|149|6|78|118|21|20|147|0|133|172|17|190|168|128|181|33|216|44|249|173|167|120|65|49|231|238|66|123|
Overall Best: 0.9171 Generation: 0

Generation 19
Average: 0.9171 Best: 0.9171
Best Individual: 
C0 100|17|136|101|174|252|140|180|46|38|82|212|236|156|171|225|55|232|133|84|48|0|202|35|247|43|91|6|246|122|229|1|34|226|172|124|158|98|137|201|36|250|235|71|241|23|175|79|135|130|108|216|103|4|9|12|10|63|29|18|141|149|81|147|118|16|115|209|208|248|244|73|145|185|163|207|177|69|253|166|223|60|197|178|49|77|164|251|143|54|90|119|127|70|24|218|217|65|20|179|92|144|19|220|47|32|159|148|125|132|27|184|99|89|88|78|213|142|162|194|129|183|205|3|152|173|169|230|234|22|86|238|66|151|58|155|117|200|203|182|199|160|33|237|62|26|211|222|120|240|11|87|165|21|191|2|57|161|97|116|167|198|56|111|51|68|85|128|168|104|210|75|134|189|102|14|157|96|224|123|25|30|112|214|7|138|228|186|176|31|8|154|121|105|170|83|249|61|126|243|255|245|204|28|227|114|74|242|188|50|13|39|196|190|45|72|193|254|80|131|221|206|64|109|110|192|107|195|52|181|44|5|153|15|215|94|93|239|42|53|76|146|59|95|139|40|231|106|150|113|41|37|219|233|67|187|
Overall Best: 0.9171 Generation: 0
==================
    Best individual after 20 generations
    computed in 3,553.0810 seconds
    1461 elements out of 1593 correct.
    emerged in generation 0
    with fitness 0.9171
==================

