Starting evolution...

Generation 0
Average: 0.9061 Best: 0.9140
Best Individual: 
C0 0|227|2|3|22|200|215|195|63|9|110|11|12|166|53|172|75|17|198|197|20|78|4|23|24|25|186|124|146|136|71|76|148|238|19|161|36|175|33|180|149|41|42|43|69|59|58|47|48|49|73|61|50|202|240|191|56|57|85|153|134|226|62|45|64|65|66|67|68|18|70|207|72|30|74|16|5|143|31|102|112|81|237|208|84|46|174|54|88|244|141|241|192|93|94|95|113|163|98|99|232|44|127|103|89|105|90|107|108|109|193|152|80|224|104|115|116|117|118|10|121|120|122|123|55|254|114|97|86|129|181|131|219|133|212|135|39|137|233|139|159|106|142|77|144|145|28|147|185|52|125|79|160|178|154|171|26|251|245|8|92|38|162|184|231|165|169|167|168|13|170|100|15|101|1|37|176|177|196|87|249|236|111|220|140|32|209|187|82|189|190|250|218|83|194|221|96|182|6|199|29|201|173|203|204|205|206|119|130|132|210|211|60|150|155|14|216|217|34|156|183|7|222|223|151|225|51|126|228|229|230|164|214|138|234|235|40|188|35|239|179|91|242|243|128|158|246|247|248|21|27|213|252|253|157|255|
Overall Best: 0.9140 Generation: 0

Generation 1
Average: 0.9073 Best: 0.9146
Best Individual: 
C0 0|167|226|74|72|136|110|238|71|63|132|54|58|13|14|15|212|148|146|32|254|156|194|23|8|2|253|27|144|29|106|31|84|241|233|151|93|37|38|39|40|121|145|43|108|45|46|47|119|49|50|51|52|53|11|55|56|57|12|59|214|61|62|34|122|221|219|67|159|87|70|24|4|115|176|164|76|94|133|79|175|173|222|230|98|85|86|117|88|169|90|203|138|103|77|112|82|1|19|42|162|100|242|78|199|16|227|3|30|44|182|99|65|113|114|83|193|5|118|160|120|150|25|107|124|210|126|127|128|129|197|195|10|139|123|9|95|204|92|60|140|166|220|17|28|96|64|147|143|149|41|130|6|170|237|131|224|101|158|168|135|73|215|186|21|157|165|218|116|89|172|171|81|104|102|187|213|18|178|179|180|181|152|183|109|185|163|225|188|244|190|191|192|209|250|155|184|208|198|196|22|142|35|91|36|205|206|207|69|252|125|228|105|134|177|75|216|111|174|231|236|153|217|223|201|161|232|251|211|229|137|202|234|48|200|235|97|68|7|239|240|33|154|243|189|245|246|247|248|249|141|66|80|26|20|255|
Overall Best: 0.9146 Generation: 1

Generation 2
Average: 0.9074 Best: 0.9178
Best Individual: 
C0 0|131|8|3|244|163|164|236|172|240|61|146|1|245|57|25|209|20|18|254|241|100|184|224|24|96|233|41|5|43|30|93|137|33|153|232|255|12|176|53|99|48|125|108|120|45|208|231|47|10|114|238|90|221|54|55|67|175|70|166|159|63|190|6|64|141|29|56|68|69|2|71|72|119|229|103|15|174|78|79|230|81|207|199|251|26|94|186|178|42|111|198|249|173|21|136|171|97|98|237|191|28|102|13|226|39|106|107|73|193|129|147|212|113|50|162|116|117|118|16|160|134|122|123|65|124|32|181|92|218|46|210|196|133|214|202|112|44|177|194|110|85|169|143|144|145|58|115|62|149|88|75|152|127|31|82|105|157|87|17|36|161|104|121|148|4|19|167|101|253|234|180|140|154|205|9|38|11|168|215|80|185|182|76|49|242|84|187|86|206|52|220|74|109|89|195|189|197|203|83|200|201|135|23|204|250|95|139|130|223|227|211|60|150|155|14|216|217|34|156|183|7|222|132|151|225|51|126|228|22|59|165|66|138|170|235|40|188|35|239|179|91|192|243|128|158|246|247|248|37|27|213|252|142|77|219|
Overall Best: 0.9178 Generation: 2

Generation 3
Average: 0.9075 Best: 0.9178
Best Individual: 
C0 0|131|178|3|244|163|164|236|172|98|144|146|1|245|57|25|209|20|18|254|241|100|184|224|190|96|233|41|5|43|30|93|137|33|153|10|147|12|176|53|99|88|125|101|120|45|208|231|47|232|114|216|90|221|54|55|67|175|70|166|159|63|212|6|64|193|29|56|68|69|2|71|72|119|229|103|15|174|78|79|230|81|207|199|251|26|94|186|107|42|111|198|249|173|21|217|171|97|240|237|14|28|102|49|226|162|106|8|73|62|161|255|24|113|50|39|80|117|118|16|160|134|122|123|65|124|32|181|58|218|46|210|196|133|214|202|112|44|177|194|110|85|169|143|61|145|203|115|141|149|48|75|152|127|31|82|105|23|36|17|87|129|104|121|148|4|19|167|108|253|234|180|140|154|205|9|38|11|168|215|116|185|182|76|13|242|84|197|86|206|52|220|74|109|136|195|189|187|92|83|200|201|135|157|204|250|95|139|130|223|227|211|60|150|155|191|238|89|34|156|183|7|222|132|151|225|51|126|228|22|59|165|66|138|170|235|40|188|35|239|179|91|192|243|128|158|246|247|248|37|27|213|252|142|77|219|
Overall Best: 0.9178 Generation: 2

Generation 4
Average: 0.9069 Best: 0.9171
Best Individual: 
C0 0|131|178|3|244|163|64|141|172|98|144|146|1|245|57|25|209|20|18|254|241|100|184|224|190|96|233|41|232|250|30|93|137|33|153|193|147|12|176|53|99|88|125|101|120|45|208|231|47|5|114|216|90|138|54|55|67|175|70|166|159|63|212|6|164|10|29|56|21|69|2|71|72|119|122|37|15|174|78|79|226|81|207|199|251|26|94|165|107|42|16|198|249|173|68|58|171|97|240|237|14|28|102|49|230|162|106|8|73|62|161|40|24|113|50|39|80|117|118|111|160|134|229|123|189|124|32|181|217|185|46|210|104|133|214|202|112|44|177|194|110|85|169|143|61|145|203|115|236|149|48|75|152|127|31|82|105|23|150|17|87|129|196|92|148|4|19|167|108|253|234|180|140|154|205|9|38|11|168|215|116|218|182|76|13|242|84|197|86|206|52|220|74|109|136|195|65|187|121|83|200|201|135|157|204|43|95|186|130|223|227|211|60|36|222|191|238|89|34|156|183|7|155|132|151|225|51|126|228|22|59|139|66|221|170|235|255|188|35|239|179|91|192|243|128|158|246|247|248|103|27|213|252|142|77|219|
Overall Best: 0.9178 Generation: 2

Generation 5
Average: 0.9081 Best: 0.9165
Best Individual: 
C0 93|131|216|3|31|163|27|40|172|249|61|146|1|245|143|25|179|174|250|51|68|100|99|224|24|96|233|41|5|144|197|128|109|33|153|253|255|12|176|55|184|48|125|211|120|45|208|231|47|10|114|130|225|221|54|13|67|175|97|166|159|63|190|6|64|141|29|56|241|86|2|32|72|119|214|103|15|20|78|79|124|81|207|37|85|26|49|186|178|112|111|198|240|173|21|136|95|70|98|237|123|28|102|53|226|235|189|107|73|152|129|35|212|113|50|222|116|117|118|16|4|134|8|191|87|230|71|181|105|193|145|210|196|244|229|202|42|44|177|194|110|251|169|57|206|34|58|39|62|213|76|75|218|127|133|82|108|171|69|17|36|161|104|121|148|160|19|9|101|232|234|180|140|154|80|167|192|11|168|215|205|185|182|88|94|242|84|43|65|187|52|220|74|238|89|195|106|30|137|77|200|151|135|23|204|18|157|139|243|223|227|203|60|150|155|14|247|217|7|156|183|122|59|132|201|90|254|126|228|22|162|165|66|138|170|115|236|188|147|239|46|91|38|92|0|158|246|209|248|199|164|149|252|142|83|219|
Overall Best: 0.9178 Generation: 2

Generation 6
Average: 0.9082 Best: 0.9153
Best Individual: 
C0 93|131|216|3|31|163|27|40|172|249|61|146|1|245|143|25|179|174|250|51|68|33|99|224|24|96|233|41|202|144|197|128|109|100|153|50|255|12|176|28|184|48|26|211|121|45|208|231|47|230|114|130|225|221|54|13|67|175|97|166|159|63|66|22|34|141|29|181|241|86|232|32|72|119|214|103|15|20|78|46|124|81|207|37|85|125|49|186|178|112|111|222|240|173|21|136|95|70|98|237|123|55|102|53|226|164|189|107|73|152|129|35|212|113|253|198|116|117|118|90|4|134|8|191|87|251|71|56|105|193|145|158|196|244|229|5|42|44|177|148|110|10|169|57|206|64|58|39|62|213|76|75|218|127|133|82|161|171|69|17|36|108|9|120|194|160|19|104|101|122|234|180|140|154|80|167|192|11|168|215|205|185|182|88|94|242|84|43|65|187|52|220|74|238|89|195|254|30|137|77|200|151|91|203|138|18|157|139|243|223|227|23|60|150|83|14|247|217|7|156|183|2|59|132|201|16|106|126|228|6|162|165|190|204|170|115|236|188|147|239|79|135|38|92|0|210|246|209|248|199|235|149|252|142|155|219|
Overall Best: 0.9178 Generation: 2

Generation 7
Average: 0.9087 Best: 0.9153
Best Individual: 
C0 47|207|2|104|60|62|51|84|197|223|141|11|128|53|181|101|214|71|9|231|20|78|16|58|94|187|186|93|233|240|42|175|32|238|56|118|18|154|33|4|61|41|243|244|133|43|202|160|111|99|114|149|36|23|174|191|80|143|85|152|134|96|79|45|64|8|155|67|105|98|113|19|158|30|173|25|68|145|159|102|250|120|74|208|73|46|166|150|88|139|75|241|242|34|219|220|70|193|49|163|122|44|39|206|89|148|171|107|108|63|245|10|218|190|83|246|135|140|196|185|109|81|126|97|182|14|76|17|229|37|54|3|237|69|203|216|136|198|251|235|161|184|1|106|144|169|82|147|157|234|125|156|24|168|116|90|131|48|138|22|92|26|162|52|59|164|232|167|40|215|142|100|249|110|77|228|227|177|5|87|15|236|146|12|117|172|209|132|28|189|180|103|112|252|254|221|194|55|6|199|65|201|153|212|35|205|255|119|130|121|31|211|29|129|66|226|123|217|178|0|183|225|222|86|151|239|13|195|210|165|230|176|127|137|170|50|95|224|72|7|179|124|192|200|248|204|115|247|188|21|27|213|38|253|57|91|
Overall Best: 0.9178 Generation: 2

Generation 8
Average: 0.9072 Best: 0.9146
Best Individual: 
C0 150|83|218|197|69|211|176|139|39|174|128|164|208|210|188|203|118|217|54|79|0|191|206|95|205|132|177|242|196|22|87|103|253|108|182|97|219|59|48|249|84|85|251|46|58|67|155|153|254|44|121|76|122|247|36|10|101|224|78|152|148|74|228|64|51|1|143|56|9|160|43|146|65|66|225|53|162|149|244|33|70|223|114|93|129|240|86|107|27|166|221|15|92|63|220|13|28|222|34|98|214|163|190|89|142|35|31|109|238|41|20|229|77|81|136|99|23|246|193|178|120|113|172|125|68|4|233|123|213|61|216|227|75|192|16|195|50|137|71|110|159|52|207|106|144|180|82|198|145|234|105|158|49|168|175|47|131|19|173|181|117|252|3|72|231|202|232|167|62|18|104|45|171|88|29|200|184|57|127|245|5|236|42|156|73|12|209|187|126|189|134|135|112|26|96|116|151|133|6|199|2|169|250|212|102|161|100|119|130|30|124|8|40|80|17|111|186|90|185|38|183|7|37|25|194|60|255|235|138|165|230|94|141|147|170|201|24|157|32|243|179|241|226|140|248|204|115|239|11|21|14|91|237|154|55|215|
Overall Best: 0.9178 Generation: 2

Generation 9
Average: 0.9079 Best: 0.9184
Best Individual: 
C0 0|55|127|99|30|163|218|10|172|75|144|250|77|106|1|25|68|109|18|14|231|221|184|202|67|132|199|93|46|47|162|2|230|238|102|48|249|154|121|160|61|179|26|244|133|101|198|43|146|52|114|216|16|138|54|28|208|175|32|168|27|7|117|82|98|141|29|57|15|86|232|6|72|119|214|225|56|20|152|233|124|81|207|37|85|53|49|110|178|112|60|222|240|116|21|3|95|70|79|237|123|131|153|125|226|164|189|63|180|78|129|35|212|113|253|9|173|235|118|90|188|134|8|191|87|251|71|241|105|193|145|158|104|120|223|192|197|227|94|139|19|252|169|210|157|31|203|140|255|149|69|40|234|215|62|171|185|23|74|17|245|161|196|92|236|228|111|167|108|50|194|73|88|209|100|58|247|11|159|166|80|45|182|76|13|242|84|12|42|206|59|34|150|219|177|195|65|187|33|229|200|201|135|213|204|24|97|66|130|39|137|89|176|36|83|107|205|211|220|239|183|254|155|96|151|103|51|148|217|22|136|165|122|64|170|143|126|4|44|147|41|91|224|243|128|186|38|246|248|190|181|5|156|174|115|142|
Overall Best: 0.9184 Generation: 9

Generation 10
Average: 0.9078 Best: 0.9178
Best Individual: 
C0 210|88|147|27|103|168|38|22|95|59|225|34|228|243|206|142|94|131|104|86|184|170|237|29|124|144|110|41|240|172|174|146|98|51|107|65|247|163|63|204|253|180|233|246|134|60|208|13|11|8|165|61|70|136|223|178|185|127|58|55|159|97|197|112|117|161|153|156|68|173|49|46|171|125|221|212|48|242|78|164|230|135|75|64|32|42|45|6|4|151|44|200|160|115|128|219|30|5|102|130|250|28|18|248|82|57|67|187|54|10|101|79|24|138|9|39|255|137|143|207|139|167|126|52|129|190|145|227|108|105|0|157|17|211|214|73|71|53|1|194|209|244|169|182|118|31|203|120|236|149|229|188|111|92|252|158|25|23|133|224|87|80|62|234|148|12|19|176|109|83|91|119|140|154|50|36|192|166|239|220|116|218|20|76|81|43|177|47|123|84|66|2|74|186|217|152|77|198|15|231|191|175|245|132|202|199|205|215|254|150|193|189|232|249|222|100|155|26|85|56|195|122|69|226|162|216|121|14|251|241|33|90|7|106|196|183|235|16|35|93|179|113|72|21|96|114|40|3|201|238|141|213|37|89|181|99|
Overall Best: 0.9184 Generation: 9

Generation 11
Average: 0.9074 Best: 0.9153
Best Individual: 
C0 231|188|191|27|140|194|20|113|133|26|227|100|224|137|206|142|94|131|104|150|184|170|138|78|124|144|197|242|209|234|174|146|160|115|107|189|229|108|81|101|50|68|233|204|18|60|82|139|62|39|165|130|192|151|16|183|152|112|70|187|162|90|9|6|72|12|46|63|180|223|2|166|5|148|211|36|15|118|67|79|247|173|147|199|251|69|111|29|239|254|30|51|31|200|238|52|35|106|145|49|54|135|102|222|176|155|97|40|181|210|246|172|19|80|249|8|168|243|83|221|13|120|7|1|0|230|10|225|186|193|65|24|98|244|75|88|164|58|237|255|110|55|114|38|122|129|44|226|196|149|190|207|252|127|157|169|73|232|87|228|95|220|77|202|218|11|47|76|128|248|125|99|153|154|253|53|212|245|116|215|96|25|182|178|56|175|84|43|141|185|103|117|64|163|89|195|236|85|22|219|214|41|171|23|42|250|143|134|136|86|235|208|179|240|91|34|119|59|121|216|177|45|71|167|159|66|198|14|32|241|33|92|126|156|161|17|158|28|203|93|132|48|105|21|4|74|205|3|201|109|123|213|37|217|61|57|
Overall Best: 0.9184 Generation: 9

Generation 12
Average: 0.9075 Best: 0.9140
Best Individual: 
C0 16|207|0|130|29|22|129|122|104|219|151|246|60|27|111|5|102|24|38|47|181|34|74|176|145|149|143|137|141|123|251|191|243|106|160|101|201|164|253|32|241|172|127|148|1|18|90|187|23|61|196|76|85|165|65|11|105|205|43|87|83|97|197|112|117|161|77|156|215|173|69|46|67|125|255|212|15|242|119|209|9|217|75|64|71|42|116|188|4|14|167|190|158|234|91|131|58|96|204|163|31|78|39|144|115|62|171|252|179|63|6|214|157|41|109|51|186|121|113|248|17|133|126|178|37|48|70|233|206|110|99|55|193|169|183|150|138|185|3|120|79|108|175|53|49|230|227|238|235|245|195|140|33|223|211|229|19|147|44|239|222|84|94|86|208|103|36|7|166|159|2|28|170|66|146|68|168|45|118|26|25|152|100|81|224|177|228|182|216|73|231|10|20|221|89|135|153|154|200|98|189|92|12|132|202|199|198|218|35|80|72|82|232|249|203|57|13|220|88|56|139|184|136|124|225|240|194|59|40|142|155|134|50|180|52|236|128|254|30|226|162|8|244|247|192|237|21|107|114|250|93|174|213|210|95|54|
Overall Best: 0.9184 Generation: 9

Generation 13
Average: 0.9067 Best: 0.9146
Best Individual: 
C0 9|217|63|0|178|250|249|210|3|171|121|144|221|124|231|177|126|172|62|236|142|214|37|85|155|78|145|111|105|251|190|93|255|207|209|140|30|152|51|252|253|229|68|234|128|69|189|36|47|43|102|195|14|220|19|5|94|70|101|56|169|193|7|74|41|8|97|75|215|1|113|205|203|114|132|10|153|237|139|4|116|120|54|208|173|71|108|165|199|218|219|89|143|129|204|224|84|66|243|225|157|151|2|135|186|194|239|106|52|134|59|15|161|137|167|49|238|87|25|67|40|33|136|39|115|170|109|233|187|76|99|201|244|122|95|183|196|149|38|180|79|241|150|53|96|230|146|184|98|176|61|11|174|156|197|118|112|17|18|212|168|92|240|88|242|91|166|160|16|141|211|158|117|100|125|198|222|159|163|162|21|246|72|138|131|58|60|133|107|31|6|65|48|82|185|35|23|20|228|154|45|28|188|227|104|22|181|202|24|235|254|191|110|148|13|50|226|127|164|119|46|26|44|80|64|130|232|42|147|83|90|32|175|55|182|200|86|73|77|206|179|34|192|81|245|57|223|247|248|27|12|216|103|213|29|123|
Overall Best: 0.9184 Generation: 9

Generation 14
Average: 0.9068 Best: 0.9121
Best Individual: 
C0 137|217|2|0|178|250|249|210|185|171|121|144|221|124|231|177|7|172|62|236|142|163|37|109|155|43|145|40|105|251|190|93|203|207|209|140|30|136|51|252|169|229|70|234|128|4|189|36|47|122|232|27|214|33|39|139|5|68|63|162|253|78|13|239|243|220|89|25|215|1|113|205|255|114|132|10|153|237|94|69|79|120|54|95|173|55|108|165|199|179|219|208|143|129|204|224|84|66|41|195|198|151|101|135|186|194|74|17|52|134|59|15|161|9|167|75|238|87|49|67|111|8|152|76|115|170|85|218|187|19|64|201|244|11|97|183|196|106|20|60|116|241|150|53|96|82|146|184|98|176|188|193|174|42|38|118|112|86|18|212|180|92|240|88|242|91|166|160|16|141|211|158|117|3|125|157|222|159|14|56|21|246|72|138|131|58|168|133|107|31|6|65|48|230|100|35|23|197|228|154|45|28|61|227|104|22|181|50|24|235|254|191|110|148|126|90|127|226|164|119|46|26|44|80|99|130|102|156|147|83|202|32|175|71|182|200|149|73|77|206|233|34|192|225|245|57|223|247|248|81|12|216|103|213|29|123|
Overall Best: 0.9184 Generation: 9

Generation 15
Average: 0.9074 Best: 0.9134
Best Individual: 
C0 99|123|133|254|206|64|74|225|67|81|16|14|29|71|40|213|201|179|0|92|161|20|159|46|122|170|95|168|7|5|209|197|103|65|113|204|195|114|162|37|33|88|183|98|233|26|117|192|169|165|28|253|54|2|91|34|210|56|9|139|163|38|62|199|70|194|231|242|193|178|188|90|171|6|221|156|48|82|153|52|245|135|160|166|32|42|152|118|66|241|131|200|50|115|128|111|41|229|211|130|238|240|217|248|55|94|228|187|190|10|18|79|24|146|101|39|60|137|143|110|96|216|126|43|129|182|172|227|108|1|127|157|80|151|214|73|121|53|105|237|246|244|150|23|49|138|203|173|236|149|164|12|116|174|252|158|249|30|222|219|184|147|120|198|21|148|196|104|87|76|93|44|19|230|36|136|134|106|51|78|185|177|17|215|223|208|75|125|35|77|202|224|119|212|154|155|142|181|100|45|205|132|251|15|176|220|89|207|218|69|61|58|102|11|4|255|112|232|63|239|186|3|27|145|25|57|83|13|247|226|22|234|86|72|189|243|250|8|180|107|47|84|140|59|167|31|235|97|68|141|85|109|124|191|144|175|
Overall Best: 0.9184 Generation: 9

Generation 16
Average: 0.9066 Best: 0.9121
Best Individual: 
C0 137|21|119|17|178|250|249|63|13|160|121|214|221|49|231|177|7|183|62|146|142|75|152|109|155|219|145|40|105|251|190|93|203|116|209|140|30|110|51|54|188|229|70|234|128|4|189|36|47|122|232|27|44|33|39|139|5|68|171|41|253|141|185|239|243|220|89|25|215|1|95|87|255|114|134|10|153|237|94|69|79|120|90|113|173|55|60|165|196|37|43|208|143|129|112|224|84|66|162|195|198|151|101|254|204|194|74|0|52|125|59|80|161|9|167|180|71|205|124|67|111|8|179|76|132|170|85|218|187|19|64|201|244|11|97|96|199|106|20|108|207|241|150|53|136|82|236|184|98|176|156|193|174|211|38|118|186|192|127|212|163|92|240|31|242|169|166|210|16|78|42|158|117|3|115|157|222|159|14|56|217|246|72|138|131|58|168|133|107|88|6|65|48|230|100|35|23|197|148|154|45|28|61|227|104|22|181|50|24|235|135|191|172|228|126|252|18|226|164|2|46|26|144|15|99|130|102|91|147|34|202|32|175|238|182|200|149|73|77|206|233|83|86|225|245|57|223|247|248|81|12|216|103|213|29|123|
Overall Best: 0.9184 Generation: 9

Generation 17
Average: 0.9067 Best: 0.9127
Best Individual: 
C0 16|207|0|39|29|51|129|127|104|219|151|249|163|81|181|55|212|24|167|47|53|142|126|13|147|107|143|233|141|67|73|230|243|106|218|17|201|164|79|217|172|91|119|148|1|215|90|187|152|61|46|76|84|251|65|11|115|197|112|87|179|149|72|241|183|171|82|138|165|83|60|175|123|205|12|136|20|168|99|103|4|32|109|145|78|216|144|210|154|28|63|93|124|88|85|250|140|100|188|170|122|44|120|74|14|134|246|75|110|97|6|245|253|157|161|228|105|239|71|247|199|227|21|131|49|169|194|98|196|159|10|31|89|117|48|70|113|226|3|189|94|204|206|173|153|186|193|238|211|42|242|22|77|223|56|102|19|38|5|235|26|108|252|92|208|209|36|116|166|58|62|43|86|66|178|34|33|111|213|214|25|23|57|135|35|177|121|236|130|156|191|69|15|96|158|139|231|41|200|27|137|185|255|132|202|101|198|160|224|80|229|18|232|133|176|237|7|125|234|146|37|64|184|150|225|50|45|59|40|68|155|2|240|180|52|182|128|254|30|220|162|8|244|203|192|9|222|248|114|221|190|174|118|195|95|54|
Overall Best: 0.9184 Generation: 9

Generation 18
Average: 0.9077 Best: 0.9165
Best Individual: 
C0 84|85|63|187|90|69|241|149|132|237|49|130|18|22|200|23|162|155|177|202|119|164|68|92|103|80|249|64|78|21|114|111|163|188|91|182|238|98|251|82|236|39|29|14|134|10|30|104|165|143|183|216|137|153|57|32|62|203|166|181|25|107|12|179|34|244|99|145|199|97|252|152|230|47|59|128|79|190|127|174|5|36|198|204|53|133|67|89|178|255|250|129|169|176|19|214|35|70|20|115|208|232|40|105|194|43|218|228|227|38|148|16|50|180|6|131|66|186|33|118|95|44|2|86|150|125|196|45|192|193|172|106|154|0|209|100|239|55|87|220|102|253|112|136|223|4|219|205|77|41|11|109|75|235|168|170|3|74|246|54|201|110|175|26|233|254|215|222|217|161|120|121|189|56|76|71|124|27|245|242|160|96|140|83|37|24|146|144|46|52|123|93|157|73|65|101|211|240|234|58|229|142|231|28|13|135|17|139|197|113|221|210|122|158|9|60|224|243|81|15|226|173|31|1|108|159|117|167|8|42|147|156|171|206|7|94|151|195|212|48|72|88|184|225|185|61|138|51|141|116|247|248|213|191|126|207|
Overall Best: 0.9184 Generation: 9

Generation 19
Average: 0.9074 Best: 0.9146
Best Individual: 
C0 224|57|111|139|29|190|129|239|231|110|151|249|62|132|181|220|212|191|167|47|170|27|126|93|104|107|32|233|178|49|73|186|23|229|218|17|201|164|150|121|172|40|48|135|1|215|90|187|209|61|46|76|84|251|65|11|141|197|244|163|216|71|69|255|160|56|82|113|5|83|60|175|123|205|12|58|176|38|226|15|4|143|102|145|41|86|236|97|200|28|33|166|124|117|217|250|92|100|188|211|169|44|247|74|80|134|238|75|219|125|6|42|253|88|54|10|105|3|130|242|199|227|225|43|39|122|18|98|16|194|228|30|193|157|237|9|137|99|72|208|26|185|158|70|64|230|235|243|7|245|120|63|189|159|171|202|35|168|109|183|21|55|142|66|213|152|103|232|153|112|25|131|179|50|206|14|174|0|136|221|79|96|207|241|192|246|204|144|31|52|180|127|36|177|115|53|87|198|154|252|138|85|161|81|119|67|78|89|196|240|106|223|149|165|20|34|101|210|91|173|37|13|184|147|94|140|45|59|234|68|155|2|133|24|156|182|128|254|19|108|162|8|116|203|77|146|222|248|114|214|51|22|118|195|95|148|
Overall Best: 0.9184 Generation: 9

Generation 20
Average: 0.9074 Best: 0.9127
Best Individual: 
C0 224|57|111|139|29|190|24|239|231|110|151|249|62|132|181|220|212|191|167|47|170|27|126|93|104|165|32|233|36|49|135|48|23|73|218|17|201|164|150|121|172|40|186|71|245|215|90|187|197|61|46|76|84|251|65|91|141|209|112|163|216|229|69|255|176|56|82|31|5|83|182|175|123|205|12|58|160|38|226|15|4|143|102|145|153|86|236|97|200|14|33|166|124|117|217|250|43|100|188|252|169|44|247|74|80|134|238|75|219|125|6|42|253|88|54|10|105|3|130|242|199|243|225|127|39|240|18|98|16|194|228|30|193|138|237|9|137|99|72|208|26|185|158|70|64|230|235|227|7|1|95|63|189|159|171|202|35|168|8|183|21|55|142|66|213|152|103|232|41|244|25|67|179|50|206|28|174|0|136|221|79|96|207|241|192|246|204|144|113|52|180|92|178|177|115|53|87|198|154|211|157|85|161|81|119|131|78|89|196|122|106|223|149|107|20|34|101|210|11|173|37|13|184|147|94|140|45|59|234|68|155|2|133|129|156|60|128|254|19|108|162|109|116|195|77|146|222|248|114|214|51|22|118|203|120|148|
Overall Best: 0.9184 Generation: 9

Generation 21
Average: 0.9082 Best: 0.9146
Best Individual: 
C0 197|98|82|58|95|47|79|41|67|153|239|18|80|73|132|17|242|20|84|186|152|142|115|70|164|207|64|45|94|195|148|12|147|54|143|151|62|141|251|113|188|103|119|172|81|249|149|216|112|123|88|48|53|91|166|32|24|39|212|183|134|61|129|255|128|16|179|86|217|1|76|51|38|65|130|104|177|138|99|23|107|60|124|33|111|160|144|210|159|247|63|139|127|49|85|250|140|55|46|170|122|196|120|173|167|192|101|171|145|235|185|245|131|8|254|228|105|56|150|28|199|200|90|236|96|25|22|44|43|36|10|106|154|243|209|100|187|3|87|218|102|253|126|136|220|4|157|205|77|133|11|193|75|97|168|42|26|74|246|219|201|110|252|92|208|226|89|116|135|5|83|163|31|66|178|69|175|117|213|214|169|78|57|21|35|50|71|204|234|156|191|34|93|238|158|121|189|109|231|27|137|202|227|14|215|13|198|181|224|165|241|206|232|211|176|237|7|125|29|146|225|72|184|15|37|19|229|0|40|68|155|2|240|180|52|182|59|161|30|223|162|108|244|203|233|9|222|248|114|221|190|174|118|6|230|194|
Overall Best: 0.9184 Generation: 9

Generation 22
Average: 0.9078 Best: 0.9146
Best Individual: 
C0 224|57|111|138|44|190|129|0|253|84|89|72|62|6|65|237|74|196|167|47|170|27|95|93|104|107|75|233|113|49|73|186|217|77|210|91|201|164|150|117|100|24|136|53|139|215|90|187|58|185|127|76|110|251|181|250|141|197|244|145|120|71|69|92|204|98|82|178|5|21|252|97|42|205|12|209|176|38|79|195|155|33|242|163|173|115|140|123|147|202|218|122|114|240|32|180|255|172|15|192|234|29|200|4|151|18|207|142|13|223|169|133|231|225|3|50|199|238|189|17|85|162|146|221|254|63|54|56|16|20|194|156|193|153|88|148|70|99|132|8|26|61|158|112|64|230|235|243|152|245|216|166|130|159|128|203|35|168|109|183|30|36|78|1|108|7|103|232|157|220|25|131|121|10|206|14|174|175|125|239|43|96|211|241|134|246|144|171|11|52|102|179|55|105|86|2|87|198|143|227|137|177|9|214|119|67|23|80|191|154|106|48|149|165|228|34|101|46|31|161|126|41|184|249|94|236|45|59|81|68|247|135|226|40|83|182|39|160|19|124|60|37|116|28|219|66|222|248|213|212|51|22|118|188|208|229|
Overall Best: 0.9184 Generation: 9

Generation 23
Average: 0.9081 Best: 0.9146
Best Individual: 
C0 37|128|78|243|90|215|241|149|183|48|179|19|12|255|225|56|231|235|121|202|123|164|131|222|103|180|4|71|63|142|218|161|163|104|57|185|58|27|162|83|17|122|108|35|55|2|168|50|226|165|79|116|54|23|91|5|141|68|245|139|30|96|14|49|25|194|247|6|69|203|251|151|236|146|74|81|67|52|59|22|181|145|198|9|53|176|254|110|166|238|173|205|137|18|46|1|216|70|20|115|208|232|214|65|159|124|39|97|93|107|148|11|13|189|169|89|66|186|140|34|64|204|177|113|171|125|192|120|82|193|172|29|219|220|147|84|75|182|26|212|102|253|33|136|16|134|85|187|77|41|223|111|239|152|112|36|3|28|201|135|143|191|252|190|133|15|155|206|129|51|45|100|80|197|248|86|44|92|178|233|188|200|32|98|117|0|240|73|157|217|72|227|195|175|105|167|229|40|95|170|38|244|7|156|160|174|154|132|62|114|76|237|61|126|43|210|109|196|230|106|209|242|224|228|24|184|130|234|127|99|47|8|150|153|119|249|31|250|118|60|87|101|144|221|94|88|138|211|42|10|21|246|213|158|199|207|
Overall Best: 0.9184 Generation: 9

Generation 24
Average: 0.9072 Best: 0.9134
Best Individual: 
C0 217|128|25|216|207|203|118|149|183|48|179|213|210|250|107|206|115|201|121|29|167|164|228|222|103|180|249|148|106|27|135|161|139|186|54|185|165|169|246|101|19|240|108|60|32|28|90|233|197|155|63|64|219|141|34|172|163|209|112|255|44|17|45|192|78|195|82|97|5|47|182|175|7|205|12|151|160|38|226|15|58|143|102|145|194|43|236|31|200|14|33|150|22|117|122|8|86|100|3|252|142|162|247|74|80|234|238|131|62|23|198|221|21|88|57|2|105|188|65|242|199|87|225|127|39|93|42|98|16|193|114|202|35|138|211|214|75|251|190|212|6|13|245|136|67|24|154|239|77|41|223|51|37|70|189|170|20|110|208|137|235|69|231|26|176|91|215|1|94|111|232|92|173|124|76|113|196|9|166|0|104|30|227|52|84|224|83|89|61|36|109|125|4|49|140|218|237|68|174|153|230|99|243|177|50|254|159|181|40|71|178|134|46|241|204|66|157|120|81|79|59|146|85|191|132|144|18|72|123|73|147|156|184|152|10|95|56|96|53|133|119|168|171|11|129|244|220|229|187|116|253|248|130|55|126|158|
Overall Best: 0.9184 Generation: 9

Generation 25
Average: 0.9076 Best: 0.9140
Best Individual: 
C0 215|228|32|45|59|90|242|62|74|174|134|123|172|97|11|175|156|126|193|158|17|238|245|0|167|234|236|10|222|86|250|232|80|203|188|53|66|142|166|211|93|47|36|64|9|5|92|48|185|67|216|162|132|49|30|1|75|150|68|87|218|117|180|20|55|204|183|12|103|2|173|160|41|251|241|33|104|226|163|252|135|27|115|77|54|105|140|214|15|229|155|73|213|139|78|63|253|217|116|95|202|79|84|131|190|169|237|197|147|165|201|247|69|42|235|248|50|31|187|177|230|72|40|112|164|61|8|171|220|21|141|137|120|208|7|196|127|4|52|224|39|246|153|102|118|122|145|125|186|44|113|209|91|179|71|24|76|16|114|249|176|157|181|88|184|170|240|51|199|194|205|81|146|161|19|85|210|18|133|96|231|83|107|23|138|144|207|111|34|233|206|110|6|89|101|57|243|148|70|182|13|198|195|168|178|136|191|151|35|46|82|223|124|225|143|130|98|152|221|99|37|14|227|26|94|58|255|38|192|109|219|149|28|129|43|56|128|254|119|108|159|244|25|60|100|154|65|22|239|121|3|189|212|106|200|29|
Overall Best: 0.9184 Generation: 9

Generation 26
Average: 0.9082 Best: 0.9134
Best Individual: 
C0 176|57|196|64|112|53|222|115|219|142|243|173|5|60|61|24|95|164|84|132|161|2|59|39|116|167|210|28|121|38|186|232|108|218|148|241|100|43|129|217|150|235|225|169|208|207|90|249|86|159|254|105|190|253|250|73|158|143|140|83|135|13|242|48|16|170|12|87|223|102|139|151|138|49|50|155|125|231|99|106|23|97|9|81|178|10|107|145|252|160|117|185|104|137|30|71|165|120|238|45|234|74|63|82|89|172|237|101|154|94|72|130|41|205|184|147|188|211|15|198|229|162|224|227|80|20|85|21|33|113|19|194|98|191|187|255|77|124|51|62|14|245|114|91|128|123|195|110|3|0|203|209|189|69|251|202|35|168|179|68|183|34|134|212|213|22|122|32|37|244|25|171|4|204|206|70|177|76|136|221|192|29|153|181|111|246|127|17|36|18|58|174|93|6|126|55|75|109|65|166|8|152|156|233|88|175|11|201|42|54|216|146|52|157|141|131|96|118|247|236|44|27|239|180|226|103|193|215|214|31|92|240|47|199|133|182|79|7|200|197|67|46|228|66|230|40|56|248|26|1|163|149|144|220|78|119|
Overall Best: 0.9184 Generation: 9

Generation 27
Average: 0.9077 Best: 0.9115
Best Individual: 
C0 99|207|114|116|129|10|173|153|9|88|214|118|226|205|37|85|230|135|148|50|210|44|105|63|81|218|246|144|188|155|181|195|94|73|52|247|248|200|30|217|107|100|175|91|196|163|228|236|176|98|213|255|125|151|211|171|58|169|222|119|96|34|28|159|19|68|112|55|149|71|147|53|243|97|66|14|160|25|202|109|174|80|190|170|177|104|117|220|86|22|191|133|29|242|78|40|33|54|108|201|239|187|194|122|89|4|237|21|18|219|209|61|130|232|39|167|216|35|164|65|59|162|140|31|192|229|67|75|24|244|132|123|77|74|223|27|15|124|120|62|1|3|251|95|224|221|184|110|146|215|203|157|101|79|23|5|193|180|102|90|42|47|212|172|137|245|111|198|158|150|69|38|134|57|208|199|113|45|165|11|231|51|49|250|252|183|48|92|106|225|145|13|197|8|6|12|143|138|16|76|83|127|189|84|179|126|7|87|2|128|241|178|41|121|166|36|204|253|254|72|186|156|17|115|64|152|26|43|60|70|206|139|32|93|20|182|131|161|136|234|56|46|235|0|233|168|238|227|154|240|142|82|103|141|249|185|
Overall Best: 0.9184 Generation: 9

Generation 28
Average: 0.9070 Best: 0.9127
Best Individual: 
C0 140|44|127|151|100|57|242|189|199|7|132|123|252|34|82|227|98|91|104|75|17|39|64|207|18|234|2|124|222|112|230|232|103|31|94|41|84|134|240|155|154|191|244|96|9|236|92|48|185|67|110|51|161|165|220|1|116|164|68|87|218|248|253|35|162|190|50|12|11|183|95|160|56|163|241|216|172|226|135|109|59|89|21|46|40|105|187|65|28|171|197|73|213|209|173|63|156|58|106|217|202|32|23|131|129|130|251|211|26|97|137|247|30|80|169|174|66|186|37|61|52|117|45|86|150|55|139|205|19|115|239|72|5|208|119|196|223|62|20|224|33|246|77|102|181|122|27|254|203|47|113|192|125|167|71|29|8|69|88|4|179|210|229|148|184|219|6|170|238|182|188|81|193|16|120|214|42|99|133|225|198|83|107|147|153|128|54|136|60|76|206|159|143|228|141|90|243|126|149|79|13|215|249|200|10|111|25|237|177|15|53|24|255|38|101|235|85|121|152|142|250|176|180|74|194|78|231|245|168|178|108|43|175|204|70|201|93|14|144|166|114|36|195|157|0|138|145|146|158|233|3|49|212|118|221|22|
Overall Best: 0.9184 Generation: 9

Generation 29
Average: 0.9075 Best: 0.9146
Best Individual: 
C0 224|188|59|23|107|60|111|200|55|64|84|114|29|132|112|220|235|171|229|47|42|196|50|155|104|179|232|159|204|57|122|175|125|163|32|17|228|98|152|71|134|40|91|121|129|39|246|79|197|144|231|110|219|15|248|187|222|245|116|213|166|141|97|218|80|195|253|217|92|147|0|216|123|88|12|58|48|202|109|255|173|66|43|193|153|250|236|31|237|131|33|205|124|75|164|63|233|100|162|252|169|44|247|194|78|3|26|199|11|113|1|81|103|225|138|108|74|56|2|69|126|239|241|61|118|18|89|226|210|90|190|30|238|16|25|38|223|115|145|24|35|83|158|149|160|230|244|227|6|96|95|51|130|117|191|82|9|168|215|240|54|165|87|198|73|19|46|208|37|135|136|142|8|249|206|70|177|76|5|101|192|133|254|45|154|214|102|161|139|52|176|186|178|68|10|143|93|182|207|211|172|85|36|221|212|119|180|183|53|184|106|150|99|151|20|189|62|127|49|28|41|13|146|86|77|167|94|181|234|21|34|209|65|105|251|201|128|174|140|242|156|243|137|4|170|157|67|14|72|27|7|22|185|203|120|148|
Overall Best: 0.9184 Generation: 9
==================
    Best individual after 30 generations
    computed in 7,334.8960 seconds
    1463 elements out of 1593 correct.
    emerged in generation 9
    with fitness 0.9184
==================

