Starting evolution...

Generation 0
Average: 0.8927 Best: 0.9014
Best Individual: 
C0 121|93|66|233|214|158|28|150|230|81|187|116|25|107|145|158|117|168|46|83|164|173|203|20|32|15|74|112|202|132|17|147|215|244|137|250|223|230|156|37|190|170|217|248|197|32|181|114|176|101|147|202|201|160|54|173|155|61|121|34|131|109|58|220|167|88|163|85|190|121|27|117|61|224|150|28|184|164|248|147|72|138|234|29|25|65|110|60|103|159|66|211|138|76|61|102|223|251|105|180|207|191|252|190|113|100|235|168|180|164|42|105|122|17|126|41|74|218|24|44|1|113|244|178|47|170|163|205|125|117|176|64|242|159|176|139|159|215|189|22|197|68|195|243|78|71|18|7|252|174|70|145|159|104|145|239|47|12|83|38|155|249|217|49|228|132|14|106|228|174|251|70|28|57|214|142|190|124|151|203|44|39|247|242|249|104|11|152|186|50|148|212|180|38|161|188|204|177|233|224|13|255|251|120|56|48|52|241|44|223|28|150|228|66|207|97|58|129|198|177|184|153|90|181|53|9|50|63|25|202|239|158|179|155|33|138|74|101|210|118|3|172|246|221|55|64|10|197|65|27|92|142|77|54|200|125|
Overall Best: 0.9014 Generation: 0

Generation 1
Average: 0.8939 Best: 0.9065
Best Individual: 
C0 11|233|127|56|127|158|28|150|230|81|187|116|25|107|145|158|117|168|46|177|164|252|203|143|32|15|74|112|202|132|17|147|215|244|137|250|223|230|156|37|190|170|217|248|197|32|181|146|91|101|147|202|166|160|54|7|155|61|121|34|131|109|58|220|167|88|143|85|190|121|27|117|61|224|150|28|184|164|248|147|72|138|234|29|25|65|110|60|103|159|66|211|138|76|61|156|195|185|105|180|207|191|252|190|113|100|235|168|180|164|86|105|122|17|126|41|74|218|24|44|1|113|244|178|47|170|163|205|125|117|176|64|30|159|176|139|159|215|189|22|197|113|195|243|78|71|18|7|252|174|70|145|159|104|145|239|47|12|83|38|155|93|217|49|69|132|14|106|228|174|251|70|28|57|214|142|190|124|151|203|44|39|247|242|249|104|11|152|198|50|148|212|180|38|161|188|204|128|233|224|13|255|251|120|56|48|52|241|44|119|28|150|228|66|207|97|21|129|198|255|184|153|90|181|53|9|50|63|25|170|106|37|129|148|127|31|38|62|175|186|128|197|76|222|36|19|186|130|106|223|148|69|24|211|37|233|
Overall Best: 0.9065 Generation: 1

Generation 2
Average: 0.8958 Best: 0.9083
Best Individual: 
C0 179|197|151|37|209|195|205|46|107|28|173|3|196|63|236|23|121|125|241|164|55|12|229|201|48|112|100|172|155|148|252|43|220|186|197|33|131|151|127|99|97|101|77|121|4|145|108|33|4|226|61|69|172|231|197|79|197|78|218|160|191|196|249|185|198|192|252|48|183|245|1|94|37|31|205|210|217|87|88|236|26|194|177|93|187|180|92|99|39|142|183|244|91|106|252|62|49|253|20|225|162|6|234|9|101|156|82|203|198|213|108|171|81|117|208|246|25|218|24|44|1|87|244|178|47|170|163|205|125|205|176|163|242|159|176|139|53|206|208|196|240|177|104|148|92|15|189|243|161|251|154|71|37|209|127|227|151|11|87|216|106|188|95|106|203|229|144|30|255|217|221|178|214|6|147|149|113|7|199|221|211|57|227|57|154|41|218|58|200|1|240|47|226|99|45|146|196|220|144|76|168|229|52|214|13|197|191|56|62|183|96|33|130|137|38|158|37|48|68|49|220|23|185|159|78|88|74|20|199|183|60|133|161|61|31|131|31|90|252|190|14|116|52|63|200|242|45|233|222|249|154|135|242|205|40|159|
Overall Best: 0.9083 Generation: 2

Generation 3
Average: 0.8983 Best: 0.9121
Best Individual: 
C0 215|206|18|210|144|253|75|175|11|7|155|205|158|117|200|138|27|224|153|33|103|34|30|48|147|117|10|52|2|13|109|104|101|243|64|193|152|245|209|54|140|31|111|115|53|211|101|181|180|254|189|44|104|20|6|65|10|66|112|57|179|110|68|91|168|144|121|59|202|128|149|212|101|223|53|49|161|195|243|194|197|25|189|74|153|209|83|57|193|234|159|123|253|217|205|116|51|224|91|183|48|45|94|131|104|113|163|7|169|183|43|91|92|209|99|35|94|109|28|233|34|249|69|71|92|148|235|198|75|162|183|193|159|164|97|120|96|17|200|197|6|235|216|124|26|128|231|212|153|152|100|36|88|51|166|249|88|12|167|181|41|222|50|18|115|181|175|99|117|41|85|194|71|74|87|222|43|107|76|209|242|114|251|219|189|200|221|88|92|74|53|86|163|209|80|98|74|182|227|250|100|139|156|150|82|106|40|23|179|24|204|208|100|220|63|53|31|218|16|247|129|136|46|50|95|125|179|47|174|191|80|197|175|177|58|34|141|49|2|147|205|47|172|66|199|237|213|37|220|16|150|36|132|196|41|104|
Overall Best: 0.9121 Generation: 3

Generation 4
Average: 0.8981 Best: 0.9096
Best Individual: 
C0 178|12|17|93|90|101|170|20|11|116|152|28|181|31|83|101|215|123|5|177|63|173|15|199|48|66|124|216|122|133|83|164|199|233|57|246|235|91|90|204|185|51|20|65|16|133|80|183|184|118|234|64|136|101|224|13|106|238|68|56|154|109|58|220|167|88|163|85|190|150|27|141|61|224|147|28|184|164|55|70|72|191|207|29|248|65|110|60|103|159|66|211|48|174|228|117|228|89|197|159|231|13|229|48|209|209|196|16|110|56|127|75|133|59|245|135|241|129|185|245|58|19|126|40|138|39|221|87|153|211|251|254|55|93|62|184|89|192|35|192|194|123|97|28|100|135|231|60|241|145|76|78|57|24|234|198|20|83|172|162|240|121|220|176|154|156|28|149|36|106|76|39|202|50|188|226|106|193|87|45|163|234|100|94|117|10|136|235|133|45|45|128|164|101|88|252|33|100|171|95|96|117|162|127|55|159|205|30|147|194|245|49|49|129|25|152|24|236|160|58|35|132|7|102|201|115|173|18|119|248|63|135|160|234|254|146|132|143|183|206|222|41|164|251|151|34|17|26|33|227|195|112|225|153|119|133|
Overall Best: 0.9121 Generation: 3

Generation 5
Average: 0.8979 Best: 0.9121
Best Individual: 
C0 101|202|146|23|116|161|75|95|18|158|246|205|158|117|212|36|177|224|188|33|103|34|30|102|64|117|10|240|186|209|195|213|149|100|228|240|90|96|107|61|212|57|165|116|15|51|233|158|224|219|160|135|234|177|68|9|214|241|89|205|253|93|235|25|20|229|174|30|134|66|248|18|226|180|233|141|178|162|152|238|29|169|95|41|245|219|100|201|87|69|214|166|7|200|56|223|98|228|36|141|25|8|33|115|202|164|17|100|135|82|57|41|153|193|98|30|143|151|81|103|229|178|14|236|160|219|175|147|183|212|242|88|2|66|26|128|152|94|76|211|164|67|122|9|39|2|36|152|160|152|89|32|14|124|102|144|41|122|94|208|61|224|86|239|66|70|204|233|99|47|139|241|17|252|235|176|132|52|242|70|61|144|234|58|72|48|204|25|103|43|97|106|67|105|158|167|16|41|80|99|179|209|44|110|194|40|70|45|138|201|28|171|150|146|216|134|94|82|203|141|186|116|119|140|100|201|82|136|91|14|113|107|222|144|239|186|93|243|9|5|154|78|217|183|7|195|52|118|71|171|226|158|225|73|22|249|
Overall Best: 0.9121 Generation: 3

Generation 6
Average: 0.8986 Best: 0.9121
Best Individual: 
C0 124|202|146|161|100|161|206|14|144|96|95|136|170|59|96|227|180|114|6|126|32|75|35|3|248|94|41|37|186|209|195|213|149|191|171|19|12|0|44|69|122|57|165|230|158|205|233|90|224|161|160|69|198|74|178|246|192|249|189|236|174|179|235|25|20|66|186|37|251|18|200|18|226|96|233|137|178|45|166|238|34|61|236|41|213|222|36|96|79|189|187|72|55|152|151|223|124|109|35|202|253|215|33|189|20|57|195|253|117|139|229|221|153|193|30|9|28|129|185|245|58|19|126|110|138|39|221|87|176|112|251|77|55|93|62|184|89|214|252|153|194|123|97|28|100|135|231|60|241|145|76|78|57|24|234|198|20|83|172|162|116|121|220|176|111|156|215|26|36|235|198|20|202|50|188|226|106|35|87|22|163|234|100|251|117|177|136|235|133|121|45|128|164|101|202|252|5|167|171|95|96|51|162|128|55|159|205|30|63|194|108|229|210|4|53|36|71|49|54|57|244|23|213|203|150|235|113|27|124|85|60|177|164|61|31|18|31|90|252|190|14|116|120|192|161|55|52|80|156|230|210|36|78|18|104|181|
Overall Best: 0.9121 Generation: 3

Generation 7
Average: 0.8993 Best: 0.9083
Best Individual: 
C0 215|206|18|210|237|253|75|175|11|136|12|79|66|117|200|192|27|224|234|33|103|34|30|48|147|202|10|247|2|83|109|67|101|243|64|16|75|245|209|14|96|31|135|115|53|204|245|181|180|169|176|44|199|33|6|65|10|66|112|135|179|110|187|177|137|144|121|59|206|128|53|212|101|223|53|224|161|195|209|194|228|128|153|176|36|170|187|217|35|152|160|70|142|151|53|168|24|50|242|114|247|43|253|189|253|232|223|222|131|34|130|3|172|181|84|114|117|210|106|105|140|177|83|235|224|38|157|91|227|195|163|23|132|153|235|4|247|139|9|226|81|161|142|0|37|128|10|212|153|152|243|36|88|51|166|20|88|12|167|181|41|222|47|18|115|212|244|99|117|41|85|223|71|7|79|222|43|107|25|209|242|114|251|179|189|200|221|88|92|74|53|30|48|12|80|98|74|182|227|250|100|139|222|150|82|106|40|239|196|24|204|208|100|78|236|53|229|195|175|247|105|99|46|50|95|125|171|125|174|191|80|197|173|36|111|34|141|49|2|147|205|47|172|105|199|237|213|37|220|16|107|36|173|196|175|104|
Overall Best: 0.9121 Generation: 3

Generation 8
Average: 0.8981 Best: 0.9102
Best Individual: 
C0 215|181|18|20|237|253|75|175|11|136|12|79|66|117|200|192|27|130|234|33|103|34|30|158|147|202|10|247|2|83|112|67|101|243|64|16|53|245|209|14|96|31|46|115|85|204|245|181|180|169|176|44|199|33|6|65|162|66|112|135|179|110|187|177|91|144|121|59|206|128|53|212|101|223|53|224|161|195|209|194|228|128|153|137|36|159|187|217|35|152|160|70|142|151|53|168|24|50|242|114|13|43|253|189|253|232|223|222|131|34|130|3|172|181|84|114|117|210|106|105|140|177|83|235|224|116|157|95|227|195|163|23|132|153|235|4|247|233|210|62|81|161|142|0|37|128|66|236|153|238|243|36|88|51|166|20|88|12|168|181|41|222|47|18|115|212|244|99|117|116|85|223|71|7|79|222|43|107|25|209|242|114|251|179|189|200|221|88|92|217|53|30|48|12|80|98|15|182|227|250|100|139|222|150|82|106|40|239|213|24|204|46|100|78|236|53|229|195|175|247|105|99|46|50|95|202|171|125|174|191|80|197|173|36|111|34|130|49|2|147|205|47|172|105|199|237|213|76|45|16|107|36|173|196|175|215|
Overall Best: 0.9121 Generation: 3

Generation 9
Average: 0.8994 Best: 0.9146
Best Individual: 
C0 215|181|18|20|237|253|75|175|11|136|12|79|66|117|200|192|27|130|234|33|103|34|30|158|238|202|10|247|2|14|112|67|101|243|64|16|53|112|209|14|96|31|46|115|85|204|245|181|180|169|176|44|199|33|6|65|162|66|112|135|179|110|187|177|91|144|121|59|206|128|53|212|101|223|53|224|161|195|209|194|228|126|153|137|36|159|187|217|35|27|160|70|62|151|107|168|24|50|242|114|13|43|253|189|253|232|223|222|49|34|130|3|172|181|84|114|143|178|81|103|229|178|14|236|160|158|175|181|111|212|103|88|2|66|243|128|152|61|76|211|133|67|122|9|39|2|66|236|153|238|243|36|88|51|166|20|88|12|168|181|41|222|47|18|115|212|244|99|117|116|85|223|71|7|79|222|43|107|140|209|242|114|251|179|189|200|221|88|92|217|53|30|48|12|80|98|15|182|115|250|100|139|222|150|82|106|40|239|171|24|204|46|100|78|236|53|229|195|175|247|105|99|46|50|95|202|171|125|174|191|80|197|173|36|145|34|130|49|165|147|205|47|172|105|199|237|213|135|45|16|107|36|173|20|142|215|
Overall Best: 0.9146 Generation: 9

Generation 10
Average: 0.8989 Best: 0.9121
Best Individual: 
C0 181|238|128|58|217|42|208|77|109|249|13|44|75|55|155|33|155|2|149|110|103|34|46|48|147|239|227|52|2|13|109|104|101|243|64|193|152|245|161|11|140|189|111|239|188|221|101|189|4|209|61|135|202|50|197|229|222|78|101|130|186|196|250|223|6|35|204|115|70|8|80|144|166|31|40|10|36|48|45|27|190|224|194|157|57|242|179|104|53|233|11|63|227|219|37|159|22|213|80|200|11|94|126|95|112|24|253|56|117|139|199|221|153|16|180|9|28|92|63|34|24|215|14|129|213|90|198|40|74|212|242|88|65|35|85|142|89|214|120|153|53|123|244|28|44|16|207|60|241|145|76|78|15|24|249|198|232|83|4|162|178|121|220|176|111|156|215|26|36|235|198|20|202|50|200|226|106|35|87|22|92|234|100|251|117|177|114|252|177|39|209|45|164|16|202|252|5|155|171|95|96|51|197|128|55|159|222|30|63|194|108|197|210|4|53|174|71|49|54|180|92|132|83|185|82|17|173|46|122|248|160|18|116|68|29|155|23|158|141|219|189|222|162|166|13|49|17|174|188|16|154|25|34|75|24|250|
Overall Best: 0.9146 Generation: 9

Generation 11
Average: 0.9013 Best: 0.9115
Best Individual: 
C0 215|206|132|210|40|86|244|136|76|157|157|50|120|22|245|181|116|192|76|140|63|144|200|91|132|237|82|144|14|154|168|118|241|32|224|253|231|13|80|204|77|200|55|146|159|211|75|181|223|5|220|4|194|227|208|67|92|21|150|105|94|24|55|91|59|156|145|106|191|165|144|163|62|65|107|110|74|203|83|238|254|61|236|197|172|222|49|96|79|189|187|72|107|160|151|223|214|112|35|202|253|215|33|189|20|57|195|183|4|161|229|221|22|193|180|9|28|252|2|103|24|215|14|14|47|212|163|101|132|205|176|188|46|159|176|227|53|206|250|186|240|177|83|24|212|15|192|243|186|30|6|71|37|209|215|182|201|11|121|56|81|188|86|106|173|229|178|30|73|217|20|148|214|148|147|149|131|173|5|5|211|236|227|57|71|41|68|88|133|1|240|47|47|10|238|4|252|182|144|76|220|229|52|65|152|196|191|56|62|103|96|50|158|75|105|158|187|45|205|72|250|23|185|159|56|88|193|231|36|10|173|34|171|16|71|40|15|49|90|70|205|47|172|136|199|57|100|146|220|16|78|2|213|196|48|104|
Overall Best: 0.9146 Generation: 9

Generation 12
Average: 0.9012 Best: 0.9127
Best Individual: 
C0 215|206|132|210|40|42|244|136|76|21|157|79|66|59|200|192|240|130|234|33|102|111|20|158|238|202|51|247|48|14|112|17|101|243|64|98|53|112|82|11|96|31|46|115|85|204|245|181|180|105|176|44|199|98|6|65|162|66|51|135|179|110|187|30|208|144|121|59|206|128|53|218|75|223|53|224|161|195|128|194|228|126|153|137|36|53|187|4|35|27|160|70|62|151|107|9|24|50|242|114|13|43|27|189|243|179|223|222|41|34|130|3|172|181|84|114|143|178|81|103|229|212|82|236|160|158|175|181|81|222|103|88|2|131|243|128|152|61|76|56|133|67|108|117|39|34|66|162|153|43|243|36|88|51|166|20|88|126|168|16|12|222|47|18|115|212|30|99|112|116|85|245|104|7|146|12|43|107|140|209|242|114|251|179|189|117|201|88|92|98|53|30|207|12|130|164|15|223|115|250|100|142|222|68|82|106|40|56|62|103|96|50|158|75|16|158|187|45|205|72|250|23|185|159|56|88|193|231|80|10|173|34|171|16|71|40|15|49|90|70|212|47|172|136|199|57|100|146|220|16|78|2|213|196|48|104|
Overall Best: 0.9146 Generation: 9

Generation 13
Average: 0.9017 Best: 0.9171
Best Individual: 
C0 111|185|146|28|100|161|206|6|214|96|95|219|3|59|4|117|218|86|6|126|32|75|66|27|35|239|185|90|121|73|195|198|239|95|159|19|124|65|50|96|187|57|99|252|87|205|233|152|240|3|46|244|198|154|136|197|192|249|189|236|209|93|139|25|20|44|9|216|134|18|169|18|159|96|237|212|75|45|162|238|145|137|95|45|129|247|83|51|49|189|187|72|213|93|222|223|214|109|121|202|253|215|33|189|163|57|57|253|236|73|177|221|27|208|243|26|62|129|185|15|125|221|126|165|136|212|221|16|176|188|223|77|55|93|165|184|6|173|252|82|194|87|97|200|121|38|231|88|241|208|76|78|15|24|234|225|76|83|221|162|178|68|220|176|112|156|215|26|96|235|203|156|202|50|247|226|109|85|169|22|107|131|111|129|161|35|136|235|62|121|209|42|7|101|236|37|242|193|60|33|60|51|175|128|154|159|205|176|26|179|160|218|128|243|228|22|58|106|77|181|2|67|229|38|189|191|123|221|209|11|196|57|193|12|37|190|43|90|252|190|14|116|120|192|161|162|52|194|74|230|129|244|78|236|104|181|
Overall Best: 0.9171 Generation: 13

Generation 14
Average: 0.9013 Best: 0.9134
Best Individual: 
C0 209|161|120|161|100|176|206|6|214|96|95|136|170|59|4|227|218|45|234|33|102|111|20|158|238|202|51|247|48|14|232|17|101|121|69|98|53|112|82|11|96|31|46|115|4|204|136|181|180|105|176|69|199|98|6|65|46|121|51|135|179|110|81|30|208|169|121|59|206|128|53|218|75|223|53|224|161|195|128|194|223|126|153|137|36|53|187|4|35|27|160|70|62|170|107|9|24|50|242|114|13|43|27|83|243|179|223|222|41|34|130|3|172|110|84|114|99|178|84|156|229|212|82|6|160|158|175|181|11|222|198|88|2|131|243|128|152|146|76|143|133|252|108|244|39|34|66|162|153|43|243|36|88|42|166|20|88|126|168|16|12|222|47|218|115|212|30|99|37|116|170|253|104|7|163|12|49|35|81|22|177|234|100|251|117|177|136|235|209|121|209|94|10|121|202|1|246|213|33|95|20|103|235|7|176|209|85|30|62|194|108|197|13|75|53|138|188|52|138|190|207|174|6|203|150|164|113|18|124|31|60|177|164|61|31|18|98|90|19|245|14|205|120|255|161|239|52|171|74|41|36|42|78|228|104|44|
Overall Best: 0.9171 Generation: 13

Generation 15
Average: 0.9018 Best: 0.9146
Best Individual: 
C0 215|206|132|210|40|42|244|136|76|21|153|79|66|59|200|157|240|130|137|209|32|75|35|27|120|191|192|37|120|100|176|213|239|64|193|210|12|170|50|139|241|57|56|8|87|205|21|90|224|3|13|141|86|130|208|77|108|249|189|236|196|101|187|30|208|144|121|65|206|128|53|218|75|223|53|224|161|195|198|194|63|126|153|137|36|53|187|4|35|27|160|70|62|151|252|214|24|50|194|114|13|43|177|230|243|179|223|222|49|116|130|3|172|181|90|114|148|178|237|103|9|111|14|126|160|158|175|181|207|191|212|88|2|131|59|128|168|61|76|211|133|49|108|117|39|34|66|39|153|238|243|36|88|51|1|159|88|33|168|178|246|222|43|18|115|212|93|99|117|84|218|223|111|252|235|91|166|52|22|70|242|144|117|243|231|48|204|25|253|43|163|136|253|105|19|132|91|73|133|172|11|209|44|159|220|209|209|30|63|194|127|226|210|65|94|30|71|124|32|57|207|142|36|126|150|46|113|27|124|85|60|177|171|16|77|40|15|49|90|70|212|47|172|136|199|116|100|146|220|129|48|2|213|196|209|34|
Overall Best: 0.9171 Generation: 13

Generation 16
Average: 0.9023 Best: 0.9134
Best Individual: 
C0 215|206|132|210|40|42|244|136|76|21|153|79|66|59|200|192|4|152|76|140|213|144|200|253|132|237|66|106|14|181|229|181|241|60|224|107|231|91|80|204|77|208|5|138|234|211|75|181|223|5|246|57|194|227|208|67|98|21|245|105|51|88|55|91|92|156|145|106|10|165|190|95|144|186|102|110|74|83|53|238|254|61|229|197|201|222|49|96|79|189|187|72|59|160|151|133|214|30|35|54|221|215|33|189|20|57|123|183|4|170|192|175|241|193|180|9|164|252|153|103|41|215|14|14|234|120|163|101|176|188|236|77|55|93|165|184|6|173|119|189|111|87|97|27|121|14|231|88|241|208|76|78|15|24|234|225|76|83|5|162|178|68|41|79|112|156|215|26|96|235|66|156|202|169|247|226|109|85|169|22|107|131|245|129|161|240|136|32|62|121|209|104|7|101|238|4|252|182|144|76|220|229|214|228|220|247|209|30|63|194|127|139|210|65|94|30|71|124|32|57|207|142|36|126|150|46|113|27|124|85|60|177|171|16|77|39|15|49|90|70|212|52|172|136|199|116|67|255|220|129|48|2|213|196|136|63|
Overall Best: 0.9171 Generation: 13

Generation 17
Average: 0.9024 Best: 0.9121
Best Individual: 
C0 215|206|132|210|40|42|244|136|76|21|153|101|66|59|200|192|4|152|76|124|213|144|85|253|219|237|66|106|14|181|144|181|241|60|224|107|231|91|80|204|77|208|5|138|234|211|75|181|223|215|246|57|194|227|208|67|98|21|11|105|51|88|63|44|92|156|145|106|10|165|190|95|144|186|102|1|74|83|53|238|254|61|45|197|201|222|49|166|79|189|187|72|59|160|151|133|214|30|35|54|120|215|33|189|20|53|123|183|4|170|192|30|241|193|180|9|164|252|153|219|41|215|14|14|234|131|163|101|176|188|236|77|106|93|165|184|6|173|210|189|111|87|97|27|121|14|231|88|241|208|76|78|15|24|234|225|94|83|5|162|178|166|41|79|46|156|244|26|96|235|66|156|202|169|247|226|109|85|85|22|107|131|245|129|161|240|136|174|62|121|209|104|48|101|11|4|252|182|144|76|220|229|214|228|110|247|209|30|63|194|127|139|210|65|108|30|71|124|32|57|207|142|36|126|150|46|113|27|124|85|185|177|171|16|77|39|15|49|90|70|212|52|172|136|199|116|67|255|220|129|48|2|213|196|136|63|
Overall Best: 0.9171 Generation: 13

Generation 18
Average: 0.9027 Best: 0.9146
Best Individual: 
C0 215|206|132|210|40|225|244|136|76|21|153|79|66|59|200|192|4|83|76|103|213|144|234|253|132|237|66|106|14|81|229|181|241|60|224|107|231|91|80|91|77|92|5|138|234|89|75|181|223|5|246|172|9|227|208|67|98|21|245|105|51|167|43|91|92|156|145|106|10|9|190|95|144|193|97|110|174|83|9|238|254|61|50|247|201|222|193|99|231|27|160|70|24|151|176|229|24|228|32|112|111|73|4|124|243|179|7|222|124|34|130|3|172|181|96|114|143|178|109|103|229|131|219|236|61|158|175|181|225|191|212|88|2|143|80|128|47|61|76|189|22|87|97|27|121|14|236|88|241|208|76|78|15|24|234|225|243|83|5|162|178|68|41|79|112|156|215|26|96|235|66|156|202|4|247|226|147|85|169|22|107|105|245|129|161|240|213|32|62|121|209|174|7|101|136|4|252|182|144|92|220|229|214|228|220|103|209|253|63|194|127|77|210|65|94|30|71|124|47|57|142|142|36|126|150|46|113|27|136|85|60|146|171|16|77|39|15|27|90|70|122|52|172|136|199|64|67|255|220|129|201|2|142|166|136|63|
Overall Best: 0.9171 Generation: 13

Generation 19
Average: 0.9038 Best: 0.9184
Best Individual: 
C0 184|202|120|161|234|161|38|59|214|122|95|58|187|71|4|91|218|10|96|209|9|75|213|202|120|94|122|149|110|16|176|213|239|235|193|19|12|170|50|192|62|18|98|69|87|109|21|113|208|252|226|205|139|74|157|128|192|253|146|58|215|141|68|23|144|231|121|65|206|42|53|218|75|198|53|47|196|198|191|194|135|126|153|137|95|66|207|1|101|219|160|228|24|56|107|61|246|50|194|145|187|43|27|83|243|179|223|168|41|34|130|3|244|68|84|114|234|175|28|83|150|216|88|51|189|232|235|182|75|75|98|193|159|153|71|166|128|238|215|74|242|145|148|50|193|75|176|225|42|239|216|70|221|136|185|210|169|79|78|43|151|111|197|38|123|33|108|103|33|103|13|65|172|199|186|114|92|193|87|138|51|124|60|251|116|177|121|123|62|121|89|33|10|101|230|192|5|244|33|95|20|103|232|67|161|175|94|30|81|194|253|197|210|22|53|30|71|57|11|130|180|208|213|91|255|166|22|27|67|101|60|220|161|79|58|97|166|49|38|249|14|136|73|255|110|239|50|2|74|230|36|7|78|228|104|184|
Overall Best: 0.9184 Generation: 19

Generation 20
Average: 0.9043 Best: 0.9159
Best Individual: 
C0 215|242|131|210|40|42|75|11|96|175|153|110|78|59|125|157|46|72|137|209|32|75|42|214|197|5|192|2|83|18|176|213|239|64|193|210|206|170|50|139|240|102|212|8|183|146|163|190|180|8|176|204|199|33|53|51|193|66|51|135|206|42|147|240|208|93|121|65|206|42|53|218|75|223|234|254|172|198|8|194|135|150|44|137|96|60|116|4|231|217|160|255|180|151|117|210|246|50|194|145|111|158|27|35|153|20|223|222|100|1|119|3|132|181|253|25|143|178|203|163|229|212|82|205|160|158|175|181|127|32|60|1|59|166|80|74|243|61|76|177|177|81|78|48|98|34|162|8|249|59|243|36|20|51|81|36|88|50|168|181|251|222|47|110|115|212|93|186|117|116|85|223|104|7|194|222|32|166|70|65|169|167|251|185|41|117|114|103|92|98|26|156|205|12|80|164|125|213|33|231|239|41|235|16|83|209|202|30|43|232|127|65|144|65|94|30|71|124|205|57|207|142|71|126|150|46|219|88|228|85|60|177|171|16|164|40|71|172|90|70|212|111|172|136|199|116|96|146|6|129|72|2|213|196|209|145|
Overall Best: 0.9184 Generation: 19

Generation 21
Average: 0.9037 Best: 0.9134
Best Individual: 
C0 184|202|120|161|106|161|38|59|214|122|95|58|187|130|4|188|218|10|96|102|217|75|213|181|120|94|122|149|110|226|176|213|99|180|193|19|116|170|50|192|109|18|98|69|87|109|16|113|129|252|226|207|139|74|157|171|162|252|118|222|188|224|193|30|92|118|145|216|27|28|190|95|144|186|53|47|196|24|191|194|135|126|153|137|95|148|239|1|101|219|160|88|24|56|107|61|60|50|194|145|187|43|27|83|243|179|153|168|41|34|130|170|191|68|84|114|234|175|28|83|150|216|88|31|189|232|79|182|75|64|127|33|103|237|71|166|128|238|132|74|0|145|148|50|193|75|176|225|42|239|33|70|221|136|185|210|169|79|78|43|151|47|197|38|123|171|108|103|33|103|13|46|172|199|186|114|92|245|87|138|51|124|209|251|116|177|173|123|62|121|83|33|4|20|230|192|5|244|33|218|20|103|232|67|125|175|94|30|252|49|253|197|210|22|53|190|71|57|11|130|180|52|213|91|255|53|22|27|67|101|60|220|161|79|58|97|166|49|38|249|14|136|73|255|171|239|50|2|74|230|36|7|78|251|104|6|
Overall Best: 0.9184 Generation: 19

Generation 22
Average: 0.9044 Best: 0.9165
Best Individual: 
C0 184|202|120|161|106|161|38|59|214|122|95|58|130|130|4|188|218|10|96|102|217|75|213|181|120|94|122|149|110|226|176|213|99|198|193|19|116|170|139|192|109|18|70|69|87|109|16|113|129|207|226|207|139|74|33|171|162|252|118|186|188|224|193|30|92|118|145|216|27|28|190|95|144|186|53|47|196|24|191|194|135|126|153|137|95|148|239|1|191|219|160|88|24|56|22|61|60|50|194|145|187|43|177|83|243|179|153|168|41|34|130|170|191|68|84|114|30|175|28|83|150|216|88|31|189|232|79|182|75|64|127|33|103|237|71|166|174|238|132|74|0|145|148|50|193|192|176|168|42|239|33|70|221|136|185|210|169|79|78|43|151|47|197|38|123|171|108|103|33|103|13|46|172|68|186|114|92|245|110|138|51|124|209|251|116|177|173|123|62|121|83|33|4|20|230|103|5|244|33|218|20|103|232|67|125|175|94|30|151|49|253|197|210|22|53|190|71|57|11|130|180|52|213|91|255|53|22|27|67|101|53|220|161|79|58|97|166|49|38|249|14|136|73|255|27|239|50|2|74|230|36|7|78|251|104|6|
Overall Best: 0.9184 Generation: 19

Generation 23
Average: 0.9045 Best: 0.9184
Best Individual: 
C0 110|161|120|55|208|176|66|231|125|36|95|136|170|50|101|227|218|62|234|103|116|51|20|124|128|253|171|27|48|14|232|109|71|208|69|98|209|226|48|11|96|44|46|165|4|10|243|181|180|3|132|41|204|124|6|65|85|121|51|97|179|110|226|30|208|25|121|71|206|67|65|174|166|223|53|224|8|142|128|194|113|102|153|137|168|50|207|35|101|232|55|228|108|56|107|68|246|50|194|0|149|43|27|58|243|250|197|168|167|248|130|3|244|104|84|85|29|220|84|156|229|212|56|236|160|149|235|107|75|181|91|60|198|153|239|166|172|244|161|177|220|186|244|89|124|178|162|8|30|59|32|36|63|51|81|66|88|50|168|181|251|222|2|110|52|212|93|186|117|47|117|191|202|178|230|226|122|85|85|22|107|131|225|104|161|240|136|191|62|79|209|104|228|60|11|4|252|182|144|76|220|229|137|117|110|247|209|139|131|194|127|139|119|65|38|30|71|49|130|57|207|142|239|135|84|57|214|171|13|120|72|37|193|166|37|161|43|39|106|243|14|205|120|255|161|43|177|240|74|186|36|92|216|228|78|44|
Overall Best: 0.9184 Generation: 19

Generation 24
Average: 0.9030 Best: 0.9153
Best Individual: 
C0 226|185|169|91|11|15|189|136|214|11|95|136|170|155|180|208|218|81|144|209|32|230|35|27|59|202|51|219|109|87|176|213|239|64|193|187|12|170|132|153|5|78|95|200|48|48|161|90|106|22|227|148|198|206|202|169|192|240|200|98|196|58|211|34|102|149|194|243|55|245|217|102|37|56|82|244|217|159|178|238|224|254|84|53|162|66|83|96|130|189|153|144|254|55|145|117|5|170|194|145|111|43|179|135|243|43|223|168|167|34|133|3|244|104|84|198|234|220|84|5|229|212|71|236|229|148|235|107|100|181|179|72|159|153|208|66|172|244|161|177|220|186|244|89|156|167|197|66|42|98|230|173|33|36|31|210|169|79|78|117|166|69|197|85|251|120|108|160|33|6|198|144|172|33|72|127|101|93|173|22|148|53|100|48|116|183|235|235|62|169|194|208|10|122|138|1|75|213|242|167|19|144|235|241|161|103|122|30|230|28|253|229|32|227|22|158|163|83|2|179|250|60|44|171|129|158|96|249|31|77|173|34|109|16|160|170|210|218|170|66|205|124|176|98|173|94|100|20|58|166|129|228|245|225|234|209|
Overall Best: 0.9184 Generation: 19

Generation 25
Average: 0.9025 Best: 0.9171
Best Individual: 
C0 109|189|241|77|24|114|73|144|11|238|214|2|170|59|4|166|227|40|1|170|232|193|157|164|251|61|241|76|9|100|176|222|239|121|114|128|12|112|206|228|14|78|56|173|87|152|203|120|63|138|94|75|251|74|169|89|165|40|244|84|196|156|96|61|102|110|106|39|198|19|85|227|172|96|45|49|181|43|36|181|98|56|109|231|156|112|250|220|161|76|121|57|24|211|107|68|107|161|206|145|64|43|27|239|243|179|223|156|47|73|207|3|77|104|222|198|234|182|84|156|70|217|85|120|99|149|235|107|75|153|91|60|58|197|251|166|172|218|71|237|14|186|244|202|124|46|29|157|30|59|243|249|20|51|81|66|88|99|139|187|60|241|178|110|89|101|93|186|117|107|85|135|217|215|167|83|126|85|85|22|156|131|245|29|161|240|136|44|201|120|179|97|224|94|41|55|190|12|29|133|181|223|135|159|194|209|31|236|32|194|253|154|28|252|237|158|119|11|205|26|164|254|85|163|129|88|17|160|17|137|173|3|34|186|160|170|23|218|181|92|187|218|146|7|106|237|213|135|19|251|251|229|2|147|108|32|
Overall Best: 0.9184 Generation: 19

Generation 26
Average: 0.9034 Best: 0.9171
Best Individual: 
C0 184|202|10|18|106|161|38|59|192|122|7|58|211|130|2|42|218|74|96|177|217|75|158|181|120|94|122|149|110|226|14|213|99|198|193|203|116|15|139|192|109|35|70|69|87|109|16|113|129|222|226|207|139|74|33|148|162|30|118|186|188|224|193|11|92|118|145|216|215|238|190|223|45|186|118|47|196|24|191|62|135|126|153|137|95|148|172|1|191|219|163|88|24|56|250|61|60|50|74|145|87|43|177|83|243|179|153|168|41|34|130|44|135|205|188|114|121|175|250|83|150|216|88|31|189|232|79|182|75|64|127|33|123|237|71|86|174|238|132|74|0|145|148|50|193|244|176|168|228|196|89|169|116|182|102|251|134|255|94|75|62|13|179|203|42|185|124|110|9|129|48|27|17|76|253|91|234|164|173|70|61|48|12|58|231|149|64|246|216|194|85|33|4|87|230|103|68|244|33|218|20|103|100|216|125|175|118|30|164|97|233|151|210|22|53|190|71|57|111|93|180|52|213|91|255|53|22|6|82|101|53|220|161|77|58|97|166|49|38|249|111|25|73|255|27|239|120|2|74|253|36|7|78|251|104|6|
Overall Best: 0.9184 Generation: 19

Generation 27
Average: 0.9030 Best: 0.9140
Best Individual: 
C0 184|13|120|119|45|42|49|6|214|37|97|136|202|213|35|119|205|60|234|207|102|35|41|22|59|144|144|141|178|239|110|238|35|131|170|51|118|141|193|11|136|195|46|115|4|101|136|180|180|92|132|69|184|125|6|164|136|40|117|147|202|213|112|194|150|48|96|77|4|143|58|19|75|223|142|224|217|25|236|15|223|121|153|242|36|248|195|22|76|29|160|70|215|170|246|139|146|85|47|43|232|144|27|81|65|188|107|222|7|34|116|80|205|110|84|150|99|122|84|188|229|212|144|132|28|158|134|255|11|6|209|94|77|44|243|54|205|152|76|245|79|248|243|244|49|237|124|7|153|34|237|210|20|222|75|99|240|79|233|162|181|234|41|79|44|156|149|92|65|235|44|64|198|159|228|83|109|212|117|110|214|131|245|29|161|240|136|15|62|120|209|61|48|209|41|132|157|12|33|218|217|152|209|40|125|175|94|30|153|34|253|182|210|22|53|151|71|57|11|33|84|240|130|91|205|53|186|48|4|101|24|220|161|89|58|236|166|49|38|2|14|136|73|255|171|239|50|2|230|230|118|7|26|145|104|6|
Overall Best: 0.9184 Generation: 19

Generation 28
Average: 0.9046 Best: 0.9171
Best Individual: 
C0 10|138|203|161|174|176|235|6|1|72|95|116|88|59|4|227|39|45|76|28|29|222|215|124|238|202|51|50|109|14|168|126|62|235|193|235|73|170|238|168|25|65|98|66|87|205|48|212|158|252|116|134|110|12|157|177|34|253|229|174|179|42|78|56|206|144|38|239|206|33|145|0|170|223|185|47|223|127|128|15|206|243|153|242|36|81|187|224|76|29|160|146|215|170|129|156|255|48|74|188|245|43|27|77|243|179|15|70|181|240|207|191|244|104|84|198|234|220|84|119|64|217|93|236|141|149|231|107|161|153|253|47|58|7|68|130|172|48|71|237|14|186|151|202|124|115|253|8|30|222|243|249|156|51|102|66|15|83|78|162|17|243|41|79|46|144|28|134|10|119|214|132|202|159|228|83|109|242|43|22|90|120|245|36|41|183|253|103|35|98|53|156|206|179|80|98|45|101|135|255|197|193|249|161|83|209|187|23|112|141|47|65|244|193|142|67|186|78|99|237|211|52|93|136|17|53|13|166|67|101|60|220|161|89|32|97|166|49|150|9|14|136|73|255|107|197|52|230|85|4|195|244|141|170|187|44|
Overall Best: 0.9184 Generation: 19

Generation 29
Average: 0.9043 Best: 0.9140
Best Individual: 
C0 134|13|120|119|45|42|49|6|214|37|97|136|202|176|35|119|205|60|185|207|102|86|41|22|59|144|144|141|178|112|110|238|35|131|170|51|118|151|193|80|136|182|46|115|4|101|136|180|180|92|73|69|84|125|6|164|136|40|167|147|202|176|112|149|229|101|96|77|4|143|58|54|170|223|170|47|90|202|108|98|57|91|19|137|102|112|250|220|161|29|160|70|158|170|246|139|146|85|47|130|232|145|27|81|65|81|83|222|7|8|116|80|205|110|84|150|26|122|84|188|229|253|144|185|28|158|134|255|11|6|209|94|77|44|243|47|63|152|76|245|79|248|243|244|49|141|124|7|250|34|237|210|49|222|75|198|240|235|233|162|181|234|41|79|44|156|249|92|65|210|44|64|200|159|228|96|109|212|117|110|214|131|245|29|161|240|229|15|62|120|209|202|48|209|41|132|157|228|177|218|217|156|148|204|125|175|94|30|153|34|253|158|210|22|53|151|71|246|11|33|84|240|130|91|205|53|186|50|30|101|24|220|161|89|48|236|166|49|38|2|14|37|73|65|126|239|50|2|230|230|118|7|26|145|115|6|
Overall Best: 0.9184 Generation: 19
==================
    Best individual after 30 generations
    computed in 5,486.4170 seconds
    1463 elements out of 1593 correct.
    emerged in generation 19
    with fitness 0.9184
==================

