Starting evolution...
length: 256.0
feature_occurency: [50, 50, 50, 50, 50, 50, 50, 50, 50, 50, 50, 50, 50, 50, 50, 50, 50, 50, 50, 50, 50, 50, 50, 50, 50, 50, 50, 50, 50, 50, 50, 50, 50, 50, 50, 50, 50, 50, 50, 50, 50, 50, 50, 50, 50, 50, 50, 50, 50, 50, 50, 50, 50, 50, 50, 50, 50, 50, 50, 50, 50, 50, 50, 50, 50, 50, 50, 50, 50, 50, 50, 50, 50, 50, 50, 50, 50, 50, 50, 50, 50, 50, 50, 50, 50, 50, 50, 50, 50, 50, 50, 50, 50, 50, 50, 50, 50, 50, 50, 50, 50, 50, 50, 50, 50, 50, 50, 50, 50, 50, 50, 50, 50, 50, 50, 50, 50, 50, 50, 50, 50, 50, 50, 50, 50, 50, 50, 50, 50, 50, 50, 50, 50, 50, 50, 50, 50, 50, 50, 50, 50, 50, 50, 50, 50, 50, 50, 50, 50, 50, 50, 50, 50, 50, 50, 50, 50, 50, 50, 50, 50, 50, 50, 50, 50, 50, 50, 50, 50, 50, 50, 50, 50, 50, 50, 50, 50, 50, 50, 50, 50, 50, 50, 50, 50, 50, 50, 50, 50, 50, 50, 50, 50, 50, 50, 50, 50, 50, 50, 50, 50, 50, 50, 50, 50, 50, 50, 50, 50, 50, 50, 50, 50, 50, 50, 50, 50, 50, 50, 50, 50, 50, 50, 50, 50, 50, 50, 50, 50, 50, 50, 50, 50, 50, 50, 50, 50, 50, 50, 50, 50, 50, 50, 50, 50, 50, 50, 50, 50, 50, 50, 50, 50, 50, 50, 50]

Generation 0
Average: 0.9156 Best: 0.9240
Best Individual: 
C0 179|1|47|3|216|5|231|38|29|193|45|14|12|13|92|222|129|212|235|19|204|253|191|23|243|59|244|79|126|237|30|95|81|33|146|78|36|124|239|101|195|41|94|43|26|44|46|104|208|49|152|123|52|225|54|17|185|32|58|158|150|83|102|63|74|201|66|234|68|69|134|71|72|73|64|75|252|77|90|20|80|57|202|61|84|230|86|87|162|89|35|213|132|93|85|238|96|97|98|103|100|39|147|119|2|105|106|107|164|189|40|227|112|113|190|241|167|117|169|99|161|135|122|198|91|125|232|127|128|166|130|131|11|133|109|121|136|137|138|177|210|141|186|255|144|145|34|142|148|149|155|151|10|153|154|206|156|157|180|159|160|197|242|163|108|165|16|205|168|9|50|82|178|62|174|207|176|88|172|53|223|181|182|226|184|56|118|229|188|22|248|24|192|173|55|199|196|240|28|114|200|65|171|203|70|116|224|175|48|221|236|110|4|76|214|215|254|139|218|219|220|209|120|245|170|194|183|111|228|7|233|6|51|0|67|18|140|8|31|187|15|143|217|27|60|25|246|247|42|249|250|251|37|21|211|115|
Overall Best: 0.9240 Generation: 0
length: 256.0
feature_occurency: [50, 50, 50, 50, 50, 50, 50, 50, 50, 50, 50, 50, 50, 50, 50, 50, 50, 50, 50, 50, 50, 50, 50, 50, 50, 50, 50, 50, 50, 50, 50, 50, 50, 50, 50, 50, 50, 50, 50, 50, 50, 50, 50, 50, 50, 50, 50, 50, 50, 50, 50, 50, 50, 50, 50, 50, 50, 50, 50, 50, 50, 50, 50, 50, 50, 50, 50, 50, 50, 50, 50, 50, 50, 50, 50, 50, 50, 50, 50, 50, 50, 50, 50, 50, 50, 50, 50, 50, 50, 50, 50, 50, 50, 50, 50, 50, 50, 50, 50, 50, 50, 50, 50, 50, 50, 50, 50, 50, 50, 50, 50, 50, 50, 50, 50, 50, 50, 50, 50, 50, 50, 50, 50, 50, 50, 50, 50, 50, 50, 50, 50, 50, 50, 50, 50, 50, 50, 50, 50, 50, 50, 50, 50, 50, 50, 50, 50, 50, 50, 50, 50, 50, 50, 50, 50, 50, 50, 50, 50, 50, 50, 50, 50, 50, 50, 50, 50, 50, 50, 50, 50, 50, 50, 50, 50, 50, 50, 50, 50, 50, 50, 50, 50, 50, 50, 50, 50, 50, 50, 50, 50, 50, 50, 50, 50, 50, 50, 50, 50, 50, 50, 50, 50, 50, 50, 50, 50, 50, 50, 50, 50, 50, 50, 50, 50, 50, 50, 50, 50, 50, 50, 50, 50, 50, 50, 50, 50, 50, 50, 50, 50, 50, 50, 50, 50, 50, 50, 50, 50, 50, 50, 50, 50, 50, 50, 50, 50, 50, 50, 50, 50, 50, 50, 50, 50, 50]

Generation 1
Average: 0.9165 Best: 0.9222
Best Individual: 
C0 207|111|157|3|119|55|6|7|65|146|14|11|40|230|92|222|129|212|235|19|229|253|191|23|158|25|166|5|148|29|168|58|101|33|251|17|94|197|31|120|70|41|22|184|107|242|46|130|48|143|44|51|52|215|176|74|54|86|8|121|223|75|32|30|64|26|132|12|225|69|63|201|72|73|89|117|145|20|214|79|80|102|231|84|10|85|38|171|108|88|110|124|95|190|165|227|96|97|116|203|2|62|43|213|104|105|112|24|175|78|204|1|106|42|122|224|47|4|66|217|16|147|114|123|205|125|200|249|137|21|156|131|161|178|134|49|113|128|82|53|140|141|67|135|144|226|241|83|100|149|150|151|152|153|154|233|18|35|71|159|160|61|162|163|127|39|232|37|60|202|170|87|240|173|174|139|57|177|219|179|180|181|0|183|36|185|186|187|188|189|182|234|192|193|15|195|196|167|142|198|126|244|115|243|164|236|99|93|208|209|210|81|211|98|194|9|103|76|218|133|220|50|56|27|169|68|118|221|228|239|91|216|28|155|109|246|136|237|238|90|172|59|45|206|13|245|199|247|34|77|250|248|252|138|254|255|
Overall Best: 0.9240 Generation: 0
==================
    Best individual after 2 generations
    computed in 438.1440 seconds
    1472 elements out of 1593 correct.
    emerged in generation 0
    with fitness 0.9240
==================

