Starting evolution...

Generation 0
Average: 0.9060 Best: 0.9190
Best Individual: 
C0 0|242|131|3|27|160|144|45|207|117|10|11|15|224|30|12|16|183|87|19|20|161|22|164|197|26|94|220|189|83|8|7|35|246|140|32|36|37|240|154|95|41|42|43|141|204|46|47|215|49|173|174|52|53|232|55|153|57|147|165|157|14|92|63|64|65|222|91|187|138|70|71|72|209|74|75|146|21|78|233|34|81|82|236|84|85|17|216|88|89|90|176|2|93|210|125|79|97|54|99|100|169|102|103|177|25|51|133|155|239|128|184|235|29|107|201|109|9|118|119|185|121|122|152|124|40|126|127|68|129|130|62|175|77|245|135|136|196|230|38|80|6|149|190|44|145|98|58|148|56|150|151|193|142|39|158|156|195|254|192|191|114|162|5|33|59|166|167|168|101|253|171|172|50|106|132|250|104|110|179|180|120|182|86|137|181|186|213|188|28|143|163|202|139|194|60|223|24|48|221|200|115|255|218|31|205|206|234|208|203|18|211|212|214|178|198|134|217|105|219|96|199|66|111|13|225|226|227|228|113|61|231|76|73|241|112|123|237|238|69|4|229|1|243|244|116|170|247|248|249|67|251|252|23|108|159|
Overall Best: 0.9190 Generation: 0

Generation 1
Average: 0.9095 Best: 0.9190
Best Individual: 
C0 0|119|188|3|45|216|254|165|9|228|182|81|99|144|193|15|16|218|55|19|195|78|22|89|217|57|26|8|28|117|30|31|29|33|176|98|225|36|32|39|126|172|42|43|44|4|46|215|48|207|87|108|52|53|166|179|21|18|58|248|37|61|54|7|211|65|177|161|133|77|14|116|35|73|38|240|76|112|204|47|192|69|82|83|84|85|86|197|238|198|90|91|230|34|68|246|96|104|105|95|100|11|102|199|10|130|140|106|51|109|110|111|222|94|114|115|67|74|93|60|209|121|205|123|124|175|49|127|128|129|59|125|132|138|134|66|136|137|131|25|152|107|142|203|235|145|103|27|148|186|150|151|237|171|154|146|156|233|24|159|242|12|162|163|184|174|183|167|219|169|170|206|101|173|210|72|244|5|97|241|23|158|178|139|208|185|122|180|50|189|190|191|80|64|194|71|196|168|118|155|187|201|147|214|181|92|153|56|17|149|41|75|212|213|143|62|135|200|120|251|220|221|1|223|224|232|88|227|13|164|202|231|79|229|234|113|236|70|141|239|20|157|160|2|40|245|63|247|226|249|250|243|252|253|255|6|
Overall Best: 0.9190 Generation: 0

Generation 2
Average: 0.9102 Best: 0.9215
Best Individual: 
C0 206|174|69|59|134|148|225|251|193|9|229|232|14|93|176|15|62|25|170|89|20|22|189|29|144|166|102|6|65|175|238|31|32|188|164|254|36|58|74|39|112|216|194|70|147|45|76|47|241|198|50|92|84|40|54|245|222|183|142|16|138|101|130|106|91|165|208|218|68|26|99|145|103|233|80|141|78|244|127|79|2|13|28|87|52|85|86|191|88|160|90|100|168|136|237|146|96|42|51|205|159|135|114|179|104|105|63|186|181|67|7|111|56|71|215|115|116|38|34|119|120|21|3|35|124|248|236|97|128|72|98|151|132|11|4|122|118|12|249|152|169|201|162|109|246|182|199|202|121|149|150|157|235|94|64|184|252|239|155|113|19|161|212|163|204|172|200|154|167|17|18|195|41|173|143|43|158|53|178|37|180|46|177|217|57|185|171|187|33|82|30|234|242|131|211|133|196|60|139|95|10|81|107|203|77|153|49|207|108|209|27|8|197|213|192|126|5|1|247|243|220|221|219|224|55|44|110|66|228|73|230|231|214|253|83|125|129|190|61|137|240|48|140|23|0|227|210|24|123|117|250|226|156|223|75|255|
Overall Best: 0.9215 Generation: 2

Generation 3
Average: 0.9101 Best: 0.9209
Best Individual: 
C0 232|173|165|169|167|5|74|16|90|148|76|244|12|92|207|86|54|199|46|191|204|70|179|23|110|212|11|172|175|130|51|200|27|132|137|150|145|77|38|9|13|66|197|235|211|188|3|47|53|147|1|114|224|62|122|229|193|57|251|100|166|61|84|134|187|80|131|115|81|174|30|69|136|252|113|83|217|59|103|250|98|31|151|178|7|85|117|87|88|124|35|155|42|93|210|95|249|68|160|105|56|101|102|170|104|109|0|185|125|99|10|111|112|15|129|123|24|143|67|176|8|162|237|6|194|190|230|127|128|64|52|25|203|133|60|41|55|34|255|4|140|106|36|186|231|49|146|78|17|202|116|177|247|153|26|141|96|220|135|206|149|161|182|223|181|108|119|183|168|205|245|238|75|22|213|171|65|82|196|91|228|45|63|39|184|154|28|221|234|189|120|50|192|246|180|58|118|19|254|29|233|201|71|48|20|107|32|215|208|209|89|198|222|158|214|159|195|236|121|227|157|219|2|43|163|225|156|226|37|240|126|218|72|216|18|33|97|40|44|239|142|241|242|21|243|14|79|94|248|139|152|164|73|253|144|138|
Overall Best: 0.9215 Generation: 2

Generation 4
Average: 0.9118 Best: 0.9209
Best Individual: 
C0 215|31|28|254|237|216|3|107|170|10|244|94|209|59|108|192|8|88|40|0|195|55|160|23|71|39|22|176|102|53|224|119|19|139|140|43|177|163|95|211|67|41|65|198|141|6|123|213|66|49|50|174|246|175|185|44|242|227|111|125|210|91|181|63|64|118|29|243|26|24|70|142|72|220|230|75|146|21|245|183|34|81|133|236|84|85|172|16|240|15|90|158|30|178|231|86|188|120|20|45|77|37|68|25|104|247|42|122|2|12|179|136|112|233|241|27|193|169|186|138|212|153|221|46|126|151|116|127|128|5|101|131|32|168|134|214|159|225|248|249|129|194|252|144|1|145|89|58|161|103|150|52|36|109|114|155|156|17|228|250|206|113|162|117|11|197|166|82|191|62|182|234|98|251|173|180|56|124|92|253|189|100|165|135|184|147|202|207|9|60|87|4|171|79|130|106|196|149|73|115|200|229|164|96|121|97|33|61|54|14|238|48|205|218|203|47|208|38|83|204|201|148|143|152|235|222|93|57|110|137|7|76|18|219|199|80|51|226|157|239|35|132|167|154|217|69|223|232|74|13|255|105|99|190|78|187|
Overall Best: 0.9215 Generation: 2

Generation 5
Average: 0.9114 Best: 0.9247
Best Individual: 
C0 218|169|202|241|12|44|163|144|94|216|112|158|37|90|232|97|164|98|46|191|204|70|179|161|110|212|11|172|175|130|7|200|27|132|156|150|134|77|39|9|13|66|197|235|254|188|207|47|38|35|1|115|224|62|122|229|239|57|251|100|166|61|173|145|187|84|131|114|143|174|83|69|72|120|183|30|217|219|103|139|199|31|43|178|157|85|117|87|88|124|147|155|231|113|160|192|249|68|210|105|56|101|102|170|104|109|0|121|125|99|10|111|240|15|129|123|24|221|59|176|8|162|237|6|128|154|95|127|135|64|196|25|65|133|60|41|227|34|255|4|195|106|148|186|42|49|146|78|17|142|116|177|247|153|26|141|96|16|194|250|149|23|182|223|181|108|119|74|213|50|245|238|75|22|168|171|33|51|52|91|228|45|63|53|184|190|28|81|234|189|252|205|206|246|180|58|214|3|211|29|233|201|71|48|20|107|32|215|208|209|89|198|222|79|118|159|140|236|185|67|54|86|193|243|248|225|152|151|138|80|92|40|220|126|19|244|137|21|93|226|18|76|55|73|82|165|14|230|5|242|253|167|2|136|203|36|
Overall Best: 0.9247 Generation: 5

Generation 6
Average: 0.9129 Best: 0.9222
Best Individual: 
C0 0|201|10|111|58|35|8|152|52|32|215|88|12|222|71|200|205|126|101|114|153|243|3|38|113|97|168|64|76|250|175|74|140|248|34|242|181|146|68|244|176|134|63|43|194|241|69|171|48|27|186|55|158|62|209|195|193|57|251|100|20|119|118|109|187|80|131|115|81|182|166|173|50|31|125|214|15|253|11|85|116|16|61|211|167|21|141|188|9|78|4|224|197|6|30|139|221|136|54|255|212|210|123|103|236|98|145|108|237|94|213|23|65|37|226|117|163|53|246|138|13|120|206|121|28|105|47|127|128|129|198|102|96|24|161|135|196|151|189|25|165|230|77|216|159|95|227|147|33|164|191|179|133|232|72|19|156|150|234|75|160|235|42|192|169|39|67|36|29|5|170|2|154|174|92|44|157|137|112|93|149|82|132|56|184|185|79|107|49|59|73|7|124|217|66|18|208|218|228|247|142|90|26|83|204|245|239|177|223|104|183|202|199|84|229|155|60|89|207|40|220|46|162|41|86|225|22|106|252|240|87|249|219|233|1|70|203|148|238|91|172|143|110|231|122|130|14|190|99|51|17|178|144|254|45|180|
Overall Best: 0.9247 Generation: 5

Generation 7
Average: 0.9123 Best: 0.9209
Best Individual: 
C0 0|194|143|161|165|121|89|88|184|174|210|189|67|87|207|86|162|63|46|27|221|90|179|71|57|58|33|75|135|107|201|176|19|11|232|150|145|77|38|209|127|157|44|3|211|5|191|47|53|30|213|32|52|247|122|229|237|195|102|41|212|160|40|2|187|254|84|146|163|72|158|69|136|134|81|83|223|106|4|252|227|149|129|95|39|85|152|92|234|80|35|68|219|93|183|243|137|188|74|167|56|43|70|7|125|175|104|185|153|99|199|138|112|15|79|18|24|130|220|250|8|54|193|222|251|215|230|105|128|65|224|25|203|216|60|147|98|64|255|151|140|14|235|186|231|49|101|78|10|200|116|192|16|110|37|55|96|133|109|73|13|50|182|6|217|108|119|144|168|115|245|238|172|154|51|171|118|82|196|48|164|45|17|218|34|156|132|97|29|1|61|239|62|91|173|94|225|242|131|248|31|240|178|177|23|103|22|113|100|111|28|155|236|21|117|66|180|197|123|204|208|139|205|141|124|170|9|206|148|249|76|233|20|114|246|12|241|244|142|202|214|26|166|169|36|228|181|253|126|198|190|226|159|59|42|120|
Overall Best: 0.9247 Generation: 5

Generation 8
Average: 0.9129 Best: 0.9228
Best Individual: 
C0 0|194|143|161|165|121|89|88|184|174|210|189|67|87|207|86|162|63|46|160|221|90|179|71|57|58|33|75|135|107|201|176|19|11|232|150|145|77|38|209|127|157|44|3|211|109|191|47|53|154|213|32|52|247|122|234|237|195|102|123|212|27|40|126|187|254|84|146|163|26|158|69|136|134|183|83|223|106|4|252|227|175|129|95|39|85|152|92|229|80|35|238|219|93|81|130|91|188|74|167|203|43|70|7|125|149|104|185|153|241|60|82|100|15|79|18|24|243|220|250|8|54|193|222|251|215|230|105|128|65|224|25|56|216|199|147|98|64|255|151|140|110|235|62|231|49|101|45|10|200|116|192|16|30|37|55|96|133|5|73|13|50|182|6|217|108|119|144|168|115|245|68|172|14|51|171|118|138|196|48|164|78|17|218|34|156|132|97|29|1|61|239|186|137|173|94|225|242|131|248|31|240|178|177|23|103|22|113|36|111|28|155|236|21|117|66|180|197|41|204|208|139|205|141|124|170|9|206|148|249|76|233|20|114|246|12|99|244|142|202|214|72|166|169|112|228|181|253|2|198|190|226|159|59|42|120|
Overall Best: 0.9247 Generation: 5

Generation 9
Average: 0.9126 Best: 0.9228
Best Individual: 
C0 214|140|106|253|95|52|26|7|220|74|72|179|189|0|93|107|70|177|2|35|209|162|217|32|161|100|18|141|92|252|247|235|191|112|104|10|90|197|250|15|43|117|60|198|237|153|45|29|128|44|138|86|239|96|205|183|111|3|134|157|110|241|36|148|126|167|66|208|97|63|200|136|175|48|171|158|154|12|24|231|151|145|22|204|232|65|51|195|23|98|193|59|228|180|219|188|78|144|210|21|67|30|172|94|62|42|5|202|81|109|248|127|182|11|49|238|243|216|185|69|249|135|47|123|27|146|19|17|165|226|168|56|224|57|61|41|233|129|120|53|163|4|142|176|108|25|122|102|236|149|173|99|40|91|14|38|80|178|245|246|113|89|77|50|116|187|166|156|229|240|211|225|119|234|192|13|251|101|9|73|124|20|215|155|184|82|139|105|1|84|222|190|213|223|242|83|181|201|16|255|170|203|254|218|194|103|230|68|87|28|133|164|131|88|37|115|147|114|212|221|227|39|169|206|46|132|85|55|196|54|121|137|79|76|199|186|160|159|143|8|118|64|34|33|71|58|6|150|174|152|31|130|207|244|75|125|
Overall Best: 0.9247 Generation: 5

Generation 10
Average: 0.9120 Best: 0.9247
Best Individual: 
C0 204|113|106|253|95|52|26|7|220|81|233|147|85|0|93|121|70|177|44|164|91|162|217|32|161|19|211|229|92|252|199|235|191|222|61|182|165|54|186|15|43|153|109|198|237|102|45|148|128|171|138|108|239|96|218|183|38|3|134|157|110|241|62|2|223|224|66|10|97|105|200|136|213|238|254|104|192|41|240|231|69|145|88|243|232|151|184|57|23|154|94|59|208|9|219|188|78|144|210|99|67|21|77|158|36|150|5|202|117|60|248|127|87|72|49|172|194|216|185|197|249|135|111|123|27|146|100|17|90|226|84|56|65|236|193|250|242|129|8|53|163|4|179|176|28|42|122|35|195|149|173|142|40|209|14|47|80|178|245|246|140|89|48|50|214|187|166|156|141|24|34|225|13|155|98|119|251|101|180|73|124|20|215|234|51|82|139|228|1|168|112|190|175|126|11|83|181|201|16|255|170|203|29|205|247|230|120|114|189|86|133|74|212|22|118|115|63|68|6|221|227|39|169|206|116|79|30|55|46|167|174|137|132|159|196|12|160|76|143|103|37|64|18|33|71|58|131|25|107|152|31|130|207|244|75|125|
Overall Best: 0.9247 Generation: 5

Generation 11
Average: 0.9122 Best: 0.9247
Best Individual: 
C0 193|133|113|121|17|123|122|207|90|201|128|252|37|212|18|56|202|216|57|54|114|31|66|179|145|213|97|5|68|61|107|254|195|226|62|251|75|248|53|59|211|196|227|14|42|21|71|138|154|210|120|0|94|144|189|44|87|234|103|88|209|92|131|111|3|237|22|185|163|136|34|148|26|112|183|83|47|106|4|30|108|175|64|95|39|119|238|218|51|80|222|188|23|116|168|49|91|43|74|167|203|115|10|7|125|85|101|215|240|241|60|130|100|187|79|76|24|243|118|109|159|165|157|200|72|65|35|73|38|82|63|174|155|36|134|176|235|8|153|231|194|110|147|12|67|177|104|16|70|151|78|219|32|129|161|180|184|150|225|126|221|96|146|25|239|250|255|232|15|152|46|220|208|84|229|135|224|192|29|230|182|93|89|170|158|98|217|48|45|19|247|149|249|40|171|164|27|105|173|117|86|156|6|140|1|162|206|69|191|9|142|223|33|137|214|139|199|197|41|204|172|245|205|141|124|28|236|77|11|186|50|233|20|242|246|143|99|244|52|127|178|132|2|169|55|228|181|253|198|166|190|58|160|13|81|102|
Overall Best: 0.9247 Generation: 5

Generation 12
Average: 0.9124 Best: 0.9215
Best Individual: 
C0 12|88|78|204|68|38|134|79|205|158|178|2|39|171|233|138|172|150|234|56|252|96|163|208|129|8|105|106|49|245|238|167|195|146|57|116|160|117|247|209|120|24|176|104|220|227|196|21|228|186|149|193|43|168|210|100|190|33|71|222|174|108|169|72|198|22|93|161|17|42|55|23|35|41|62|185|44|203|95|131|223|239|11|58|37|19|40|81|66|179|101|130|114|45|92|119|147|4|25|229|180|107|102|211|132|65|127|3|111|236|240|235|69|60|14|187|218|94|10|30|47|226|243|77|63|175|121|34|197|26|139|112|51|164|36|6|61|83|156|170|0|253|254|128|199|67|165|188|194|181|91|151|135|85|75|50|192|110|76|217|173|230|142|159|32|200|250|97|244|109|251|5|64|27|80|189|213|140|124|144|207|155|18|183|177|13|184|206|154|246|125|191|16|148|202|232|237|137|31|201|99|103|70|48|123|52|143|255|29|20|136|73|54|9|241|215|118|15|86|249|98|221|219|157|224|225|87|126|212|242|182|141|89|113|53|166|214|84|74|28|46|82|59|90|1|153|152|162|7|122|248|231|145|133|115|216|
Overall Best: 0.9247 Generation: 5

Generation 13
Average: 0.9113 Best: 0.9222
Best Individual: 
C0 74|208|113|109|17|123|134|224|206|238|255|253|229|243|254|1|89|150|125|165|151|31|73|179|145|213|97|5|202|61|107|230|195|226|62|251|75|52|53|59|181|196|46|236|42|21|191|138|14|210|120|0|116|144|119|44|87|227|103|88|209|92|131|200|105|237|22|86|68|93|34|148|203|112|12|83|40|106|36|211|108|175|64|95|39|167|248|218|51|80|24|188|30|94|168|49|139|43|114|117|241|57|10|7|225|85|101|27|240|26|60|130|99|187|79|76|122|212|118|8|159|54|72|205|3|198|35|173|38|228|28|23|155|20|110|124|235|121|77|231|194|154|147|183|234|177|104|174|252|193|78|162|157|129|161|50|184|216|70|126|221|96|66|100|239|250|128|232|15|152|153|142|133|41|204|135|207|192|29|215|158|178|180|170|182|98|217|48|143|19|247|149|11|47|171|115|45|32|199|189|185|156|6|164|163|219|111|69|71|9|220|223|33|186|214|91|249|197|84|222|172|245|90|141|176|63|37|18|146|137|56|233|136|242|246|67|25|244|201|127|4|132|2|169|55|82|16|140|65|166|190|58|160|13|81|102|
Overall Best: 0.9247 Generation: 5

Generation 14
Average: 0.9126 Best: 0.9215
Best Individual: 
C0 14|123|93|18|2|174|180|255|138|106|216|50|29|47|70|109|241|170|159|225|173|78|107|152|245|126|204|72|212|112|52|221|243|5|183|62|194|129|147|182|35|153|44|19|198|253|214|175|184|20|15|6|65|156|218|232|219|157|134|3|40|230|74|250|67|224|39|117|97|26|58|136|146|53|254|145|192|239|71|60|69|104|88|206|86|151|8|158|23|161|121|11|168|66|17|12|79|189|7|57|124|242|13|197|231|122|144|187|31|200|220|111|177|135|186|209|116|240|85|30|48|181|61|56|128|54|193|226|227|10|167|108|252|115|172|191|118|120|131|105|247|140|171|95|41|251|223|244|27|234|96|229|38|233|101|32|21|149|205|34|59|49|24|80|202|165|237|176|0|169|55|207|166|178|113|98|100|139|150|9|103|33|246|141|148|155|179|63|84|81|133|217|46|201|195|77|130|125|99|43|228|249|162|127|91|164|235|102|190|25|92|22|89|137|4|36|119|236|222|203|64|199|94|16|163|142|87|75|51|248|188|208|215|238|114|196|68|210|82|154|83|1|211|45|76|143|160|42|132|28|185|73|90|110|213|37|
Overall Best: 0.9247 Generation: 5

Generation 15
Average: 0.9140 Best: 0.9222
Best Individual: 
C0 233|5|173|28|227|121|16|192|81|180|215|222|178|68|190|44|59|65|164|157|139|108|154|206|12|120|224|47|216|149|119|1|99|38|209|67|165|49|76|128|40|129|33|147|125|127|112|162|249|62|104|182|141|184|186|93|46|145|22|221|3|115|43|163|9|118|185|61|50|88|7|19|236|80|205|235|102|179|105|234|70|96|201|87|239|34|66|142|202|244|74|247|92|73|56|174|219|254|191|166|187|17|134|69|198|153|181|204|51|14|140|218|53|240|177|24|110|77|176|58|124|168|225|122|220|195|54|230|161|117|137|10|203|211|6|101|98|106|144|109|245|82|94|194|35|138|146|79|13|123|116|196|133|55|241|208|15|64|52|242|160|188|207|199|83|75|159|210|189|250|85|148|23|237|229|152|29|131|197|21|130|231|89|172|8|32|150|41|132|156|103|167|217|114|30|97|95|214|42|63|238|171|183|226|126|37|18|100|200|26|136|4|232|255|246|252|170|251|48|84|2|113|31|25|243|45|27|71|0|213|11|57|72|36|155|60|107|86|90|158|253|143|151|175|223|212|228|91|248|20|135|78|169|39|111|193|
Overall Best: 0.9247 Generation: 5

Generation 16
Average: 0.9132 Best: 0.9209
Best Individual: 
C0 137|129|39|25|24|14|223|239|182|40|234|169|12|156|175|200|211|177|251|213|167|95|117|92|161|158|81|147|250|123|187|121|109|190|171|32|31|159|18|249|203|173|11|70|66|62|195|252|130|49|106|50|51|157|186|193|8|85|56|19|229|87|233|244|90|181|1|72|197|133|68|162|99|138|53|241|210|145|205|55|254|255|217|155|44|13|144|116|77|224|204|221|38|192|209|74|29|126|47|16|170|23|97|227|104|194|42|240|246|101|179|136|176|230|63|206|10|242|218|71|33|165|3|46|214|140|163|83|30|20|27|84|202|232|149|245|235|135|243|150|89|237|148|160|127|113|88|184|75|94|119|196|36|228|154|60|7|151|45|226|37|238|188|183|112|111|110|82|4|65|207|73|208|26|34|199|141|102|191|146|178|153|0|253|142|98|58|222|143|166|86|35|114|69|174|108|220|216|9|61|57|164|15|43|152|122|28|67|225|22|139|189|131|124|41|54|132|52|247|212|134|236|185|120|103|80|107|79|198|96|201|6|118|17|91|21|78|64|248|59|105|128|76|100|93|180|215|231|168|115|219|5|48|2|172|125|
Overall Best: 0.9247 Generation: 5

Generation 17
Average: 0.9127 Best: 0.9240
Best Individual: 
C0 8|150|7|10|207|243|23|170|83|200|120|90|209|28|78|145|211|12|153|249|22|94|38|210|165|109|64|106|212|247|100|227|164|31|232|107|32|126|73|182|102|47|138|67|241|24|218|54|184|124|135|161|88|4|220|183|219|70|157|141|96|230|62|250|217|30|177|56|97|15|92|136|134|244|254|197|192|3|57|231|119|175|191|43|37|179|238|185|2|80|222|63|144|116|239|113|127|233|166|117|40|125|82|98|123|85|101|105|49|203|208|122|81|118|248|129|79|74|26|167|146|195|137|155|255|65|115|114|89|216|187|181|121|186|18|41|69|20|0|193|149|223|29|9|51|158|130|60|66|25|176|196|159|44|59|245|5|190|53|19|11|169|17|6|188|77|240|128|174|133|147|226|68|34|42|154|235|110|151|171|103|178|246|112|206|251|180|228|234|215|16|95|205|46|194|173|48|61|142|33|253|36|163|91|189|132|198|39|14|108|152|86|199|50|84|76|148|237|93|139|221|162|72|45|224|225|87|168|143|242|252|99|140|131|160|111|52|214|236|202|201|55|204|229|104|27|213|21|71|13|1|156|75|35|58|172|
Overall Best: 0.9247 Generation: 5

Generation 18
Average: 0.9135 Best: 0.9247
Best Individual: 
C0 137|223|39|65|0|114|108|239|42|40|1|119|79|166|254|200|174|196|38|229|13|85|193|163|74|178|33|147|115|123|50|7|226|190|90|168|218|241|199|173|14|25|94|216|45|69|22|133|215|134|175|183|64|86|145|188|68|235|112|100|213|141|95|54|171|88|55|21|76|228|113|93|17|192|43|237|182|127|152|131|167|181|176|41|110|205|49|59|184|34|253|77|26|162|179|81|169|104|83|37|236|195|73|209|252|19|20|84|5|102|153|212|116|53|16|238|222|36|118|211|161|165|91|107|170|111|206|150|11|82|46|23|204|159|31|56|245|103|71|231|194|154|63|221|148|210|156|8|172|151|78|220|60|129|10|101|121|126|140|149|12|57|146|87|106|250|62|234|224|158|97|177|15|208|99|230|187|9|29|24|233|128|48|202|47|44|217|207|72|255|247|244|203|92|227|122|189|232|2|6|219|164|251|191|35|160|27|3|225|240|139|58|138|198|155|142|132|52|157|136|144|75|185|120|135|80|32|186|124|96|201|243|214|197|67|242|18|51|248|249|105|130|28|98|30|180|61|89|70|109|4|246|117|143|66|125|
Overall Best: 0.9247 Generation: 5

Generation 19
Average: 0.9135 Best: 0.9259
Best Individual: 
C0 137|223|39|213|0|114|108|239|42|40|1|119|79|190|254|65|174|196|38|229|13|126|193|163|74|178|33|147|86|123|50|7|226|166|90|168|218|241|199|173|14|25|94|216|45|69|56|44|215|100|175|183|64|115|145|188|68|235|112|102|200|141|95|54|171|88|55|21|76|228|113|93|17|192|43|237|182|127|152|131|167|101|176|41|110|205|49|158|148|34|253|77|26|162|179|198|169|104|83|37|242|195|73|209|252|184|20|222|5|134|153|212|116|53|16|238|84|36|118|211|161|165|91|107|96|105|206|150|11|82|46|23|204|159|31|22|245|103|71|231|194|154|225|221|19|210|156|8|172|151|78|220|60|129|10|181|121|85|140|149|12|57|146|87|106|250|62|234|224|59|97|177|15|208|99|230|187|9|29|24|233|128|48|202|47|133|217|207|124|255|247|244|203|92|227|122|189|232|2|6|219|164|251|109|35|111|27|3|63|240|139|58|138|81|155|142|132|52|157|136|144|75|185|120|135|80|32|186|72|170|201|243|214|197|67|236|18|51|248|249|160|130|28|98|30|180|61|89|70|191|4|246|117|143|66|125|
Overall Best: 0.9259 Generation: 19
==================
    Best individual after 20 generations
    computed in 3,021.1860 seconds
    1475 elements out of 1593 correct.
    emerged in generation 19
    with fitness 0.9259
==================

