Starting evolution...
length: 162.72

Generation 0
Average: 0.9039 Best: 0.9184
Best Individual: 
C0 62|41|163|100|100|1|56|137|196|253|216|54|177|91|26|145|70|89|181|53|123|102|206|17|1|77|167|203|228|178|72|136|29|152|151|86|37|248|134|24|76|191|36|241|140|163|243|157|190|103|77|16|91|5|114|13|68|44|201|6|238|63|205|200|166|172|96|241|232|34|163|15|157|147|235|189|84|112|3|188|242|201|242|20|237|76|64|8|148|34|243|128|26|208|210|226|202|39|205|41|38|10|48|48|206|224|226|198|214|205|249|3|96|176|234|208|129|51|239|120|46|162|133|2|7|161|131|13|40|204|254|173|141|189|249|83|11|160|237|131|199|162|114|136|190|65|126|193|33|48|80|103|93|74|168|236|34|105|201|40|244|146|159|144|225|27|164|167|84|212|45|163|94|74|107|5|140|87|217|134|9|47|148|78|215|241|8|202|230|163|98|247|37|3|98|35|4|101|143|61|121|70|75|63|55|128|247|164|209|154|39|103|85|191|208|69|82|16|178|28|93|17|52|151|217|239|192|18|72|25|249|206|77|129|10|69|121|124|53|30|47|193|235|17|243|143|199|106|93|83|78|109|223|123|226|50|
Overall Best: 0.9184 Generation: 0
length: 162.12

Generation 1
Average: 0.9047 Best: 0.9165
Best Individual: 
C0 103|85|130|219|68|99|3|162|43|191|182|238|83|189|215|94|136|157|250|48|94|6|136|108|211|106|27|242|178|82|135|61|31|73|222|207|208|146|113|20|218|187|231|93|67|105|86|98|109|102|171|84|237|166|196|3|148|118|176|75|66|74|14|11|164|79|114|111|35|148|96|90|4|64|147|240|88|34|88|165|98|218|58|7|203|82|76|226|161|101|203|193|10|164|59|254|92|16|92|15|15|182|196|230|96|82|161|18|118|68|39|155|121|226|124|237|55|58|61|166|136|182|120|129|154|230|52|186|197|201|172|8|196|97|144|23|166|213|178|52|199|51|160|31|199|165|171|153|58|221|235|86|20|227|220|107|62|27|213|56|142|182|181|248|64|62|28|2|194|239|213|143|112|10|149|178|215|8|153|186|29|221|156|204|153|45|92|7|110|63|234|73|136|46|75|178|123|95|43|220|103|160|54|196|32|89|120|175|96|204|106|40|152|151|45|17|122|96|116|124|240|217|223|160|162|217|236|194|145|203|69|75|90|41|247|165|114|252|27|200|245|245|75|109|209|232|225|50|153|1|250|29|196|120|11|101|
Overall Best: 0.9184 Generation: 0
length: 161.32

Generation 2
Average: 0.9074 Best: 0.9178
Best Individual: 
C0 39|152|38|171|59|53|135|14|73|0|253|154|82|71|191|160|220|2|228|95|68|40|227|90|125|191|43|128|191|235|130|121|218|90|154|240|176|120|252|38|30|187|20|43|188|31|14|134|172|154|29|193|150|138|182|245|20|47|47|56|27|133|178|85|51|244|85|121|29|3|224|93|249|86|37|60|224|137|141|126|144|22|176|222|208|147|74|58|114|145|30|207|196|227|140|159|190|46|6|181|72|34|234|219|233|24|35|113|182|177|175|89|185|154|88|9|40|32|166|37|96|94|65|103|242|168|160|4|213|119|69|194|113|4|139|218|254|71|210|78|17|39|127|3|219|220|176|159|7|174|11|66|180|109|126|90|158|247|228|254|230|213|26|207|137|42|111|80|161|172|141|157|193|162|70|246|243|116|104|96|18|138|110|90|227|99|183|57|100|212|118|174|83|238|159|38|183|120|186|102|58|226|1|17|201|212|127|192|112|42|193|234|2|229|202|213|119|50|233|3|239|136|86|156|116|189|27|120|108|62|151|54|124|137|146|183|78|155|106|33|32|13|63|34|241|45|231|207|243|184|41|225|9|191|80|131|
Overall Best: 0.9184 Generation: 0
length: 162.4

Generation 3
Average: 0.9084 Best: 0.9178
Best Individual: 
C0 18|213|192|29|237|238|144|220|252|36|110|29|116|80|55|214|161|47|215|151|77|234|80|128|62|195|80|222|123|76|70|222|41|23|142|50|91|100|106|55|241|193|88|131|64|143|86|39|109|67|171|84|237|183|196|3|148|5|176|75|32|144|14|104|164|140|114|111|35|109|96|208|117|183|147|240|88|34|88|30|98|218|23|77|203|82|120|226|161|15|203|193|10|164|59|254|92|16|92|15|95|109|80|94|140|194|127|163|31|0|164|25|43|153|99|44|245|33|178|189|168|131|74|160|167|169|138|192|147|54|84|46|84|169|242|194|46|142|254|233|2|122|227|44|240|84|91|245|17|224|214|6|169|93|238|37|72|186|196|3|129|180|161|119|8|27|244|77|240|32|52|222|38|253|141|189|241|154|160|228|153|141|171|163|48|235|151|253|13|6|245|149|54|224|186|81|110|242|144|245|177|199|176|32|96|84|185|149|238|160|27|64|161|77|140|76|113|102|252|237|173|120|190|46|171|178|24|177|68|116|76|242|27|237|243|210|242|42|64|109|91|45|33|40|49|225|160|103|0|192|121|237|138|185|82|104|
Overall Best: 0.9184 Generation: 0
length: 163.06

Generation 4
Average: 0.9085 Best: 0.9196
Best Individual: 
C0 18|213|192|201|237|179|144|220|0|36|243|29|116|115|55|214|161|47|215|151|77|234|80|128|62|195|80|222|123|168|70|222|41|28|142|50|91|90|106|55|241|193|88|131|64|143|86|39|109|67|171|84|237|183|196|58|148|5|176|90|32|144|95|104|164|140|114|167|35|109|96|208|117|183|147|240|88|34|88|30|98|218|23|77|96|82|120|226|53|15|203|193|10|164|96|254|92|16|92|15|95|109|80|94|140|194|127|222|31|0|164|25|43|153|99|44|245|33|178|159|168|131|74|160|167|169|138|192|147|54|84|46|84|173|242|194|46|142|254|233|2|112|227|169|240|84|91|245|17|224|214|146|196|86|238|37|72|186|196|3|231|180|161|119|8|27|244|77|240|32|52|222|38|253|141|189|241|154|160|228|153|208|171|163|48|235|151|253|13|6|245|149|54|224|186|81|110|143|144|245|177|199|176|32|96|84|185|149|238|160|27|64|161|77|140|76|147|102|252|237|173|120|190|46|6|178|24|177|68|116|76|242|27|237|243|210|242|42|64|109|91|27|33|40|49|225|160|103|0|192|121|15|138|185|82|104|
Overall Best: 0.9196 Generation: 4
length: 162.18

Generation 5
Average: 0.9091 Best: 0.9203
Best Individual: 
C0 72|126|173|91|29|236|229|237|44|120|60|230|54|214|229|32|18|235|116|182|189|32|177|249|68|13|252|130|252|167|32|211|104|170|119|237|44|35|119|104|11|229|190|46|170|149|65|78|59|97|3|233|31|101|252|221|163|70|37|76|202|172|115|152|65|245|190|174|130|239|60|161|35|212|208|179|79|236|30|251|108|61|242|19|119|176|48|200|2|100|155|86|94|153|126|146|177|201|158|25|186|30|138|51|56|146|206|4|16|210|161|52|46|122|233|196|36|50|60|12|224|181|66|69|70|214|75|17|160|121|240|94|232|175|208|89|243|169|26|194|37|227|161|79|195|121|237|190|82|30|131|122|112|47|214|176|61|139|51|112|179|78|131|225|170|162|140|108|72|128|144|252|134|35|126|52|120|161|144|106|100|180|242|122|157|10|219|136|65|151|77|245|1|185|108|120|13|103|39|87|134|42|231|199|183|158|180|79|33|139|216|180|253|197|139|34|109|96|76|145|240|134|134|149|149|100|48|72|46|94|63|129|6|151|239|108|108|58|181|248|183|127|200|53|217|42|173|7|26|181|213|29|95|45|137|159|
Overall Best: 0.9203 Generation: 5
length: 162.34

Generation 6
Average: 0.9092 Best: 0.9184
Best Individual: 
C0 39|152|38|176|200|53|135|73|73|44|19|154|82|40|249|209|53|197|46|217|229|185|23|166|188|81|64|85|206|229|21|185|177|226|96|177|192|1|144|192|162|168|109|166|162|59|231|237|50|166|131|65|251|39|199|44|49|76|28|5|163|177|187|189|181|119|101|133|178|239|8|35|3|59|108|113|243|210|46|214|253|224|188|55|39|16|222|28|98|5|121|188|173|28|191|15|214|205|94|224|128|153|22|178|25|253|95|52|129|152|185|28|225|27|49|133|4|63|219|161|138|80|214|82|160|67|223|167|47|184|107|65|82|29|104|56|20|130|210|20|115|7|145|123|176|138|133|87|174|30|91|253|229|136|126|235|241|139|69|167|71|44|159|101|51|27|164|227|6|206|81|203|186|113|98|62|177|135|212|165|196|183|63|156|79|242|216|107|175|151|194|205|93|34|46|218|144|152|9|182|233|52|234|84|97|117|122|84|238|233|182|22|188|159|184|182|176|221|212|15|18|167|174|165|74|118|196|200|52|229|201|18|234|11|125|104|235|169|160|243|108|231|201|23|83|88|12|243|243|217|214|241|9|191|120|131|
Overall Best: 0.9203 Generation: 5
length: 162.34

Generation 7
Average: 0.9081 Best: 0.9171
Best Individual: 
C0 15|13|126|165|104|48|180|146|103|219|86|235|178|68|167|127|205|86|18|51|39|208|113|7|74|20|252|130|252|167|66|211|67|82|119|39|37|235|109|144|211|96|190|46|29|60|53|78|244|168|42|13|208|240|231|14|64|61|29|22|102|75|129|165|32|77|246|76|201|131|69|114|57|229|118|250|195|20|228|18|57|244|62|254|41|25|209|172|15|159|137|220|105|17|133|255|33|113|202|48|189|89|161|10|158|20|192|150|18|111|55|248|7|75|10|115|116|8|82|77|167|66|224|38|192|109|250|30|147|132|21|46|33|45|242|110|225|160|143|131|66|162|114|136|166|65|126|179|44|33|6|103|56|104|115|190|34|105|169|40|202|174|159|144|225|27|97|117|147|219|45|163|18|194|114|98|42|116|205|175|145|13|83|12|105|62|193|206|107|139|220|122|29|251|176|167|254|30|176|1|174|234|182|26|32|209|120|175|96|204|106|128|152|151|221|77|122|96|99|20|34|217|223|160|162|196|236|244|72|25|249|206|44|230|101|161|7|129|192|151|156|118|116|242|72|230|136|96|94|202|50|76|189|205|4|86|
Overall Best: 0.9203 Generation: 5
length: 162.86

Generation 8
Average: 0.9101 Best: 0.9196
Best Individual: 
C0 15|13|126|165|104|48|54|146|103|219|86|235|178|68|167|96|205|86|18|51|39|208|113|7|74|20|252|130|252|167|66|211|67|82|119|39|37|235|109|144|211|96|89|46|29|60|53|78|244|168|42|13|208|95|231|14|64|61|107|62|102|75|6|165|32|77|246|76|201|131|69|114|57|229|115|250|195|20|228|18|57|244|62|254|41|25|209|172|15|159|137|220|105|17|133|255|33|113|202|48|189|89|161|10|231|20|192|150|18|111|55|248|7|75|10|115|116|8|82|77|167|66|30|88|192|113|250|30|147|132|21|46|122|45|242|110|225|160|143|131|66|162|114|136|166|65|134|85|44|33|6|103|99|104|115|190|34|105|169|40|202|174|159|144|225|60|97|117|147|219|45|163|18|194|114|98|42|116|205|49|145|13|83|12|105|62|193|206|107|139|220|122|29|251|176|167|254|108|176|1|174|234|182|26|32|209|120|175|96|204|213|128|152|151|10|77|122|96|99|20|34|171|223|160|173|196|236|244|72|25|249|206|44|230|101|161|7|129|165|151|156|118|116|242|181|230|136|96|94|202|50|76|189|205|4|86|
Overall Best: 0.9203 Generation: 5
length: 162.64

Generation 9
Average: 0.9109 Best: 0.9228
Best Individual: 
C0 203|142|165|2|80|144|198|92|18|29|132|237|47|79|153|21|82|101|252|242|44|234|196|75|62|195|6|222|154|154|70|52|41|28|114|190|185|90|115|55|241|231|36|131|64|143|86|39|179|67|171|197|77|213|191|17|148|5|164|90|177|144|2|104|50|140|114|167|35|41|96|17|117|125|178|209|214|27|88|215|98|218|176|173|227|106|120|226|53|214|243|157|155|110|132|249|176|218|205|105|38|107|48|48|206|224|123|198|214|80|47|204|127|176|234|81|129|51|186|120|46|154|133|2|244|14|135|13|40|11|254|93|237|146|107|194|46|179|142|224|2|253|227|173|95|253|176|159|7|30|119|115|71|252|127|2|158|226|116|239|114|110|33|26|91|178|33|155|144|135|247|244|245|239|185|102|145|233|181|109|20|80|138|41|159|47|96|222|236|113|55|69|15|46|164|178|123|121|43|205|205|230|32|84|117|117|184|84|238|160|27|64|161|171|140|122|147|102|252|237|173|121|190|89|6|18|24|177|68|18|76|105|62|33|243|178|247|42|64|13|91|222|33|40|49|175|160|103|65|192|121|15|116|118|237|188|
Overall Best: 0.9228 Generation: 9
length: 161.68

Generation 10
Average: 0.9106 Best: 0.9196
Best Individual: 
C0 39|152|38|233|0|29|135|73|73|44|245|154|82|159|249|209|53|10|46|217|229|185|23|166|188|81|64|85|42|229|21|185|54|226|96|177|192|12|97|192|235|168|109|166|162|59|231|237|50|67|131|1|251|39|148|77|49|76|28|191|163|177|235|97|122|156|147|220|76|3|190|93|17|209|89|60|156|222|253|178|144|217|63|39|208|24|74|169|121|191|22|207|196|126|140|159|51|139|161|56|72|34|234|219|233|145|244|15|182|177|127|89|185|89|243|74|214|47|166|162|213|94|108|103|242|168|160|4|213|119|29|194|1|4|243|218|254|71|69|142|165|252|127|207|219|211|176|159|83|110|227|66|106|109|180|15|158|211|68|96|90|49|26|221|122|42|234|80|161|172|141|157|63|242|159|66|178|116|104|239|18|138|110|143|77|33|216|156|244|181|72|170|93|34|33|131|177|152|9|182|5|67|133|48|97|215|129|84|87|244|182|22|188|139|184|7|59|190|85|156|18|217|102|8|18|161|236|244|135|203|69|75|180|31|227|11|111|252|143|200|84|158|200|53|217|59|136|243|100|217|214|159|64|191|62|89|
Overall Best: 0.9228 Generation: 9
length: 161.9

Generation 11
Average: 0.9108 Best: 0.9278
Best Individual: 
C0 149|142|192|2|80|161|198|92|18|252|179|168|195|79|19|21|82|220|252|42|84|120|35|128|130|195|80|217|237|168|68|185|41|23|142|39|44|166|109|144|211|96|190|252|206|60|53|78|191|168|157|20|208|250|230|124|86|117|29|22|102|75|129|165|32|77|246|195|201|254|69|114|157|147|235|151|145|192|252|188|229|201|225|233|82|25|223|51|101|50|61|188|53|111|191|21|110|146|18|224|128|153|22|178|25|253|252|52|129|76|231|28|225|27|221|191|4|63|161|161|138|89|214|82|160|67|223|167|47|214|107|65|82|29|104|56|112|130|181|20|220|7|185|1|176|228|133|87|191|30|11|101|229|237|141|235|241|139|69|167|71|44|159|101|51|15|196|227|6|206|81|203|186|113|117|137|177|211|162|144|196|17|47|135|79|242|138|107|175|151|194|205|58|34|46|218|190|152|9|182|177|199|176|32|138|230|112|149|238|160|27|64|161|198|140|2|147|193|239|237|173|121|190|46|6|18|24|177|236|116|212|105|62|83|243|8|247|75|64|13|6|27|180|40|49|175|203|103|153|163|121|15|116|136|237|188|
Overall Best: 0.9278 Generation: 11
length: 161.88

Generation 12
Average: 0.9111 Best: 0.9234
Best Individual: 
C0 29|157|126|165|45|180|239|199|103|219|86|235|83|68|182|96|205|86|18|51|39|208|109|203|192|92|252|222|252|167|66|102|67|82|234|97|37|235|109|144|211|10|195|46|62|229|53|78|244|168|2|13|95|71|254|14|64|61|107|62|102|75|6|165|188|77|246|76|201|131|69|114|57|51|88|233|195|20|67|130|76|218|62|32|41|25|209|172|15|159|137|220|175|134|133|255|33|66|202|208|226|130|161|95|231|20|192|150|18|171|55|248|27|75|10|115|115|41|82|228|167|66|179|88|192|113|250|30|134|184|21|98|122|45|242|110|225|107|230|131|26|162|114|136|166|65|63|36|44|33|6|6|17|55|115|190|34|105|169|156|22|174|55|144|222|60|156|117|147|229|45|163|18|205|114|176|6|116|222|236|204|13|38|12|105|91|193|244|107|24|220|149|200|212|74|6|160|77|234|177|224|38|125|148|177|84|122|176|152|19|29|233|52|222|104|242|86|35|27|182|18|123|20|73|209|161|231|71|52|229|201|215|127|162|179|144|41|129|165|241|156|9|116|242|186|230|136|96|94|202|10|76|144|238|4|86|
Overall Best: 0.9278 Generation: 11
length: 161.6

Generation 13
Average: 0.9110 Best: 0.9247
Best Individual: 
C0 29|157|126|165|71|180|239|199|103|219|86|235|83|68|182|96|205|86|18|51|39|208|113|7|74|92|252|123|252|167|229|152|16|82|119|150|37|201|109|144|188|96|120|46|62|229|53|78|32|168|2|13|95|71|254|14|64|61|107|62|102|75|6|165|188|106|246|76|201|131|251|114|57|51|88|233|195|20|67|130|76|218|62|32|41|25|209|172|15|159|137|220|175|134|221|255|28|66|202|208|226|94|161|95|231|20|192|150|18|171|55|206|27|75|10|115|115|41|122|228|167|66|179|88|192|127|250|30|134|184|21|98|122|45|242|110|225|107|230|131|26|162|114|136|166|65|63|253|44|33|6|58|17|55|115|190|34|105|169|156|22|174|55|144|222|60|156|117|147|229|45|163|53|205|114|176|6|116|222|236|204|13|38|12|105|91|90|244|107|24|220|149|200|212|74|6|160|77|234|177|224|38|125|148|177|84|122|176|152|19|149|233|52|222|104|159|86|35|27|182|18|95|20|73|209|161|231|71|52|229|201|215|127|162|179|144|41|129|165|241|54|9|116|94|186|230|136|96|94|93|10|76|199|238|4|86|
Overall Best: 0.9278 Generation: 11
length: 161.22

Generation 14
Average: 0.9116 Best: 0.9215
Best Individual: 
C0 29|157|126|165|71|180|239|199|103|219|86|99|178|68|167|96|205|170|18|51|39|208|35|203|192|92|29|222|252|47|44|102|67|82|234|97|37|235|109|206|211|10|42|46|146|208|53|78|244|168|116|237|208|204|148|59|184|61|72|229|229|63|205|49|166|41|36|224|232|31|154|35|147|180|220|197|197|229|24|44|209|107|180|65|39|21|183|145|161|139|144|98|154|164|171|254|175|188|220|149|95|63|65|26|140|194|196|84|160|131|164|32|169|181|144|186|209|33|81|220|23|131|74|213|205|100|144|192|147|117|247|46|33|169|242|192|219|97|180|173|2|78|208|175|255|253|102|120|59|11|14|123|231|47|172|8|34|105|169|156|22|74|55|144|222|60|156|117|147|229|9|129|53|205|114|176|6|116|166|236|204|13|38|12|105|91|155|244|107|194|220|149|43|212|74|6|160|77|234|177|224|38|125|148|177|84|122|176|152|19|119|165|52|222|104|159|247|35|27|117|237|95|20|73|209|24|231|71|52|136|201|215|127|162|179|144|41|129|165|241|54|9|116|18|186|230|136|189|94|93|10|76|199|238|4|86|
Overall Best: 0.9278 Generation: 11
length: 161.96

Generation 15
Average: 0.9112 Best: 0.9209
Best Individual: 
C0 132|225|126|165|158|48|54|146|69|59|219|130|73|68|189|96|205|171|101|140|180|208|113|124|185|92|24|130|252|12|219|231|162|108|227|147|192|64|144|192|126|168|182|59|6|225|42|102|241|164|194|98|227|148|177|16|52|83|28|0|163|177|185|190|104|125|142|153|152|122|182|226|146|131|144|240|36|173|6|138|22|160|157|123|213|82|23|226|110|215|7|128|223|211|14|226|27|39|205|108|158|145|91|201|11|145|46|74|238|255|62|64|185|112|88|101|63|201|5|86|64|220|146|208|230|191|120|235|48|247|122|215|11|4|161|207|92|0|153|16|17|205|127|10|106|61|203|159|111|228|142|250|225|18|126|140|143|85|228|128|166|69|8|47|233|163|111|80|161|67|141|113|71|147|117|134|243|189|225|74|198|253|90|232|105|107|192|206|107|103|176|167|173|251|96|167|161|182|157|250|243|238|182|180|32|128|227|107|211|204|243|38|152|65|221|29|27|23|99|145|34|171|40|160|173|196|98|244|240|194|101|207|152|230|179|161|15|129|165|47|98|118|232|102|181|230|136|96|94|202|138|76|189|205|176|86|
Overall Best: 0.9278 Generation: 11
length: 163.4

Generation 16
Average: 0.9107 Best: 0.9196
Best Individual: 
C0 15|13|46|164|84|190|28|14|186|130|250|92|178|68|106|94|3|200|63|100|233|255|6|171|180|75|64|190|73|213|197|185|177|124|92|238|67|1|110|192|162|59|93|166|162|59|50|237|60|201|25|65|78|159|199|110|89|157|28|69|163|177|187|207|129|123|101|133|178|81|9|135|21|211|211|113|67|210|173|6|253|63|188|73|39|185|222|32|98|106|121|206|186|171|31|147|109|39|221|105|100|64|10|39|38|38|2|126|226|152|233|156|149|44|156|224|140|35|168|44|15|242|104|54|42|53|76|24|47|184|107|27|82|29|82|86|20|130|39|20|106|7|47|110|176|172|80|225|21|5|236|3|196|123|51|235|241|139|193|167|206|44|139|149|163|27|238|227|212|243|81|216|240|113|23|56|226|200|45|19|160|101|63|133|79|242|216|178|110|232|105|130|54|157|157|221|136|50|14|38|7|29|102|226|96|84|34|59|93|160|27|82|72|102|144|51|216|168|88|252|37|238|182|151|77|239|128|244|74|25|249|248|109|230|194|89|245|129|237|141|156|235|166|236|36|230|70|141|94|211|53|60|189|72|4|146|
Overall Best: 0.9278 Generation: 11
length: 163.46

Generation 17
Average: 0.9116 Best: 0.9228
Best Individual: 
C0 15|225|126|165|158|48|54|146|103|59|49|130|73|107|252|54|116|86|101|51|233|175|113|151|74|24|1|210|252|12|219|198|162|108|235|147|192|51|144|192|97|168|182|78|6|52|42|102|241|114|48|57|227|148|177|215|137|228|255|253|101|16|190|190|104|32|142|153|152|135|182|173|146|131|144|240|203|138|6|138|170|213|23|248|213|82|23|226|238|215|73|128|223|14|14|226|27|39|205|108|156|145|151|108|111|14|120|224|238|6|62|176|198|112|88|101|10|32|5|8|33|193|11|218|45|89|120|118|48|202|254|93|237|146|107|194|44|163|142|13|2|253|227|173|150|253|176|207|7|30|159|115|168|182|145|46|158|41|114|106|114|207|33|38|240|178|33|181|143|99|247|78|105|229|78|162|210|210|57|156|224|114|156|41|175|178|124|150|64|46|28|69|15|55|177|167|162|182|48|211|243|238|182|180|32|99|66|107|237|204|23|38|152|65|221|79|27|23|99|145|34|171|40|112|230|196|98|58|240|194|101|255|64|4|179|252|233|27|165|169|214|166|116|207|181|230|136|209|94|202|75|177|52|123|4|188|
Overall Best: 0.9278 Generation: 11
length: 162.54

Generation 18
Average: 0.9133 Best: 0.9222
Best Individual: 
C0 42|174|126|165|104|206|180|2|103|57|149|65|178|153|252|80|116|64|157|51|85|208|249|7|74|20|252|26|91|116|65|253|150|119|119|138|97|235|171|219|199|96|115|254|146|77|99|78|244|104|116|132|131|246|95|131|64|190|29|196|117|63|205|89|29|41|96|241|123|75|163|225|39|147|98|42|145|209|252|120|238|167|72|136|237|150|138|26|138|50|63|56|173|180|39|165|214|151|195|181|128|153|174|178|223|123|116|52|129|91|41|228|252|172|94|191|175|201|39|161|138|10|25|82|34|192|50|82|47|184|199|248|42|29|216|56|194|68|239|16|107|47|112|10|230|220|252|159|7|132|9|209|152|93|47|100|176|17|228|179|52|119|79|120|17|62|244|70|240|32|181|117|3|56|213|189|241|12|205|82|153|237|84|240|57|1|186|107|217|207|56|164|54|224|255|187|238|13|230|177|64|38|167|148|113|84|122|84|215|249|250|76|52|92|210|51|161|35|212|190|193|236|173|158|74|195|196|200|52|28|44|4|69|11|125|15|150|169|66|243|99|231|74|23|153|221|29|122|243|45|8|15|9|126|137|86|
Overall Best: 0.9278 Generation: 11
length: 161.92

Generation 19
Average: 0.9124 Best: 0.9228
Best Individual: 
C0 169|211|78|3|106|174|53|14|57|120|243|205|82|113|249|209|7|50|46|178|229|224|50|175|16|75|64|190|62|106|21|80|177|4|80|144|46|1|25|192|87|208|109|166|162|59|50|86|239|201|25|65|244|159|199|115|47|157|206|221|9|152|187|53|129|123|101|233|88|213|251|181|33|210|153|113|181|210|46|239|22|224|190|117|39|191|109|64|237|231|224|108|196|192|240|143|146|41|7|69|3|135|26|97|196|86|92|46|192|152|119|206|79|86|172|218|69|47|166|126|67|94|174|39|242|168|3|4|155|119|166|194|1|157|74|82|177|71|19|170|157|252|82|207|110|211|176|84|117|227|227|254|143|160|180|208|169|136|68|8|237|49|26|221|122|42|227|165|161|172|103|160|194|80|150|253|178|6|104|239|85|138|110|143|8|0|219|136|48|33|186|231|54|56|65|221|155|172|102|38|251|195|176|152|134|84|185|59|69|160|235|187|72|102|140|224|164|168|88|11|10|33|182|251|241|239|82|244|74|25|6|248|126|227|249|89|245|58|247|194|87|101|66|181|217|156|65|7|26|53|203|24|224|36|87|19|
Overall Best: 0.9278 Generation: 11
length: 161.98

Generation 20
Average: 0.9118 Best: 0.9234
Best Individual: 
C0 169|211|78|3|106|174|53|14|57|120|243|205|82|113|249|209|7|50|46|178|229|224|50|175|16|75|64|190|62|106|21|80|1|4|80|144|225|1|25|192|87|208|109|166|162|59|50|86|239|254|25|65|135|159|199|115|47|157|206|221|9|152|187|53|129|123|101|70|88|213|251|181|33|210|162|113|181|210|46|239|22|224|190|117|39|191|109|64|237|231|224|108|196|192|240|143|146|41|7|69|3|135|26|97|196|86|92|46|192|152|119|206|79|86|172|175|233|139|166|126|67|94|174|79|242|202|3|4|155|119|166|194|1|157|74|82|177|132|19|170|157|252|82|207|110|211|176|84|117|227|227|254|143|160|117|208|169|136|68|8|237|49|26|221|122|42|227|165|161|172|103|160|194|80|151|253|178|6|104|239|85|129|110|143|125|0|219|136|48|33|186|231|72|231|65|221|104|172|102|38|251|195|176|113|134|84|185|59|69|160|235|187|142|102|140|224|164|168|88|11|18|33|182|251|241|239|82|244|74|25|6|203|126|227|249|89|243|58|247|194|87|101|66|181|217|156|65|7|26|53|203|24|224|36|157|19|
Overall Best: 0.9278 Generation: 11
length: 162.92

Generation 21
Average: 0.9115 Best: 0.9190
Best Individual: 
C0 52|99|126|201|174|180|175|190|103|94|86|175|178|68|44|96|205|93|89|51|59|217|35|248|192|176|83|166|252|184|44|35|35|82|234|97|177|235|5|206|211|186|42|46|100|208|53|78|101|36|42|237|208|204|26|220|144|61|178|45|102|242|224|165|152|106|8|179|225|131|251|114|57|73|88|189|207|97|67|234|238|167|72|57|182|233|2|105|82|50|24|233|234|98|50|165|184|151|195|181|128|153|174|178|25|16|66|52|115|91|214|25|252|76|94|205|136|201|75|161|59|233|31|33|107|192|44|82|242|184|199|172|42|29|72|139|144|68|239|16|131|139|116|200|230|81|252|159|7|39|9|120|32|56|22|97|48|40|228|213|52|220|161|251|17|62|27|70|240|32|181|71|3|46|177|189|241|101|221|150|237|11|84|91|95|1|221|107|217|48|56|164|97|224|244|187|136|171|108|97|64|38|167|95|118|84|122|160|18|249|146|184|205|92|134|51|161|35|212|190|3|236|18|83|74|140|196|200|158|243|201|205|69|11|175|15|254|154|34|243|108|231|74|231|156|240|29|236|243|111|8|241|9|126|69|51|
Overall Best: 0.9278 Generation: 11
length: 162.6

Generation 22
Average: 0.9110 Best: 0.9215
Best Individual: 
C0 15|225|27|165|158|93|54|53|103|59|86|130|41|112|167|96|79|239|63|100|197|149|157|171|175|44|64|190|48|213|48|185|177|124|92|238|67|222|110|239|162|59|93|65|162|115|42|102|241|114|21|57|227|153|177|239|49|240|128|9|172|214|122|131|245|61|130|189|76|3|230|12|124|68|144|240|203|147|75|138|170|199|23|248|213|82|23|226|103|131|49|128|223|14|14|226|27|99|12|34|156|145|209|120|246|234|94|42|238|6|62|157|221|3|88|209|13|32|70|144|108|79|11|148|45|47|16|200|48|202|107|95|111|78|82|86|139|133|34|243|39|237|52|110|229|172|80|121|21|5|236|3|196|123|51|235|241|139|188|100|147|40|139|79|163|73|238|245|212|243|81|207|240|113|129|161|58|112|45|24|160|156|168|39|1|242|216|178|40|194|137|193|107|150|157|192|136|50|14|38|254|247|29|26|132|93|128|159|70|135|43|8|113|129|205|229|194|58|211|88|6|17|182|79|236|196|246|141|25|41|48|13|7|230|142|155|10|129|237|141|156|235|91|90|36|230|70|209|163|202|109|177|189|123|4|77|
Overall Best: 0.9278 Generation: 11
length: 162.14

Generation 23
Average: 0.9124 Best: 0.9234
Best Individual: 
C0 169|211|78|3|119|174|53|132|57|120|50|245|82|113|147|209|7|50|46|178|229|224|50|94|187|75|64|190|62|106|21|80|44|4|80|144|134|1|25|192|87|208|109|166|39|59|50|187|134|254|29|65|135|69|199|115|93|88|206|221|9|152|54|53|129|123|101|70|43|213|109|181|138|203|162|113|181|210|46|239|178|224|234|133|145|22|109|211|237|231|224|108|196|192|240|143|146|41|7|69|3|141|204|97|230|86|116|46|192|152|251|183|171|10|172|175|167|139|166|126|105|94|110|123|221|20|39|4|240|119|166|194|1|150|74|13|177|69|19|170|216|252|82|160|130|211|176|84|117|172|227|254|143|173|117|208|169|136|68|195|237|82|26|67|118|42|63|165|161|172|103|160|194|80|151|253|178|6|104|189|125|129|110|117|100|0|110|136|163|33|186|192|72|231|61|24|60|111|102|174|23|195|176|113|109|84|43|59|69|160|235|187|142|102|140|55|164|168|88|11|18|153|182|251|241|218|82|244|74|25|6|203|223|227|249|89|4|58|247|194|98|122|242|181|158|156|32|7|26|74|104|24|224|36|245|106|
Overall Best: 0.9278 Generation: 11
length: 162.3

Generation 24
Average: 0.9120 Best: 0.9209
Best Individual: 
C0 29|10|134|172|201|180|170|146|251|110|191|157|74|68|97|75|3|200|197|44|69|208|50|228|126|16|163|81|77|237|185|136|179|77|140|245|185|111|14|228|26|84|16|46|146|173|152|78|94|10|235|88|133|240|101|121|118|158|72|229|234|159|219|31|155|226|176|96|123|75|122|204|143|140|98|42|145|64|207|120|238|190|120|229|44|201|185|159|109|129|144|22|1|164|22|165|214|116|190|181|224|210|174|178|147|102|94|117|230|6|62|176|221|3|88|207|199|80|70|246|108|193|11|162|45|47|18|131|12|175|91|93|26|146|249|194|44|163|5|160|118|97|195|173|150|253|176|245|7|199|212|38|54|193|55|153|237|197|114|165|5|176|33|190|152|200|33|71|20|148|247|82|174|79|60|162|238|210|57|156|161|114|19|119|79|92|124|248|209|113|233|213|111|55|177|167|162|146|48|239|50|28|182|180|218|244|14|15|53|204|23|162|152|65|221|79|27|145|122|202|144|171|40|134|173|103|167|244|240|7|196|229|152|84|229|161|160|216|210|56|124|118|244|135|181|55|136|96|199|193|10|80|199|238|112|225|
Overall Best: 0.9278 Generation: 11
length: 161.86

Generation 25
Average: 0.9113 Best: 0.9215
Best Individual: 
C0 57|82|28|129|67|48|180|215|197|219|136|85|178|68|147|244|205|175|20|242|97|212|156|7|188|2|124|29|26|190|48|72|20|249|121|53|149|123|252|175|57|207|34|166|162|166|41|237|83|77|183|178|251|231|9|57|253|142|28|5|12|159|225|205|184|126|101|133|201|64|190|61|177|59|84|205|243|210|54|214|226|224|228|165|63|24|20|68|48|111|11|239|196|126|118|201|225|224|161|140|223|53|234|5|145|62|244|143|51|121|104|89|185|25|135|74|195|80|115|246|108|193|11|162|172|32|18|109|245|175|91|93|26|146|249|194|44|163|5|237|118|25|195|173|79|253|176|245|7|199|212|3|54|193|55|153|237|197|114|165|5|176|33|192|152|200|33|71|20|148|247|82|184|221|80|68|226|255|45|114|64|30|84|107|137|173|186|107|184|201|172|132|35|86|126|197|49|77|73|20|41|63|39|189|92|97|238|176|246|231|78|111|237|206|203|135|86|114|78|182|160|249|102|73|209|161|16|45|23|229|89|197|111|162|53|227|99|56|44|241|185|37|149|144|159|42|213|96|34|40|10|55|129|254|202|31|
Overall Best: 0.9278 Generation: 11
length: 161.68

Generation 26
Average: 0.9115 Best: 0.9209
Best Individual: 
C0 41|114|126|163|5|204|235|146|164|110|82|49|49|68|6|227|91|219|197|185|39|55|50|228|95|75|64|177|77|237|181|99|179|77|140|245|185|204|96|215|26|84|230|46|146|173|152|78|231|10|235|3|133|240|38|121|203|60|72|229|234|159|29|37|194|241|243|96|123|75|8|8|39|6|98|53|173|86|252|127|238|190|41|137|44|21|28|159|109|129|144|22|232|164|22|165|214|116|124|181|44|85|174|178|159|151|94|117|238|6|117|59|128|219|88|209|244|83|212|132|108|193|11|148|45|47|28|200|227|202|91|0|155|146|249|194|44|135|5|160|2|112|72|173|115|18|176|172|7|93|9|38|54|172|55|46|57|197|114|165|5|105|33|165|111|71|33|185|57|74|247|18|174|98|78|202|238|210|57|156|63|17|19|222|175|92|217|248|209|207|236|164|54|245|173|167|254|102|69|101|127|196|173|26|134|234|128|247|96|204|181|210|204|151|138|10|145|50|206|58|214|17|182|182|17|161|128|233|132|25|74|17|233|230|132|54|199|7|154|193|88|235|199|252|45|30|179|12|204|202|80|60|235|253|175|247|
Overall Best: 0.9278 Generation: 11
length: 161.62

Generation 27
Average: 0.9102 Best: 0.9190
Best Individual: 
C0 41|99|126|126|226|182|235|146|164|110|82|49|49|68|6|227|91|124|44|185|39|55|50|229|95|75|217|190|37|246|62|59|10|221|162|238|247|145|110|73|162|59|93|28|162|115|42|237|119|19|25|65|78|238|199|12|62|197|163|69|163|177|187|207|129|123|12|121|161|106|9|50|222|211|235|209|30|162|192|6|32|149|193|155|20|124|234|58|33|23|152|106|89|171|202|147|117|72|221|105|207|96|10|165|230|148|50|126|39|20|233|189|177|207|156|224|226|208|249|44|15|237|104|54|113|221|130|24|99|184|107|27|147|29|82|106|185|235|86|20|39|107|47|110|176|2|162|161|48|248|91|249|109|167|19|205|141|31|34|115|65|56|9|101|76|155|6|7|240|129|105|174|47|225|242|119|119|120|150|82|7|156|210|122|79|240|216|178|215|23|105|154|107|157|157|152|171|203|14|38|222|29|27|226|232|60|191|59|226|160|27|98|135|102|144|129|216|50|88|221|52|62|182|171|243|239|174|244|239|25|46|33|7|130|175|80|254|144|192|193|88|235|199|252|45|168|179|12|204|202|80|60|235|253|4|247|
Overall Best: 0.9278 Generation: 11
length: 162.18

Generation 28
Average: 0.9113 Best: 0.9234
Best Individual: 
C0 201|191|126|163|26|112|194|6|229|110|70|49|49|177|98|174|122|80|105|31|39|16|50|228|51|75|64|106|140|2|21|80|247|150|53|144|120|1|25|192|87|208|160|166|233|67|109|244|142|27|25|77|247|177|62|115|47|157|114|143|194|191|205|43|75|168|179|111|70|16|4|34|42|217|2|80|179|21|24|146|69|160|94|57|193|185|138|30|76|107|207|102|196|72|192|209|232|41|247|80|238|135|26|97|196|217|147|46|192|152|101|206|79|31|172|4|22|151|105|75|131|191|111|208|242|168|29|82|242|117|194|172|42|29|17|104|66|240|239|59|11|234|116|8|230|81|252|140|70|77|131|254|81|133|180|68|251|64|228|142|48|14|26|221|41|252|139|165|161|172|103|157|239|198|230|253|140|34|196|188|12|96|178|191|227|10|251|91|128|168|198|231|1|185|193|112|101|170|228|125|149|235|215|154|5|114|148|99|108|78|165|142|253|234|101|35|172|123|24|50|68|156|40|78|173|196|173|244|129|78|243|109|142|87|101|222|15|216|84|11|124|206|242|31|158|15|32|219|26|74|37|60|235|253|216|230|
Overall Best: 0.9278 Generation: 11
length: 162.14

Generation 29
Average: 0.9116 Best: 0.9215
Best Individual: 
C0 41|99|126|126|226|182|235|146|164|110|82|49|49|68|6|227|91|124|44|185|39|55|50|229|95|75|217|190|37|246|62|193|179|221|162|238|247|145|135|73|162|59|93|18|162|115|42|237|119|87|25|65|78|238|199|12|62|197|163|69|163|177|187|207|129|231|12|121|161|217|9|50|21|211|235|209|30|32|192|230|32|93|115|206|183|233|69|79|217|124|233|88|223|211|236|226|121|109|174|70|38|139|64|201|54|95|46|230|15|158|167|83|185|89|77|237|69|159|102|53|59|149|166|8|174|192|200|82|206|168|199|172|26|164|160|194|11|163|187|181|2|153|72|173|193|253|79|207|7|216|250|38|117|184|78|46|212|240|205|165|5|176|33|190|152|227|33|64|57|74|129|18|174|98|78|162|238|186|118|82|7|156|210|122|79|240|216|169|191|83|105|154|107|157|157|152|171|203|14|38|222|29|38|226|49|60|191|59|226|29|27|98|135|250|144|93|216|50|133|221|52|238|182|171|243|239|174|244|239|25|46|33|7|130|9|80|254|144|192|193|88|235|9|252|45|168|30|12|204|45|226|60|235|253|4|17|
Overall Best: 0.9278 Generation: 11
length: 161.7

Generation 30
Average: 0.9106 Best: 0.9203
Best Individual: 
C0 41|99|126|126|226|182|235|146|164|110|82|49|49|68|6|151|91|111|44|163|39|55|50|229|95|75|217|220|37|246|194|115|179|221|162|238|247|157|135|73|162|59|93|18|162|115|42|237|119|87|25|65|78|238|199|215|62|197|163|69|163|177|187|207|129|231|12|121|161|217|9|50|21|211|235|209|181|210|232|41|46|208|94|22|39|185|138|30|76|107|207|19|196|167|59|1|164|41|7|11|82|18|102|1|168|86|155|154|117|7|104|206|223|86|172|4|138|99|37|137|154|94|183|39|242|10|195|64|155|28|166|82|1|157|74|101|16|68|239|54|107|107|234|97|101|220|252|149|87|198|163|147|152|76|47|112|169|17|8|215|106|131|177|120|203|62|76|19|238|78|181|227|240|191|213|51|74|200|45|184|160|156|129|39|14|242|137|178|203|194|239|93|31|75|157|192|136|172|162|243|18|134|176|180|208|242|83|118|53|210|23|162|142|107|221|79|171|131|153|145|175|171|140|160|173|18|167|244|240|39|48|140|33|250|229|234|15|216|210|91|222|23|109|102|120|235|165|96|24|93|16|80|199|62|163|17|
Overall Best: 0.9278 Generation: 11
length: 161.62

Generation 31
Average: 0.9115 Best: 0.9203
Best Individual: 
C0 196|203|45|8|52|62|254|55|160|219|225|117|30|81|253|81|113|131|118|136|51|175|55|160|162|209|23|177|225|222|181|99|24|77|140|245|185|31|96|215|26|84|204|46|146|96|239|18|104|234|150|177|192|55|238|38|179|153|114|151|9|45|228|43|229|191|85|102|88|6|4|106|83|99|2|232|150|125|155|218|152|10|145|122|42|185|138|37|108|107|207|108|186|72|58|107|46|41|245|80|169|135|225|97|10|86|147|156|192|241|193|126|79|86|172|4|83|47|133|94|35|172|197|251|16|168|183|202|22|119|236|130|73|157|74|111|155|165|155|181|168|65|168|242|7|253|242|193|117|74|169|254|125|215|251|20|251|87|68|36|208|202|26|71|235|170|254|227|158|111|81|184|186|61|80|197|145|255|0|114|11|81|254|107|137|166|88|107|40|194|137|49|128|162|157|249|136|50|14|38|44|195|176|113|109|113|43|182|79|204|97|224|243|13|132|151|197|159|7|113|34|171|93|96|173|157|166|208|72|15|249|33|99|128|118|224|141|246|69|141|156|159|91|235|99|230|80|209|148|202|75|147|104|128|217|188|
Overall Best: 0.9278 Generation: 11
length: 162.28

Generation 32
Average: 0.9118 Best: 0.9196
Best Individual: 
C0 52|99|157|180|245|180|175|190|103|202|86|175|53|149|173|96|205|129|13|78|59|202|96|10|114|176|155|91|252|36|54|64|253|88|111|55|67|156|110|187|202|59|92|110|6|115|16|207|241|219|79|65|58|65|144|73|47|146|114|34|187|97|228|43|141|41|96|21|88|29|4|13|83|37|2|76|179|102|24|180|154|93|237|57|42|67|138|30|76|107|67|108|196|72|21|107|46|41|133|80|112|192|26|166|107|86|147|34|194|143|101|51|190|95|13|241|51|202|177|134|151|94|223|209|215|161|67|38|96|119|166|89|96|157|189|70|230|71|198|58|49|61|254|25|99|65|195|30|46|196|150|33|111|1|181|158|27|69|105|42|26|164|222|11|208|175|244|165|161|220|103|6|194|57|151|253|119|6|176|214|78|224|110|195|100|251|154|136|236|33|186|145|6|238|61|181|51|62|102|235|108|115|17|95|201|84|103|228|237|249|146|166|102|92|134|51|154|35|152|190|248|42|18|83|79|190|196|135|158|118|201|172|65|11|5|96|57|3|198|23|251|55|204|40|23|60|169|171|64|146|8|15|251|211|60|229|
Overall Best: 0.9278 Generation: 11
length: 162.08

Generation 33
Average: 0.9109 Best: 0.9190
Best Individual: 
C0 41|30|126|126|226|182|235|146|164|110|82|49|72|216|6|227|175|176|189|247|39|55|145|229|95|75|217|10|37|33|62|235|40|221|68|30|91|145|228|73|162|209|93|28|162|33|42|237|238|19|25|65|209|192|199|12|62|245|163|201|163|231|187|160|253|3|36|179|225|131|251|197|57|63|88|170|207|31|123|226|81|19|140|156|93|233|169|30|149|54|24|93|177|135|57|241|36|189|59|126|146|172|136|126|206|16|61|211|72|205|206|41|149|165|252|224|13|208|173|163|78|181|104|54|139|221|45|24|99|184|107|27|147|196|95|232|11|68|149|117|107|147|238|110|176|237|162|201|132|199|91|253|178|163|19|42|141|226|248|55|65|164|222|11|208|164|119|165|161|172|146|6|112|57|151|128|234|145|104|254|7|156|185|122|208|240|197|217|110|23|105|239|59|253|157|160|171|147|20|38|222|29|27|3|232|104|191|59|215|160|83|239|139|249|108|129|216|3|88|242|52|161|182|171|49|82|174|165|239|25|119|237|132|93|195|6|196|129|237|222|82|134|199|178|45|30|59|175|48|66|80|60|235|253|4|247|
Overall Best: 0.9278 Generation: 11
length: 161.98

Generation 34
Average: 0.9118 Best: 0.9209
Best Individual: 
C0 169|211|137|242|123|48|175|171|80|115|86|175|51|149|173|39|205|186|13|78|59|202|96|243|114|89|23|99|225|222|181|220|253|88|111|55|183|156|110|187|202|89|92|110|131|115|16|124|241|219|79|65|236|65|144|73|47|146|114|34|187|97|228|43|141|41|96|21|88|29|4|13|83|37|131|76|225|102|24|180|154|93|237|30|42|243|138|210|76|187|67|108|196|72|21|200|46|41|133|80|112|192|26|166|107|86|147|34|194|143|101|51|77|95|13|241|51|202|177|202|151|94|223|209|215|161|10|38|96|119|166|89|96|157|189|70|174|236|198|58|49|92|254|208|35|248|62|123|100|169|212|96|193|230|55|139|185|224|113|165|113|68|222|252|101|73|230|85|57|50|202|45|174|98|37|204|238|210|19|188|206|93|19|87|33|87|53|170|209|59|172|186|72|156|154|10|60|111|4|125|99|195|194|58|69|235|185|252|69|82|145|187|15|47|140|198|5|131|68|11|234|73|199|228|146|250|82|244|103|25|6|178|235|132|249|90|46|192|247|42|185|8|86|184|217|156|58|163|146|210|104|64|145|36|37|19|
Overall Best: 0.9278 Generation: 11
length: 162.26

Generation 35
Average: 0.9107 Best: 0.9203
Best Individual: 
C0 12|138|218|145|47|146|200|152|242|36|86|120|14|34|193|189|158|78|57|234|113|184|113|7|74|20|198|121|141|116|119|244|228|119|233|154|83|235|153|154|34|59|190|116|82|198|50|90|22|162|149|15|214|189|171|196|49|115|65|24|172|177|187|121|129|123|79|121|40|115|142|181|103|10|153|28|95|108|219|185|188|224|190|13|212|6|60|64|91|8|33|108|24|209|251|145|188|179|42|49|96|154|102|212|30|86|30|67|72|152|245|115|142|159|143|4|1|53|28|102|151|94|223|209|215|161|10|225|171|214|114|82|166|157|249|129|105|108|58|160|148|250|223|101|242|108|221|123|230|91|212|38|193|230|55|96|227|165|231|165|65|105|219|126|152|252|14|172|165|74|192|45|72|233|67|43|61|154|19|133|243|192|98|77|33|92|53|170|209|59|172|137|109|162|88|145|136|49|108|104|195|11|176|66|249|41|71|153|219|37|93|222|24|12|66|161|16|151|107|247|119|141|164|181|175|157|236|102|67|33|94|177|224|146|105|236|61|129|237|172|204|235|81|237|36|78|111|193|233|151|109|39|232|86|76|136|
Overall Best: 0.9278 Generation: 11
length: 162.02

Generation 36
Average: 0.9108 Best: 0.9215
Best Individual: 
C0 41|99|94|108|35|151|194|113|108|110|92|254|136|220|115|21|71|162|197|31|39|171|155|76|180|20|198|189|175|116|163|254|226|119|174|97|12|235|171|209|227|129|152|96|234|198|242|78|202|204|149|216|210|174|5|81|188|76|130|142|193|177|187|161|241|113|219|121|40|115|4|48|83|173|2|232|133|230|24|180|168|141|219|206|253|233|243|79|52|124|55|88|101|91|22|165|194|25|207|126|131|208|117|114|238|86|243|148|62|152|57|189|188|204|40|224|83|202|166|209|131|94|237|61|164|178|107|38|155|166|200|6|147|157|171|70|177|71|129|143|49|61|1|2|90|65|179|242|46|196|132|116|111|239|64|24|27|106|105|42|71|75|9|99|208|175|155|165|167|172|44|212|194|225|151|25|4|46|251|174|167|181|182|195|67|251|16|136|236|110|186|192|128|36|177|167|176|53|254|88|236|136|68|152|109|20|34|164|53|118|165|47|152|200|221|14|197|8|145|145|62|187|100|191|210|74|226|107|240|27|196|58|222|84|236|130|15|23|15|90|178|132|65|252|6|34|54|12|204|160|115|231|94|184|123|194|
Overall Best: 0.9278 Generation: 11
length: 163.42

Generation 37
Average: 0.9102 Best: 0.9203
Best Individual: 
C0 217|99|94|108|35|151|194|113|108|110|92|254|136|220|115|21|71|162|197|31|39|112|155|76|180|20|198|189|23|116|227|254|226|185|174|97|117|235|171|209|227|129|152|197|172|198|146|78|202|204|149|78|210|174|171|81|188|76|130|252|172|177|187|161|241|113|219|43|40|115|4|48|83|173|2|232|133|209|203|180|104|130|115|82|253|152|116|13|119|124|233|88|174|91|110|165|194|25|133|126|131|128|26|91|238|86|243|148|62|152|254|244|188|204|172|224|83|202|63|209|131|94|237|61|164|178|107|209|155|166|200|6|147|157|171|70|177|71|129|58|49|61|1|2|10|65|136|144|46|196|132|211|111|239|181|24|27|106|105|137|71|75|9|11|208|175|155|165|167|172|89|212|240|106|151|253|169|46|251|214|167|181|182|195|67|251|16|136|236|110|186|192|128|36|177|167|128|53|254|88|236|136|68|223|14|246|83|164|53|118|23|47|152|200|221|14|197|8|145|145|62|187|73|42|173|74|250|107|240|27|196|58|146|84|236|230|15|23|15|90|88|132|65|252|6|117|28|12|204|160|193|231|94|184|4|194|
Overall Best: 0.9278 Generation: 11
length: 162.8

Generation 38
Average: 0.9108 Best: 0.9228
Best Individual: 
C0 19|81|103|145|47|42|148|152|242|124|86|190|14|148|193|177|158|184|57|234|113|183|113|7|94|20|198|238|141|116|119|125|114|95|233|222|150|235|83|154|34|153|190|116|244|198|242|90|202|162|242|15|214|209|54|196|36|250|65|24|172|6|187|97|127|123|79|51|86|115|37|181|235|10|154|28|156|108|219|239|237|224|190|13|212|6|55|64|204|112|224|108|24|116|251|145|215|179|50|49|95|242|102|212|90|52|30|67|117|109|212|67|142|130|143|4|1|53|28|9|55|152|244|46|242|135|237|225|171|214|75|46|166|157|249|129|84|249|58|160|148|250|223|101|242|108|3|123|105|91|212|38|193|19|55|178|227|165|116|165|6|250|219|126|55|252|14|172|165|74|68|45|183|233|236|43|43|154|56|32|243|192|98|77|33|92|53|170|209|59|172|137|109|162|88|145|136|49|108|22|195|11|176|66|233|41|71|153|219|37|93|222|0|12|66|161|16|151|107|247|119|141|13|118|175|157|236|102|67|6|94|177|69|84|105|101|61|201|237|172|204|133|81|237|36|78|111|83|34|58|109|89|232|123|201|136|
Overall Best: 0.9278 Generation: 11
length: 163.24

Generation 39
Average: 0.9107 Best: 0.9209
Best Individual: 
C0 12|142|218|145|47|146|148|152|242|124|86|107|14|239|89|177|197|81|57|18|113|205|113|7|74|20|152|26|141|116|119|125|228|35|233|222|150|235|83|154|34|59|190|116|82|198|242|90|202|162|5|15|214|160|54|174|49|233|17|205|172|228|91|136|129|123|79|192|8|115|37|181|207|138|120|28|92|108|219|239|120|203|190|116|63|205|50|28|204|8|33|108|24|69|251|145|188|179|160|49|105|154|102|212|90|102|154|67|117|152|212|224|142|182|143|176|1|129|28|9|135|152|244|46|242|221|237|225|171|214|114|46|166|157|249|129|34|108|58|160|148|250|223|101|242|150|221|123|105|187|212|38|193|216|205|96|227|165|92|37|234|176|43|136|12|200|169|184|20|123|130|172|170|221|110|128|36|25|140|40|140|11|226|106|157|1|239|153|100|71|103|219|170|156|61|10|60|111|4|185|12|126|61|207|127|235|95|91|221|250|161|148|15|221|60|12|40|16|88|158|42|152|106|239|175|157|236|230|67|33|94|177|69|146|105|60|61|129|237|37|204|235|81|237|36|78|219|158|219|151|33|89|232|184|22|136|
Overall Best: 0.9278 Generation: 11
length: 163.6

Generation 40
Average: 0.9123 Best: 0.9253
Best Individual: 
C0 108|229|143|179|238|45|94|232|244|96|20|175|138|30|24|86|205|44|13|78|225|199|1|56|114|206|174|99|225|222|181|220|253|88|111|55|183|156|110|187|170|89|83|218|131|62|16|124|47|53|129|65|140|65|1|129|95|76|94|59|165|164|252|57|224|197|94|101|89|43|184|226|146|93|112|199|189|81|188|159|38|232|35|55|42|67|136|30|172|128|160|59|196|72|42|158|150|41|134|136|112|192|26|166|89|185|129|34|194|143|176|51|190|205|13|32|51|202|177|102|59|78|82|70|120|153|10|38|229|119|204|50|94|181|189|87|174|16|198|29|107|11|238|120|175|237|162|117|161|199|159|253|246|163|19|42|185|116|146|230|125|68|67|126|112|255|79|58|194|18|103|171|239|231|61|253|170|135|196|192|141|202|108|62|180|112|251|91|128|168|218|231|26|4|72|167|47|185|48|92|251|81|182|199|167|23|87|132|53|75|40|58|158|250|114|79|116|29|125|231|134|53|150|58|138|18|250|188|240|235|196|177|33|121|242|157|54|8|215|168|183|186|210|188|12|156|138|95|165|32|75|126|5|147|249|225|
Overall Best: 0.9278 Generation: 11
length: 163.4

Generation 41
Average: 0.9113 Best: 0.9240
Best Individual: 
C0 29|241|94|92|35|151|194|10|108|223|20|175|138|149|24|86|205|186|13|78|200|93|1|250|114|206|44|99|225|222|62|185|253|88|111|97|106|235|1|209|227|129|152|232|111|222|97|203|61|234|150|177|204|55|238|38|179|250|21|228|96|99|82|178|229|125|243|106|57|229|227|200|146|222|35|55|67|232|147|196|74|233|220|213|214|193|255|209|80|23|173|239|186|13|177|188|4|125|101|160|203|223|19|86|95|176|216|95|72|153|232|237|252|139|94|101|186|14|132|230|97|254|147|245|160|59|111|38|155|34|242|145|96|157|94|70|235|71|208|58|23|16|173|214|139|129|66|39|46|196|132|64|221|25|172|153|250|92|9|42|26|164|217|11|228|175|244|165|92|172|146|226|194|52|241|85|66|95|134|126|120|181|245|195|104|251|16|136|236|110|121|192|246|36|84|167|128|53|254|88|236|184|68|223|171|246|83|164|254|118|195|47|152|200|221|14|197|8|145|145|62|187|100|42|147|74|247|30|240|27|22|180|146|84|170|230|15|23|15|90|88|132|65|252|6|117|12|12|33|160|193|145|94|184|25|109|
Overall Best: 0.9278 Generation: 11
length: 163.72

Generation 42
Average: 0.9115 Best: 0.9240
Best Individual: 
C0 82|99|110|85|35|183|153|113|147|76|92|254|9|95|115|21|239|236|197|31|39|112|155|76|230|20|109|189|19|116|227|29|72|185|119|238|117|35|171|147|227|129|11|68|172|18|146|162|46|49|149|30|210|174|77|81|251|76|130|26|23|177|144|129|137|192|103|211|111|125|44|48|83|253|2|232|93|209|153|94|139|130|115|82|190|152|116|13|119|124|233|126|67|0|110|165|124|25|24|181|131|128|26|91|168|86|243|148|62|152|254|244|188|224|129|96|210|64|63|209|41|201|237|26|239|178|107|122|129|166|200|6|147|168|171|70|177|146|129|87|49|144|92|2|10|69|139|144|46|196|132|57|79|239|181|24|27|125|176|137|63|193|9|11|208|175|155|165|54|187|89|228|240|106|210|29|169|46|205|214|235|62|182|5|67|251|16|136|236|110|121|66|246|83|84|167|140|53|161|88|236|136|68|78|14|246|83|52|53|118|23|192|207|83|221|113|197|8|145|145|62|219|73|55|173|147|250|107|240|252|196|207|21|84|236|171|6|23|54|90|102|251|65|177|6|12|88|12|204|109|193|231|58|184|4|67|
Overall Best: 0.9278 Generation: 11
length: 162.96

Generation 43
Average: 0.9112 Best: 0.9196
Best Individual: 
C0 82|99|110|124|35|183|153|113|36|76|92|254|113|51|115|21|239|236|197|94|39|112|155|145|230|20|109|189|19|116|227|29|72|185|119|238|117|35|171|156|227|129|11|68|172|18|146|239|46|49|149|186|210|174|77|81|104|76|130|26|23|177|144|129|137|192|103|211|111|125|220|48|83|253|195|232|93|209|153|94|139|130|115|82|190|152|116|13|162|159|233|126|67|0|110|165|124|25|24|181|132|128|26|91|168|86|243|148|62|105|254|244|188|224|129|96|248|150|63|209|230|201|237|26|239|178|107|122|129|166|200|6|147|168|171|70|177|146|129|87|49|72|92|2|10|69|139|26|46|196|132|57|79|239|181|24|247|125|176|137|63|193|9|11|208|175|155|165|54|187|89|228|240|106|210|29|169|46|205|214|235|62|182|5|67|251|16|136|236|110|121|66|101|83|84|167|140|53|161|88|236|136|68|78|14|246|83|52|53|118|23|192|207|83|221|113|197|8|145|145|62|219|73|55|173|147|250|107|240|252|196|207|21|84|236|171|6|23|161|90|102|251|65|177|6|143|88|12|204|109|7|231|58|184|4|67|
Overall Best: 0.9278 Generation: 11
length: 163.32

Generation 44
Average: 0.9108 Best: 0.9203
Best Individual: 
C0 71|211|137|242|110|117|35|152|242|59|121|67|25|6|185|61|49|4|107|144|4|105|90|211|12|95|207|130|54|172|186|208|163|185|252|40|135|97|91|88|225|153|190|222|83|237|158|90|202|85|242|15|42|209|133|145|36|250|248|24|34|6|98|97|236|123|79|51|86|68|184|117|146|93|5|199|243|81|184|49|6|234|66|232|42|67|136|173|167|10|160|249|196|72|42|211|166|41|97|94|182|208|26|185|214|185|147|64|80|143|176|51|190|205|82|241|51|136|177|102|59|219|196|70|120|153|68|249|171|214|114|124|6|246|195|92|46|71|7|105|127|171|245|191|211|156|78|41|56|161|227|82|235|197|198|217|175|197|114|184|99|176|20|204|152|200|114|232|20|152|206|199|238|47|49|142|228|48|0|84|47|236|254|107|230|226|88|107|167|82|211|48|128|162|210|52|121|50|61|61|191|2|189|253|27|158|12|145|219|188|150|82|0|139|21|161|16|99|88|65|119|117|223|181|92|59|194|253|42|78|199|117|231|22|140|187|180|133|207|130|30|38|123|85|216|195|32|186|175|124|152|138|171|1|254|168|
Overall Best: 0.9278 Generation: 11
length: 163.58

Generation 45
Average: 0.9112 Best: 0.9203
Best Individual: 
C0 176|99|94|92|149|151|167|10|197|230|92|152|30|95|115|180|239|123|197|166|39|112|155|133|38|20|198|189|23|116|227|139|226|185|119|239|96|35|171|147|227|129|11|68|172|18|146|223|29|49|149|30|210|108|77|81|251|76|173|183|23|155|144|129|137|192|103|211|235|125|107|48|83|253|2|232|3|209|153|94|139|130|115|82|203|152|116|122|196|124|233|126|67|0|146|165|124|161|24|181|131|128|65|91|168|2|243|148|211|152|254|244|188|224|129|96|210|64|63|209|41|201|207|211|239|178|107|204|129|78|231|43|147|158|231|70|15|49|129|87|49|50|92|200|10|69|139|55|73|196|132|57|79|18|181|196|27|111|176|137|63|193|9|11|208|175|155|58|194|35|103|171|239|231|92|39|170|135|177|187|141|164|108|43|180|163|0|91|128|117|218|18|26|171|72|135|47|247|200|177|251|81|203|199|167|24|197|132|53|75|209|47|162|56|221|130|91|8|185|145|251|89|100|32|89|102|160|107|240|6|22|58|191|122|170|230|15|23|243|74|88|88|65|90|12|156|138|95|165|50|204|117|94|125|4|85|
Overall Best: 0.9278 Generation: 11
length: 163.26

Generation 46
Average: 0.9115 Best: 0.9222
Best Individual: 
C0 176|99|94|92|172|151|194|249|6|2|105|152|30|188|129|67|198|162|92|107|176|112|184|255|91|20|118|189|206|67|245|234|143|191|174|165|32|235|37|132|227|14|152|96|172|221|239|203|61|12|150|152|1|55|129|38|179|139|193|228|137|97|44|156|228|125|8|242|72|216|227|200|146|222|35|251|67|90|57|13|200|233|166|159|59|193|147|209|80|207|75|239|130|221|23|81|62|125|90|160|150|25|66|86|122|176|126|95|72|153|232|138|90|139|16|237|41|47|55|209|166|7|61|138|104|192|194|195|15|47|71|255|42|29|180|53|144|86|47|153|131|11|113|37|175|51|193|122|168|199|60|253|246|163|19|237|185|116|79|230|125|68|255|126|112|251|79|77|194|223|103|49|209|231|92|62|170|213|177|78|51|193|108|62|180|163|0|71|128|117|187|18|26|189|238|224|47|185|48|79|251|181|235|122|167|24|197|132|53|75|209|47|152|138|221|166|91|8|145|145|251|131|100|32|173|92|160|107|240|27|22|58|153|122|170|230|15|229|243|74|88|132|65|90|12|187|118|95|165|50|75|117|15|187|4|85|
Overall Best: 0.9278 Generation: 11
length: 164.0

Generation 47
Average: 0.9126 Best: 0.9228
Best Individual: 
C0 176|42|94|92|172|77|194|10|197|99|89|190|219|148|102|177|249|213|105|111|82|250|44|244|93|49|1|18|161|209|207|210|226|177|155|97|12|115|171|162|92|195|237|96|37|111|242|38|99|83|31|90|64|174|107|81|119|78|130|211|56|39|187|97|127|135|79|26|86|236|184|117|146|71|112|111|26|104|201|159|39|38|178|6|204|121|136|30|76|10|160|249|171|72|42|103|204|223|235|46|233|208|117|65|238|32|243|98|62|101|153|189|188|204|2|224|255|19|47|42|105|233|142|61|36|251|99|119|105|166|200|162|80|7|38|39|113|71|129|18|49|61|105|11|186|65|161|13|168|199|20|253|246|163|19|53|237|29|152|230|125|160|6|233|159|255|79|58|124|35|103|171|239|231|227|128|120|34|162|22|140|35|150|170|232|251|16|198|236|138|93|3|64|62|219|177|140|215|161|27|148|105|190|199|170|62|235|229|7|188|202|182|124|250|40|79|84|21|3|14|161|187|184|153|228|108|250|201|29|63|196|58|191|122|170|187|76|214|243|206|88|132|172|90|12|156|138|95|165|245|75|223|94|187|4|85|
Overall Best: 0.9278 Generation: 11
length: 163.58

Generation 48
Average: 0.9124 Best: 0.9234
Best Individual: 
C0 180|71|202|255|47|146|225|161|242|106|129|120|19|221|166|56|102|78|241|234|192|67|177|70|74|28|209|191|68|65|28|161|253|208|124|171|172|194|160|44|54|14|191|125|14|128|50|137|239|206|180|143|161|175|229|97|219|122|121|59|30|196|187|231|62|123|203|121|180|115|131|39|95|92|117|59|250|42|203|125|27|233|240|213|214|193|255|17|80|84|173|171|219|13|223|48|87|125|154|160|203|223|19|198|95|176|216|95|72|153|232|182|8|5|94|101|133|14|132|230|16|93|147|245|145|143|205|38|83|34|197|145|232|215|94|70|237|12|202|148|4|102|45|96|79|228|62|123|98|250|28|253|213|230|85|42|25|116|71|104|69|68|81|60|238|255|11|36|205|204|120|157|172|52|197|170|170|1|196|192|141|112|108|26|49|127|251|91|78|29|206|152|26|129|137|30|221|185|72|5|205|109|190|199|170|23|235|229|165|188|202|198|175|250|40|79|81|215|97|197|234|175|91|213|11|192|24|250|96|25|235|92|235|160|9|202|236|203|15|124|178|161|215|252|6|175|227|51|204|27|55|231|112|209|219|186|
Overall Best: 0.9278 Generation: 11
length: 163.26

Generation 49
Average: 0.9119 Best: 0.9209
Best Individual: 
C0 180|179|165|145|47|146|225|161|242|106|86|198|19|221|166|196|16|234|241|234|192|67|177|70|74|6|82|99|170|113|25|208|208|36|174|190|32|235|169|29|44|129|152|96|172|221|86|203|61|25|160|47|1|196|66|38|179|146|193|176|239|253|138|27|229|212|206|219|72|149|115|135|146|222|35|196|67|90|192|13|110|233|166|116|136|182|147|134|80|24|144|104|139|13|177|188|4|89|176|160|203|42|19|36|169|43|115|152|72|153|249|197|252|139|94|101|17|14|132|235|135|152|194|46|242|235|160|173|46|214|114|217|236|22|249|129|34|238|58|225|78|31|223|32|242|204|163|116|44|187|46|221|109|46|197|184|41|116|221|192|69|68|27|68|147|255|79|176|161|18|64|120|44|231|197|79|170|192|125|126|76|218|12|34|105|251|16|136|236|164|121|108|159|36|84|110|128|28|123|88|45|127|68|223|171|246|83|199|179|118|195|179|152|190|37|14|197|230|37|145|62|187|116|147|147|74|247|88|154|231|22|118|168|160|9|202|131|203|15|156|178|92|130|163|6|11|199|199|204|27|223|231|80|209|219|186|
Overall Best: 0.9278 Generation: 11
==================
    Best individual after 50 generations
    computed in 6,957.4220 seconds
    1478 elements out of 1593 correct.
    emerged in generation 11
    with fitness 0.9278
==================

