Starting evolution...

Generation 0
Average: 0.9107 Best: 0.9215
Best Individual: 
C0 233|1|230|162|4|96|6|40|151|157|132|11|149|77|120|105|16|243|90|19|130|21|22|13|24|61|224|27|249|213|30|31|107|33|34|81|219|5|47|26|198|82|189|43|12|45|46|36|48|202|150|51|85|122|208|195|242|100|58|133|205|87|62|63|72|182|23|206|68|148|70|71|56|118|74|75|174|59|94|79|80|73|69|83|84|76|235|67|119|89|135|17|93|92|78|95|237|144|98|220|253|186|152|185|138|236|106|32|108|10|161|111|53|113|114|226|221|117|250|210|137|42|131|7|124|125|126|35|128|154|20|18|163|66|134|146|231|239|104|64|229|141|142|143|97|145|29|55|41|121|50|52|44|153|129|155|245|9|238|159|160|232|88|211|91|204|166|167|254|169|170|171|172|37|201|175|227|177|178|179|180|181|222|147|184|103|101|223|188|14|190|191|192|193|194|183|196|197|203|199|200|123|3|8|165|60|102|207|54|158|218|240|212|109|214|215|156|217|49|86|99|110|65|173|164|15|115|176|228|140|2|136|116|0|234|168|225|187|209|25|139|241|38|112|244|216|246|247|248|28|127|251|252|57|39|255|
Overall Best: 0.9215 Generation: 0

Generation 1
Average: 0.9124 Best: 0.9209
Best Individual: 
C0 0|165|113|76|20|209|6|30|22|9|10|174|106|57|14|69|16|17|18|223|221|172|111|99|187|1|90|140|28|29|100|233|7|237|80|60|135|238|179|178|40|27|42|43|86|47|222|45|143|49|204|121|81|71|215|55|56|13|58|59|173|61|54|138|39|65|66|195|2|119|218|139|197|73|74|75|229|77|253|241|34|24|82|176|84|177|92|48|88|25|26|91|217|184|205|144|36|97|230|23|83|101|102|103|109|33|194|208|3|202|110|225|62|183|234|115|125|160|105|15|120|51|122|123|124|116|126|131|128|129|245|251|190|35|207|52|136|254|118|117|206|227|151|141|95|145|146|114|148|72|150|132|87|153|154|155|108|157|228|201|193|37|212|163|46|159|96|167|166|104|170|171|70|44|21|175|236|85|180|38|231|181|182|142|252|185|186|112|249|189|196|191|192|147|12|214|67|226|244|199|200|219|4|203|19|158|188|94|243|5|127|211|162|213|32|89|164|8|93|169|220|41|216|63|224|198|137|152|168|156|98|64|232|31|210|235|78|50|161|239|240|79|242|107|133|130|246|247|248|68|250|53|11|134|149|255|
Overall Best: 0.9215 Generation: 0

Generation 2
Average: 0.9139 Best: 0.9247
Best Individual: 
C0 120|1|236|88|196|5|61|127|179|36|245|122|155|146|14|219|16|17|147|19|20|121|33|10|228|93|136|27|26|29|44|158|210|42|49|165|229|133|38|119|73|41|56|185|30|51|113|208|171|83|243|240|52|101|87|53|212|126|161|59|108|6|34|63|31|65|175|67|141|138|85|102|71|100|69|75|130|115|78|192|23|11|213|13|191|111|157|105|199|35|166|40|4|118|222|183|96|156|153|180|207|55|94|103|70|223|182|28|60|142|209|97|84|46|231|134|253|117|206|125|148|239|18|123|232|24|8|66|7|129|154|164|132|37|12|135|217|137|187|139|150|68|218|92|110|149|241|184|172|9|237|198|238|160|173|195|254|39|112|247|48|80|242|203|45|72|90|176|74|169|62|91|186|109|174|128|64|177|163|201|58|181|106|98|188|131|250|227|246|145|190|255|79|193|194|81|230|89|162|54|200|234|202|178|0|205|2|104|152|77|248|211|32|82|22|47|216|99|25|214|220|189|43|204|224|225|167|249|226|86|143|114|15|233|244|235|151|168|21|221|144|197|76|57|95|159|124|107|215|170|3|251|252|116|50|140|
Overall Best: 0.9247 Generation: 2

Generation 3
Average: 0.9149 Best: 0.9253
Best Individual: 
C0 245|1|236|88|196|142|61|127|179|36|161|55|155|146|14|219|16|139|163|19|20|121|33|10|242|93|136|27|26|29|44|158|210|42|49|165|229|133|105|119|151|160|135|43|28|78|128|25|90|169|80|51|52|217|255|114|116|83|120|59|53|110|62|63|181|65|54|246|141|138|85|102|71|100|69|75|130|115|247|192|23|11|213|13|191|111|157|38|199|35|166|40|4|96|222|183|118|156|153|173|207|171|94|103|70|223|182|159|60|5|209|218|84|46|231|134|253|117|206|125|148|239|18|123|232|24|8|66|7|129|154|164|132|37|12|56|101|227|187|17|150|68|41|92|0|149|241|184|172|9|237|198|238|97|180|195|254|39|112|240|48|243|228|203|45|72|122|176|74|126|34|91|186|109|174|113|64|177|147|201|58|31|106|143|188|131|250|137|67|145|190|87|79|208|194|81|230|89|162|175|200|234|202|178|6|205|2|104|152|77|248|211|32|82|22|47|216|99|193|214|220|189|185|204|224|225|167|249|226|86|98|108|15|233|244|235|73|168|21|221|144|197|76|57|95|30|124|107|215|170|252|251|3|212|50|140|
Overall Best: 0.9253 Generation: 3

Generation 4
Average: 0.9146 Best: 0.9266
Best Individual: 
C0 0|102|155|3|82|11|49|146|144|173|158|123|19|134|152|55|195|133|228|193|166|230|92|14|119|200|16|27|178|58|46|186|211|66|156|217|129|86|252|174|54|41|56|253|30|51|207|1|171|83|243|240|52|101|184|53|95|126|161|59|108|202|241|63|236|65|175|67|153|69|50|24|238|225|12|127|208|77|42|79|163|232|96|116|222|196|62|255|182|251|205|187|218|145|43|84|151|7|197|224|162|227|76|139|231|5|125|70|114|103|244|165|181|71|160|29|113|117|118|48|87|111|122|179|124|32|115|61|215|64|120|128|143|90|209|60|235|137|188|104|140|106|206|132|185|21|159|23|88|190|233|247|135|39|212|107|109|221|98|18|99|239|169|164|234|138|148|74|150|229|4|105|172|9|157|37|17|177|198|68|121|168|191|15|242|94|170|136|45|44|34|110|192|10|194|35|85|80|214|199|147|154|6|203|204|249|131|100|25|213|210|20|8|22|47|130|216|13|57|33|220|142|201|223|112|97|248|78|28|180|40|219|81|2|26|73|72|237|31|245|93|149|75|141|183|189|254|167|226|176|250|89|38|91|246|36|
Overall Best: 0.9266 Generation: 4

Generation 5
Average: 0.9153 Best: 0.9259
Best Individual: 
C0 161|162|24|155|186|210|244|7|220|157|49|223|12|56|14|159|144|160|205|13|239|232|128|193|183|57|243|46|108|29|116|31|72|43|174|66|86|78|6|221|228|41|44|211|30|123|127|19|51|33|73|40|52|112|180|103|212|126|138|3|55|207|156|36|151|1|0|251|8|203|16|224|226|216|50|97|255|182|62|21|185|35|241|64|154|130|93|53|227|195|248|54|240|190|42|129|59|145|83|171|175|146|152|142|231|5|22|70|114|139|219|85|181|71|158|222|79|117|118|48|87|111|122|233|124|32|115|61|101|153|120|17|143|90|209|60|235|137|188|68|148|106|206|132|250|91|178|147|88|92|80|45|135|104|95|107|187|119|98|18|10|245|82|164|58|165|140|74|134|229|4|11|172|9|109|37|176|65|198|76|39|113|230|15|75|94|170|136|237|189|34|110|192|20|194|26|196|179|131|199|23|234|202|236|204|249|214|100|25|213|168|253|225|125|47|184|208|217|105|177|215|102|27|218|141|89|166|247|69|238|191|28|173|81|96|63|67|121|38|197|149|169|2|200|84|201|77|133|252|150|99|246|163|167|242|254|
Overall Best: 0.9266 Generation: 4

Generation 6
Average: 0.9155 Best: 0.9278
Best Individual: 
C0 219|8|15|155|59|208|49|7|168|163|76|81|121|10|127|48|211|29|122|58|43|16|129|67|137|132|68|6|108|180|216|63|32|33|34|162|227|37|217|19|183|220|199|92|105|150|239|44|5|197|176|20|57|171|245|100|133|117|21|3|190|140|109|164|62|2|54|175|38|138|28|102|145|238|69|75|130|115|247|153|23|11|213|99|191|111|17|90|74|107|232|139|4|96|177|128|118|156|192|26|207|225|53|159|70|223|146|52|235|97|209|218|84|202|166|240|174|194|244|51|103|170|93|212|41|30|80|14|24|110|71|131|179|95|112|35|136|94|236|45|50|83|188|142|101|243|242|56|178|222|161|252|124|201|181|39|160|72|237|42|204|253|141|9|206|224|22|167|79|120|241|152|47|77|134|182|113|91|126|25|0|86|187|144|158|185|60|64|203|85|27|169|186|82|87|147|221|250|135|123|251|189|234|195|193|18|119|228|149|249|248|114|12|88|78|184|233|55|143|40|200|89|98|210|173|196|226|154|148|229|230|65|215|104|254|31|198|205|231|106|46|73|1|125|36|116|13|214|151|165|172|246|157|61|66|255|
Overall Best: 0.9278 Generation: 6

Generation 7
Average: 0.9156 Best: 0.9222
Best Individual: 
C0 106|1|64|232|196|36|61|9|179|11|161|55|207|132|57|202|175|108|149|230|172|121|33|10|242|93|136|27|7|233|44|158|157|21|49|165|229|42|105|210|151|160|145|43|180|78|241|25|153|169|245|114|12|54|187|20|116|135|255|59|223|110|14|63|240|253|173|251|26|236|129|133|83|155|40|24|23|138|62|122|94|35|19|164|228|67|234|74|171|142|248|150|46|197|201|128|37|154|166|219|100|198|147|231|84|53|28|15|117|109|209|102|182|174|247|134|65|60|119|58|3|239|139|123|50|75|8|91|141|85|97|250|41|111|103|56|101|227|66|17|88|221|195|92|120|45|183|184|82|13|222|38|39|4|115|126|254|238|112|146|48|72|212|203|252|243|95|176|30|118|34|18|186|156|148|113|237|177|16|31|193|47|181|143|188|131|51|224|130|5|190|87|79|208|194|81|0|89|162|104|167|127|217|178|6|205|2|163|152|77|90|199|32|191|22|206|216|99|185|214|220|189|68|204|70|244|200|249|226|86|98|218|246|29|144|235|73|168|71|137|225|96|170|52|192|211|213|107|215|76|80|159|69|124|125|140|
Overall Best: 0.9278 Generation: 6

Generation 8
Average: 0.9155 Best: 0.9228
Best Individual: 
C0 167|145|153|3|24|75|173|207|86|45|10|87|90|31|235|26|93|253|82|119|20|66|140|22|102|240|38|51|88|201|46|141|245|183|209|244|143|92|241|19|184|225|101|122|133|198|120|152|195|189|197|40|4|233|127|68|131|117|252|34|60|78|247|216|100|154|116|83|159|180|224|72|129|181|144|156|192|175|123|219|161|49|15|199|52|65|196|179|97|77|114|103|37|55|208|57|149|206|229|69|58|232|105|212|104|138|176|96|27|18|64|158|200|135|125|227|5|210|118|237|115|226|32|25|12|84|148|155|7|111|130|132|30|178|113|11|163|59|234|217|164|191|251|136|169|53|121|16|215|166|162|85|238|50|134|9|185|39|188|124|146|0|242|48|6|243|190|14|160|246|43|91|108|109|81|128|236|174|73|231|95|35|106|98|165|21|171|42|63|239|126|255|79|193|248|177|151|211|186|54|47|76|33|228|221|205|99|182|187|139|204|218|41|203|110|36|29|56|172|214|194|223|222|202|249|157|107|168|1|150|23|80|62|230|170|8|2|220|44|142|70|250|213|67|254|147|137|112|17|28|61|89|74|94|13|71|
Overall Best: 0.9278 Generation: 6

Generation 9
Average: 0.9153 Best: 0.9234
Best Individual: 
C0 40|149|220|159|28|78|124|82|110|138|45|157|12|10|115|55|165|52|154|79|116|169|48|146|227|240|239|88|69|193|34|172|173|64|7|91|107|4|128|73|120|68|143|229|106|111|176|54|207|20|98|221|168|49|187|208|76|30|255|59|214|189|170|63|199|253|81|251|26|236|129|241|83|166|192|163|23|103|141|122|94|35|19|164|11|67|234|148|171|142|99|5|46|197|74|112|44|136|155|219|162|24|32|51|84|53|104|15|117|109|209|102|182|174|247|134|65|60|119|58|3|153|93|96|41|118|80|14|224|180|71|131|179|254|56|139|217|137|195|87|75|145|17|132|226|213|205|147|57|85|29|194|108|161|211|16|152|230|167|36|181|203|97|123|21|238|42|190|13|151|204|150|228|43|232|27|185|177|178|113|121|200|196|62|90|233|101|242|92|37|22|218|235|175|210|1|215|89|33|201|18|66|206|8|127|245|191|114|100|31|95|188|39|186|225|86|246|9|144|25|0|184|244|198|222|237|202|105|6|160|61|250|50|249|248|183|223|38|156|70|126|135|72|158|243|231|130|216|2|125|252|133|140|47|212|77|
Overall Best: 0.9278 Generation: 6

Generation 10
Average: 0.9160 Best: 0.9253
Best Individual: 
C0 233|96|76|241|5|47|244|113|57|120|72|255|44|254|79|103|83|63|21|238|56|158|135|166|177|10|222|145|225|114|61|152|199|46|115|60|66|142|147|196|27|111|90|14|55|151|128|109|204|213|220|116|73|101|139|181|40|127|161|209|138|86|62|22|163|65|126|7|228|37|164|93|71|92|69|48|130|167|247|192|82|211|245|210|58|110|156|32|107|246|17|4|35|212|218|85|118|189|221|155|187|24|197|119|186|100|67|28|251|42|95|149|182|148|129|134|253|242|206|125|77|239|236|123|184|29|13|154|45|16|205|30|94|41|108|70|185|88|143|201|240|232|250|36|19|136|140|12|74|207|178|174|157|159|172|31|121|132|144|38|224|191|64|230|34|39|252|179|176|141|216|171|160|234|15|208|124|49|146|2|50|235|194|237|195|84|188|78|214|243|89|137|169|193|162|168|97|203|215|219|91|112|153|8|3|53|99|80|173|175|75|229|217|25|11|122|6|20|102|9|226|0|231|68|190|165|202|223|106|98|180|43|105|33|26|52|249|200|18|133|183|170|104|1|87|248|117|227|51|23|131|81|54|150|198|59|
Overall Best: 0.9278 Generation: 6

Generation 11
Average: 0.9155 Best: 0.9247
Best Individual: 
C0 102|24|101|239|199|240|62|87|220|157|49|213|89|154|91|111|144|4|114|234|178|16|147|193|106|183|36|198|158|29|116|48|72|43|174|66|241|180|44|221|228|120|208|211|69|123|127|149|139|165|73|172|21|52|188|103|162|145|138|67|55|207|215|37|14|1|160|17|60|203|34|235|99|216|163|182|54|134|194|107|74|243|86|64|179|249|93|53|227|195|252|255|104|25|219|42|124|82|231|28|175|185|217|142|191|5|22|128|205|58|95|209|130|13|41|222|30|253|146|51|20|117|122|245|59|26|115|61|19|148|242|200|143|125|46|8|170|137|251|68|153|57|152|83|250|85|70|190|88|92|80|45|197|76|230|112|187|226|225|75|15|33|126|65|244|171|94|140|189|81|0|118|214|9|109|35|176|164|27|135|39|38|186|10|71|11|224|159|121|97|78|110|192|7|177|63|196|254|105|136|23|18|40|236|150|32|237|173|90|229|168|100|141|210|84|119|218|204|233|206|156|98|79|133|113|202|212|223|184|181|238|56|161|131|6|50|129|2|77|47|201|96|155|167|132|166|108|3|169|248|151|246|247|12|232|31|
Overall Best: 0.9278 Generation: 6

Generation 12
Average: 0.9162 Best: 0.9234
Best Individual: 
C0 216|56|48|183|5|47|210|120|57|138|72|255|110|254|213|66|83|63|21|241|51|0|235|43|177|207|98|42|77|114|243|106|199|173|9|60|234|1|223|236|27|111|90|14|55|151|128|197|214|79|220|116|144|140|74|181|251|127|148|70|150|227|62|22|81|65|182|7|228|37|164|93|167|68|186|156|162|123|196|225|252|49|15|245|61|108|3|179|97|175|201|109|180|86|224|107|215|31|13|69|20|159|242|212|104|46|176|208|88|249|221|103|200|166|188|191|253|244|102|53|11|229|32|25|240|8|161|155|73|10|44|142|30|178|237|146|75|59|4|217|78|205|40|204|169|194|193|149|118|39|113|85|121|50|134|115|91|135|2|124|117|158|105|153|36|154|23|248|122|246|211|82|52|71|147|171|24|170|26|250|145|238|152|165|129|185|192|209|18|239|219|233|92|33|34|16|29|174|28|198|132|76|45|136|157|96|99|126|187|143|195|218|41|87|231|6|119|58|172|232|160|19|101|202|12|64|94|168|100|130|141|80|184|230|247|84|133|125|131|163|95|203|189|67|206|35|137|112|17|38|54|89|222|139|226|190|
Overall Best: 0.9278 Generation: 6

Generation 13
Average: 0.9164 Best: 0.9240
Best Individual: 
C0 144|225|154|3|4|193|170|113|31|214|134|77|199|13|114|92|184|125|91|165|59|150|205|82|244|228|52|211|223|238|250|142|43|221|145|42|255|78|7|148|128|20|68|15|19|51|35|235|254|18|107|89|26|49|38|209|141|146|189|97|5|48|161|81|110|69|136|121|151|76|219|236|56|63|190|16|180|182|86|21|62|222|2|79|186|58|116|220|174|216|106|12|171|6|94|208|130|67|17|90|73|111|197|155|188|123|175|147|168|36|54|234|11|112|200|233|65|85|29|198|109|55|204|1|64|101|25|24|44|8|28|229|104|149|132|96|129|74|169|37|103|39|206|252|253|122|83|14|120|93|203|45|88|179|95|80|66|119|239|196|245|10|215|212|23|124|57|156|210|47|177|22|172|9|240|131|185|241|34|102|138|108|33|32|159|40|98|71|157|53|30|243|192|137|207|41|135|127|202|201|46|191|224|218|153|99|237|195|160|158|115|227|0|166|194|139|118|231|60|183|248|163|162|178|181|247|230|164|100|176|27|105|213|173|126|133|72|187|232|50|70|143|217|75|117|242|140|84|87|251|249|246|226|61|167|152|
Overall Best: 0.9278 Generation: 6

Generation 14
Average: 0.9166 Best: 0.9240
Best Individual: 
C0 216|93|249|183|52|47|210|51|128|138|72|255|110|254|213|132|83|63|195|238|120|109|135|44|145|10|222|177|225|114|61|245|45|79|160|103|240|142|147|12|27|176|6|14|80|151|178|163|60|116|220|46|144|140|152|181|251|127|148|70|150|227|62|22|81|206|209|7|228|37|164|56|167|68|194|156|162|123|236|77|187|58|15|74|243|3|108|179|97|175|84|24|180|86|224|193|215|31|13|246|20|64|242|212|174|89|111|208|88|48|221|214|200|211|188|191|94|85|102|53|190|30|32|25|157|8|161|155|23|252|43|1|229|57|237|146|75|59|4|217|78|205|40|204|169|186|107|130|118|39|113|244|90|50|134|199|91|235|2|124|117|234|105|153|36|154|73|248|122|69|166|82|5|71|223|171|207|9|26|250|99|241|106|165|129|185|192|182|18|239|219|233|92|33|34|16|29|104|28|198|66|76|170|136|158|96|42|126|95|143|21|218|41|87|231|121|119|49|172|232|115|19|101|202|196|159|65|168|100|149|141|55|184|230|247|201|133|125|131|197|0|203|189|67|253|35|137|112|17|38|54|173|98|139|226|11|
Overall Best: 0.9278 Generation: 6

Generation 15
Average: 0.9158 Best: 0.9247
Best Individual: 
C0 233|255|76|222|206|134|77|172|120|71|82|46|240|6|229|103|83|122|66|11|51|0|4|176|177|207|189|42|37|114|208|187|16|173|9|98|149|1|205|94|219|111|143|14|55|151|128|169|244|213|230|110|79|109|139|49|226|195|211|38|132|144|67|204|163|112|237|138|228|166|84|93|121|65|102|72|130|19|123|192|26|61|183|167|69|116|247|74|23|3|17|137|124|119|218|186|118|13|24|155|54|30|249|57|85|100|62|28|251|20|95|234|210|148|241|216|80|45|161|64|136|50|142|48|201|32|175|168|165|101|129|43|232|90|126|60|58|53|236|47|159|220|96|253|117|56|254|104|92|81|145|8|135|39|34|214|52|199|29|194|99|78|221|200|223|22|41|97|209|203|150|40|235|164|70|243|156|198|178|2|239|179|246|86|185|250|188|242|108|5|89|115|252|193|212|63|140|113|215|27|91|25|107|7|191|231|224|36|225|18|170|21|217|158|44|105|68|146|59|157|171|125|141|133|12|73|202|147|152|190|174|238|162|33|184|160|131|127|180|35|245|75|88|196|87|248|181|227|15|153|197|10|182|31|106|154|
Overall Best: 0.9278 Generation: 6

Generation 16
Average: 0.9161 Best: 0.9234
Best Individual: 
C0 163|18|238|88|189|89|233|7|219|66|59|102|203|39|70|48|95|133|134|157|90|170|145|16|137|226|217|230|225|114|199|152|156|46|176|60|38|87|147|107|205|127|75|14|80|151|128|250|208|116|115|251|126|55|154|149|244|158|91|186|123|44|110|93|195|11|247|10|215|183|129|240|216|139|82|58|184|26|236|143|245|69|150|187|22|142|188|222|6|130|109|161|135|190|83|191|81|40|17|100|172|111|21|51|84|192|132|31|117|235|237|32|182|13|78|196|65|30|62|23|166|159|177|96|103|45|193|228|112|12|246|174|105|231|77|35|24|178|136|15|50|8|223|197|194|243|146|56|220|242|167|253|94|122|162|212|68|72|209|27|121|41|252|9|221|47|1|218|71|120|241|179|239|104|2|180|61|73|57|165|53|144|99|34|169|19|148|175|206|85|229|113|5|20|155|28|201|171|160|29|211|124|54|141|227|224|33|210|106|249|248|232|36|67|140|74|49|63|255|181|164|173|86|97|153|42|207|25|214|213|79|185|198|101|254|234|119|0|118|200|202|131|98|125|168|52|64|204|37|138|76|43|4|108|3|92|
Overall Best: 0.9278 Generation: 6

Generation 17
Average: 0.9157 Best: 0.9266
Best Individual: 
C0 163|18|198|88|189|89|178|7|219|66|59|102|203|39|70|48|95|231|134|157|45|170|145|16|137|226|217|230|37|114|49|152|193|46|105|60|38|147|87|107|205|127|75|14|80|151|128|250|208|116|65|251|126|55|154|149|122|158|91|186|123|44|68|93|195|222|247|10|215|153|129|240|216|139|235|58|184|26|236|143|40|69|150|187|22|142|175|11|6|130|109|161|135|190|83|191|81|245|17|100|172|111|108|51|84|192|132|31|117|82|237|32|182|13|78|62|115|30|196|23|166|159|177|96|103|90|156|101|112|12|246|174|104|133|77|5|24|233|136|15|50|8|223|197|194|243|146|56|220|242|167|253|169|244|162|212|110|72|209|71|121|41|252|9|221|47|1|218|27|120|241|179|239|176|2|180|99|118|57|165|53|144|61|34|94|19|148|188|206|85|229|113|35|20|155|28|201|171|160|29|211|124|54|141|227|224|33|210|106|249|248|232|36|67|140|74|199|63|255|181|164|173|86|97|183|42|207|25|214|213|79|185|238|228|254|234|119|0|73|200|202|131|98|125|168|52|64|204|225|138|76|43|4|21|3|92|
Overall Best: 0.9278 Generation: 6

Generation 18
Average: 0.9153 Best: 0.9234
Best Individual: 
C0 165|76|40|233|249|62|42|172|145|41|179|235|90|6|96|103|239|157|156|220|129|207|45|231|151|21|189|171|37|230|208|187|221|117|9|98|149|47|154|246|219|51|109|111|55|177|22|206|39|213|75|110|107|240|29|27|226|185|188|147|132|65|67|186|54|112|237|161|63|243|175|142|144|128|102|72|70|19|123|104|141|61|183|244|101|26|224|236|23|146|253|94|2|194|43|204|250|56|86|162|198|30|87|57|85|131|126|28|32|89|143|234|210|148|20|216|80|114|191|196|136|68|93|100|252|158|84|11|248|176|14|12|25|53|209|88|169|254|245|1|83|168|223|205|180|150|82|203|163|255|120|227|4|167|3|247|0|10|73|159|46|121|7|184|229|225|152|106|125|113|49|24|134|174|99|108|178|124|242|71|181|66|78|64|195|170|69|115|166|97|241|119|214|173|91|228|92|8|116|193|48|238|79|16|138|5|212|50|95|139|118|52|74|137|160|199|13|200|192|122|77|190|17|130|140|18|202|251|59|60|201|232|155|33|34|44|153|127|135|35|164|81|215|182|133|217|38|15|218|211|197|105|222|31|58|36|
Overall Best: 0.9278 Generation: 6

Generation 19
Average: 0.9147 Best: 0.9234
Best Individual: 
C0 142|156|7|17|131|98|122|94|244|8|155|181|48|173|4|120|115|29|177|105|0|114|251|82|78|55|110|204|166|70|118|169|42|147|222|125|61|80|37|253|47|205|103|245|92|84|56|123|72|220|10|186|164|39|87|69|65|215|68|203|79|49|76|202|100|196|232|101|66|113|83|108|20|168|5|75|32|40|229|60|112|157|13|16|145|194|50|167|2|138|170|22|172|54|34|41|46|208|192|64|179|182|117|107|252|221|124|161|111|231|12|151|43|28|134|187|63|193|242|152|53|218|153|130|24|183|86|93|247|191|11|26|211|58|246|197|214|235|127|99|144|234|175|140|249|150|31|1|190|52|226|121|6|237|132|228|95|149|163|159|238|141|239|35|89|71|139|106|23|162|59|233|254|200|38|188|176|206|81|91|85|219|119|133|240|62|158|189|14|165|102|36|207|3|21|209|174|184|77|148|171|213|88|137|15|109|178|116|154|217|129|255|250|146|236|19|210|44|67|230|180|96|216|160|33|198|195|90|57|225|136|73|18|27|104|143|227|224|212|199|30|45|223|97|74|248|9|243|135|128|51|126|185|201|241|25|
Overall Best: 0.9278 Generation: 6
==================
    Best individual after 20 generations
    computed in 3,410.2300 seconds
    1478 elements out of 1593 correct.
    emerged in generation 6
    with fitness 0.9278
==================

