Starting evolution...

Generation 0
Average: 0.8944 Best: 0.9190
Best Individual: 
C0 61|195|200|50|90|73|126|66|10|40|62|91|102|127|34|211|85|41|6|42|20|38|119|29|147|121|47|45|148|250|68|98|177|100|53|72|97|103|187|25|213|128|182|51|11|201|214|22|176|246|203|62|153|97|120|141|102|242|99|248|123|121|247|159|29|10|101|164|86|202|216|114|176|168|147|132|59|75|229|20|27|215|106|125|17|211|238|185|157|242|100|149|51|78|199|4|171|16|115|71|143|104|117|93|31|61|152|178|216|228|127|162|85|208|212|40|132|25|223|168|22|115|242|146|165|49|20|80|117|158|221|184|245|48|52|53|31|179|123|101|135|238|39|47|162|237|74|226|234|107|67|44|190|201|55|105|223|54|5|38|192|174|100|88|202|224|164|50|113|239|216|103|122|158|180|227|43|104|86|39|15|142|12|151|17|93|208|122|5|88|172|82|127|86|47|225|171|18|108|62|45|26|102|190|145|161|137|13|150|18|22|232|183|5|111|179|180|160|41|74|135|50|93|73|11|74|47|65|221|137|180|11|138|189|102|12|172|1|14|187|238|250|181|139|9|123|113|238|117|73|6|252|155|2|69|242|
Overall Best: 0.9190 Generation: 0

Generation 1
Average: 0.8979 Best: 0.9109
Best Individual: 
C0 169|124|233|253|31|46|93|74|246|13|9|211|88|234|156|110|108|9|142|18|83|97|37|232|151|224|95|21|220|139|144|124|38|82|161|21|36|193|33|209|217|139|251|59|59|161|106|112|51|106|252|44|202|68|175|64|102|157|42|236|26|123|65|61|239|168|123|166|228|68|70|241|152|163|176|193|23|227|3|216|129|236|55|31|73|148|71|191|218|89|36|222|191|49|121|183|91|87|68|9|11|246|81|213|255|15|177|40|46|61|91|37|74|224|128|149|74|251|210|237|71|22|35|84|231|150|135|240|29|37|90|103|70|131|237|156|137|117|173|226|84|118|212|188|55|75|15|91|250|119|183|216|53|220|163|63|119|168|21|104|233|113|139|146|61|21|219|231|35|146|171|49|123|160|20|3|182|160|201|18|1|242|223|88|135|96|112|6|62|138|167|173|112|52|215|119|187|20|64|65|161|197|216|156|237|14|201|66|13|97|157|102|109|202|135|192|204|252|7|195|66|180|72|243|179|83|125|73|151|242|67|56|107|57|31|116|254|198|124|57|201|186|26|147|208|228|1|183|165|191|141|98|192|162|165|187|
Overall Best: 0.9190 Generation: 0

Generation 2
Average: 0.8988 Best: 0.9140
Best Individual: 
C0 169|124|233|253|31|46|93|74|221|13|9|217|88|234|156|110|156|9|142|18|83|97|37|232|151|224|95|208|220|49|144|124|234|82|161|21|36|193|33|209|139|145|82|183|59|161|106|112|51|106|252|44|5|68|175|64|102|157|42|236|163|123|65|61|239|168|123|212|228|68|70|241|152|163|176|193|23|227|10|216|129|236|55|31|73|148|254|191|218|174|36|222|191|49|121|24|91|87|68|9|11|246|81|213|37|15|177|40|46|61|91|37|74|224|128|149|74|251|210|124|71|22|35|84|231|150|135|194|29|37|90|103|70|131|237|156|137|117|173|226|84|118|132|188|47|75|15|91|250|119|97|158|149|220|163|63|181|168|21|104|233|31|139|146|61|116|219|231|35|146|171|90|123|160|20|3|169|160|201|18|1|19|223|88|135|96|112|6|62|138|167|173|112|52|215|119|187|187|64|65|161|197|216|156|237|14|201|66|13|97|157|102|109|121|135|192|204|73|7|178|66|180|72|243|179|83|125|73|151|242|67|56|107|205|31|116|254|198|124|29|201|186|26|147|208|228|53|183|165|191|141|98|192|162|165|187|
Overall Best: 0.9190 Generation: 0

Generation 3
Average: 0.8999 Best: 0.9121
Best Individual: 
C0 61|167|200|50|114|73|126|66|96|48|62|91|75|127|168|211|85|41|6|118|20|38|119|29|147|136|47|45|148|250|166|98|177|9|161|21|36|193|33|209|139|145|82|183|59|161|106|112|51|106|252|44|5|68|175|64|163|119|42|236|163|123|65|61|239|168|123|212|228|68|70|241|13|163|127|193|23|227|10|216|129|236|55|37|55|148|254|191|218|174|70|222|191|49|121|24|91|87|68|9|11|246|81|213|37|15|177|40|46|61|91|37|93|224|127|149|74|75|210|124|71|22|35|84|231|150|135|194|29|37|90|103|70|131|237|156|137|117|173|226|84|118|132|188|47|223|15|91|250|223|97|158|149|220|163|63|181|168|21|104|233|31|139|146|61|116|35|231|35|146|129|155|123|160|20|3|169|160|201|18|1|143|11|151|17|93|208|183|5|228|172|82|127|47|47|225|171|18|108|62|45|26|189|40|145|161|79|13|150|249|22|232|183|5|111|179|180|14|41|74|135|50|93|6|11|74|15|65|221|112|180|11|138|189|102|12|172|1|14|187|238|247|181|139|9|123|113|238|117|170|6|69|155|158|198|242|
Overall Best: 0.9190 Generation: 0

Generation 4
Average: 0.9017 Best: 0.9146
Best Individual: 
C0 205|194|251|113|222|106|235|62|59|255|198|143|49|12|74|175|97|85|105|224|207|6|98|176|9|110|13|154|34|87|174|148|115|91|210|83|242|21|76|85|176|29|205|43|75|178|97|246|127|86|187|129|6|162|69|80|10|126|157|216|153|94|205|176|108|1|46|161|254|223|164|251|250|148|120|203|207|143|225|188|184|22|196|174|199|60|106|163|165|160|59|82|110|9|197|76|249|97|39|96|218|22|24|85|166|182|201|202|246|101|10|208|7|168|156|179|79|202|137|233|211|132|139|158|163|62|56|71|35|1|34|191|23|28|171|66|62|211|197|119|187|203|100|8|209|31|180|187|131|58|222|197|111|6|229|129|123|78|92|186|142|173|250|116|209|22|138|20|63|41|221|63|96|122|100|17|139|160|84|59|109|251|80|241|14|103|179|30|56|156|106|48|120|181|70|47|195|193|218|234|20|128|169|253|109|248|244|94|70|33|16|148|193|139|42|53|247|27|12|241|74|115|98|126|130|134|30|35|204|36|128|68|119|95|228|107|55|104|170|228|237|41|156|238|46|243|94|8|98|216|168|130|226|78|47|36|
Overall Best: 0.9190 Generation: 0

Generation 5
Average: 0.9027 Best: 0.9159
Best Individual: 
C0 82|66|135|253|79|104|34|69|103|50|143|154|4|204|56|28|51|218|126|149|138|234|46|40|224|55|196|81|255|178|101|115|253|252|240|0|60|103|80|25|213|128|180|51|117|161|80|112|222|106|87|1|198|117|6|208|19|248|19|1|49|107|185|122|50|231|181|130|98|66|198|41|95|163|171|251|12|13|148|67|8|245|74|245|10|128|161|175|11|100|245|118|242|77|246|178|129|9|45|66|177|101|190|92|38|191|200|39|171|224|255|237|255|223|150|201|193|72|82|190|180|69|189|106|10|70|225|134|135|237|236|177|61|53|134|183|205|9|219|11|0|94|51|140|105|57|52|234|210|125|149|63|94|246|195|122|52|125|240|80|164|198|70|28|219|235|101|243|222|237|239|221|185|12|22|130|191|47|36|172|130|58|40|208|19|19|44|32|206|96|7|178|30|19|17|85|40|158|129|22|161|24|102|190|145|161|37|13|150|18|22|232|146|168|111|179|180|160|30|74|85|60|136|239|192|74|47|65|221|137|61|11|138|189|102|118|148|1|14|10|59|132|174|139|9|123|113|120|71|170|26|151|192|214|156|220|
Overall Best: 0.9190 Generation: 0

Generation 6
Average: 0.9041 Best: 0.9140
Best Individual: 
C0 99|134|114|218|186|41|249|9|225|13|9|211|88|188|222|110|108|9|57|18|83|97|37|232|151|224|95|21|220|139|144|124|38|129|161|132|36|193|33|124|139|161|82|183|59|161|201|112|51|106|252|44|5|228|9|64|163|119|42|220|6|123|65|26|161|38|160|212|208|101|70|241|127|163|67|193|23|227|138|151|129|123|55|37|55|148|254|187|218|174|70|222|191|49|121|24|91|87|68|236|43|23|184|246|112|232|124|25|139|84|227|191|64|143|148|56|189|81|163|135|79|11|111|46|84|206|18|132|161|111|153|238|255|90|75|38|166|171|214|111|250|229|7|32|182|146|39|34|85|105|128|199|42|12|144|158|12|244|240|122|1|198|142|143|30|235|86|126|172|237|116|3|180|196|121|130|191|20|36|12|167|117|240|90|69|219|151|239|217|150|212|178|102|58|215|241|187|85|165|65|161|102|38|115|237|14|247|66|31|113|175|102|109|167|135|192|204|252|7|183|101|211|11|243|179|174|138|73|62|194|166|56|107|243|122|116|254|250|109|211|117|186|26|147|47|159|164|56|239|97|217|63|35|132|165|120|
Overall Best: 0.9190 Generation: 0

Generation 7
Average: 0.9035 Best: 0.9190
Best Individual: 
C0 24|230|147|50|114|8|185|66|177|48|62|91|102|127|78|211|85|36|80|42|20|38|119|29|147|136|76|65|124|250|166|233|177|9|53|202|191|95|188|95|75|12|181|84|237|199|207|89|249|238|60|1|120|141|129|215|179|216|126|250|103|210|175|120|44|79|136|168|144|219|187|196|164|206|121|236|8|240|91|142|235|206|40|145|73|165|236|19|10|169|61|223|116|90|25|162|90|10|229|236|43|236|184|246|74|114|124|50|81|79|255|177|13|192|245|27|230|81|163|176|149|24|65|78|194|220|61|88|218|137|131|224|156|237|16|131|40|206|231|180|139|82|176|160|132|69|92|74|136|143|209|41|18|95|185|158|86|140|188|65|135|153|166|183|53|247|206|242|3|54|21|247|122|202|191|245|34|205|132|1|23|63|11|62|17|93|160|183|5|96|236|253|127|47|123|214|171|18|108|62|45|26|189|89|145|161|79|244|150|37|49|6|183|5|242|91|113|209|194|64|104|50|98|32|11|74|249|65|221|4|180|153|138|67|102|12|142|92|14|187|238|106|95|139|9|123|143|238|117|73|6|208|155|47|198|242|
Overall Best: 0.9190 Generation: 0

Generation 8
Average: 0.9045 Best: 0.9203
Best Individual: 
C0 205|103|43|3|66|225|254|62|59|255|144|143|49|211|160|175|97|85|105|224|207|108|98|176|9|197|92|154|101|87|174|222|235|207|95|135|242|21|76|85|129|29|205|43|75|178|97|171|127|164|234|1|11|181|23|211|38|83|139|127|106|43|109|174|11|190|148|83|126|141|252|50|164|227|114|53|237|41|74|161|166|171|224|180|208|203|118|202|57|16|211|22|92|204|16|170|58|76|75|151|65|10|244|146|64|47|158|34|160|99|159|84|162|128|194|229|13|79|159|196|106|38|62|93|108|12|50|168|77|140|59|193|59|93|243|162|106|122|244|245|17|136|189|145|187|27|42|22|123|7|80|116|4|213|227|154|243|140|13|13|239|251|80|229|124|32|31|199|238|68|21|75|77|128|160|46|215|38|110|240|29|228|161|107|165|205|54|216|6|201|203|233|30|149|176|63|187|41|148|235|45|103|128|239|80|125|201|155|48|135|56|52|224|182|156|112|36|133|238|88|110|193|86|157|129|169|62|217|91|135|142|39|2|132|224|10|250|105|64|0|79|131|127|242|153|47|32|74|235|146|25|28|226|78|47|36|
Overall Best: 0.9203 Generation: 8

Generation 9
Average: 0.9045 Best: 0.9165
Best Individual: 
C0 24|230|147|50|114|237|5|66|177|154|62|91|102|110|78|211|85|193|184|42|20|38|119|29|147|136|76|65|124|250|141|233|177|9|53|202|191|95|188|95|75|12|181|84|107|199|90|229|249|238|60|84|120|141|129|215|179|216|75|250|103|210|95|120|44|126|136|168|144|126|187|196|164|232|121|236|8|240|91|142|54|206|40|145|73|165|183|19|173|169|61|223|126|237|106|162|90|220|229|236|145|33|184|246|208|114|124|170|81|79|255|177|13|192|245|27|230|81|163|188|116|24|65|78|194|235|66|88|3|137|131|224|156|237|16|131|40|206|231|131|139|82|47|160|132|69|92|74|202|105|209|41|18|152|162|158|86|105|188|65|135|153|166|183|53|247|206|242|3|54|21|247|122|202|79|245|34|170|132|124|23|63|11|20|17|93|160|183|5|96|236|253|127|56|123|214|171|18|108|62|45|26|189|89|145|161|79|177|150|37|79|6|183|5|242|5|162|209|194|64|31|50|64|32|22|74|249|65|221|4|180|153|138|67|102|83|142|176|14|187|230|106|95|139|9|123|143|113|117|73|6|208|155|47|198|242|
Overall Best: 0.9203 Generation: 8

Generation 10
Average: 0.9052 Best: 0.9159
Best Individual: 
C0 24|230|147|50|114|237|5|66|177|170|62|91|102|240|78|211|85|193|184|42|138|38|119|29|147|136|76|65|124|250|141|89|177|9|53|229|191|95|188|95|75|12|181|84|107|199|90|229|249|238|60|84|120|141|49|215|179|216|75|250|103|57|95|120|44|126|136|168|144|126|187|196|164|232|121|236|8|240|91|142|54|190|40|145|73|165|183|19|173|169|61|223|126|237|106|162|90|220|229|236|145|33|184|246|208|114|124|170|81|79|255|177|13|192|245|35|230|81|163|188|116|24|65|78|194|235|66|88|3|128|131|224|156|237|16|131|40|206|231|131|139|250|47|160|132|69|92|74|202|105|209|41|18|152|162|158|86|105|188|65|135|153|166|183|53|247|206|242|3|54|21|247|122|202|79|245|34|170|132|124|23|63|11|20|17|93|160|183|5|96|58|253|127|56|123|214|171|18|108|62|45|26|189|89|145|5|136|177|114|37|79|6|148|5|242|5|72|209|194|136|31|50|64|32|22|74|249|65|221|4|180|176|138|67|102|83|142|176|14|187|230|106|95|139|9|123|143|113|250|73|6|208|155|65|198|242|
Overall Best: 0.9203 Generation: 8

Generation 11
Average: 0.9059 Best: 0.9203
Best Individual: 
C0 24|230|147|50|35|106|169|23|128|255|88|122|49|139|160|168|97|85|107|224|207|119|13|176|9|195|92|127|172|11|34|25|47|207|222|81|35|21|38|85|129|29|205|43|166|139|176|76|110|226|234|120|102|229|194|49|30|189|225|127|220|210|142|174|11|190|132|126|98|195|96|41|95|123|208|245|12|13|247|67|79|245|74|245|10|140|6|175|159|25|245|45|242|3|246|178|101|9|45|66|177|66|190|154|135|191|200|15|171|224|255|93|255|6|91|100|4|148|210|45|71|88|35|84|231|80|180|121|29|37|193|187|54|131|237|10|240|86|16|146|57|122|88|16|47|223|15|91|118|198|217|229|2|113|78|198|128|74|136|236|229|154|18|174|255|50|38|102|34|186|45|79|126|198|118|214|235|52|185|83|82|225|177|78|172|230|35|232|165|80|190|245|180|61|123|209|171|18|108|62|104|26|17|202|43|161|79|230|150|37|49|6|183|5|242|192|63|252|7|183|145|171|192|36|67|83|237|73|62|210|166|56|216|63|122|83|55|104|170|126|237|41|156|106|9|111|90|238|117|27|218|208|155|248|198|242|
Overall Best: 0.9203 Generation: 8

Generation 12
Average: 0.9059 Best: 0.9203
Best Individual: 
C0 87|194|117|194|222|183|158|62|59|255|144|143|151|108|182|175|97|85|105|224|207|157|98|82|9|52|136|100|34|87|174|122|115|12|95|135|242|253|200|3|57|29|205|43|75|178|97|52|127|179|15|245|229|120|175|144|185|14|161|236|21|123|65|80|239|109|212|107|143|209|252|241|54|163|77|79|23|35|63|98|209|110|55|31|98|148|236|109|19|174|36|114|191|123|199|24|91|68|165|110|11|166|252|213|113|15|106|211|38|61|238|2|179|12|43|195|90|61|153|0|193|217|41|84|173|53|67|101|168|37|90|236|70|131|237|11|227|117|246|109|159|31|85|152|47|147|176|132|148|168|97|158|149|88|163|71|184|73|242|75|173|31|139|146|20|93|218|231|49|146|171|90|254|228|49|3|57|160|201|154|214|118|167|98|135|220|112|216|78|138|65|250|26|105|30|124|221|109|108|62|45|213|38|40|115|161|62|244|228|249|49|3|152|5|242|54|233|94|41|171|5|205|93|73|90|74|249|65|197|71|180|11|195|181|122|12|15|92|14|187|65|106|127|242|153|47|32|74|235|182|230|28|226|78|119|36|
Overall Best: 0.9203 Generation: 8

Generation 13
Average: 0.9057 Best: 0.9209
Best Individual: 
C0 75|194|193|18|222|228|6|62|59|91|88|162|49|211|160|207|71|85|5|224|188|157|10|98|9|148|169|154|34|175|174|131|115|132|95|143|242|21|76|150|167|29|96|102|75|178|97|130|127|46|15|139|110|181|23|189|34|189|221|225|80|171|246|174|185|190|148|83|43|255|104|50|164|206|114|53|237|41|129|161|151|50|29|82|209|203|118|202|57|235|163|128|12|63|229|170|58|51|68|10|11|231|81|102|248|103|177|40|113|71|175|108|109|88|218|121|74|75|172|38|166|221|67|51|246|99|246|101|14|225|211|172|82|233|155|190|113|117|200|29|124|110|227|138|108|161|73|191|177|149|157|145|55|198|139|68|140|208|254|157|32|254|192|157|212|53|212|155|224|137|206|25|7|94|44|235|12|169|18|69|46|99|4|136|102|73|17|151|236|72|78|170|39|114|184|212|187|41|148|134|85|159|82|239|80|239|135|242|48|135|56|111|59|5|178|91|137|209|194|64|5|188|36|207|129|28|62|244|66|23|142|39|2|243|144|10|250|49|64|0|79|13|150|239|153|50|32|170|235|146|20|28|226|169|47|36|
Overall Best: 0.9209 Generation: 13

Generation 14
Average: 0.9044 Best: 0.9190
Best Individual: 
C0 75|194|193|18|222|228|6|62|59|91|212|162|49|211|160|207|71|85|5|224|188|157|10|8|9|148|169|154|34|175|174|131|115|234|95|143|242|110|76|150|167|29|96|102|75|210|97|130|127|46|15|70|110|181|23|189|34|189|221|50|80|171|246|174|185|190|148|83|43|255|104|50|164|206|114|53|237|41|129|161|110|50|29|82|209|203|118|202|57|235|163|128|12|63|229|170|58|210|68|10|11|231|81|102|248|103|177|40|222|71|175|108|109|88|218|121|74|75|172|38|166|221|193|51|246|99|246|101|14|69|211|172|82|233|155|190|113|117|200|29|124|234|227|138|108|161|73|191|177|149|157|145|55|198|139|68|140|208|254|157|32|254|192|157|212|53|205|155|224|137|206|25|7|94|44|235|229|169|18|69|46|205|4|136|102|94|17|151|236|72|78|170|39|114|184|212|187|41|148|134|243|159|82|32|80|239|135|242|154|135|56|111|123|5|178|91|137|209|194|64|5|188|36|207|129|28|62|244|66|23|34|39|2|243|189|10|250|57|64|53|79|13|150|239|153|50|32|170|235|146|145|28|226|169|47|36|
Overall Best: 0.9209 Generation: 13

Generation 15
Average: 0.9062 Best: 0.9178
Best Individual: 
C0 230|83|238|78|85|173|115|9|252|21|82|224|84|208|188|42|122|113|207|186|205|167|234|100|254|8|51|78|159|129|154|87|47|207|222|81|35|235|38|240|129|29|205|175|166|139|176|76|110|211|234|107|176|96|216|77|185|31|196|225|165|175|132|42|53|247|148|35|126|254|110|241|54|163|77|193|79|35|143|98|209|205|55|31|176|148|81|109|181|174|36|114|47|123|221|68|148|68|98|161|11|187|76|213|49|33|106|208|38|61|216|59|40|12|43|195|110|180|168|0|189|52|41|236|120|53|135|101|5|244|90|69|70|131|237|23|79|117|234|109|138|78|178|79|47|232|1|17|148|119|176|87|101|154|67|198|7|26|136|165|165|124|18|136|255|188|219|52|181|48|45|168|140|198|209|43|65|144|17|135|205|184|227|41|172|230|35|49|15|79|190|179|104|159|54|77|44|25|131|238|222|207|182|98|24|222|193|162|250|29|106|34|143|63|70|197|114|90|160|59|201|22|80|255|12|112|79|246|135|3|18|101|218|211|154|168|142|173|14|11|238|182|200|185|111|182|58|139|43|193|78|63|3|249|252|162|
Overall Best: 0.9209 Generation: 13

Generation 16
Average: 0.9079 Best: 0.9184
Best Individual: 
C0 72|230|106|182|29|237|126|66|200|48|164|221|41|44|103|194|85|176|189|147|102|38|103|29|166|194|51|45|148|224|103|35|98|9|161|164|107|48|166|185|97|145|82|41|196|161|188|49|107|106|252|250|194|78|175|215|53|206|75|54|15|179|177|254|44|126|136|168|144|126|169|143|193|232|121|172|8|5|169|145|145|200|40|114|249|169|72|85|173|169|231|223|126|237|106|216|90|220|209|230|100|33|148|246|208|36|124|75|81|79|255|177|237|192|245|27|67|81|154|188|116|24|65|78|47|141|41|11|112|137|217|70|82|18|149|93|181|254|16|171|145|78|44|161|60|37|148|12|177|188|165|176|125|139|222|170|149|61|166|55|154|125|129|62|65|158|251|231|242|71|233|37|59|74|67|3|182|205|68|18|94|28|32|13|129|223|211|6|124|2|229|165|112|34|75|206|187|50|132|168|47|102|38|170|142|75|247|42|98|113|38|101|153|170|242|5|25|209|194|60|31|219|176|10|170|160|157|192|70|118|234|101|151|141|136|221|146|145|82|52|41|75|231|116|123|135|148|139|117|73|163|46|132|110|198|242|
Overall Best: 0.9209 Generation: 13

Generation 17
Average: 0.9082 Best: 0.9196
Best Individual: 
C0 42|230|106|182|229|237|126|30|200|48|164|221|41|44|103|194|193|176|45|147|102|38|103|29|166|194|51|45|148|224|103|122|98|9|161|164|193|48|166|185|97|145|141|41|196|161|188|49|107|106|252|250|194|128|188|215|53|206|75|38|186|179|177|87|44|126|136|168|144|126|169|186|193|232|121|172|8|5|5|145|145|121|40|114|249|169|72|85|173|131|66|254|231|141|192|252|90|220|209|230|100|33|148|246|99|36|124|75|81|79|255|177|7|192|245|27|67|81|154|188|116|24|65|78|47|141|41|11|112|137|217|70|82|18|149|93|181|254|149|171|145|78|44|161|164|37|148|12|177|188|165|176|125|139|222|117|149|61|166|55|134|125|129|62|238|158|251|231|242|71|233|37|59|74|122|3|182|205|68|18|94|28|32|197|129|223|211|6|124|2|229|165|112|34|75|206|187|50|102|168|47|188|38|170|142|75|247|42|98|113|83|101|153|170|242|5|25|209|194|60|31|219|176|10|170|160|157|192|70|118|234|101|151|141|136|221|146|145|82|52|41|75|231|116|123|135|148|139|117|73|163|46|132|110|198|242|
Overall Best: 0.9209 Generation: 13

Generation 18
Average: 0.9066 Best: 0.9253
Best Individual: 
C0 42|56|106|182|229|237|126|93|200|48|164|221|41|44|103|64|193|176|45|147|102|38|103|29|166|194|85|225|148|224|23|122|98|9|161|164|193|48|166|185|97|145|141|41|214|161|188|49|107|106|252|250|194|128|188|1|53|206|75|38|186|179|178|87|44|126|136|168|144|126|169|186|193|232|251|172|8|5|200|145|145|121|40|114|249|169|72|85|173|131|66|254|231|141|192|252|252|220|209|230|100|33|148|123|99|36|55|75|81|79|255|177|159|192|245|27|67|81|69|102|47|24|65|78|47|141|41|11|112|137|217|70|82|18|149|93|181|147|149|171|145|78|44|161|67|37|148|12|177|188|165|176|125|139|222|83|149|61|166|55|34|114|19|205|65|21|95|231|146|228|104|22|75|152|44|245|195|165|211|176|8|109|11|51|145|26|17|185|68|106|242|24|71|114|100|125|48|243|198|150|243|159|60|239|80|8|111|66|70|216|10|76|124|215|58|46|6|219|140|74|205|219|176|76|170|160|157|192|70|118|234|101|151|6|136|221|14|145|82|52|41|84|231|116|123|135|148|139|117|73|163|46|132|65|198|242|
Overall Best: 0.9253 Generation: 18

Generation 19
Average: 0.9063 Best: 0.9203
Best Individual: 
C0 42|230|106|182|229|237|126|30|200|48|224|221|41|44|103|194|193|33|45|147|102|104|103|29|166|56|51|45|83|224|103|122|98|244|161|159|193|16|166|185|97|145|141|186|196|64|188|49|162|106|252|250|194|128|188|215|53|206|75|206|28|226|109|50|96|230|194|46|43|30|237|50|164|171|58|180|40|113|63|1|166|161|30|180|208|203|207|202|71|110|45|0|120|34|141|117|90|220|229|155|100|33|57|217|40|65|211|125|81|79|161|177|184|192|245|198|99|106|154|65|39|24|88|244|47|142|151|11|112|137|137|172|82|6|149|93|27|62|104|171|145|78|44|234|89|37|148|12|177|188|165|176|125|139|222|117|42|204|61|55|134|125|129|62|238|158|251|231|242|71|233|37|117|74|122|3|182|205|68|245|94|28|32|197|129|223|219|6|124|2|229|77|112|34|75|206|187|50|102|168|47|188|160|187|142|75|230|42|98|113|67|101|153|170|242|5|25|209|194|60|121|219|176|10|170|160|241|192|70|118|234|101|151|168|136|72|146|145|82|52|200|75|231|116|123|135|148|139|117|137|163|46|37|110|198|242|
Overall Best: 0.9253 Generation: 18
==================
    Best individual after 20 generations
    computed in 3,501.4180 seconds
    1474 elements out of 1593 correct.
    emerged in generation 18
    with fitness 0.9253
==================

