Starting evolution...

Generation 0
Average: 0.8954 Best: 0.9121
Best Individual: 
C0 195|142|172|3|206|5|6|7|249|59|110|11|230|13|83|9|166|17|18|19|20|154|22|103|186|29|26|27|28|25|30|49|32|33|34|228|36|37|38|193|151|41|222|43|211|171|238|67|48|72|50|94|115|23|54|71|202|51|15|77|60|61|85|63|250|65|66|74|182|69|82|4|16|0|167|212|76|58|128|2|217|81|239|14|24|62|209|176|88|89|90|177|205|40|31|145|78|97|98|99|219|247|47|170|248|105|231|116|108|109|1|111|113|112|114|52|91|117|118|165|133|121|122|237|200|175|126|160|240|129|57|157|132|178|134|135|136|137|138|139|120|141|10|80|144|95|229|155|148|149|204|93|152|153|216|68|156|44|102|159|56|161|162|107|164|119|130|163|168|189|35|45|79|173|92|86|125|169|174|179|180|214|146|183|184|12|84|124|188|70|190|221|192|21|143|73|242|197|198|199|235|39|127|203|196|147|55|191|208|87|210|140|150|213|226|236|253|194|218|252|187|8|131|223|254|234|181|227|207|64|185|75|232|233|225|96|215|42|46|220|123|241|106|243|244|245|246|100|104|53|158|251|101|201|224|255|
Overall Best: 0.9121 Generation: 0

Generation 1
Average: 0.9010 Best: 0.9140
Best Individual: 
C0 142|244|92|37|35|231|204|7|8|9|192|20|12|99|75|15|109|62|97|40|43|81|22|23|64|107|114|27|239|61|212|98|116|207|28|3|70|39|38|194|221|41|42|193|44|153|93|101|11|224|21|67|102|161|54|255|227|241|122|56|182|29|151|237|154|31|10|177|73|158|167|71|72|68|74|225|76|77|78|240|30|96|59|83|84|85|86|251|55|234|124|91|2|144|94|254|0|103|104|129|223|47|24|146|5|222|69|50|17|187|34|111|112|113|184|197|90|60|65|210|105|188|178|95|133|125|126|127|128|36|165|190|139|131|230|135|136|137|138|132|140|141|176|33|100|145|238|147|148|149|106|108|152|191|130|155|199|252|26|159|160|118|162|88|150|66|166|123|4|169|57|171|172|25|174|168|246|6|13|179|180|58|202|249|198|185|80|175|205|189|52|32|49|18|63|195|156|89|181|46|200|216|163|203|117|243|186|236|1|209|87|121|110|173|48|215|213|196|218|219|220|226|232|164|143|14|250|53|228|51|134|19|82|201|16|235|115|120|214|206|242|208|79|211|170|245|229|247|248|183|157|119|233|253|45|217|
Overall Best: 0.9140 Generation: 1

Generation 2
Average: 0.9033 Best: 0.9146
Best Individual: 
C0 0|1|134|3|157|67|99|72|8|229|10|11|12|147|14|80|16|79|18|19|181|139|160|66|241|84|234|237|81|109|30|240|32|219|34|4|101|5|51|63|40|163|42|76|231|45|59|47|179|135|29|207|216|87|247|209|173|23|49|70|60|17|44|232|167|36|138|24|233|69|220|149|117|199|74|171|169|184|78|61|7|195|82|83|25|235|65|178|88|89|22|91|92|110|94|248|96|97|98|191|221|6|193|93|146|85|153|107|227|166|230|90|155|253|54|188|116|43|28|119|58|121|177|104|168|125|52|127|196|129|130|131|239|133|152|64|136|217|156|68|228|197|142|143|144|243|244|86|202|194|238|105|53|100|154|112|41|176|183|159|170|161|27|20|31|56|218|151|214|145|126|165|190|9|174|102|236|208|200|21|124|223|182|77|38|48|122|187|115|189|203|175|192|120|2|57|205|123|198|46|132|201|35|118|206|128|180|148|225|55|210|211|204|213|71|140|249|186|150|33|224|255|222|162|212|141|226|108|172|158|215|62|39|37|26|164|103|113|50|246|75|185|242|13|73|245|137|114|95|15|250|251|252|111|254|106|
Overall Best: 0.9146 Generation: 2

Generation 3
Average: 0.9046 Best: 0.9153
Best Individual: 
C0 0|43|46|182|240|61|213|15|26|21|195|11|205|47|117|145|192|109|126|119|113|165|226|52|56|33|44|50|169|141|48|135|97|243|70|242|127|12|123|30|229|144|19|186|140|95|57|163|107|49|253|20|118|150|54|92|71|18|174|133|147|199|219|63|64|212|180|241|108|37|41|39|58|250|74|75|76|235|255|79|80|187|211|173|84|90|86|106|128|114|24|154|137|252|230|166|10|69|251|249|32|40|6|185|225|179|155|105|239|215|62|111|112|104|81|45|210|161|134|125|181|83|175|168|124|60|138|201|88|208|121|131|132|34|35|246|98|188|254|143|221|100|120|139|209|78|65|66|146|94|8|190|152|158|198|157|156|149|91|73|223|55|162|116|177|189|2|7|171|28|170|214|244|130|5|93|68|51|172|228|4|142|153|53|184|248|176|136|202|129|218|191|102|193|234|122|231|14|224|72|103|25|237|203|151|110|206|207|204|194|17|38|160|27|148|59|216|217|115|99|220|23|222|31|167|200|22|238|159|1|89|77|232|197|82|183|196|178|29|233|85|67|42|13|96|227|164|247|9|101|36|245|87|16|3|236|
Overall Best: 0.9153 Generation: 3

Generation 4
Average: 0.9043 Best: 0.9127
Best Individual: 
C0 161|244|16|37|67|69|204|7|166|9|192|20|12|99|75|207|55|62|143|163|43|70|141|23|145|107|118|27|239|168|213|98|59|15|28|245|101|39|48|194|188|108|3|193|44|72|93|129|11|224|21|35|102|183|46|56|227|241|122|255|24|29|151|237|154|31|90|177|73|158|167|139|153|136|74|225|76|77|78|92|30|96|215|83|84|216|86|250|109|234|124|91|212|144|60|254|0|238|104|81|223|54|106|210|165|208|195|50|182|187|34|111|58|156|184|197|242|94|249|49|105|146|178|95|47|125|155|127|36|26|5|61|148|131|230|135|68|137|160|132|140|22|176|222|100|41|103|147|71|149|17|14|159|191|114|247|199|252|2|152|142|130|162|33|150|97|8|123|4|198|57|171|172|25|174|190|246|6|13|179|180|112|202|200|181|185|80|134|128|189|52|32|221|18|63|231|113|89|226|133|65|85|40|203|117|243|1|236|228|79|87|82|110|173|38|116|205|196|218|219|220|169|232|164|66|64|251|53|186|51|175|19|121|201|240|235|115|120|214|206|10|138|209|211|170|42|229|126|248|88|157|119|233|253|45|217|
Overall Best: 0.9153 Generation: 3

Generation 5
Average: 0.9053 Best: 0.9190
Best Individual: 
C0 161|244|88|37|67|69|99|78|85|175|204|53|118|192|222|188|253|211|38|87|194|163|140|25|250|121|119|148|28|171|143|80|74|73|239|245|101|39|48|141|207|108|251|193|44|72|93|129|11|12|21|0|102|183|46|56|62|241|122|255|24|29|151|42|154|31|237|177|15|32|167|229|153|136|226|225|76|77|58|92|30|96|215|83|17|216|86|233|109|198|124|91|212|144|60|254|35|238|75|81|223|150|106|210|165|234|195|50|182|187|94|111|7|156|184|197|242|34|249|49|105|146|178|95|47|125|155|127|36|26|5|61|27|131|230|135|90|176|160|132|43|22|137|68|100|41|103|147|71|149|179|14|159|191|114|247|199|252|2|152|142|130|162|33|1|97|128|123|4|208|57|168|172|23|174|190|246|6|13|84|180|112|202|200|181|185|98|134|8|189|52|158|221|18|63|231|113|89|59|133|65|166|40|203|117|243|54|236|228|79|248|82|110|173|104|116|205|196|218|219|220|169|232|164|66|64|3|20|186|51|9|19|107|201|240|235|115|120|214|206|10|138|209|227|170|213|139|126|70|16|157|224|145|55|45|217|
Overall Best: 0.9190 Generation: 5

Generation 6
Average: 0.9055 Best: 0.9159
Best Individual: 
C0 241|244|88|37|228|69|99|78|167|175|160|53|118|168|222|188|253|211|38|87|208|163|140|81|250|121|126|148|28|171|143|80|74|73|239|245|101|105|48|141|203|108|251|193|44|72|93|129|11|12|21|0|102|183|46|56|62|161|122|255|24|29|103|42|154|31|237|177|14|32|85|229|153|136|226|220|76|77|58|92|30|96|215|83|17|216|86|233|109|198|185|91|169|144|60|254|35|238|75|25|223|150|106|210|165|234|195|50|182|187|94|111|7|156|184|197|242|34|249|145|39|146|178|252|47|125|155|127|36|26|5|61|27|131|230|135|90|176|204|132|43|98|137|68|100|41|151|147|71|201|179|15|159|191|114|247|199|95|218|152|142|130|162|33|1|97|128|123|4|194|57|192|172|23|174|190|246|6|13|84|180|112|202|200|181|124|49|134|8|189|52|158|221|18|63|231|113|89|59|133|65|166|40|207|117|243|54|236|67|79|248|82|110|173|104|116|205|196|2|219|225|212|232|164|66|64|3|20|186|51|9|19|107|149|240|235|115|120|214|206|10|138|209|227|170|213|139|119|70|16|157|224|22|55|45|217|
Overall Best: 0.9190 Generation: 5

Generation 7
Average: 0.9056 Best: 0.9222
Best Individual: 
C0 113|42|172|83|144|115|29|31|48|215|25|192|46|13|182|6|123|235|18|26|38|22|95|135|176|232|117|27|28|163|246|49|85|78|34|36|242|37|61|35|76|186|72|43|224|145|175|14|12|120|23|216|238|244|247|10|0|161|211|165|177|88|62|251|87|68|164|100|89|193|222|180|195|134|188|187|65|196|142|203|53|81|64|185|156|166|209|207|143|45|91|86|105|110|30|218|33|189|67|4|217|77|47|157|70|137|198|116|108|109|44|111|155|51|114|52|214|152|229|124|153|121|122|162|181|3|140|138|240|73|179|19|170|178|223|106|220|98|194|230|79|84|150|15|139|75|151|221|148|254|228|147|227|41|252|59|255|190|54|167|200|101|197|92|21|118|204|5|183|66|174|136|74|7|32|133|206|126|96|39|58|154|99|160|210|90|141|241|60|248|131|93|11|250|237|9|205|239|173|57|168|63|132|112|80|129|97|191|208|102|231|146|17|213|104|149|253|24|130|184|201|199|158|40|236|94|107|245|16|82|212|56|234|1|202|119|249|169|71|103|243|233|69|225|159|20|50|2|125|226|128|171|127|8|55|219|
Overall Best: 0.9222 Generation: 7

Generation 8
Average: 0.9057 Best: 0.9159
Best Individual: 
C0 160|246|6|27|53|153|174|91|8|73|177|50|236|245|112|5|233|240|10|11|26|182|185|43|106|82|231|158|52|95|15|89|243|36|87|74|3|235|83|194|247|176|168|162|145|39|46|70|37|230|178|64|131|78|190|210|97|56|9|59|169|62|239|248|133|155|201|249|120|179|215|77|227|129|75|19|16|242|79|136|80|217|105|107|139|163|34|96|63|218|159|58|25|167|111|205|130|2|161|189|192|101|66|142|196|113|171|213|22|44|229|40|146|251|138|102|24|116|118|254|12|216|238|170|143|193|207|180|188|92|128|0|48|211|228|135|232|147|67|68|127|141|108|20|234|144|220|42|103|121|23|134|88|90|32|126|45|222|212|224|115|181|54|149|94|165|84|200|137|29|93|72|114|202|140|35|225|175|204|255|191|100|154|157|109|122|65|47|7|99|206|219|38|252|4|197|57|41|13|17|61|152|18|71|76|253|151|81|208|55|241|195|226|86|237|250|199|51|156|148|150|1|124|132|203|125|187|186|214|119|209|21|49|184|60|172|244|104|85|166|14|123|117|98|221|33|223|198|30|28|183|110|31|164|173|69|
Overall Best: 0.9222 Generation: 7

Generation 9
Average: 0.9061 Best: 0.9171
Best Individual: 
C0 161|244|88|37|130|69|56|95|85|235|204|53|127|192|6|153|168|211|38|106|121|163|225|25|3|190|156|29|245|171|20|80|206|73|239|207|181|39|81|66|140|108|251|193|227|135|93|9|202|12|21|152|102|8|46|164|5|241|122|255|166|149|220|42|154|31|237|136|15|63|167|229|179|222|231|28|76|132|58|92|30|96|70|83|145|216|86|143|223|198|124|91|212|144|203|254|32|238|186|142|104|150|16|147|176|90|131|50|182|187|60|111|74|0|184|19|242|34|249|49|155|1|129|252|232|22|105|118|36|26|125|61|98|195|230|72|234|165|45|99|43|62|191|123|100|41|103|210|71|173|17|14|11|64|94|178|199|113|2|141|48|224|201|33|146|4|115|68|177|208|57|253|172|23|174|117|246|77|89|84|197|112|159|200|101|175|51|134|183|189|52|107|185|18|35|126|158|13|59|133|233|24|205|120|44|243|54|219|67|194|248|82|75|137|109|151|40|196|218|236|215|209|47|139|240|116|250|65|226|27|78|180|97|148|119|221|128|162|247|87|10|138|79|169|170|213|214|110|114|7|55|228|157|188|160|217|
Overall Best: 0.9222 Generation: 7

Generation 10
Average: 0.9059 Best: 0.9215
Best Individual: 
C0 161|234|209|37|122|220|78|86|252|152|33|53|176|19|253|182|168|185|38|131|109|145|67|25|3|44|237|4|51|171|20|120|77|172|173|231|15|31|81|150|216|108|116|22|227|17|89|36|254|34|194|117|28|5|184|228|46|57|130|244|103|224|201|138|95|188|119|187|112|45|21|238|151|225|175|156|74|11|243|233|80|55|39|219|106|47|154|240|186|48|245|153|123|79|94|251|196|140|88|235|197|230|102|50|179|136|96|246|207|92|66|178|8|9|229|127|193|142|59|40|167|199|84|85|118|242|24|56|71|114|101|93|205|121|60|134|255|124|82|200|7|192|137|159|195|29|13|49|189|250|143|236|180|90|125|149|111|27|42|61|52|198|69|100|62|68|128|160|206|170|35|165|147|2|16|70|158|177|223|1|204|63|129|75|87|190|248|99|157|0|91|191|211|115|107|133|139|215|18|166|73|12|32|232|218|6|98|163|58|26|241|146|30|83|104|181|64|247|202|148|222|226|162|210|65|23|239|135|203|76|212|41|97|14|10|221|249|54|105|141|174|72|144|169|208|213|214|110|155|43|126|164|183|113|132|217|
Overall Best: 0.9222 Generation: 7

Generation 11
Average: 0.9069 Best: 0.9209
Best Individual: 
C0 161|234|120|37|122|191|78|86|252|152|33|53|176|19|253|182|168|185|84|131|109|145|67|25|3|44|237|4|51|171|205|209|77|172|173|231|15|113|81|150|216|108|116|22|227|17|104|36|254|34|194|117|28|5|184|228|46|57|130|244|103|224|125|138|95|188|119|187|112|146|21|238|151|225|175|156|74|11|243|233|135|55|39|219|106|47|154|240|186|48|245|153|123|79|94|251|196|140|88|235|197|230|102|50|179|136|63|246|207|92|66|7|8|9|229|127|193|142|59|40|107|199|69|85|118|242|24|56|71|72|101|93|20|121|60|134|255|124|82|200|178|192|137|159|195|29|41|49|189|250|143|236|180|90|201|149|111|27|42|61|52|198|38|100|62|68|128|160|206|1|35|165|147|2|16|70|158|177|223|170|204|96|129|75|87|190|248|99|157|0|91|220|211|115|167|133|139|215|18|166|73|12|32|232|218|6|98|163|58|26|241|45|30|83|89|181|64|247|202|148|222|226|162|210|65|23|239|80|203|76|212|13|97|14|10|221|249|54|105|141|174|114|144|169|208|213|214|110|155|43|126|164|183|31|132|217|
Overall Best: 0.9222 Generation: 7

Generation 12
Average: 0.9066 Best: 0.9171
Best Individual: 
C0 161|234|113|37|122|191|78|254|252|152|33|53|176|19|253|182|168|185|84|131|109|145|67|25|3|44|117|4|22|171|205|151|77|172|173|231|15|99|81|150|216|108|116|51|227|17|118|36|86|34|194|237|28|5|184|228|46|57|68|244|103|224|49|138|95|188|135|187|112|146|21|238|209|225|175|156|74|11|243|97|119|55|39|219|106|47|154|240|186|48|245|153|123|79|94|251|196|140|88|207|197|230|102|50|179|136|63|246|235|92|66|7|8|9|229|127|193|142|157|40|107|199|18|85|104|242|24|56|71|72|101|93|20|121|60|134|255|124|82|200|178|192|137|159|195|29|41|203|189|250|143|236|180|90|201|149|111|27|42|61|132|198|38|100|62|130|128|160|206|1|35|165|147|2|16|70|158|177|223|170|204|96|129|75|87|190|248|120|59|0|91|220|211|115|167|133|139|215|69|166|73|12|32|232|218|6|98|163|58|26|241|45|30|83|89|181|64|247|202|148|222|226|162|210|65|23|239|80|125|76|212|13|233|14|10|221|249|54|105|141|174|114|144|169|208|213|214|110|155|43|126|164|183|31|52|217|
Overall Best: 0.9222 Generation: 7

Generation 13
Average: 0.9057 Best: 0.9184
Best Individual: 
C0 187|198|24|127|213|89|19|224|181|162|18|192|46|105|144|6|137|251|222|189|67|9|95|182|103|130|112|25|237|150|153|203|238|44|12|88|37|134|248|35|177|190|77|122|196|86|175|140|2|170|17|109|81|244|160|10|202|120|28|128|76|72|7|168|102|209|146|240|83|210|8|214|200|194|74|54|104|11|78|49|97|61|230|186|233|0|65|59|60|31|22|42|52|80|174|218|40|107|71|227|178|129|47|212|70|207|15|116|119|124|1|111|69|231|147|123|166|117|235|216|191|121|43|110|85|94|14|171|167|30|179|161|229|91|23|106|33|93|252|75|149|84|98|156|45|48|145|242|148|79|245|100|223|41|21|185|255|195|217|114|138|234|197|13|164|151|204|82|63|143|55|113|188|136|32|133|206|247|96|215|56|26|99|16|29|90|141|208|139|38|246|228|205|66|180|27|184|239|173|183|142|249|132|51|211|62|57|226|115|34|152|73|243|199|135|39|155|3|193|159|176|58|236|241|4|169|118|68|172|36|20|50|126|232|125|253|201|163|154|165|250|92|64|101|108|131|219|157|225|220|158|254|53|221|87|5|
Overall Best: 0.9222 Generation: 7

Generation 14
Average: 0.9072 Best: 0.9184
Best Individual: 
C0 18|240|140|37|35|225|78|6|124|23|175|160|193|26|7|12|182|99|186|62|235|145|5|25|19|228|237|4|197|38|123|203|201|72|32|144|63|250|200|53|165|50|79|217|234|94|89|90|31|30|194|178|191|56|116|16|46|88|57|91|127|9|114|146|223|115|42|80|102|60|181|216|54|220|33|103|243|176|119|85|28|98|198|93|161|101|134|83|95|118|192|211|76|255|163|147|69|104|138|227|51|41|233|74|64|81|44|39|238|47|117|24|49|58|105|132|22|190|86|171|222|96|0|112|129|177|196|207|48|158|151|150|10|164|110|208|180|229|65|173|253|45|13|167|82|252|120|221|14|143|162|224|199|29|3|75|87|92|84|187|244|254|8|148|157|59|122|68|188|135|230|210|185|2|184|36|242|61|121|249|17|195|141|168|70|40|126|107|77|189|27|174|131|209|183|149|71|214|111|245|205|73|20|155|246|179|55|52|130|226|213|166|97|241|202|251|34|66|215|136|219|156|248|154|21|139|113|125|212|15|128|43|153|11|206|137|108|232|67|100|236|172|170|169|109|142|152|204|1|231|247|133|239|106|218|159|
Overall Best: 0.9222 Generation: 7

Generation 15
Average: 0.9079 Best: 0.9203
Best Individual: 
C0 60|167|254|62|164|231|25|221|87|119|224|20|150|169|255|145|218|201|67|82|73|10|175|225|42|209|44|170|29|109|239|208|104|24|253|242|30|227|17|34|26|223|1|240|197|100|146|37|210|88|21|114|216|162|97|9|132|120|166|193|160|158|248|19|141|137|196|118|185|177|157|27|80|77|101|115|183|215|49|50|214|84|194|155|206|161|83|39|90|7|203|54|76|192|98|147|28|176|143|134|190|41|163|105|178|5|245|15|238|47|32|133|85|107|81|186|117|108|123|102|13|172|244|200|129|135|188|3|125|11|159|95|59|191|243|69|180|151|57|251|91|45|68|56|204|128|96|173|165|79|122|52|199|124|154|71|153|148|23|116|0|149|8|51|18|75|14|198|222|152|250|211|4|136|43|61|130|99|121|249|65|179|195|168|70|106|86|74|103|58|228|212|207|48|40|89|237|2|174|232|112|110|64|142|138|53|187|236|219|6|94|235|220|247|189|140|126|131|226|213|38|184|246|16|22|233|182|229|78|92|241|66|144|252|234|55|31|171|12|139|72|33|230|205|181|111|35|127|156|36|202|63|113|217|46|93|
Overall Best: 0.9222 Generation: 7

Generation 16
Average: 0.9087 Best: 0.9203
Best Individual: 
C0 112|127|243|90|237|192|250|93|136|150|183|26|129|222|234|45|72|169|21|6|220|88|165|9|86|50|148|31|197|32|81|115|164|92|151|98|87|71|2|55|231|82|223|198|227|101|24|228|238|190|54|153|182|39|196|199|35|176|68|30|233|155|17|83|194|118|187|144|94|124|91|240|103|177|7|102|74|113|201|60|10|56|253|105|106|246|120|19|186|59|203|200|132|49|175|126|125|96|57|29|64|162|1|225|70|178|40|145|119|46|143|111|69|230|147|218|166|117|235|216|191|4|41|110|85|128|14|173|63|180|179|161|229|47|80|28|141|245|12|20|67|254|16|221|138|224|8|15|131|42|210|22|48|195|247|134|239|95|104|149|62|202|171|89|52|157|189|244|167|188|251|0|163|181|114|76|78|33|18|65|121|207|212|140|107|204|174|3|139|38|75|13|205|66|232|27|184|255|193|152|142|249|123|51|109|168|160|37|130|226|213|252|97|241|36|99|34|73|215|217|219|156|248|154|133|77|209|79|122|135|61|44|53|11|206|137|108|158|146|100|236|116|170|25|211|84|185|43|5|58|23|159|242|214|172|208|
Overall Best: 0.9222 Generation: 7

Generation 17
Average: 0.9083 Best: 0.9184
Best Individual: 
C0 17|181|96|234|172|233|162|91|34|205|45|154|161|146|144|177|137|98|222|90|114|9|252|182|103|99|112|19|237|150|153|203|238|14|12|167|6|185|32|35|220|190|77|15|196|86|148|120|7|81|29|109|20|145|151|226|160|65|68|61|25|250|195|110|194|0|241|42|254|36|204|244|235|33|231|247|219|87|58|191|200|41|39|8|106|31|63|240|186|165|117|22|125|2|178|179|69|208|131|156|100|126|163|92|212|197|70|249|123|136|104|95|210|207|214|206|152|175|176|236|59|134|37|138|24|248|101|201|62|225|119|108|66|51|80|127|141|46|82|246|67|115|192|13|157|118|174|53|72|113|97|211|64|85|102|166|229|48|71|227|251|202|38|130|198|18|30|56|173|105|5|49|223|228|16|76|84|139|21|213|43|26|44|255|79|124|3|54|128|224|94|23|57|132|111|52|40|142|155|11|55|221|184|78|140|158|74|133|217|243|230|159|209|149|60|1|121|50|242|232|147|239|107|216|28|170|135|47|168|122|245|143|253|188|89|164|180|83|189|187|169|75|27|10|93|4|171|215|73|88|129|193|183|199|116|218|
Overall Best: 0.9222 Generation: 7

Generation 18
Average: 0.9079 Best: 0.9209
Best Individual: 
C0 183|181|2|234|172|104|36|124|229|20|45|81|148|25|144|236|137|98|222|90|230|9|191|182|103|169|112|19|33|76|211|203|166|216|95|62|37|189|204|85|253|34|205|99|232|141|108|225|3|102|32|109|77|244|175|0|51|120|73|68|24|100|207|72|201|151|131|38|83|162|41|214|168|10|5|156|199|134|1|64|192|188|226|126|233|194|202|27|142|31|160|114|57|35|176|254|196|193|159|223|66|154|47|173|242|61|121|238|246|26|46|111|116|55|86|227|44|117|235|177|94|135|195|6|123|52|49|186|167|190|13|161|43|91|80|4|170|67|113|96|106|60|42|22|138|40|8|228|79|145|158|153|48|50|129|30|69|140|243|105|133|250|171|82|198|157|127|54|63|28|16|14|237|197|130|150|84|139|21|213|18|136|152|255|15|231|7|56|128|224|178|23|125|29|12|248|118|165|155|11|92|78|184|70|252|119|74|251|217|71|200|241|209|149|179|58|221|146|212|65|147|239|107|101|206|97|87|163|59|122|245|143|220|132|89|164|180|115|185|187|110|75|240|247|93|249|39|215|53|88|174|208|17|219|210|218|
Overall Best: 0.9222 Generation: 7

Generation 19
Average: 0.9072 Best: 0.9196
Best Individual: 
C0 194|162|179|246|167|140|198|113|105|26|228|255|175|116|8|69|232|239|211|115|217|1|242|101|169|234|112|98|186|215|181|95|91|220|82|245|41|143|83|78|129|71|226|144|251|75|33|110|148|201|103|85|253|65|114|70|173|161|230|126|24|22|48|238|147|38|125|32|14|77|170|200|150|165|145|119|76|244|171|92|56|11|72|59|189|254|202|233|196|132|177|46|12|225|205|104|131|80|6|160|166|13|223|120|18|42|195|176|25|106|44|5|47|156|174|229|183|252|227|159|64|117|93|128|178|94|109|214|192|243|153|73|163|15|66|74|49|86|139|197|231|151|149|54|16|9|185|19|224|108|172|7|190|79|31|97|182|58|207|34|37|180|206|141|102|241|235|164|222|152|250|68|4|136|43|61|130|99|121|249|248|221|0|133|29|3|199|118|154|218|30|51|213|45|40|62|20|63|135|88|122|212|123|219|184|27|158|28|124|142|216|237|96|55|57|50|146|111|2|67|204|203|100|188|208|210|23|35|191|53|236|87|52|60|21|168|89|127|209|240|81|155|137|134|17|138|36|247|187|107|157|90|39|193|84|10|
Overall Best: 0.9222 Generation: 7
==================
    Best individual after 20 generations
    computed in 2,990.2420 seconds
    1469 elements out of 1593 correct.
    emerged in generation 7
    with fitness 0.9222
==================

