Starting evolution...
length: 162.34

Generation 0
Average: 0.8936 Best: 0.9109
Best Individual: 
C0 110|68|68|88|129|108|144|82|90|234|42|84|101|132|166|55|201|170|175|233|205|11|187|150|124|204|37|26|80|69|62|162|200|133|144|177|106|64|179|60|71|28|50|28|127|192|199|187|57|140|224|64|98|58|180|88|100|80|86|56|40|180|79|54|40|96|209|252|70|180|57|58|223|165|212|64|32|149|12|27|7|97|190|37|148|239|126|104|152|68|138|138|49|229|208|103|152|66|14|11|17|136|10|9|209|90|100|3|152|163|199|92|48|209|106|29|140|158|180|51|68|178|126|79|56|81|231|240|199|122|224|62|159|224|178|165|78|72|100|115|248|27|177|243|94|6|93|222|216|226|28|107|171|76|234|131|224|142|168|77|45|10|12|97|211|95|124|229|67|38|48|221|85|111|14|243|47|158|23|77|200|189|217|196|134|240|65|106|14|38|95|3|114|188|72|192|10|131|197|94|217|237|211|108|66|65|19|126|195|230|10|179|244|17|231|250|154|113|173|81|122|153|22|59|32|122|76|128|207|67|145|127|42|200|41|20|156|135|142|116|132|72|200|56|27|96|203|12|147|150|84|158|163|179|89|138|
Overall Best: 0.9109 Generation: 0
length: 163.16

Generation 1
Average: 0.8965 Best: 0.9115
Best Individual: 
C0 161|37|237|99|63|124|96|236|136|151|224|66|122|127|5|132|119|82|169|140|129|112|35|203|24|180|50|30|73|232|61|149|167|251|233|177|54|194|223|151|101|149|69|242|38|101|173|245|94|90|176|34|52|165|117|30|14|126|233|107|102|7|130|231|251|50|238|114|120|139|85|33|243|57|202|87|159|108|50|93|255|65|160|65|117|151|180|22|40|163|170|15|132|7|31|245|148|187|254|70|152|154|51|71|78|28|196|191|201|113|182|241|48|195|127|95|106|146|42|71|141|23|145|181|15|61|68|104|91|144|155|216|253|165|88|20|193|221|163|203|78|142|31|39|148|81|17|45|19|79|210|233|51|162|26|167|111|49|82|169|184|192|152|135|102|72|3|225|140|3|204|167|194|27|192|184|178|55|212|55|112|199|185|145|106|80|31|214|32|135|177|177|6|192|117|12|14|157|96|27|250|168|239|100|66|50|2|22|163|114|26|212|167|160|168|32|42|32|43|43|204|208|43|34|146|110|228|154|56|254|251|40|227|156|128|192|133|147|109|19|229|39|173|161|212|143|169|101|193|226|60|13|72|64|223|55|
Overall Best: 0.9115 Generation: 1
length: 161.82

Generation 2
Average: 0.8988 Best: 0.9127
Best Individual: 
C0 65|151|90|5|213|56|184|198|166|1|22|173|38|34|218|125|117|174|82|131|254|2|249|23|162|53|179|7|192|243|0|97|12|86|51|240|98|56|69|58|113|205|144|163|222|182|103|163|223|45|163|4|244|130|40|47|13|130|74|227|134|238|137|150|202|221|145|60|217|71|179|242|247|216|194|194|202|150|116|239|192|196|112|79|147|26|84|148|161|27|140|239|78|65|151|21|77|84|202|85|53|92|168|228|117|106|12|210|196|33|194|135|73|171|93|159|181|64|240|32|101|11|84|14|61|17|248|214|238|235|111|176|33|151|233|46|240|38|133|250|241|254|113|186|37|52|157|7|22|5|168|247|43|70|198|37|83|148|110|30|174|179|28|182|47|3|116|58|184|210|189|58|27|48|39|225|95|143|165|194|223|68|161|80|227|58|51|171|173|218|247|94|179|175|208|251|70|166|211|96|204|71|111|43|62|219|117|244|22|103|24|244|102|39|42|111|80|132|200|110|206|254|110|60|64|41|13|116|90|137|180|105|71|164|10|207|99|196|128|54|193|178|239|147|245|223|154|228|193|253|34|155|68|168|150|52|
Overall Best: 0.9127 Generation: 2
length: 161.02

Generation 3
Average: 0.8993 Best: 0.9140
Best Individual: 
C0 65|151|90|5|213|56|184|198|83|1|22|92|38|34|218|125|117|174|82|131|254|2|249|23|162|53|179|7|192|243|0|97|12|86|51|240|236|136|69|58|113|205|144|163|222|182|103|163|223|45|163|160|233|130|40|47|13|130|74|227|182|238|137|150|202|23|145|60|217|71|179|242|247|216|194|194|202|150|116|239|192|196|112|79|147|26|84|148|161|27|140|239|144|65|151|21|77|105|202|85|53|92|168|228|179|106|12|210|63|33|194|135|73|141|93|159|181|64|240|32|101|11|84|14|61|17|248|100|238|235|111|176|33|151|233|46|240|38|133|250|241|99|113|186|37|52|231|7|22|5|168|20|43|70|78|37|83|148|110|43|174|179|28|182|47|3|116|58|184|210|189|58|3|48|39|225|95|143|165|194|223|68|161|80|251|58|51|141|173|218|247|94|179|175|208|251|70|166|211|96|204|71|111|43|2|219|117|244|22|103|24|244|102|39|42|111|49|132|200|110|227|254|110|100|64|144|13|142|90|137|180|105|71|164|10|207|99|196|128|54|193|178|239|147|245|223|154|228|193|253|111|155|68|20|150|52|
Overall Best: 0.9140 Generation: 3
length: 160.94

Generation 4
Average: 0.9010 Best: 0.9140
Best Individual: 
C0 177|29|71|244|253|61|69|93|236|245|44|127|66|254|144|34|48|82|6|5|187|198|167|216|176|245|66|7|36|190|237|151|94|76|135|213|8|183|104|12|177|48|230|75|122|121|222|184|236|177|117|145|170|91|98|190|6|131|56|99|39|180|81|144|198|194|230|227|235|69|142|48|71|90|145|154|4|6|177|213|224|82|149|152|121|7|47|181|195|0|202|127|113|223|132|181|216|75|181|196|86|250|86|214|40|25|255|217|8|233|169|31|229|134|113|207|4|127|67|62|74|252|43|7|17|249|163|20|82|109|104|57|10|167|157|55|80|196|19|44|102|18|200|221|2|185|181|83|60|43|139|135|125|38|155|238|147|146|9|208|96|26|28|20|149|96|19|123|41|146|113|255|93|154|193|44|75|128|127|193|243|42|119|182|205|205|18|200|225|10|44|171|29|197|59|162|71|106|171|45|194|231|230|96|14|115|23|98|129|121|154|183|63|33|102|254|163|70|31|242|177|51|24|192|15|230|237|149|110|202|77|85|188|32|161|33|123|4|168|100|122|239|220|14|84|160|26|111|161|173|117|34|46|63|7|185|
Overall Best: 0.9140 Generation: 3
length: 161.72

Generation 5
Average: 0.9018 Best: 0.9146
Best Individual: 
C0 82|96|126|11|216|217|135|235|200|160|168|160|62|90|90|75|74|34|28|208|163|157|58|133|15|175|168|19|105|121|7|92|85|30|152|186|44|37|145|201|215|238|63|149|115|229|75|131|69|198|61|178|144|31|228|209|80|145|16|65|254|246|59|108|184|82|64|79|220|20|232|53|136|245|94|252|160|83|176|49|39|211|122|236|10|157|74|177|212|141|135|103|228|140|254|104|23|220|215|75|128|110|36|3|24|216|137|79|198|244|173|152|106|131|152|222|108|38|39|44|132|249|96|230|183|87|103|13|103|133|242|43|11|77|144|221|211|128|231|68|108|80|141|87|183|40|182|42|245|191|193|95|152|42|26|124|56|123|86|169|64|99|164|24|247|166|63|111|34|22|42|53|64|28|46|110|57|139|97|170|156|141|27|195|248|75|126|86|166|240|75|98|106|172|210|233|74|201|151|19|222|92|218|72|169|241|66|107|7|206|144|188|38|244|211|135|206|124|5|19|168|24|76|183|29|237|247|104|178|216|224|85|124|168|141|227|56|162|249|129|158|61|195|211|109|168|111|196|198|201|229|14|6|120|166|213|
Overall Best: 0.9146 Generation: 5
length: 161.94

Generation 6
Average: 0.9029 Best: 0.9140
Best Individual: 
C0 82|96|126|11|216|217|135|235|200|160|168|160|62|90|53|75|74|34|28|208|163|157|58|59|15|175|168|19|105|155|7|92|85|30|152|186|44|37|145|201|215|238|63|149|115|229|75|131|69|198|61|178|144|31|228|209|80|185|16|65|254|122|59|108|184|82|64|79|220|20|232|53|136|245|94|252|160|83|40|49|39|211|122|236|10|157|74|177|212|141|135|103|228|140|254|104|23|220|215|75|128|110|36|3|24|216|137|79|230|244|173|152|106|131|152|222|108|179|39|44|132|249|96|230|183|87|103|189|103|133|242|238|11|77|144|147|154|167|231|68|56|205|141|44|183|40|182|42|245|191|193|95|152|42|26|124|56|123|86|164|64|99|83|24|247|166|63|111|34|22|195|53|64|28|46|110|230|139|97|28|156|1|27|195|248|75|126|86|166|240|75|98|106|224|210|233|74|201|188|19|222|92|218|72|169|241|66|107|7|69|144|188|38|244|211|135|4|124|5|242|168|24|114|183|29|237|247|104|178|216|224|191|124|168|180|227|56|162|249|129|86|61|195|211|109|168|111|196|198|209|229|14|6|120|223|213|
Overall Best: 0.9146 Generation: 5
length: 162.76

Generation 7
Average: 0.9038 Best: 0.9165
Best Individual: 
C0 190|209|90|5|161|56|164|49|65|185|26|191|64|8|129|151|210|9|125|173|99|25|68|59|78|216|29|227|195|103|194|67|15|96|157|168|46|155|4|93|20|58|41|127|207|160|160|191|68|6|234|108|29|161|123|94|118|30|41|136|210|74|57|8|195|38|12|2|91|145|176|6|26|151|101|250|118|176|114|113|134|255|75|205|166|82|26|136|162|145|225|14|97|99|202|122|183|115|0|0|153|143|86|123|145|164|211|53|33|217|201|49|69|240|57|90|78|71|122|140|239|148|157|48|51|17|248|100|238|235|111|176|34|91|233|46|240|38|133|207|241|105|113|186|37|52|142|7|79|231|168|20|43|70|78|37|216|148|110|188|174|179|28|182|47|3|12|58|138|26|230|58|3|48|39|225|248|8|165|194|212|68|247|40|251|3|155|53|173|104|247|17|179|175|147|251|70|51|211|96|85|71|111|63|2|219|117|147|22|103|24|244|102|39|82|32|10|132|200|110|159|254|110|100|64|144|190|142|150|137|180|105|71|164|82|207|218|196|241|248|193|178|35|147|245|223|154|228|162|253|251|221|107|20|150|42|
Overall Best: 0.9165 Generation: 7
length: 162.72

Generation 8
Average: 0.9047 Best: 0.9184
Best Individual: 
C0 177|29|59|244|72|59|97|93|214|210|171|190|122|127|5|28|196|234|169|140|57|64|130|43|5|63|145|165|212|96|23|116|222|170|153|68|54|243|27|180|188|239|212|99|226|65|132|114|129|194|88|190|22|225|193|1|45|205|66|114|254|246|59|92|137|13|231|79|168|20|232|53|59|77|94|31|160|68|176|49|109|211|122|154|10|157|215|177|212|141|135|22|228|251|247|21|208|84|109|85|53|92|247|11|117|25|12|104|223|190|245|42|106|131|152|119|108|38|39|44|112|249|96|108|183|115|103|189|103|133|242|238|11|77|109|145|211|128|231|68|108|205|193|242|183|95|182|42|245|191|211|95|152|42|26|124|56|123|199|164|64|99|15|24|175|150|63|89|34|30|195|65|67|96|11|110|230|194|97|170|156|43|206|195|248|234|126|7|166|240|75|98|233|172|36|210|41|106|171|45|178|231|20|40|235|115|61|128|215|206|144|128|38|244|223|241|206|124|5|60|102|24|76|183|29|230|27|149|110|147|77|85|188|208|161|33|228|38|168|202|122|239|220|14|84|77|26|121|202|173|117|135|128|50|7|39|
Overall Best: 0.9184 Generation: 8
length: 163.58

Generation 9
Average: 0.9064 Best: 0.9190
Best Individual: 
C0 65|151|90|5|213|84|76|131|83|111|59|92|38|34|182|125|83|174|82|131|254|2|110|23|117|111|179|7|155|209|0|191|12|86|51|213|236|58|69|58|146|205|144|46|222|182|103|163|223|45|6|220|233|4|40|47|251|124|74|148|182|33|189|89|202|23|145|87|165|71|236|242|118|253|54|119|0|182|116|239|192|196|112|79|147|186|28|173|161|7|140|181|134|237|151|49|77|105|202|115|53|92|26|253|67|106|12|210|63|154|194|98|73|90|232|159|168|64|192|212|168|11|248|14|138|17|248|100|31|235|111|171|11|77|144|221|211|179|231|221|108|80|141|21|183|40|182|147|245|123|88|135|125|82|155|45|65|146|9|243|236|26|28|20|199|80|19|123|95|128|222|196|97|36|223|249|191|235|187|11|161|51|157|227|244|45|225|173|147|64|88|211|250|175|49|179|135|111|45|244|28|201|135|42|2|219|117|147|136|103|56|244|122|39|42|111|119|204|166|110|227|254|248|124|64|144|13|142|60|137|180|105|71|177|118|3|99|70|241|54|144|106|35|147|245|122|154|228|53|253|111|155|35|146|183|202|
Overall Best: 0.9190 Generation: 9
length: 163.9

Generation 10
Average: 0.9064 Best: 0.9178
Best Individual: 
C0 177|29|192|244|73|79|69|4|236|245|87|236|183|243|125|157|74|34|221|106|81|93|8|43|254|63|145|65|105|155|92|92|94|30|152|186|44|37|145|101|215|238|63|149|115|229|186|44|69|198|46|178|144|80|184|204|255|185|16|233|254|122|59|230|184|82|64|79|135|79|232|53|136|245|187|252|160|114|40|49|39|211|122|236|157|157|128|177|212|43|26|176|42|64|254|134|203|110|215|160|128|110|36|246|185|7|137|230|248|252|81|223|50|156|40|173|77|5|57|69|102|73|222|37|186|254|27|155|72|6|12|208|143|94|169|79|120|132|238|149|61|108|200|111|183|54|152|9|245|191|211|95|152|42|25|124|56|70|199|164|64|99|250|24|175|150|120|89|34|30|3|65|67|96|84|113|230|194|97|170|156|97|206|195|248|234|126|7|166|240|53|98|96|172|36|210|100|106|171|45|178|231|20|40|235|122|61|128|215|206|144|128|23|244|69|241|132|12|5|60|188|24|76|183|29|230|27|85|110|147|77|85|188|208|193|64|110|112|13|129|79|176|198|14|84|77|26|19|161|173|66|34|46|215|7|185|
Overall Best: 0.9190 Generation: 9
length: 162.2

Generation 11
Average: 0.9056 Best: 0.9159
Best Individual: 
C0 194|96|222|193|108|205|135|235|14|77|20|75|91|90|184|43|15|166|35|61|240|67|77|21|247|115|79|47|177|127|42|168|85|129|144|49|44|37|124|114|116|217|138|149|225|191|66|211|192|190|188|96|32|72|67|79|128|145|86|32|31|115|152|82|131|13|64|105|10|54|155|186|209|22|177|55|193|150|67|54|75|227|8|56|221|196|147|218|235|235|210|249|24|159|6|73|97|120|176|194|251|40|236|106|120|194|32|64|206|54|181|156|111|235|69|140|188|8|88|170|219|130|60|90|33|144|242|130|223|231|22|245|115|28|37|58|208|244|92|107|95|54|230|19|30|120|8|9|66|43|13|68|222|38|126|237|155|230|154|208|252|112|228|240|109|68|243|227|160|139|63|122|97|28|244|11|11|110|241|95|83|124|200|82|128|177|179|199|248|239|180|225|231|145|197|24|18|175|20|36|234|107|160|178|50|148|117|147|136|103|88|12|158|93|22|36|97|176|254|242|177|38|24|172|251|185|130|80|110|147|181|185|248|89|12|226|144|72|133|212|9|59|5|106|137|126|252|173|162|65|58|29|61|108|219|130|
Overall Best: 0.9190 Generation: 9
length: 163.12

Generation 12
Average: 0.9050 Best: 0.9171
Best Individual: 
C0 194|96|222|193|108|205|135|235|14|77|20|75|91|90|184|43|15|166|35|61|240|67|77|21|247|115|79|47|177|127|147|168|8|150|116|42|62|238|69|241|137|65|192|138|68|187|70|49|245|241|105|165|1|27|156|239|77|136|135|235|156|66|164|140|134|235|155|29|129|136|119|36|83|49|94|110|244|204|13|180|60|159|209|223|230|1|142|204|76|30|173|158|88|145|112|188|12|227|216|104|161|58|35|104|7|17|149|59|179|252|123|98|103|167|40|173|77|94|57|150|31|73|88|37|186|145|27|227|72|24|12|208|59|131|169|174|100|191|238|231|102|170|200|176|158|106|152|9|31|43|96|68|222|38|7|241|155|117|83|79|100|26|221|214|199|86|240|123|40|77|45|255|78|238|89|44|187|128|161|153|202|181|145|187|205|38|18|200|80|241|156|161|231|145|197|24|18|175|20|36|234|107|160|178|50|148|117|147|136|237|88|12|125|93|22|36|97|175|254|242|177|38|24|172|251|185|130|80|110|147|203|185|65|89|12|226|144|72|133|212|9|59|5|106|81|126|252|173|162|65|58|29|61|108|219|130|
Overall Best: 0.9190 Generation: 9
length: 162.98

Generation 13
Average: 0.9065 Best: 0.9178
Best Individual: 
C0 10|164|126|11|54|84|168|133|243|229|20|160|62|90|171|5|74|184|28|48|47|61|58|59|111|175|198|51|205|155|142|92|104|30|129|85|180|37|145|201|189|74|63|149|176|152|75|131|57|198|61|178|84|31|42|241|80|185|120|37|189|251|29|118|251|82|64|155|220|20|232|247|110|52|118|42|172|124|71|80|66|196|36|22|56|26|84|120|215|198|235|239|147|240|151|254|163|56|7|85|31|155|122|157|12|36|229|110|228|190|194|224|164|172|93|142|181|56|94|101|153|249|129|102|171|7|248|100|200|198|66|253|48|114|43|50|146|151|67|5|43|176|63|140|6|57|99|58|108|69|187|34|241|12|27|179|205|88|127|150|200|213|8|120|183|78|250|245|24|149|163|47|77|94|114|59|117|197|124|186|97|68|186|24|82|211|51|97|185|169|208|127|24|108|125|225|44|165|236|64|210|161|65|105|191|143|23|86|161|91|154|42|38|183|223|243|115|140|5|60|102|24|76|250|29|19|27|119|154|147|77|85|188|208|161|52|228|79|72|202|122|239|220|14|84|78|26|121|60|220|143|135|128|50|92|98|
Overall Best: 0.9190 Generation: 9
length: 163.12

Generation 14
Average: 0.9063 Best: 0.9171
Best Individual: 
C0 221|34|133|55|166|133|101|131|167|111|59|92|142|34|214|125|83|41|243|131|254|2|91|101|117|150|179|7|155|209|237|84|84|86|14|213|159|62|127|206|90|15|218|18|78|182|98|32|223|4|13|64|32|201|40|20|209|124|74|148|230|33|189|89|202|63|28|87|129|128|119|208|211|49|94|176|118|75|167|233|134|255|59|205|166|186|26|76|185|30|173|105|83|145|62|34|12|227|216|56|195|129|35|104|252|144|218|59|4|158|173|232|124|131|155|250|68|179|39|44|79|128|96|38|159|9|81|230|103|133|242|238|11|192|86|147|238|19|231|193|56|205|8|44|226|40|191|211|84|191|9|95|60|42|26|15|56|59|86|15|64|99|212|24|247|166|38|111|1|169|195|91|64|28|46|199|234|44|204|180|195|1|27|195|248|75|126|86|166|240|252|98|106|72|210|233|74|150|188|77|222|188|54|150|116|120|75|242|7|69|144|181|188|175|45|248|4|176|243|118|74|25|151|143|251|56|26|10|110|83|254|85|188|161|168|68|244|179|107|78|3|39|182|120|46|78|227|67|13|252|127|36|250|146|161|244|
Overall Best: 0.9190 Generation: 9
length: 162.36

Generation 15
Average: 0.9061 Best: 0.9203
Best Individual: 
C0 177|209|90|5|44|24|151|185|65|185|249|146|64|8|117|151|200|9|125|188|99|92|68|59|78|235|29|227|229|83|194|67|15|153|157|94|128|155|4|93|24|137|247|127|159|160|160|15|68|101|234|131|205|161|109|94|172|30|41|217|248|58|57|8|120|38|125|165|91|99|7|9|192|50|30|61|73|250|23|180|20|159|226|158|244|199|49|204|160|11|93|83|97|99|8|106|183|135|0|0|153|114|86|123|153|40|177|238|33|243|148|112|87|81|34|90|90|180|255|140|239|148|60|48|208|160|74|100|189|235|111|140|53|138|78|46|240|38|213|207|241|185|88|95|37|52|136|7|156|172|159|20|91|70|78|37|214|209|110|222|112|179|227|182|175|76|241|141|160|237|63|122|97|28|181|11|119|110|241|95|83|124|53|82|128|177|179|199|248|24|180|225|231|145|41|210|130|237|171|45|166|20|235|40|238|122|83|5|176|211|144|128|52|244|250|198|132|12|5|49|188|24|76|167|29|230|56|85|110|147|77|85|135|208|193|64|110|112|13|129|79|176|245|177|84|64|240|161|140|173|66|34|46|173|184|185|
Overall Best: 0.9203 Generation: 15
length: 161.96

Generation 16
Average: 0.9064 Best: 0.9203
Best Individual: 
C0 194|96|222|193|108|205|66|235|60|77|20|75|91|10|207|227|15|205|35|100|240|67|77|21|57|115|193|47|177|127|147|168|45|150|203|42|62|238|66|241|137|181|161|179|70|187|186|211|183|190|188|96|32|178|67|223|31|145|4|59|31|115|152|82|213|243|64|80|10|54|155|186|127|104|177|55|193|80|67|54|75|227|165|187|221|1|102|161|235|235|164|177|24|159|6|120|97|120|176|11|17|40|236|106|240|194|32|231|206|54|195|156|231|235|106|189|188|176|239|170|219|130|60|107|33|144|127|145|104|231|142|194|28|124|37|126|172|244|151|107|95|54|230|201|30|37|71|9|66|134|13|68|222|38|126|237|235|117|83|79|100|26|221|51|199|86|240|123|89|77|45|255|78|238|89|17|187|128|161|153|202|181|145|187|205|38|103|200|80|241|168|70|231|72|66|78|18|223|20|240|33|107|160|178|50|148|117|147|136|155|139|91|144|38|22|36|97|175|254|242|177|38|219|172|251|185|247|80|238|42|251|24|65|89|12|226|144|72|133|212|9|59|202|126|209|126|252|173|162|70|58|29|61|174|219|130|
Overall Best: 0.9203 Generation: 15
length: 161.76

Generation 17
Average: 0.9066 Best: 0.9222
Best Individual: 
C0 250|209|90|5|44|24|151|185|65|185|249|146|64|184|117|151|200|208|125|2|99|92|68|59|78|235|29|227|229|83|194|67|15|153|142|94|59|155|4|93|24|137|247|127|159|160|160|15|68|101|234|131|205|161|109|94|172|30|139|217|211|58|57|8|120|38|125|165|144|54|37|44|69|95|177|165|106|116|113|183|89|77|196|118|221|196|2|218|224|12|253|63|98|230|121|123|81|193|26|238|222|238|253|248|75|194|32|13|206|54|198|156|97|80|74|80|139|94|141|219|102|219|88|37|90|145|27|155|72|24|177|208|59|49|137|219|209|243|101|172|108|80|207|225|154|133|225|147|230|123|13|109|125|211|106|45|64|175|9|8|250|26|186|93|109|68|7|77|193|26|117|122|97|161|155|11|234|130|101|67|167|89|200|82|128|177|98|199|248|113|35|28|250|145|197|15|18|175|20|185|36|146|120|53|133|57|150|128|173|31|112|128|38|244|223|46|132|12|5|49|188|208|163|167|29|230|56|85|110|147|77|85|135|208|193|64|110|110|13|129|79|176|245|55|84|64|240|161|140|173|244|34|46|173|103|185|
Overall Best: 0.9222 Generation: 17
length: 162.1

Generation 18
Average: 0.9076 Best: 0.9196
Best Individual: 
C0 46|29|83|244|72|150|19|52|188|82|197|226|108|154|110|75|156|34|25|8|56|109|236|99|72|112|90|120|150|45|56|84|7|86|14|42|62|238|69|241|159|65|192|113|68|173|70|1|182|98|105|160|1|27|213|107|244|145|29|32|31|185|152|177|131|88|70|105|144|116|37|111|70|95|177|165|2|116|113|183|154|32|196|198|74|196|2|218|29|12|253|63|98|162|121|123|198|193|133|216|36|238|253|250|75|194|32|13|206|54|198|156|97|80|195|189|188|176|239|170|219|130|47|56|33|144|147|145|67|231|204|194|253|124|37|244|172|244|151|107|114|54|230|201|30|37|71|9|66|134|13|68|222|38|126|237|235|117|83|79|100|26|221|51|199|86|240|123|89|211|45|255|78|238|89|17|187|128|235|153|214|181|145|40|205|38|103|109|80|122|104|70|231|72|66|78|85|223|20|117|33|107|160|178|50|148|117|218|136|21|139|91|144|80|22|36|97|175|254|242|175|38|219|172|251|185|163|80|238|42|251|24|65|89|12|226|156|72|133|212|9|241|202|18|209|13|131|228|53|253|130|155|125|188|31|92|
Overall Best: 0.9222 Generation: 17
length: 163.04

Generation 19
Average: 0.9075 Best: 0.9215
Best Individual: 
C0 49|143|161|4|210|120|101|9|228|128|62|97|205|117|16|18|159|75|255|102|29|147|196|203|168|185|212|49|63|216|69|81|42|147|144|232|60|110|124|180|116|21|138|86|225|191|66|211|192|190|188|96|32|178|149|223|31|145|4|59|31|115|109|82|213|195|123|80|10|54|155|186|112|104|177|139|193|163|25|54|75|227|219|187|221|1|179|161|235|235|164|177|68|159|175|120|218|120|176|11|12|40|236|106|240|96|32|231|206|54|195|156|231|235|106|80|139|94|57|202|43|103|88|37|90|17|27|155|72|24|107|208|59|49|137|219|209|243|101|172|108|120|132|225|154|133|182|147|245|124|88|109|125|82|100|34|73|39|94|208|252|112|228|130|35|85|243|213|86|104|63|99|97|241|153|24|11|110|118|120|83|84|200|45|172|177|34|186|103|174|67|1|117|29|96|94|195|106|156|205|99|231|217|29|249|20|222|174|166|127|154|251|124|245|121|230|89|172|254|41|241|226|36|63|215|210|144|208|134|201|5|85|56|184|224|134|24|41|194|177|31|156|182|252|6|223|11|169|118|171|150|86|231|15|163|19|
Overall Best: 0.9222 Generation: 17
length: 163.54

Generation 20
Average: 0.9070 Best: 0.9215
Best Individual: 
C0 5|117|161|4|210|120|101|38|228|127|113|97|205|195|207|227|15|205|35|100|78|67|77|33|137|115|193|47|177|116|147|168|45|116|203|42|62|60|66|241|137|181|161|179|57|53|156|211|192|199|188|96|32|178|149|14|31|145|4|59|227|115|109|82|54|144|123|80|100|54|99|186|112|104|177|139|193|163|25|54|75|227|219|124|221|1|179|161|235|235|164|177|68|158|42|104|218|120|176|11|12|40|236|106|240|96|32|231|206|58|195|156|231|235|106|80|139|42|57|202|43|103|88|37|90|17|27|155|72|24|107|208|59|49|19|66|209|243|101|172|108|182|132|225|154|133|196|147|245|124|88|94|60|82|100|34|73|39|94|208|252|112|209|130|35|67|243|213|86|104|63|99|97|241|9|24|11|110|134|120|146|84|200|45|172|177|34|186|103|174|67|1|117|29|50|94|195|106|156|205|99|231|217|29|249|20|222|174|166|127|154|251|124|245|121|230|89|172|254|41|19|4|36|63|215|210|144|208|134|201|5|85|56|184|224|248|24|41|194|177|31|156|182|252|6|223|11|169|118|242|122|86|231|15|163|19|
Overall Best: 0.9222 Generation: 17
length: 163.0

Generation 21
Average: 0.9085 Best: 0.9228
Best Individual: 
C0 250|209|202|5|194|177|151|229|5|151|167|146|64|195|207|227|15|205|35|100|78|236|77|33|57|115|193|47|177|116|147|168|45|178|203|42|62|60|66|241|137|181|122|179|70|53|186|211|172|190|188|96|32|178|67|223|176|145|4|59|31|121|104|104|251|239|64|186|10|54|155|186|112|104|177|55|193|247|67|113|45|57|180|118|221|196|2|218|224|186|253|63|98|230|121|123|81|193|26|238|222|238|139|248|75|194|32|169|206|109|198|156|97|80|74|80|139|94|192|219|102|42|60|107|33|144|253|145|53|138|142|194|28|124|37|146|146|232|204|19|241|203|168|5|62|231|200|247|67|47|138|218|152|21|129|14|70|8|159|120|128|52|191|185|82|78|61|148|195|11|222|136|97|128|220|65|245|153|128|3|196|51|72|81|161|90|106|243|147|73|130|98|27|108|254|40|56|134|236|179|210|161|96|251|191|184|84|235|237|179|5|32|13|244|223|46|132|12|5|27|188|219|48|167|89|230|130|85|110|147|200|85|135|208|232|173|110|110|247|129|94|176|239|30|20|64|137|161|4|173|160|93|46|173|103|185|
Overall Best: 0.9228 Generation: 21
length: 162.64

Generation 22
Average: 0.9086 Best: 0.9222
Best Individual: 
C0 250|209|202|5|194|177|151|229|5|151|167|153|64|195|207|227|15|205|35|100|78|236|77|33|57|115|193|47|177|116|16|168|147|178|203|42|62|60|66|241|137|181|122|179|70|53|186|211|172|190|188|96|32|178|67|223|176|145|4|59|31|121|104|104|251|239|64|186|10|54|155|186|112|104|177|55|217|247|67|74|164|93|219|248|221|1|102|161|235|235|164|177|142|159|175|120|253|120|19|11|12|40|236|127|240|210|32|231|66|54|195|156|231|235|106|115|55|94|57|202|102|103|88|37|90|80|81|155|72|24|177|172|59|49|137|219|209|243|101|172|61|223|144|26|211|79|8|165|223|144|13|44|222|38|155|132|231|116|37|51|24|134|228|244|10|85|221|98|168|7|63|120|237|123|153|112|11|110|118|95|83|179|200|82|163|177|179|74|14|45|134|1|253|29|41|209|197|106|156|56|21|231|20|29|167|44|222|174|102|40|160|223|127|245|223|46|132|12|5|49|188|208|237|167|29|230|228|85|47|147|77|85|135|208|207|64|236|110|247|127|94|20|239|30|20|64|137|161|4|173|160|93|46|173|103|185|
Overall Best: 0.9228 Generation: 21
length: 163.34

Generation 23
Average: 0.9084 Best: 0.9209
Best Individual: 
C0 172|217|156|176|187|149|223|127|125|23|113|97|28|195|109|227|15|227|35|100|78|67|77|33|137|115|193|5|115|39|199|168|45|153|253|94|189|233|52|93|24|137|101|239|88|160|160|15|27|1|45|131|205|161|191|94|8|235|146|217|211|196|57|244|168|60|125|42|144|251|194|44|69|95|86|170|150|116|88|183|180|77|166|118|136|149|2|218|224|133|50|63|38|111|121|123|2|193|72|238|222|238|253|49|75|194|91|98|237|54|198|156|4|80|34|80|139|94|193|219|102|219|104|128|90|145|70|185|72|24|177|34|57|224|56|114|131|152|238|162|102|146|116|220|183|79|145|9|161|80|13|184|139|253|1|238|155|53|9|166|226|211|8|79|143|83|19|101|56|77|144|205|47|238|232|220|11|110|134|120|146|84|200|45|172|62|34|182|103|174|121|161|107|46|121|25|120|79|136|208|99|245|20|29|97|69|9|18|156|135|10|209|188|197|102|65|163|39|5|88|242|51|50|64|215|100|179|117|150|226|151|85|9|29|42|32|72|145|51|172|57|190|238|63|254|102|252|240|151|252|171|108|143|133|184|130|
Overall Best: 0.9228 Generation: 21
length: 163.02

Generation 24
Average: 0.9081 Best: 0.9178
Best Individual: 
C0 250|148|156|176|187|149|223|127|125|23|113|97|28|195|158|227|15|227|35|100|78|67|77|33|137|115|193|5|115|39|199|168|65|153|253|94|189|233|52|93|24|137|101|239|88|160|160|15|27|1|45|131|205|161|191|94|8|235|146|217|211|239|57|244|168|60|125|42|144|251|194|44|69|95|119|170|150|116|88|183|180|77|166|118|136|149|2|218|224|133|50|63|38|111|121|123|2|193|72|83|222|238|253|49|75|194|91|98|237|54|198|156|4|80|34|80|139|94|193|219|40|219|104|118|90|145|70|185|72|24|177|34|57|224|56|114|131|152|106|162|102|146|116|217|183|31|145|9|161|80|13|184|139|253|110|238|155|53|9|166|202|211|8|79|143|83|19|101|56|77|144|205|47|238|232|220|11|110|134|120|146|84|200|45|172|62|34|182|103|174|121|161|107|46|121|25|120|79|136|208|99|245|20|241|97|69|9|18|156|135|10|209|188|197|102|65|119|39|5|88|242|25|50|64|215|100|130|85|110|147|151|68|72|208|127|173|110|110|247|129|94|136|246|30|20|64|58|161|4|173|198|93|46|173|103|185|
Overall Best: 0.9228 Generation: 21
length: 162.66

Generation 25
Average: 0.9092 Best: 0.9196
Best Individual: 
C0 49|181|224|4|68|150|11|52|188|82|233|226|36|192|193|54|156|34|25|8|56|109|252|158|111|112|90|169|237|15|56|84|7|245|100|24|44|233|69|83|223|200|203|147|142|189|70|152|182|227|121|145|215|27|225|101|244|145|191|241|163|34|176|177|65|88|231|92|207|116|37|111|39|95|177|165|155|4|177|86|168|82|167|67|85|254|228|108|195|168|216|32|128|171|220|66|189|100|34|166|10|123|13|70|163|234|140|120|179|45|154|51|124|40|6|99|5|155|39|44|47|10|177|72|183|9|103|17|151|55|242|252|161|49|60|55|58|18|58|224|213|205|177|2|159|145|182|63|214|5|108|116|74|42|99|15|114|58|3|15|64|54|166|191|73|39|206|25|240|139|63|99|224|111|78|11|38|237|118|51|83|124|228|73|177|177|179|66|224|119|108|93|24|61|41|75|197|21|162|219|77|231|20|29|167|20|105|110|82|221|56|94|127|109|10|230|89|172|254|41|45|231|125|63|93|166|164|42|134|122|254|184|203|36|194|104|69|41|194|81|101|52|0|88|144|46|252|149|164|50|150|22|233|250|23|19|
Overall Best: 0.9228 Generation: 21
length: 162.74

Generation 26
Average: 0.9080 Best: 0.9259
Best Individual: 
C0 49|181|91|4|68|150|11|52|188|82|180|226|177|192|110|75|156|34|92|180|56|100|22|187|79|112|90|135|150|137|134|219|7|245|24|24|44|233|69|241|183|192|192|244|142|189|70|141|182|98|75|145|215|133|58|107|244|145|241|242|203|25|176|177|131|88|234|119|144|116|53|111|39|133|177|75|230|221|32|86|65|216|32|88|152|254|47|108|5|168|226|32|128|229|106|145|131|158|34|53|161|129|185|58|113|64|44|92|45|12|189|111|103|107|22|231|148|5|58|26|127|102|230|172|175|80|125|175|72|24|177|172|59|49|137|157|199|243|101|105|61|223|144|26|211|79|8|165|223|144|13|44|179|38|155|132|231|116|37|83|24|200|228|77|214|14|110|181|241|7|63|120|237|123|67|112|11|110|118|50|83|179|78|175|163|177|179|236|14|45|134|1|253|29|151|209|197|106|156|56|21|156|20|29|167|44|105|174|82|221|163|94|127|11|10|230|89|172|254|206|45|231|125|226|87|166|164|171|134|122|254|9|220|36|194|220|69|41|194|81|101|41|0|123|144|46|252|149|103|252|160|22|233|250|77|19|
Overall Best: 0.9259 Generation: 26
length: 163.42

Generation 27
Average: 0.9097 Best: 0.9259
Best Individual: 
C0 49|181|91|4|68|150|11|52|188|82|180|226|18|192|110|75|156|34|92|180|90|100|22|187|79|167|90|135|150|137|134|219|7|245|24|24|44|15|241|241|183|192|192|244|142|189|14|141|182|98|75|145|215|133|58|107|244|145|241|242|203|25|176|177|131|88|234|119|144|116|53|111|39|133|177|75|230|221|32|86|65|216|32|88|152|254|186|108|5|168|226|32|128|229|106|145|131|158|34|53|161|129|185|58|113|64|44|92|45|12|58|111|103|107|22|231|148|5|58|26|127|102|230|172|175|80|125|175|72|24|177|172|101|49|137|157|199|243|101|105|61|223|144|26|211|79|8|165|223|144|13|44|179|38|155|132|231|116|37|19|24|200|228|77|214|74|110|181|241|7|63|120|237|123|67|112|11|110|118|50|83|179|78|175|163|177|179|236|14|45|76|1|253|29|151|209|197|106|156|221|21|156|20|29|167|44|105|174|82|221|163|94|127|11|10|42|89|172|254|206|45|231|125|226|87|166|108|171|134|122|254|9|220|36|194|92|69|41|194|81|101|41|0|123|144|46|252|149|103|252|160|22|205|250|77|19|
Overall Best: 0.9259 Generation: 26
length: 162.06

Generation 28
Average: 0.9097 Best: 0.9253
Best Individual: 
C0 49|181|91|4|68|150|11|52|87|82|180|226|177|192|110|75|156|34|92|180|56|100|22|187|79|112|90|135|150|137|134|219|196|245|24|24|44|233|7|100|183|177|192|10|142|189|70|141|182|98|75|145|215|140|58|107|88|95|241|242|203|25|176|177|131|88|234|119|144|116|53|111|255|133|177|75|230|221|32|86|65|216|32|88|152|254|238|108|5|168|226|32|233|229|106|145|193|197|34|53|161|120|185|58|11|64|44|92|45|184|189|111|218|136|173|231|148|99|58|26|127|102|230|45|175|80|125|175|72|24|177|172|59|49|137|157|199|243|101|105|61|223|144|26|134|79|8|242|223|144|13|64|179|38|155|132|207|116|37|83|24|200|228|77|214|86|110|181|241|144|63|120|135|123|144|112|11|110|177|50|83|179|78|175|33|177|179|236|14|45|134|1|253|29|151|209|197|106|156|56|21|156|20|113|167|70|105|228|82|183|163|94|127|11|10|230|89|172|254|206|45|231|60|42|177|166|164|171|134|122|96|9|220|36|194|220|69|41|194|81|101|41|0|123|96|46|252|117|103|252|160|22|233|250|73|19|
Overall Best: 0.9259 Generation: 26
length: 161.8

Generation 29
Average: 0.9083 Best: 0.9209
Best Individual: 
C0 49|181|91|4|68|150|11|52|87|82|180|226|177|227|110|75|156|34|92|180|56|100|22|187|79|112|90|135|92|137|134|219|196|245|24|24|44|233|7|144|183|177|192|10|142|241|70|128|182|98|75|145|215|140|58|107|88|95|241|61|203|25|176|177|131|88|234|119|144|116|53|111|255|87|177|75|230|221|47|56|65|216|32|88|152|254|238|108|5|238|226|32|233|229|106|145|193|197|34|53|161|120|185|58|11|64|44|92|45|184|189|111|218|136|173|231|148|99|58|26|127|102|230|63|175|80|125|175|88|170|177|172|59|49|137|157|199|243|52|105|243|223|144|26|134|79|8|242|223|144|13|64|179|38|155|132|207|116|37|83|24|200|228|77|214|86|110|181|241|144|63|120|135|123|244|112|11|110|142|50|83|179|78|175|33|177|179|236|14|45|134|1|253|29|151|209|197|106|156|167|21|156|20|113|167|70|105|228|82|183|163|94|127|11|10|230|89|172|254|206|45|231|60|42|41|166|183|171|134|122|125|9|220|36|194|220|69|41|194|81|101|41|0|123|96|46|252|117|68|252|160|22|233|250|73|19|
Overall Best: 0.9259 Generation: 26
length: 161.42

Generation 30
Average: 0.9083 Best: 0.9259
Best Individual: 
C0 49|181|224|4|132|150|80|52|216|82|233|226|36|239|193|224|118|117|25|8|129|109|252|158|111|112|90|85|172|15|56|178|7|245|143|24|44|34|69|185|247|173|58|111|44|188|9|38|230|151|158|119|215|140|58|107|88|95|241|61|203|25|176|177|131|88|234|119|144|116|53|111|255|87|177|75|230|221|47|56|65|216|32|88|152|254|238|108|5|238|226|92|233|229|106|145|193|197|34|53|161|120|185|58|11|64|44|95|45|184|189|111|218|136|173|231|148|99|58|26|127|102|230|63|175|80|125|175|88|170|177|200|59|49|137|127|199|145|101|105|243|223|144|26|134|237|8|242|223|144|13|64|179|38|155|132|207|116|12|83|24|200|228|77|214|86|110|181|241|144|63|120|135|189|244|112|11|110|142|12|83|179|212|175|33|177|179|236|203|244|134|1|253|29|151|209|197|106|156|167|21|156|210|113|167|70|105|228|82|183|163|94|127|11|10|230|89|172|254|206|45|231|60|42|41|166|183|171|134|122|125|9|220|36|194|220|69|41|194|81|101|41|0|123|96|106|252|117|68|252|160|22|19|250|73|19|
Overall Best: 0.9259 Generation: 26
length: 161.46

Generation 31
Average: 0.9086 Best: 0.9240
Best Individual: 
C0 49|181|224|4|132|150|80|52|216|82|233|226|36|239|193|224|118|117|25|8|129|109|252|158|111|112|94|85|172|15|56|178|7|245|143|24|61|34|69|185|247|173|170|111|44|188|9|38|230|151|158|119|215|140|54|107|88|95|241|61|203|25|33|177|131|88|234|119|144|116|242|111|255|87|177|75|230|221|47|56|65|216|32|88|152|254|87|108|5|237|226|92|233|229|106|145|193|197|58|53|161|120|185|58|46|64|44|95|45|184|189|112|218|136|173|231|148|99|58|26|127|102|177|63|181|80|125|175|88|170|199|200|59|49|137|127|199|145|101|105|243|140|144|26|134|237|8|242|223|144|13|181|179|38|155|132|207|116|150|83|24|200|228|77|214|86|110|181|241|144|63|120|135|189|244|112|11|110|142|12|83|179|212|175|33|177|179|236|203|244|134|1|253|29|151|209|197|106|156|167|21|156|210|113|167|223|105|228|82|183|163|94|127|11|10|21|89|172|254|206|45|231|60|42|41|166|183|157|134|122|125|9|220|36|194|220|69|41|194|81|101|41|0|123|96|106|252|117|68|252|160|22|19|250|73|64|
Overall Best: 0.9259 Generation: 26
length: 161.7

Generation 32
Average: 0.9091 Best: 0.9278
Best Individual: 
C0 49|181|224|4|132|150|80|52|216|82|233|226|36|239|193|224|118|117|25|8|129|109|252|158|111|47|94|85|172|15|56|178|7|245|206|24|61|34|69|68|25|173|170|111|44|188|9|38|230|151|158|119|215|140|54|107|88|95|241|61|6|25|33|177|131|88|234|119|144|116|242|111|253|87|177|75|29|221|47|56|65|216|32|75|152|254|87|108|5|26|226|92|233|229|106|155|193|197|58|53|161|120|185|58|46|64|44|95|45|184|189|112|218|136|173|231|148|99|58|26|127|102|177|63|161|239|125|175|103|170|199|200|131|49|137|127|80|145|101|236|243|140|144|26|134|237|8|242|223|144|13|181|179|38|155|132|153|116|241|83|24|200|182|77|214|86|110|181|241|102|63|120|135|7|244|112|11|110|142|12|83|179|212|175|33|177|179|236|203|244|134|246|253|29|151|209|197|106|156|167|21|156|210|113|167|223|105|228|82|183|163|94|128|11|10|21|89|172|254|206|45|231|247|42|41|166|183|157|134|122|125|9|220|36|194|220|69|41|194|81|101|41|0|238|63|106|252|117|8|252|160|22|19|250|73|64|
Overall Best: 0.9278 Generation: 32
length: 162.68

Generation 33
Average: 0.9096 Best: 0.9240
Best Individual: 
C0 49|181|91|4|68|16|11|9|87|82|180|226|177|227|110|75|156|34|158|180|56|100|180|187|9|112|90|139|161|137|134|127|196|142|132|188|44|233|7|61|183|192|192|244|198|189|83|141|182|219|17|119|195|133|58|107|244|191|163|30|8|187|176|177|38|88|67|110|100|54|99|186|112|233|177|174|193|163|240|156|200|111|158|105|221|207|242|165|30|235|253|83|98|111|78|123|81|193|88|238|56|184|126|204|103|96|31|66|190|248|195|141|56|1|78|80|66|42|196|202|220|46|120|141|69|144|253|129|104|206|177|24|59|224|137|114|131|121|235|162|33|66|222|220|183|204|16|9|102|80|13|71|139|30|86|37|219|200|71|40|102|252|161|232|206|83|148|57|231|77|144|22|91|142|58|236|11|188|134|188|52|106|170|121|149|173|60|85|88|243|29|169|194|254|139|57|198|94|84|82|99|71|163|227|97|101|116|100|254|110|72|209|86|164|154|230|5|172|165|153|45|139|180|10|27|225|18|201|210|193|254|94|59|161|194|186|69|133|249|176|238|35|3|41|144|46|45|149|153|50|150|231|62|250|167|83|
Overall Best: 0.9278 Generation: 32
length: 162.88

Generation 34
Average: 0.9102 Best: 0.9253
Best Individual: 
C0 49|181|91|4|68|16|11|9|87|82|180|226|177|227|110|75|156|34|158|15|22|100|180|187|9|112|90|139|161|137|184|127|196|142|132|188|44|233|7|61|183|192|192|244|198|189|83|141|182|219|17|119|195|1|58|107|244|191|163|30|8|187|176|177|38|88|67|110|100|54|99|162|112|233|177|174|188|163|240|156|200|111|158|105|221|207|242|165|30|224|253|83|98|111|78|123|81|193|88|238|56|184|126|204|103|96|31|66|190|248|195|141|56|1|78|80|66|42|196|202|220|46|191|141|69|144|253|129|104|206|78|24|59|224|137|108|131|121|92|18|33|66|222|220|183|204|16|9|102|80|13|71|139|30|86|37|219|200|71|40|102|252|161|232|206|83|148|57|241|250|63|120|221|7|244|112|11|188|134|188|52|56|170|121|149|173|60|85|88|243|29|169|194|254|139|57|198|94|84|82|99|71|163|227|97|101|116|100|254|110|72|209|86|164|213|230|5|172|165|153|45|139|180|10|27|97|18|201|210|193|254|94|59|161|194|186|69|133|249|176|238|35|3|41|144|46|45|149|153|50|150|231|62|250|167|83|
Overall Best: 0.9278 Generation: 32
length: 162.14

Generation 35
Average: 0.9099 Best: 0.9203
Best Individual: 
C0 49|181|87|118|110|150|11|9|87|82|253|159|177|7|110|75|58|34|92|180|136|54|123|187|207|59|90|135|92|137|134|113|139|245|24|78|44|233|7|144|151|177|243|10|239|154|254|128|182|32|75|189|215|108|58|113|169|8|183|61|32|107|176|51|131|88|125|20|238|43|59|129|69|95|1|165|106|116|186|2|222|77|196|111|126|188|119|61|190|96|253|160|24|81|121|145|15|197|195|53|161|120|185|58|180|38|186|92|114|184|229|111|218|136|97|231|148|99|58|144|127|171|93|84|218|39|125|202|242|170|172|49|32|49|69|127|252|145|101|105|111|223|144|244|134|7|122|242|135|144|33|13|221|0|139|132|207|250|12|237|24|230|228|115|219|170|110|181|111|164|249|120|96|186|244|86|11|26|56|113|12|179|212|11|212|177|35|122|93|153|152|236|192|160|224|97|41|164|20|67|136|121|15|163|156|70|105|228|82|183|163|94|127|11|10|181|89|20|89|27|8|151|12|146|206|230|222|45|125|147|192|85|254|99|232|238|101|30|194|211|10|41|0|123|54|200|252|117|70|152|160|235|18|73|75|83|
Overall Best: 0.9278 Generation: 32
length: 162.82

Generation 36
Average: 0.9096 Best: 0.9184
Best Individual: 
C0 49|181|91|4|68|16|11|9|87|82|180|188|177|227|110|75|156|34|158|15|22|105|180|187|9|112|90|139|161|137|184|127|196|79|132|188|44|233|65|232|21|14|54|104|27|160|121|12|109|91|156|52|18|185|227|44|254|10|70|93|211|48|176|177|131|88|148|0|238|215|235|129|69|133|212|165|106|117|186|2|13|77|196|111|57|31|119|218|224|218|206|168|176|111|78|123|81|193|88|238|91|184|126|204|103|96|31|16|190|248|195|204|56|1|78|80|180|42|196|202|220|46|191|141|69|144|253|129|104|206|78|161|59|224|137|108|131|121|92|18|246|66|222|76|183|204|16|9|102|80|13|159|139|65|178|37|138|200|71|191|102|252|161|232|206|83|148|57|166|250|63|120|221|7|170|112|11|188|134|188|52|56|170|121|149|173|60|85|88|243|29|169|194|254|139|57|198|94|84|82|99|71|59|227|97|101|4|71|254|131|72|209|86|164|213|230|6|172|165|102|129|139|180|10|242|97|18|119|210|193|254|221|59|161|194|186|69|133|249|176|238|79|3|41|144|46|45|149|153|50|150|231|62|22|167|227|
Overall Best: 0.9278 Generation: 32
length: 161.9

Generation 37
Average: 0.9088 Best: 0.9222
Best Individual: 
C0 49|181|91|4|187|152|11|9|87|62|180|188|177|227|110|75|156|34|158|15|22|105|180|187|9|112|73|130|43|137|184|127|196|79|132|206|240|233|65|232|21|14|54|104|27|160|121|12|109|91|156|52|18|185|227|44|254|10|70|93|211|48|176|177|131|88|148|0|238|215|235|129|69|133|212|165|106|117|186|115|13|77|196|111|57|31|119|218|224|98|206|168|176|111|78|123|81|193|88|238|91|184|126|95|37|96|31|16|190|248|29|204|56|1|78|33|180|42|196|202|220|46|191|192|69|144|253|129|104|48|78|161|59|224|137|108|131|121|92|18|68|66|222|76|183|204|16|9|102|80|13|159|146|65|178|37|138|20|71|147|102|252|161|232|206|83|148|57|166|250|63|120|221|7|170|112|11|188|134|188|52|56|170|121|149|173|60|85|88|243|29|169|194|254|139|57|198|94|84|82|99|71|59|227|97|101|4|235|254|38|72|209|86|164|213|230|6|172|165|102|129|139|180|10|242|97|18|119|210|193|254|221|59|161|194|186|69|133|71|176|238|79|3|41|144|46|45|149|153|50|150|231|224|22|167|227|
Overall Best: 0.9278 Generation: 32
length: 160.84

Generation 38
Average: 0.9092 Best: 0.9178
Best Individual: 
C0 29|85|112|220|230|189|17|124|184|82|233|241|56|252|193|161|156|71|126|45|183|234|171|208|111|237|62|78|148|137|18|210|196|205|27|188|44|11|50|78|124|85|192|51|198|189|186|107|37|169|185|144|132|133|58|210|244|46|163|30|8|187|176|239|45|88|67|110|100|103|93|26|112|233|204|174|193|163|2|156|200|82|158|105|161|207|242|165|30|235|84|72|186|31|78|123|81|25|88|238|56|184|126|111|163|194|130|120|53|101|154|94|206|240|103|99|181|92|54|174|167|10|7|210|64|17|103|235|92|25|129|116|226|201|131|0|35|18|224|234|213|146|43|217|30|125|124|222|160|84|160|8|237|242|159|37|155|53|164|166|39|77|228|77|159|74|180|181|60|7|89|46|120|123|159|126|198|133|38|50|11|179|168|71|66|177|179|236|39|45|165|1|110|71|235|5|197|129|152|172|21|156|124|29|9|44|34|192|169|153|59|94|113|11|120|166|89|240|208|185|70|173|59|42|142|166|38|157|78|126|91|9|131|17|194|220|153|151|178|180|101|52|60|253|32|46|252|117|58|252|160|200|160|149|247|83|
Overall Best: 0.9278 Generation: 32
length: 160.94

Generation 39
Average: 0.9091 Best: 0.9228
Best Individual: 
C0 18|71|91|97|197|45|11|109|42|82|233|186|36|57|34|87|25|179|197|38|129|158|196|158|24|7|140|169|169|206|97|37|192|117|139|119|142|255|31|232|21|14|54|104|27|160|226|12|218|91|41|52|170|185|227|44|138|10|70|93|211|48|176|177|131|88|148|71|238|215|235|129|69|146|175|165|106|117|186|115|13|69|231|37|57|31|119|218|224|98|15|109|176|111|78|227|81|193|88|99|114|184|126|95|37|96|31|16|190|68|29|204|56|1|78|33|180|42|196|202|220|46|191|192|202|144|253|103|104|48|78|161|59|224|137|108|131|121|92|18|233|66|97|76|183|204|133|9|76|161|13|20|146|65|178|37|138|20|71|147|102|252|161|232|206|83|148|57|166|250|63|120|221|7|170|112|35|188|134|69|52|56|170|121|149|173|60|85|88|243|29|86|194|254|139|57|198|94|84|82|99|71|59|227|97|101|4|235|254|38|115|209|86|164|213|230|6|128|165|102|129|105|180|10|242|97|18|252|247|193|254|221|59|136|194|186|69|133|194|206|101|24|67|123|201|46|252|149|227|64|99|19|205|60|77|129|
Overall Best: 0.9278 Generation: 32
length: 161.52

Generation 40
Average: 0.9099 Best: 0.9184
Best Individual: 
C0 46|65|153|51|100|91|179|172|70|151|124|205|46|102|53|41|24|29|34|253|58|132|205|49|228|122|251|121|175|87|81|79|7|155|14|119|86|160|7|10|183|225|192|244|198|166|83|42|95|126|27|119|36|1|171|96|77|191|163|60|8|5|224|177|38|34|67|110|151|54|99|162|112|233|177|174|243|82|240|156|200|4|196|111|57|131|242|149|30|142|207|65|245|111|106|88|225|146|186|38|193|31|189|58|6|219|44|71|45|124|189|72|75|138|242|80|84|129|233|202|158|153|120|141|213|144|129|74|117|51|253|208|49|147|26|114|231|94|171|162|230|235|222|82|86|248|16|9|102|24|13|181|179|7|14|132|151|113|70|199|77|200|90|189|8|216|238|25|241|144|63|226|45|94|125|112|133|101|22|198|83|106|170|175|22|176|179|51|195|70|134|13|200|63|46|209|197|91|156|178|21|151|191|22|167|157|105|148|124|239|237|163|72|211|225|104|7|172|167|210|124|232|131|63|55|85|160|79|53|97|16|47|99|199|186|239|72|16|140|64|236|76|177|4|186|200|112|228|184|127|204|78|232|16|10|151|
Overall Best: 0.9278 Generation: 32
length: 162.52

Generation 41
Average: 0.9094 Best: 0.9215
Best Individual: 
C0 189|132|155|192|41|70|11|217|188|158|38|25|18|66|110|75|156|165|92|94|16|168|22|187|151|209|90|253|192|81|134|113|139|245|179|186|46|160|7|87|32|224|243|10|239|154|213|128|182|32|75|63|215|73|72|5|36|145|4|183|118|98|239|177|131|88|96|86|254|182|85|77|58|83|126|60|11|226|155|86|220|216|32|131|139|123|27|161|147|96|51|219|98|81|90|84|193|28|34|223|161|86|185|181|223|140|186|92|138|12|188|200|56|1|78|80|66|42|196|42|148|46|120|165|69|54|173|129|104|206|91|24|96|12|226|253|102|49|235|162|33|66|210|222|103|59|16|224|234|98|13|155|15|81|22|148|155|47|142|142|225|253|161|8|206|104|127|103|189|44|101|172|209|227|105|166|24|52|13|64|130|192|117|62|144|177|35|136|173|153|152|236|153|160|224|97|141|164|20|94|136|171|168|29|9|134|252|192|169|177|17|183|194|11|120|42|8|240|208|84|153|226|59|63|78|124|107|7|26|122|235|203|102|56|194|233|125|227|194|54|238|187|203|3|144|62|208|1|164|177|35|51|116|88|106|99|
Overall Best: 0.9278 Generation: 32
length: 162.24

Generation 42
Average: 0.9086 Best: 0.9209
Best Individual: 
C0 104|181|91|4|187|152|11|110|14|62|180|36|177|227|15|192|220|34|71|15|174|218|163|146|9|112|153|155|51|137|101|165|243|172|110|78|44|233|7|48|45|77|18|39|239|129|254|128|182|32|196|207|215|23|58|113|80|134|117|119|150|87|176|51|3|88|186|43|192|43|59|129|69|25|225|23|106|151|186|133|247|77|196|111|11|193|119|61|223|96|153|124|77|41|184|145|23|100|138|53|100|170|185|58|205|112|186|51|79|154|102|111|108|136|5|231|96|99|58|160|127|171|93|10|246|7|128|100|242|78|76|21|32|146|69|127|162|165|198|105|182|209|221|173|156|170|129|180|153|24|220|38|228|141|193|86|47|88|16|208|24|200|126|115|48|16|30|148|240|186|58|233|226|56|75|43|11|110|195|50|71|49|98|175|167|212|77|236|234|35|134|1|192|22|151|209|253|133|6|25|207|62|217|226|213|137|69|41|3|37|10|97|5|198|42|104|170|200|254|111|54|41|192|64|214|106|180|171|134|118|210|78|59|161|54|217|112|90|71|176|238|129|222|41|8|157|45|149|74|50|168|159|166|60|109|227|
Overall Best: 0.9278 Generation: 32
length: 161.32

Generation 43
Average: 0.9080 Best: 0.9178
Best Individual: 
C0 49|181|145|143|187|152|11|110|14|62|180|36|177|227|171|192|156|110|158|15|174|218|163|187|9|93|144|229|51|180|101|165|243|245|122|78|44|233|7|48|45|77|18|39|239|154|254|128|182|32|139|250|215|23|58|113|80|134|117|147|32|169|176|51|245|88|186|94|186|43|58|129|49|25|85|77|228|62|104|133|134|77|128|111|11|56|180|61|190|96|253|124|146|41|184|145|23|197|138|53|104|229|103|58|205|112|186|79|92|154|107|111|218|136|205|231|77|99|58|160|127|171|93|10|246|7|150|211|242|128|118|228|32|146|69|181|57|54|70|189|238|27|87|121|211|204|255|94|153|216|240|134|28|179|21|149|138|140|241|87|167|198|48|82|206|83|148|57|172|250|170|120|120|250|11|112|133|188|115|164|52|56|170|121|36|145|102|236|14|26|45|209|129|174|46|135|197|178|102|191|21|163|252|21|253|157|194|175|119|24|21|121|81|198|42|207|27|200|87|168|223|37|83|6|206|106|183|171|134|118|210|204|100|161|54|59|69|133|71|176|19|129|3|50|134|14|45|149|98|50|150|154|166|60|109|227|
Overall Best: 0.9278 Generation: 32
length: 161.96

Generation 44
Average: 0.9098 Best: 0.9234
Best Individual: 
C0 189|208|155|121|41|193|12|141|207|158|38|25|1|66|110|75|156|165|92|94|200|168|22|159|176|209|90|159|192|228|134|220|96|245|179|102|46|160|189|52|32|224|243|10|239|30|213|128|182|32|52|63|215|73|124|5|36|145|163|60|8|5|190|177|195|113|67|110|151|54|99|162|25|233|184|174|243|82|129|156|200|4|113|92|57|131|242|186|30|142|207|65|245|111|91|229|240|74|204|194|180|188|253|34|113|201|118|175|190|169|195|141|142|1|78|71|2|180|210|202|208|46|126|50|136|144|44|15|80|197|7|112|160|252|96|71|170|201|92|195|187|160|2|220|220|116|145|138|186|18|134|159|146|59|248|37|154|208|228|91|183|253|161|183|222|104|237|50|15|88|4|231|116|56|138|126|48|15|206|116|128|192|164|202|186|164|179|136|173|153|81|236|153|118|224|97|131|159|20|94|136|171|168|29|9|134|252|117|169|177|17|183|194|11|120|42|8|12|208|84|153|226|59|63|161|124|107|139|28|47|235|203|102|240|194|233|125|227|194|54|238|187|203|3|144|62|91|1|164|177|35|158|116|88|106|99|
Overall Best: 0.9278 Generation: 32
length: 163.22

Generation 45
Average: 0.9084 Best: 0.9240
Best Individual: 
C0 193|94|82|85|190|210|38|72|151|11|124|231|126|245|145|254|111|45|163|135|53|104|205|210|199|43|149|199|17|5|66|110|251|93|5|218|185|156|7|96|179|91|127|177|131|93|139|107|205|245|72|119|133|97|193|109|29|64|91|61|186|78|153|53|13|88|165|127|119|182|123|77|69|83|243|60|230|221|155|226|152|216|109|131|92|123|27|161|147|175|162|151|82|221|35|165|182|43|134|41|161|29|118|13|128|207|87|94|138|28|188|200|175|88|247|16|66|160|196|205|148|46|120|165|227|54|9|129|104|206|91|152|59|143|226|148|102|49|120|162|11|66|37|222|103|121|16|224|234|60|13|155|15|81|102|253|207|218|107|49|215|230|155|115|169|84|32|161|98|144|137|120|96|115|127|112|11|242|56|217|121|122|54|11|198|176|214|16|93|120|47|236|253|224|224|97|187|23|137|34|221|46|71|42|223|70|105|89|30|128|69|171|127|8|89|95|206|120|84|84|8|41|186|2|206|172|160|45|110|202|109|85|211|177|147|238|69|64|71|176|97|177|62|41|237|26|208|249|153|80|150|231|137|159|91|184|
Overall Best: 0.9278 Generation: 32
length: 163.94

Generation 46
Average: 0.9084 Best: 0.9196
Best Individual: 
C0 104|68|135|159|145|193|11|187|207|134|155|25|18|66|44|75|21|165|92|94|16|198|22|187|151|209|59|253|145|19|66|110|251|93|5|165|192|156|206|96|58|150|127|136|32|93|139|93|205|245|72|171|231|97|82|27|29|14|62|61|186|78|153|53|233|88|136|121|119|182|117|61|194|83|243|165|230|131|85|175|142|213|32|99|242|78|27|161|235|25|108|192|212|199|82|102|182|158|48|53|161|104|57|91|133|176|30|92|253|226|242|111|218|163|25|164|185|5|182|110|99|106|44|84|168|80|192|89|213|157|161|200|219|122|193|26|158|145|101|182|69|81|208|96|123|242|8|127|71|144|25|207|44|38|176|218|210|135|128|230|234|72|73|140|208|181|83|36|156|167|12|120|182|159|106|89|11|58|158|165|190|42|212|11|74|83|51|168|14|113|29|113|197|50|151|23|242|170|96|244|143|64|129|149|37|193|235|209|57|61|105|94|0|214|40|186|169|47|74|15|127|34|29|42|247|166|107|7|217|122|235|176|102|240|50|233|75|38|194|54|238|187|95|3|144|62|208|1|164|177|72|158|140|47|106|99|
Overall Best: 0.9278 Generation: 32
length: 162.54

Generation 47
Average: 0.9076 Best: 0.9215
Best Individual: 
C0 193|243|185|85|190|210|38|72|151|11|124|231|126|245|145|254|111|45|118|135|53|104|205|210|199|43|149|199|17|5|66|184|251|93|5|218|185|156|7|96|179|91|127|177|131|93|139|253|205|245|72|119|133|250|193|109|29|64|184|61|186|184|153|53|191|88|165|127|119|192|123|77|69|83|243|60|230|221|155|226|152|165|109|131|92|199|27|161|147|175|162|151|82|237|35|165|182|43|134|41|161|29|249|13|174|207|74|94|138|28|49|200|31|75|247|16|125|160|196|205|72|103|120|165|227|54|76|129|104|206|179|152|46|143|226|224|179|49|120|162|179|31|37|222|103|121|16|224|156|60|23|155|15|81|102|253|207|218|107|38|46|37|197|77|178|174|32|161|98|144|137|184|199|115|120|112|27|242|56|217|121|122|54|11|198|176|214|16|93|120|47|236|253|149|173|97|61|23|137|34|221|46|71|42|223|70|105|89|53|128|69|171|75|8|89|95|193|120|84|84|8|41|186|2|206|172|160|45|212|202|109|214|211|177|82|238|69|64|71|176|97|177|180|41|237|26|208|118|153|170|150|231|137|159|91|184|
Overall Best: 0.9278 Generation: 32
length: 162.7

Generation 48
Average: 0.9080 Best: 0.9178
Best Individual: 
C0 151|214|75|85|100|210|100|206|187|107|252|253|1|45|24|177|24|217|83|240|165|169|104|254|62|255|9|128|108|133|247|98|119|144|178|255|46|160|7|178|161|3|102|10|145|170|159|106|120|32|75|226|201|187|72|47|152|203|216|183|242|98|42|177|131|88|219|86|254|52|85|77|58|83|126|60|97|220|155|186|220|24|32|176|139|73|134|161|45|96|51|219|98|81|150|84|220|28|34|162|161|66|185|181|173|140|186|99|61|184|235|139|242|136|173|97|107|144|244|42|42|102|217|125|119|88|181|16|178|170|82|229|197|4|109|97|217|132|52|224|63|186|162|222|216|209|207|201|98|70|113|87|8|59|24|94|151|135|128|22|68|211|228|236|97|69|32|134|111|144|249|217|92|80|244|112|120|242|56|132|235|179|145|200|198|177|35|5|172|38|112|71|74|160|175|97|21|21|217|114|21|113|241|30|17|7|66|98|129|156|21|94|25|147|83|105|207|172|227|27|11|91|30|146|206|108|190|232|44|147|75|233|254|129|232|238|69|130|233|176|167|76|3|221|161|26|45|220|153|50|239|106|33|182|169|51|
Overall Best: 0.9278 Generation: 32
length: 161.36

Generation 49
Average: 0.9061 Best: 0.9171
Best Individual: 
C0 104|68|135|159|145|193|11|187|99|134|155|25|18|66|44|75|114|165|218|75|16|241|104|130|62|243|125|22|108|22|235|20|228|111|111|212|232|63|7|97|183|115|203|218|254|164|83|214|26|65|72|228|234|24|56|96|77|195|58|203|82|226|176|177|38|34|67|144|231|225|99|162|112|53|177|177|58|213|85|188|142|194|164|153|64|217|177|178|236|97|169|83|98|204|111|155|199|42|156|53|136|222|182|121|180|163|176|179|44|184|209|163|221|136|173|85|148|99|223|142|168|102|91|160|242|88|141|236|92|212|103|34|11|4|27|54|137|37|170|108|82|188|137|46|46|173|185|201|71|144|25|130|44|232|176|60|207|185|250|193|5|95|73|140|208|59|114|245|135|149|12|46|52|159|78|108|11|250|104|122|105|179|214|117|74|52|128|116|109|113|173|154|69|197|151|231|253|170|96|238|143|74|116|45|147|193|183|210|169|112|102|79|76|138|57|186|146|227|74|15|54|211|17|26|128|100|62|177|170|111|249|67|74|240|188|12|163|206|253|128|183|69|40|47|96|46|208|1|164|177|72|158|140|47|106|99|
Overall Best: 0.9278 Generation: 32
==================
    Best individual after 50 generations
    computed in 8,790.6270 seconds
    1478 elements out of 1593 correct.
    emerged in generation 32
    with fitness 0.9278
==================

