Starting evolution...

Generation 0
Average: 0.9044 Best: 0.9165
Best Individual: 
C0 119|229|220|172|191|223|53|93|31|198|40|21|172|66|63|8|47|137|194|86|15|156|172|228|54|178|198|254|182|148|123|238|91|135|211|100|24|36|177|30|245|248|165|148|48|122|138|238|41|39|174|153|66|252|154|42|249|219|64|46|81|74|3|153|54|102|42|60|123|121|46|182|28|208|200|194|153|244|215|135|164|83|251|6|213|171|70|32|204|118|116|27|0|116|240|150|84|76|79|61|236|227|9|90|195|181|249|121|34|243|151|44|176|158|199|146|131|46|39|59|144|138|186|63|239|71|47|27|158|16|109|31|215|87|174|150|138|232|22|248|83|29|185|152|14|205|14|45|62|246|223|169|150|77|108|109|86|129|169|192|155|57|129|35|116|2|156|97|82|116|82|21|71|25|129|63|217|38|99|49|53|87|216|244|20|176|104|147|82|173|190|120|180|235|179|45|127|225|161|84|81|107|106|156|36|117|149|220|111|240|233|36|39|172|40|232|216|68|223|206|2|162|243|189|191|9|240|35|29|143|97|51|110|93|7|9|219|189|84|73|141|69|145|177|238|207|173|178|69|68|93|175|229|61|225|11|
Overall Best: 0.9165 Generation: 0

Generation 1
Average: 0.9053 Best: 0.9171
Best Individual: 
C0 204|237|163|143|68|90|123|222|101|196|252|70|96|83|139|130|1|17|93|168|14|144|202|0|32|181|187|101|230|53|156|56|137|250|216|8|63|101|129|94|35|74|204|229|38|216|87|141|146|52|64|74|45|168|95|190|59|238|205|160|137|178|114|76|93|253|120|80|176|225|108|145|156|170|59|94|253|175|48|79|170|124|21|111|243|155|59|228|169|229|19|221|133|115|252|138|61|192|68|37|197|178|88|28|215|93|154|76|186|78|77|32|250|61|25|47|68|165|1|142|154|182|219|180|170|133|130|26|89|31|209|99|200|102|239|235|63|58|72|224|181|8|79|36|156|7|128|63|124|58|223|125|254|224|14|55|142|75|38|240|83|177|164|170|146|19|21|60|124|111|150|6|47|62|196|158|151|117|228|122|171|235|108|228|207|150|153|213|188|158|198|182|72|77|212|165|25|107|140|60|112|224|34|39|237|255|136|70|161|238|140|138|56|26|100|39|14|10|200|250|49|174|63|114|90|75|135|130|27|36|245|100|161|116|11|41|251|28|113|99|216|180|154|137|100|110|160|33|12|132|28|108|25|179|11|140|
Overall Best: 0.9171 Generation: 1

Generation 2
Average: 0.9071 Best: 0.9171
Best Individual: 
C0 128|144|78|156|102|115|178|224|186|172|218|85|123|243|202|112|221|220|85|105|65|22|77|163|231|71|220|91|188|93|80|30|131|163|84|146|156|217|65|146|37|11|208|14|75|251|193|6|197|69|138|169|194|9|156|70|103|12|56|59|114|180|101|63|217|138|233|251|71|249|46|19|94|176|31|1|235|228|104|8|57|8|57|180|250|46|9|250|112|201|134|111|58|122|18|39|91|67|195|197|177|112|251|96|32|207|40|64|101|162|189|248|4|161|30|64|211|1|83|220|35|86|72|67|13|182|18|105|179|167|172|218|83|167|38|163|86|209|35|238|164|247|4|64|178|230|116|52|166|190|178|168|11|173|136|233|38|137|43|78|58|146|185|175|29|213|201|119|155|122|135|10|77|54|224|159|58|54|115|122|34|149|52|9|242|198|165|245|239|112|165|193|59|13|11|53|101|140|20|117|19|35|41|25|251|36|103|96|222|36|65|69|41|226|247|244|138|142|179|138|137|44|71|246|127|135|92|169|178|104|205|80|202|227|220|226|130|132|194|164|178|92|65|177|239|79|228|96|239|69|172|139|46|12|219|205|
Overall Best: 0.9171 Generation: 1

Generation 3
Average: 0.9076 Best: 0.9190
Best Individual: 
C0 51|119|131|192|199|8|104|42|123|107|213|227|225|95|170|116|89|62|29|200|21|184|245|74|11|180|132|125|2|206|232|44|137|200|154|203|54|235|36|11|38|131|240|59|88|218|9|226|36|142|51|246|50|164|65|49|74|90|3|242|33|14|218|71|155|144|151|32|130|39|87|161|225|191|192|10|250|210|109|242|40|247|162|73|13|24|155|114|223|244|85|22|102|0|44|108|51|243|171|191|79|160|147|191|224|106|249|222|172|52|185|34|172|19|26|127|98|107|75|89|148|34|87|190|110|8|176|39|246|220|254|187|98|57|57|122|198|211|146|69|170|106|60|197|172|118|81|177|251|234|44|148|151|151|244|104|69|165|244|80|179|127|54|238|72|0|90|223|136|172|24|64|67|237|122|93|40|240|203|59|208|247|8|97|192|81|194|96|176|198|34|102|21|47|20|23|12|153|145|95|181|121|33|64|253|108|50|94|1|156|39|148|161|146|170|105|185|178|40|207|97|159|100|113|1|164|159|186|26|128|205|214|44|187|19|181|213|177|63|178|71|226|6|75|62|198|238|107|63|79|217|163|233|17|174|236|
Overall Best: 0.9190 Generation: 3

Generation 4
Average: 0.9074 Best: 0.9190
Best Individual: 
C0 90|44|147|204|251|3|24|253|39|158|251|169|132|56|120|90|185|131|149|46|92|54|229|136|117|72|135|74|102|211|120|166|80|136|173|40|234|60|220|34|254|182|12|74|113|145|50|119|154|124|127|46|53|220|11|115|190|208|241|243|52|240|153|21|103|9|102|184|146|161|123|38|149|73|65|50|81|92|37|99|55|61|110|69|121|220|178|75|125|38|217|12|127|99|138|11|124|176|162|182|233|102|140|85|185|187|156|187|12|37|212|6|192|48|140|29|76|30|88|170|195|2|185|35|11|251|79|145|189|36|223|237|105|91|63|102|180|102|11|190|49|177|137|219|221|53|105|160|144|254|108|123|161|73|79|248|190|5|201|178|129|103|42|189|31|113|252|230|100|207|148|168|102|158|113|165|100|193|44|192|42|85|72|229|26|167|39|130|73|198|62|236|161|95|152|59|20|192|47|210|49|75|236|231|101|214|94|241|171|207|235|163|81|110|220|184|218|89|210|202|27|54|45|111|181|160|223|56|135|227|60|9|231|5|135|201|125|193|116|234|45|156|185|35|6|172|218|82|8|86|181|122|188|5|106|194|
Overall Best: 0.9190 Generation: 3

Generation 5
Average: 0.9092 Best: 0.9234
Best Individual: 
C0 64|179|22|131|62|196|92|70|234|93|197|113|46|219|112|221|214|110|131|117|225|186|195|48|194|117|140|244|184|23|35|94|93|235|13|241|83|61|187|24|42|68|186|111|65|237|218|111|4|17|119|214|162|1|209|149|178|124|220|36|141|248|198|216|144|69|235|239|142|49|43|195|187|175|122|54|240|76|15|204|50|193|43|235|115|109|126|69|77|87|204|135|115|159|181|138|142|215|242|114|232|61|179|72|48|166|220|178|220|224|221|219|192|48|140|29|93|193|88|211|170|174|8|253|11|30|79|145|189|111|46|89|98|82|65|215|206|80|182|182|42|108|209|118|86|61|9|232|199|210|80|121|31|102|135|219|248|237|29|162|78|204|207|3|232|161|37|62|5|225|177|91|236|130|22|203|223|174|130|90|1|71|64|10|132|93|206|71|113|126|107|113|174|238|74|35|176|204|171|237|200|229|48|197|167|122|207|137|103|216|87|220|58|146|186|11|108|19|216|87|148|185|184|52|1|109|153|229|152|163|70|37|215|225|45|87|3|59|199|158|119|161|197|4|219|26|208|184|192|141|255|139|34|255|96|117|
Overall Best: 0.9234 Generation: 5

Generation 6
Average: 0.9080 Best: 0.9203
Best Individual: 
C0 90|44|147|155|122|230|123|222|69|149|252|224|96|248|57|130|1|131|85|116|109|85|64|24|250|72|109|244|89|110|42|30|163|11|171|215|122|145|136|15|124|200|214|48|145|35|96|250|122|218|62|245|67|192|45|192|152|210|54|93|81|115|139|91|17|235|250|165|3|246|211|236|149|73|65|50|81|92|176|99|55|61|110|69|121|220|178|75|125|38|217|12|127|99|23|196|124|176|162|182|233|25|140|85|185|187|194|187|12|37|212|6|192|52|140|29|76|30|88|156|195|2|185|240|11|53|79|145|189|9|223|78|105|91|63|102|180|102|11|190|49|83|137|219|221|53|105|160|144|215|108|123|161|73|79|248|190|5|201|178|129|103|42|189|31|113|252|230|100|207|148|168|102|158|113|165|100|193|44|192|206|85|72|229|26|221|185|130|73|198|92|86|161|139|152|59|20|192|47|210|38|75|236|231|101|214|94|241|171|207|235|163|172|110|220|184|218|89|8|202|27|212|45|17|154|160|223|56|135|227|60|9|231|5|33|201|125|193|116|234|45|156|185|35|6|172|218|82|8|50|7|122|2|5|219|194|
Overall Best: 0.9234 Generation: 5

Generation 7
Average: 0.9103 Best: 0.9203
Best Individual: 
C0 17|90|163|143|68|2|30|183|157|187|252|7|96|83|134|234|150|129|93|249|14|144|188|128|99|94|36|235|230|89|192|186|85|216|228|138|32|236|212|209|83|160|206|150|223|150|163|208|242|72|230|14|17|149|88|22|205|107|106|238|31|35|140|0|254|206|108|238|77|220|161|7|230|121|223|117|122|67|186|172|184|8|99|105|152|200|185|87|5|195|0|73|170|203|135|92|76|179|57|175|84|198|118|134|144|234|38|183|208|64|61|143|93|153|15|251|153|134|235|57|57|156|16|237|235|65|84|197|172|150|253|177|49|36|97|160|244|188|122|221|49|177|232|31|5|53|105|174|144|254|4|123|174|63|22|248|253|165|162|113|179|127|224|145|19|69|70|44|150|166|190|116|91|110|115|134|185|197|103|70|193|28|36|249|88|176|129|85|146|173|120|120|180|147|179|242|198|70|31|84|81|193|96|156|101|117|0|220|99|207|235|181|56|26|21|90|14|10|53|53|8|183|63|163|16|80|135|158|27|177|77|11|125|105|11|41|251|28|113|38|184|180|220|120|100|93|160|33|12|83|76|108|117|179|11|140|
Overall Best: 0.9234 Generation: 5

Generation 8
Average: 0.9107 Best: 0.9228
Best Individual: 
C0 90|93|206|119|7|3|56|26|71|231|177|169|116|9|161|233|235|94|95|68|116|47|203|146|66|205|45|244|80|110|6|152|122|163|84|174|156|144|93|146|10|237|208|14|75|205|193|6|197|69|194|171|247|188|29|43|121|105|29|200|26|1|164|1|17|235|250|165|3|191|98|236|149|1|65|50|81|92|176|99|55|61|110|179|121|220|114|75|125|38|217|203|127|99|23|196|31|79|162|182|233|25|140|85|185|187|194|187|12|37|212|6|192|52|140|29|76|30|88|59|195|2|185|240|11|247|79|145|189|74|223|141|244|91|63|102|180|102|11|190|49|83|137|219|138|53|128|160|144|215|108|123|161|211|177|248|190|5|201|178|129|103|42|189|31|113|5|230|100|207|148|168|102|158|71|104|100|193|44|192|18|85|72|229|143|1|185|97|73|198|92|86|161|76|72|59|20|133|195|104|159|21|238|69|16|24|72|21|52|224|231|106|50|176|69|52|134|77|21|139|185|126|91|5|86|189|18|5|41|135|212|9|87|27|47|201|125|184|116|234|181|131|1|35|6|228|218|82|85|91|108|171|231|161|74|194|
Overall Best: 0.9234 Generation: 5

Generation 9
Average: 0.9094 Best: 0.9196
Best Individual: 
C0 90|93|206|119|7|3|56|26|71|231|177|169|116|9|161|233|235|94|95|221|116|47|203|210|66|205|45|244|80|110|6|152|122|163|84|174|156|144|93|146|10|237|208|14|75|205|193|6|197|69|194|253|247|188|29|86|121|105|29|200|26|40|164|1|17|235|250|61|3|191|98|55|149|1|65|50|81|92|176|99|55|61|110|179|121|220|126|75|125|159|217|203|127|99|23|228|31|79|162|182|233|25|140|85|107|187|194|187|12|37|174|194|192|52|161|29|76|30|88|59|195|2|185|240|11|247|79|145|189|161|223|141|244|62|63|102|180|102|11|190|49|83|137|219|138|53|128|160|144|215|108|123|161|156|177|248|190|5|201|178|129|103|42|189|31|248|5|230|100|207|148|168|102|158|71|104|100|255|44|192|18|85|72|229|143|1|185|97|73|198|92|86|103|76|72|59|20|133|195|104|159|21|238|69|16|24|72|21|52|224|216|106|107|176|31|180|134|77|21|139|185|126|91|5|86|189|18|5|41|135|212|9|87|27|47|201|125|184|116|234|181|131|1|35|6|228|218|82|85|91|152|171|225|161|74|194|
Overall Best: 0.9234 Generation: 5

Generation 10
Average: 0.9093 Best: 0.9190
Best Individual: 
C0 90|79|55|71|251|3|24|253|39|158|251|169|132|4|120|12|185|118|164|46|104|54|4|51|71|103|68|250|57|67|51|106|67|239|127|229|132|82|162|205|150|112|106|123|210|50|176|55|168|128|44|40|193|5|156|70|62|1|56|209|174|205|101|21|53|75|251|154|223|205|76|42|243|60|218|177|32|50|60|139|15|21|161|10|40|211|93|33|112|190|177|52|58|15|159|36|73|67|150|197|208|44|157|96|29|104|29|64|101|162|82|64|244|48|140|29|125|82|88|1|185|2|97|240|11|157|79|145|189|110|223|78|38|91|63|77|180|102|11|190|49|235|137|216|221|108|105|250|144|215|108|123|161|205|25|248|190|91|202|178|129|103|42|189|153|175|252|118|230|207|148|234|106|158|6|165|100|125|85|192|95|85|241|221|27|132|39|24|190|198|16|24|195|133|169|31|20|192|33|210|203|222|236|189|101|214|94|241|238|33|187|138|232|110|220|184|218|89|210|25|27|212|249|75|181|160|223|242|135|227|60|9|168|3|135|80|125|193|116|234|45|156|177|35|6|96|218|82|252|50|7|122|146|121|106|219|
Overall Best: 0.9234 Generation: 5

Generation 11
Average: 0.9108 Best: 0.9215
Best Individual: 
C0 148|251|148|6|251|3|24|235|39|172|79|169|185|56|120|175|220|131|164|46|92|54|82|207|71|69|220|240|188|93|80|16|215|133|34|88|62|244|164|223|167|11|208|20|63|89|30|101|197|69|138|169|194|41|114|70|103|52|72|31|72|180|101|178|103|57|102|92|146|28|17|38|215|73|110|211|80|166|57|71|223|35|94|222|114|76|202|6|198|173|164|75|253|128|148|11|36|145|242|65|27|241|32|132|61|146|156|134|159|218|53|87|136|186|140|29|76|30|88|156|27|2|185|193|11|251|79|145|227|9|223|78|94|91|63|131|180|127|215|190|130|82|137|219|221|108|105|76|194|215|108|123|161|137|25|46|165|166|154|120|129|96|52|189|31|113|252|198|150|207|234|168|102|158|113|205|100|125|44|192|42|85|252|153|26|167|185|130|125|198|92|35|161|139|152|59|20|192|90|210|38|16|236|43|101|109|158|226|104|240|209|36|97|16|135|161|112|190|244|163|115|7|205|10|220|116|9|224|229|253|53|187|186|146|167|88|147|106|201|31|185|41|208|236|225|96|218|211|8|5|187|122|97|5|106|194|
Overall Best: 0.9234 Generation: 5

Generation 12
Average: 0.9107 Best: 0.9247
Best Individual: 
C0 17|90|163|54|125|2|30|220|157|33|252|7|248|183|134|27|64|129|66|249|194|255|188|101|99|94|99|196|10|89|192|186|85|159|219|108|32|236|212|209|83|160|184|239|43|196|163|208|242|72|250|196|127|149|88|47|205|107|106|53|31|35|3|0|144|206|209|130|77|64|161|222|230|121|223|117|16|67|186|172|193|112|99|105|152|200|185|87|19|19|0|88|93|160|135|92|204|61|57|175|84|240|118|181|144|234|38|135|208|237|61|143|8|46|15|27|153|134|56|77|97|156|189|216|235|65|170|197|172|137|253|177|254|36|97|160|144|188|107|221|49|177|180|31|5|69|105|174|144|254|29|16|211|71|188|19|169|23|162|113|179|127|184|161|19|126|70|63|150|166|190|125|71|110|115|134|185|40|103|27|59|215|36|25|40|176|129|102|146|173|120|226|95|167|0|242|198|233|42|187|81|88|96|92|20|117|0|202|99|238|194|181|56|26|21|90|14|10|53|2|209|50|46|163|16|80|17|158|27|9|195|11|128|166|11|41|251|177|113|22|184|180|220|79|100|215|160|185|45|83|76|108|117|179|127|140|
Overall Best: 0.9247 Generation: 12

Generation 13
Average: 0.9114 Best: 0.9228
Best Individual: 
C0 148|185|148|6|251|3|251|142|243|58|79|169|185|56|120|175|100|131|164|46|34|154|82|207|71|69|220|103|188|93|80|16|215|133|34|88|62|244|164|223|167|238|208|20|63|232|30|101|197|69|138|169|194|59|114|70|103|52|72|123|72|67|101|178|141|57|102|92|146|28|17|38|215|73|110|211|80|69|57|71|111|35|94|222|175|76|202|6|198|173|164|75|146|128|148|11|36|145|242|65|27|241|202|132|61|146|62|134|159|218|53|87|136|186|130|29|144|30|88|219|27|115|185|193|222|210|79|145|77|9|223|78|94|91|63|131|180|127|215|190|130|82|137|219|221|108|123|76|194|215|108|123|141|137|25|46|165|166|154|120|129|96|52|189|31|113|3|198|150|207|234|168|102|158|119|205|100|2|44|192|42|175|252|136|83|167|60|52|125|216|71|35|161|117|9|59|2|24|90|210|228|16|236|43|101|12|83|226|104|240|209|36|97|16|135|161|112|58|244|163|115|7|237|10|220|116|9|224|23|253|24|187|186|146|154|88|147|106|201|31|185|214|208|228|225|96|218|211|8|5|187|122|97|5|106|194|
Overall Best: 0.9247 Generation: 12

Generation 14
Average: 0.9110 Best: 0.9209
Best Individual: 
C0 17|90|78|235|68|2|30|183|157|8|252|7|101|83|220|116|150|129|93|0|14|80|98|141|244|94|36|235|10|89|192|186|77|159|219|108|32|236|212|209|241|160|60|239|43|196|163|208|242|72|250|196|127|149|90|47|205|107|106|220|31|35|3|0|144|206|209|213|77|64|161|222|230|121|223|117|16|254|186|236|193|112|118|105|152|200|185|87|19|19|0|88|90|160|161|206|82|145|162|32|68|102|140|115|185|6|9|113|233|37|146|15|100|100|253|29|202|89|13|237|251|2|35|200|44|251|79|157|189|36|161|21|54|50|226|102|190|56|161|190|8|177|71|27|128|69|105|174|144|254|29|16|211|71|188|19|103|23|162|113|179|127|184|161|19|93|70|63|150|166|190|125|71|110|245|134|185|40|103|27|59|215|36|25|40|176|129|102|47|173|120|226|95|167|0|242|198|233|42|187|81|88|96|144|20|117|0|24|99|238|194|181|42|26|21|90|14|10|53|144|27|178|118|243|70|196|43|12|147|211|84|9|231|5|33|198|125|193|116|194|40|180|18|138|100|196|160|20|12|83|76|108|117|96|11|140|
Overall Best: 0.9247 Generation: 12

Generation 15
Average: 0.9115 Best: 0.9234
Best Individual: 
C0 139|181|163|19|68|2|139|183|235|187|252|7|217|115|134|122|153|129|209|212|22|113|188|128|152|80|36|235|26|49|82|129|85|216|6|140|32|146|93|209|132|33|152|150|223|214|163|229|30|72|230|14|17|190|76|83|205|36|106|238|7|244|134|0|79|206|108|238|77|103|161|7|83|82|136|131|5|1|57|71|224|91|94|222|114|76|202|83|241|173|164|75|253|128|192|54|34|145|242|65|27|241|32|83|61|47|254|160|159|181|53|87|78|186|140|29|3|30|13|252|27|24|97|180|92|93|94|142|194|220|17|1|175|91|240|102|177|140|11|137|23|83|0|219|138|53|204|216|144|143|196|16|161|143|21|248|190|5|201|45|164|144|42|22|31|113|5|170|146|180|166|209|182|158|71|18|144|193|21|192|18|15|105|229|47|1|105|234|73|198|28|140|161|76|195|59|195|56|220|104|159|252|238|69|136|164|181|242|52|224|243|85|50|176|227|14|134|77|21|240|185|126|26|5|190|15|18|3|197|59|168|9|87|27|47|201|125|45|172|110|181|129|138|67|88|99|44|42|48|150|76|108|117|17|11|239|
Overall Best: 0.9247 Generation: 12

Generation 16
Average: 0.9112 Best: 0.9234
Best Individual: 
C0 17|252|78|69|68|2|30|90|86|8|252|7|70|83|134|116|150|129|87|0|14|144|220|141|99|11|24|235|10|235|192|222|85|231|101|88|93|236|212|128|22|160|148|25|69|92|135|208|242|72|46|82|177|149|88|4|205|9|106|155|69|203|87|228|254|206|108|254|82|141|161|112|230|195|223|117|214|67|47|41|84|8|99|105|114|128|177|59|19|79|243|157|67|203|47|92|76|179|98|51|233|49|118|134|223|88|38|183|52|64|61|143|93|12|15|251|128|134|246|39|97|233|185|237|235|65|3|197|158|150|141|97|254|14|72|190|244|0|215|221|209|83|137|219|138|53|152|74|120|176|205|121|142|167|161|10|185|60|76|175|109|93|19|187|221|209|35|204|94|44|233|196|5|78|244|209|53|176|80|38|243|92|216|70|250|40|38|76|82|203|69|7|108|134|115|204|246|40|47|106|74|52|236|189|101|214|88|67|207|207|131|163|191|171|188|20|151|183|8|110|117|212|118|17|70|141|43|39|147|132|84|168|45|5|98|198|125|193|116|234|140|6|18|138|100|152|37|185|12|83|76|108|36|179|11|242|
Overall Best: 0.9247 Generation: 12

Generation 17
Average: 0.9117 Best: 0.9234
Best Individual: 
C0 97|8|148|6|251|3|133|142|243|58|79|40|185|65|120|175|142|131|239|46|103|43|82|207|233|231|220|103|48|93|192|76|77|159|97|108|143|236|212|209|67|28|220|239|43|196|195|208|62|69|126|22|194|59|114|70|103|52|39|123|72|67|101|178|141|228|139|200|198|81|180|42|80|42|49|154|208|185|67|95|252|217|106|106|161|86|134|102|244|254|37|83|85|253|52|238|56|74|224|129|193|29|65|221|200|9|6|124|56|204|159|14|136|158|46|251|144|30|204|219|27|115|185|161|95|180|86|145|77|9|149|78|94|91|63|131|168|127|84|74|130|82|137|219|138|108|70|59|194|215|4|201|141|190|25|46|165|166|87|120|129|96|52|189|31|113|160|96|150|228|234|168|120|158|119|218|100|2|44|211|105|175|25|177|92|167|60|52|125|216|71|35|161|117|9|110|231|233|42|187|56|88|96|195|243|70|0|196|99|238|209|36|39|129|135|161|112|58|244|163|115|7|237|10|114|116|140|224|26|253|24|210|186|2|154|88|147|106|201|31|185|135|208|228|225|96|73|211|8|5|187|122|97|5|106|194|
Overall Best: 0.9247 Generation: 12

Generation 18
Average: 0.9121 Best: 0.9234
Best Individual: 
C0 239|181|163|19|238|2|139|56|235|187|252|196|184|59|134|122|153|129|209|149|22|101|158|128|152|176|36|235|241|123|145|20|85|148|148|140|32|146|93|209|132|33|152|150|223|214|247|229|30|72|230|124|17|190|76|83|205|36|106|238|7|74|166|72|79|206|231|238|77|103|128|7|83|82|136|131|124|1|57|211|224|91|94|233|114|76|202|83|241|167|164|210|253|56|18|54|34|11|213|19|27|241|184|83|61|47|254|160|224|167|74|87|78|186|140|29|3|30|13|252|27|4|97|29|117|235|79|145|197|161|20|34|110|146|63|102|65|145|191|61|104|140|4|64|178|185|159|39|250|38|162|144|197|200|136|82|33|215|18|50|22|146|66|207|166|69|109|136|63|107|148|209|48|158|71|19|125|193|18|192|18|57|72|229|208|1|185|38|73|198|50|236|161|76|195|227|20|45|195|58|159|252|99|250|29|114|72|21|52|160|231|241|48|111|89|203|61|77|215|148|17|126|40|5|102|205|18|3|197|164|168|9|87|27|145|72|125|45|172|110|181|129|138|67|88|99|233|42|48|150|76|108|117|17|11|239|
Overall Best: 0.9247 Generation: 12

Generation 19
Average: 0.9112 Best: 0.9266
Best Individual: 
C0 8|201|206|112|102|62|56|204|181|231|196|36|94|68|25|226|12|101|136|124|139|157|39|235|66|205|45|169|170|112|42|222|93|46|253|14|203|144|93|240|81|46|224|153|149|205|193|6|8|52|155|222|247|188|220|43|118|105|5|200|15|1|110|19|201|169|68|200|204|14|167|69|80|176|49|103|208|180|67|95|252|118|114|184|169|178|189|196|244|254|37|83|85|163|52|21|110|220|78|188|254|102|140|184|142|191|6|124|105|153|103|41|24|248|81|103|211|142|196|251|74|114|199|229|145|226|29|233|179|104|188|250|83|120|93|77|91|155|234|108|190|214|190|175|178|230|160|68|37|159|39|144|176|115|62|160|29|131|216|197|236|34|190|31|125|147|79|253|106|207|63|210|44|228|44|86|251|193|22|192|18|209|54|169|33|1|124|208|124|198|92|86|161|76|72|59|236|133|102|133|160|118|248|145|16|182|186|31|67|122|67|109|97|16|55|246|8|19|77|104|174|179|205|155|220|100|9|73|229|253|232|54|244|113|192|34|126|106|201|31|216|162|207|80|225|111|103|177|8|44|33|122|24|5|154|194|
Overall Best: 0.9266 Generation: 19
==================
    Best individual after 20 generations
    computed in 3,105.8120 seconds
    1476 elements out of 1593 correct.
    emerged in generation 19
    with fitness 0.9266
==================

