Starting evolution...

Generation 0
Average: 0.8851 Best: 0.9014
Best Individual: 
C0 0|37|251|246|4|85|146|126|147|122|185|11|88|220|14|68|222|57|18|19|20|21|163|23|156|164|26|27|28|145|186|223|36|33|34|132|42|1|6|10|40|106|211|247|44|45|13|102|110|43|60|84|171|225|120|195|240|179|58|78|50|62|61|65|94|32|66|67|15|69|70|71|162|73|74|111|76|255|161|234|198|81|112|83|51|16|86|230|177|137|90|91|39|93|64|59|96|97|118|56|49|207|47|103|98|105|190|107|133|79|48|108|9|113|114|115|116|117|189|82|89|121|215|123|174|244|7|127|128|35|130|131|200|55|201|135|136|95|138|139|140|141|142|104|144|183|52|29|148|149|134|151|2|153|154|155|24|157|152|235|199|248|72|22|31|165|166|53|168|54|196|38|77|221|219|175|41|228|238|124|213|181|182|143|184|92|5|187|188|75|17|191|192|193|194|119|169|158|80|180|231|150|202|203|204|205|206|229|208|209|210|30|176|232|214|8|216|170|218|227|159|125|63|217|224|167|226|212|12|46|87|178|160|233|109|129|236|237|101|239|99|241|242|243|173|245|3|197|25|249|250|100|252|253|254|172|
Overall Best: 0.9014 Generation: 0

Generation 1
Average: 0.8908 Best: 0.9102
Best Individual: 
C0 0|50|251|246|4|85|146|126|236|122|185|11|88|220|14|68|222|57|18|19|20|21|163|23|225|164|26|27|28|145|186|255|36|33|34|132|210|1|6|10|181|5|211|247|44|45|120|102|110|43|60|84|171|156|13|195|240|162|58|78|37|62|61|65|94|32|66|232|15|69|70|175|179|73|74|89|76|223|161|234|198|81|112|83|51|87|17|230|177|193|90|82|39|93|64|59|96|97|118|207|49|55|47|103|38|105|190|107|133|159|48|108|9|125|114|115|116|117|189|91|111|253|215|123|174|244|7|127|128|35|130|131|200|56|204|135|136|95|138|139|140|141|142|104|144|183|52|29|148|149|134|151|2|241|154|155|24|157|152|250|199|248|72|16|31|165|166|53|168|54|196|98|77|221|219|71|41|228|238|124|213|40|194|143|184|92|106|187|188|75|86|191|192|137|182|119|30|158|80|180|231|150|202|203|201|205|206|229|25|209|42|169|176|67|214|8|216|170|218|227|79|113|63|217|224|167|226|212|12|46|22|178|160|233|109|129|147|237|101|239|99|153|242|243|173|245|3|197|100|249|235|208|252|121|254|172|
Overall Best: 0.9102 Generation: 1

Generation 2
Average: 0.8959 Best: 0.9102
Best Individual: 
C0 0|50|251|246|4|85|128|126|236|122|185|11|88|118|14|68|222|57|18|19|20|21|163|138|225|164|100|27|253|145|173|255|36|33|34|132|210|1|30|10|181|5|211|247|44|45|120|102|110|43|60|84|171|156|13|195|240|162|58|190|37|62|61|65|94|32|66|232|15|69|70|175|179|73|250|89|76|223|174|234|198|81|112|83|182|87|17|230|177|140|90|82|39|93|64|59|96|97|220|207|49|55|148|103|38|105|78|107|133|111|7|108|9|125|254|176|116|117|189|91|159|28|215|123|161|244|48|127|193|35|197|131|200|56|204|135|136|95|243|139|146|141|142|104|144|183|52|29|47|149|194|151|2|241|221|155|3|157|152|74|199|248|42|16|31|165|166|53|168|54|196|98|77|154|219|71|41|228|158|124|213|40|134|119|184|92|106|187|188|75|86|191|192|137|51|143|6|238|235|180|231|150|202|203|201|205|206|229|25|209|72|169|160|67|214|8|216|170|218|227|79|113|63|217|224|167|226|212|12|46|22|178|115|233|109|129|147|237|101|239|99|153|242|23|186|245|24|130|26|249|80|208|252|121|114|172|
Overall Best: 0.9102 Generation: 1

Generation 3
Average: 0.8951 Best: 0.9127
Best Individual: 
C0 0|230|2|127|31|5|239|118|160|95|47|113|247|147|84|148|163|134|59|19|146|51|81|3|63|28|33|24|20|29|167|27|74|52|220|35|130|122|32|246|11|222|79|238|193|119|235|173|182|49|143|116|178|189|12|205|152|6|91|15|144|61|62|1|245|58|165|176|171|159|25|71|223|73|168|96|39|138|192|42|211|13|213|9|140|202|92|87|244|64|60|184|196|65|206|7|136|137|57|99|56|101|216|104|43|94|253|41|195|98|67|23|112|48|114|4|232|117|229|53|120|249|186|254|124|132|234|145|107|46|207|131|135|133|158|110|21|97|164|250|242|141|142|66|149|199|255|169|157|198|150|151|111|153|109|217|121|103|129|212|37|161|17|36|188|126|166|251|77|34|170|203|93|191|86|10|100|208|155|26|115|181|179|233|83|185|18|187|219|183|89|228|200|209|194|45|90|215|108|175|105|201|88|68|204|55|78|40|80|85|210|38|214|174|69|197|44|156|218|172|72|221|14|102|224|225|70|54|237|75|30|231|139|16|106|236|226|190|240|22|125|241|227|243|154|50|76|162|248|180|177|128|252|82|123|8|
Overall Best: 0.9127 Generation: 3

Generation 4
Average: 0.8959 Best: 0.9109
Best Individual: 
C0 0|140|41|205|24|10|141|145|27|9|38|11|190|93|14|101|69|70|128|19|253|31|22|113|90|254|187|243|234|68|82|47|37|176|147|118|15|238|7|166|40|167|123|195|163|33|218|168|50|26|120|114|112|143|160|201|29|77|53|91|245|242|162|124|225|134|66|208|58|20|131|129|115|73|246|67|5|43|8|177|80|105|180|244|72|159|222|44|88|42|241|28|116|59|157|95|127|240|99|144|100|110|32|154|148|247|17|152|102|226|81|111|126|231|206|65|169|108|48|119|103|210|229|56|151|213|220|21|83|136|86|221|186|173|153|55|96|202|117|139|2|158|142|71|255|189|25|194|52|149|171|209|164|181|130|133|223|107|36|89|98|106|188|57|62|165|63|49|61|104|239|232|60|155|175|174|97|85|237|18|172|146|182|227|121|185|132|64|54|196|84|191|161|193|92|184|214|197|1|217|200|79|230|94|252|12|87|207|75|78|236|183|212|3|203|215|216|178|250|150|170|228|135|13|224|4|34|76|16|125|35|156|198|204|137|235|249|30|46|251|199|219|74|233|109|23|122|248|39|192|51|45|6|179|138|211|
Overall Best: 0.9127 Generation: 3

Generation 5
Average: 0.8971 Best: 0.9121
Best Individual: 
C0 0|102|88|249|178|162|9|238|222|219|227|185|34|223|145|10|111|190|239|96|230|86|84|150|48|5|216|213|210|114|44|74|15|235|242|251|103|12|38|179|201|17|214|45|180|226|22|186|173|69|194|117|177|25|153|167|26|182|110|197|142|42|62|108|64|128|33|67|198|41|156|188|143|13|118|56|224|81|37|228|109|200|82|246|6|85|75|76|155|149|80|203|209|164|14|95|23|244|98|253|115|101|184|124|8|204|151|168|135|193|247|160|159|113|146|100|176|58|241|163|60|121|122|55|53|43|126|3|46|231|20|131|31|66|170|172|91|254|70|83|136|107|51|49|2|236|196|161|148|233|183|147|11|120|154|221|28|24|119|97|63|129|207|199|144|132|21|166|234|208|57|65|181|73|174|232|35|68|61|248|30|220|27|134|32|112|72|187|89|140|4|191|79|18|127|137|152|141|104|123|139|29|218|1|47|138|206|245|94|171|189|243|212|19|93|215|169|240|92|158|54|16|252|50|225|59|40|87|229|165|52|202|175|205|157|192|125|211|195|71|7|99|39|77|130|36|90|78|106|217|250|133|116|237|105|255|
Overall Best: 0.9127 Generation: 3

Generation 6
Average: 0.8989 Best: 0.9140
Best Individual: 
C0 193|94|36|246|62|93|223|160|219|105|119|23|115|59|102|222|66|17|225|227|180|73|34|75|76|151|15|65|117|22|30|78|32|154|88|123|46|158|203|83|101|6|194|5|0|243|251|98|44|231|97|2|189|99|54|242|164|57|255|145|86|148|218|166|69|103|7|172|42|110|45|70|29|21|232|79|91|184|178|4|122|163|177|169|183|85|234|200|161|140|156|53|171|138|1|237|191|252|33|95|87|196|197|135|107|56|80|116|132|206|130|179|112|152|90|141|254|3|55|187|13|121|28|109|192|186|40|159|239|129|249|128|43|111|92|9|233|134|236|229|64|245|142|82|12|146|108|235|174|81|221|41|133|127|27|155|176|253|241|39|100|11|162|74|150|190|71|20|230|143|25|124|170|126|195|157|31|185|153|96|205|217|244|204|24|84|68|216|188|52|215|14|77|47|226|175|8|212|60|199|238|207|67|35|149|51|16|26|19|240|144|248|147|224|137|37|125|209|118|201|10|61|198|181|214|49|72|48|114|213|136|220|208|38|63|247|182|168|167|89|202|113|50|131|139|58|106|210|104|165|18|120|211|228|250|173|
Overall Best: 0.9140 Generation: 6

Generation 7
Average: 0.8991 Best: 0.9159
Best Individual: 
C0 15|133|98|111|54|44|152|117|9|1|51|121|30|70|41|239|197|236|13|241|200|79|210|192|20|171|18|173|176|228|65|247|16|195|80|148|14|38|190|58|118|211|77|168|234|143|154|123|187|0|205|196|22|27|10|47|29|112|227|124|24|6|243|19|207|39|37|34|253|45|131|129|115|73|246|67|221|43|8|177|222|105|103|170|72|97|108|35|186|161|66|91|201|252|157|78|127|240|158|144|101|119|42|61|94|223|5|219|135|230|163|53|159|181|233|217|151|153|128|11|120|166|28|224|132|145|156|90|164|174|251|162|238|250|114|23|136|68|130|218|140|69|193|208|116|249|74|125|149|102|63|107|87|194|155|182|216|86|2|81|82|138|184|231|202|109|179|83|191|209|55|189|40|141|62|175|139|85|32|146|75|137|96|169|225|142|88|220|226|95|99|3|84|46|244|50|48|167|56|199|64|242|92|4|198|245|183|232|93|206|178|59|134|126|204|57|160|113|110|21|254|248|106|7|235|33|122|26|215|100|229|180|212|36|52|213|89|147|203|185|188|17|25|104|60|165|172|214|150|31|76|49|237|12|71|255|
Overall Best: 0.9159 Generation: 7

Generation 8
Average: 0.8995 Best: 0.9140
Best Individual: 
C0 45|117|163|70|150|57|180|7|38|103|248|178|0|71|13|214|113|239|168|34|145|96|136|73|200|31|72|40|166|164|185|50|154|114|169|95|158|191|126|67|5|183|172|102|2|42|216|122|110|209|32|109|161|27|218|249|182|22|220|78|176|245|174|28|253|244|135|58|207|246|91|33|217|228|170|53|51|81|179|159|12|8|123|49|204|193|68|229|238|219|80|88|231|184|14|79|146|25|101|47|194|222|147|134|94|223|151|18|197|230|247|160|1|162|9|195|111|242|205|11|120|112|20|224|132|125|16|82|128|144|24|131|157|243|39|240|254|10|236|119|140|89|232|104|35|83|124|29|61|129|100|142|93|63|187|155|48|199|212|74|4|44|87|190|250|165|115|153|237|233|66|98|77|141|62|175|139|85|59|143|75|46|138|235|99|84|186|181|226|97|41|3|189|56|148|203|121|173|215|241|156|65|92|188|6|118|90|137|43|21|152|55|196|210|60|167|211|69|149|105|198|255|201|116|54|202|36|206|208|30|26|234|108|37|17|251|130|177|23|227|225|52|192|221|106|171|107|19|127|86|133|64|213|15|76|252|
Overall Best: 0.9159 Generation: 7

Generation 9
Average: 0.9013 Best: 0.9096
Best Individual: 
C0 236|52|152|165|74|158|161|217|99|97|6|245|137|49|41|101|69|70|128|83|253|100|22|113|187|254|255|107|234|68|183|90|126|176|147|118|220|197|238|166|40|167|124|195|222|221|162|185|198|26|120|248|149|150|170|19|60|77|53|45|232|242|63|204|179|229|66|208|252|228|131|134|115|249|1|213|5|43|67|177|80|105|71|7|72|159|25|44|88|62|145|28|116|169|36|50|33|233|30|144|168|73|32|154|2|250|153|48|235|156|104|129|11|209|231|78|196|117|29|34|39|160|86|9|20|125|82|148|102|206|199|141|18|178|14|64|3|16|247|85|174|17|142|230|135|95|92|207|98|175|91|210|182|89|59|57|216|121|140|237|186|106|201|146|214|227|35|243|240|164|133|27|244|188|180|225|127|239|211|8|246|193|65|191|4|122|223|54|38|189|123|81|205|24|202|84|56|200|109|119|0|13|203|46|173|15|94|10|224|139|61|184|241|143|76|172|130|163|79|219|132|155|212|93|55|51|151|218|226|31|96|181|108|21|110|171|192|136|12|157|42|215|112|111|190|87|23|138|114|58|37|251|75|194|103|47|
Overall Best: 0.9159 Generation: 7

Generation 10
Average: 0.9005 Best: 0.9153
Best Individual: 
C0 63|40|186|210|82|114|26|43|85|65|159|152|23|228|131|179|119|177|187|52|235|185|226|217|120|166|96|110|239|24|44|127|182|75|91|150|89|244|224|16|8|93|115|92|126|73|255|161|25|78|51|128|46|83|9|104|211|54|238|103|151|234|80|41|59|134|3|252|20|167|129|200|0|243|14|157|164|29|251|76|116|154|121|66|53|229|90|47|36|5|145|147|30|32|111|6|97|95|169|180|100|148|222|49|45|38|27|70|168|198|50|193|144|236|28|79|67|94|118|190|146|209|156|196|133|17|4|107|68|220|136|124|241|253|138|12|207|202|242|250|183|137|206|117|15|189|74|208|132|247|37|109|55|125|230|71|223|60|102|203|98|227|191|188|245|165|195|213|254|218|181|176|56|48|130|174|112|240|237|31|246|219|249|155|221|248|19|58|1|77|22|163|160|153|81|184|106|10|72|21|212|61|11|86|135|201|113|99|108|158|122|192|233|141|87|139|216|232|215|205|231|105|7|143|34|33|171|35|123|62|13|172|173|88|199|178|170|204|101|140|69|57|162|194|149|214|142|2|84|175|225|39|64|18|42|197|
Overall Best: 0.9159 Generation: 7

Generation 11
Average: 0.8998 Best: 0.9140
Best Individual: 
C0 105|144|23|3|134|26|24|72|132|148|146|163|110|87|131|80|117|98|36|85|114|62|124|205|249|233|242|178|237|156|121|97|93|183|1|29|174|197|48|10|88|41|14|8|194|177|208|204|138|118|58|224|171|179|181|77|47|82|46|231|27|81|61|187|51|115|196|142|255|69|198|201|60|17|120|99|165|176|235|44|64|236|45|206|22|56|20|200|68|232|76|30|49|254|122|18|21|241|54|59|210|108|9|78|217|191|160|125|139|33|104|252|137|136|189|184|157|152|220|91|111|228|53|128|15|244|107|90|182|113|112|188|153|35|193|135|57|203|155|218|140|253|86|66|119|143|192|169|195|127|19|100|96|28|7|109|164|84|13|175|32|34|70|245|16|162|190|55|38|209|2|172|40|103|250|4|67|219|222|154|102|173|225|180|116|101|248|221|166|75|0|213|25|43|234|212|65|238|240|6|207|79|31|159|74|37|161|229|129|223|239|95|149|230|214|63|52|39|186|227|158|199|251|123|94|12|89|73|11|145|211|246|42|141|226|215|106|151|71|5|83|133|216|126|147|50|170|167|168|150|185|243|92|130|247|202|
Overall Best: 0.9159 Generation: 7

Generation 12
Average: 0.8976 Best: 0.9159
Best Individual: 
C0 105|60|141|3|134|115|24|72|69|183|95|163|196|87|171|145|74|198|36|85|114|84|124|80|249|233|142|178|237|156|187|97|235|253|1|29|174|197|48|10|96|41|14|8|194|177|208|204|138|118|58|224|131|179|181|77|47|123|46|231|27|81|211|121|51|26|110|133|255|132|98|135|144|4|120|99|165|176|93|44|64|236|45|206|22|56|20|200|68|232|76|30|49|254|122|18|21|241|54|59|210|108|9|78|217|191|160|125|139|33|104|252|137|136|189|184|157|152|220|91|111|228|53|128|15|244|148|90|182|113|112|188|153|35|62|201|57|203|155|218|140|107|86|66|119|143|192|169|195|127|19|100|88|28|7|109|164|193|13|175|32|34|70|245|16|162|190|55|38|209|2|172|40|103|250|17|67|219|222|154|102|173|225|180|116|101|248|221|166|75|0|213|25|43|234|212|65|238|240|6|243|79|31|159|117|37|161|229|129|223|239|146|205|230|214|63|52|39|186|126|158|199|251|82|94|12|89|73|11|149|61|246|42|23|226|215|106|151|71|5|83|242|216|227|147|50|170|167|168|150|185|207|92|130|247|202|
Overall Best: 0.9159 Generation: 7

Generation 13
Average: 0.8985 Best: 0.9127
Best Individual: 
C0 164|146|61|9|160|246|228|49|224|14|150|104|178|161|211|130|32|190|41|117|206|46|171|23|252|234|69|50|108|76|101|148|122|58|202|45|114|27|19|219|111|187|208|68|218|60|3|253|151|74|51|186|243|175|39|181|56|201|96|90|52|223|131|249|107|221|183|11|28|170|127|133|119|12|158|235|25|144|44|180|159|38|166|34|233|48|209|42|188|255|15|77|147|84|94|120|125|195|177|99|103|145|54|142|7|115|53|134|78|176|126|185|35|135|57|232|1|102|240|86|66|91|156|241|207|17|168|62|33|220|136|124|100|242|140|139|26|71|36|31|194|216|244|169|215|116|59|189|30|16|123|129|87|217|155|75|8|172|79|163|236|191|141|63|64|92|65|212|20|13|197|182|81|18|29|174|82|85|210|153|72|6|204|137|24|37|109|231|105|238|226|254|250|0|95|21|118|198|97|154|179|67|4|22|196|89|40|230|83|110|251|152|200|138|214|2|98|167|149|239|247|47|245|132|88|203|112|173|93|165|213|222|162|70|227|5|225|199|55|143|205|80|248|192|229|43|128|106|73|237|184|121|10|193|113|157|
Overall Best: 0.9159 Generation: 7

Generation 14
Average: 0.8984 Best: 0.9159
Best Individual: 
C0 214|252|57|70|149|146|129|254|182|227|23|152|165|5|71|143|144|16|183|72|242|115|155|119|245|123|193|185|78|173|233|90|124|37|241|166|63|191|178|89|162|38|30|163|253|112|170|34|238|239|169|114|98|42|8|104|211|190|175|97|19|40|139|137|91|67|94|1|234|243|117|200|77|167|174|188|136|26|47|2|80|31|121|248|53|130|58|237|36|109|54|33|101|103|118|45|216|95|145|64|209|232|208|6|187|39|111|161|168|15|11|126|204|196|9|74|221|10|207|96|62|92|184|147|55|4|48|83|76|164|108|172|195|133|75|159|52|65|157|229|41|3|148|228|192|230|68|154|140|141|210|85|0|181|246|27|29|160|212|50|14|110|99|88|125|128|22|127|122|255|20|135|198|150|131|225|13|87|206|186|226|217|24|28|153|251|132|222|46|61|73|235|51|106|84|105|231|32|180|224|171|244|176|249|189|156|223|197|201|69|82|21|12|179|194|60|213|35|120|7|81|158|56|177|113|219|202|66|203|138|25|59|220|218|107|18|199|79|205|44|86|250|17|49|215|102|151|247|116|142|134|43|93|240|100|236|
Overall Best: 0.9159 Generation: 7

Generation 15
Average: 0.8986 Best: 0.9134
Best Individual: 
C0 137|90|107|131|0|8|230|128|129|97|206|212|93|246|88|78|171|208|204|223|76|219|225|179|56|222|149|251|227|249|74|2|234|170|135|236|165|59|30|202|178|5|24|231|141|80|77|51|96|123|167|71|4|42|218|29|163|175|89|11|121|113|193|69|83|160|103|199|191|99|127|70|119|12|33|235|25|144|44|180|159|38|166|254|140|48|209|64|188|255|15|173|147|84|94|120|216|195|177|92|133|145|54|142|7|115|53|134|37|176|126|185|35|161|57|232|1|102|240|86|18|91|181|241|207|27|168|62|158|220|146|124|100|229|233|139|26|122|36|242|116|85|9|40|138|189|213|164|52|20|132|79|152|237|156|104|23|172|41|162|155|17|101|82|111|32|187|13|21|130|197|182|157|66|190|47|45|194|217|16|253|125|252|117|183|174|238|205|105|110|49|169|31|186|3|63|34|46|81|153|39|67|250|22|248|43|87|73|247|201|245|68|19|50|224|210|243|61|118|143|109|108|10|95|136|203|151|228|28|221|214|215|75|192|211|112|154|150|196|55|58|184|114|200|106|198|6|148|72|65|60|226|239|244|14|98|
Overall Best: 0.9159 Generation: 7

Generation 16
Average: 0.8993 Best: 0.9115
Best Individual: 
C0 131|194|120|157|206|141|215|209|22|231|27|144|100|169|129|132|86|203|18|13|197|34|236|23|159|240|83|53|66|146|44|127|69|226|147|102|155|201|15|99|106|91|81|122|177|63|237|110|25|123|202|19|76|151|60|104|4|190|175|188|42|50|78|87|189|207|94|1|227|243|117|235|244|32|212|145|213|95|47|232|80|171|121|247|234|130|103|178|220|216|54|33|101|58|6|45|230|154|162|16|255|51|176|98|221|182|228|214|229|113|142|195|59|196|9|73|254|172|242|252|62|29|12|174|36|96|193|39|24|79|249|26|253|158|140|139|124|71|246|31|65|3|43|184|149|28|64|138|114|238|37|241|126|125|163|46|0|105|239|11|70|82|119|107|133|205|41|136|111|218|181|225|93|10|134|67|112|185|152|49|200|219|128|183|199|56|250|161|224|118|223|85|5|179|170|90|217|166|68|89|17|167|148|97|52|208|7|156|108|109|88|61|165|2|84|150|57|30|191|75|14|92|233|143|204|168|137|35|186|180|160|21|77|55|198|245|40|38|8|48|164|135|74|153|222|187|173|72|20|251|211|192|248|115|116|210|
Overall Best: 0.9159 Generation: 7

Generation 17
Average: 0.8981 Best: 0.9134
Best Individual: 
C0 39|52|150|164|26|143|40|72|254|53|129|116|195|64|220|194|0|255|124|163|167|51|1|131|189|77|173|249|55|203|205|102|76|65|232|206|149|224|156|196|238|141|103|80|242|31|22|9|93|170|90|236|246|87|59|215|202|25|153|201|122|11|193|231|125|152|204|41|44|49|192|133|119|12|160|235|107|20|82|110|229|43|69|186|2|32|58|97|182|166|208|177|147|179|94|240|109|157|243|85|221|134|24|245|148|222|228|98|6|212|112|223|36|73|197|176|250|4|161|144|241|96|79|198|155|111|100|175|14|3|207|169|214|30|140|217|34|199|237|233|106|21|200|230|5|178|38|252|135|46|226|118|86|180|183|209|28|99|191|42|151|251|60|172|78|7|68|105|71|70|187|16|88|18|190|47|45|132|115|54|139|216|108|113|121|174|165|247|13|89|62|95|253|136|158|159|91|48|81|127|63|123|67|225|8|130|37|17|117|181|210|154|239|171|168|218|120|211|142|19|33|57|66|61|35|27|29|74|23|219|184|75|145|50|84|162|126|15|56|92|137|10|248|146|213|234|185|83|101|104|114|138|227|128|244|188|
Overall Best: 0.9159 Generation: 7

Generation 18
Average: 0.8982 Best: 0.9159
Best Individual: 
C0 135|178|100|96|118|163|80|243|168|139|220|50|73|165|227|63|240|246|251|250|208|77|242|74|104|126|211|145|185|87|180|17|151|184|129|134|161|173|70|52|255|148|237|64|150|5|238|32|37|78|83|88|15|1|214|91|245|190|25|22|122|155|94|213|172|202|92|115|117|212|153|183|93|90|247|181|89|75|124|201|186|254|67|101|39|55|253|31|192|223|84|207|143|35|34|97|16|157|187|205|130|69|85|45|144|176|156|13|252|200|239|7|62|196|229|164|23|234|71|49|11|41|30|147|59|40|193|195|131|33|20|206|179|235|3|159|216|65|111|9|241|56|166|209|149|51|6|154|42|81|210|86|0|167|233|27|106|160|112|48|188|217|4|232|174|218|221|236|109|36|231|132|57|95|119|225|248|107|162|142|226|10|24|204|103|58|14|222|46|182|152|170|230|228|127|105|137|140|102|29|171|43|98|249|189|54|60|191|18|99|72|2|12|19|194|79|169|244|28|44|141|158|133|177|113|219|120|66|203|68|198|26|82|197|53|110|116|224|76|175|136|199|128|108|114|121|125|61|47|138|38|146|8|21|215|123|
Overall Best: 0.9159 Generation: 7

Generation 19
Average: 0.8978 Best: 0.9115
Best Individual: 
C0 214|83|232|70|119|186|121|147|182|227|240|201|165|162|128|198|111|16|131|148|34|179|137|151|13|123|200|127|78|76|106|90|4|207|230|166|175|132|101|0|36|221|73|163|208|235|40|210|244|239|169|3|203|116|95|48|222|218|255|97|194|14|159|104|64|52|22|213|61|141|212|99|206|204|228|188|197|47|180|32|237|226|60|35|6|243|82|177|172|63|110|234|8|254|251|146|77|195|242|92|133|145|54|170|168|115|144|134|37|5|126|124|118|161|167|33|224|102|11|193|98|91|114|43|107|27|7|62|158|220|120|57|100|229|113|139|26|202|150|42|225|18|72|248|138|189|41|164|24|20|191|79|152|185|156|75|21|246|25|67|129|17|88|173|205|135|187|176|154|142|2|160|157|66|183|58|45|74|217|59|253|125|252|9|190|174|238|211|105|84|49|112|31|223|80|171|122|46|81|153|39|93|149|140|181|184|196|29|143|23|245|68|216|19|55|56|10|12|96|136|109|108|130|53|87|219|178|249|71|192|69|215|15|155|231|103|236|209|38|44|86|250|50|51|28|85|65|247|89|233|1|241|30|117|94|199|
Overall Best: 0.9159 Generation: 7
==================
    Best individual after 20 generations
    computed in 2,834.9620 seconds
    1459 elements out of 1593 correct.
    emerged in generation 7
    with fitness 0.9159
==================

