Starting evolution...
length: 34.0
feature_occurency: [50, 50, 50, 50, 50, 50, 50, 50, 50, 50, 50, 50, 50, 50, 50, 50, 50, 50, 50, 50, 50, 50, 50, 50, 50, 50, 50, 50, 50, 50, 50, 50, 50, 50]

Generation 0
Average: 0.8731 Best: 0.8974
Best Individual: 
C0 0|32|2|27|4|5|14|23|3|25|24|9|16|10|30|15|11|7|20|19|29|21|22|18|13|12|8|26|28|17|6|31|1|33|
Overall Best: 0.8974 Generation: 0
length: 34.0
feature_occurency: [50, 50, 50, 50, 50, 50, 50, 50, 50, 50, 50, 50, 50, 50, 50, 50, 50, 50, 50, 50, 50, 50, 50, 50, 50, 50, 50, 50, 50, 50, 50, 50, 50, 50]

Generation 1
Average: 0.8750 Best: 0.8974
Best Individual: 
C0 0|18|16|15|4|1|3|29|31|24|2|11|14|6|12|28|19|17|7|30|32|21|22|23|9|25|26|10|8|27|5|13|20|33|
Overall Best: 0.8974 Generation: 0
length: 34.0
feature_occurency: [50, 50, 50, 50, 50, 50, 50, 50, 50, 50, 50, 50, 50, 50, 50, 50, 50, 50, 50, 50, 50, 50, 50, 50, 50, 50, 50, 50, 50, 50, 50, 50, 50, 50]

Generation 2
Average: 0.8797 Best: 0.9003
Best Individual: 
C0 0|3|18|29|23|2|32|11|14|4|20|9|24|13|7|12|5|1|31|19|26|21|27|17|15|25|30|10|28|6|16|8|22|33|
Overall Best: 0.9003 Generation: 2
length: 34.0
feature_occurency: [50, 50, 50, 50, 50, 50, 50, 50, 50, 50, 50, 50, 50, 50, 50, 50, 50, 50, 50, 50, 50, 50, 50, 50, 50, 50, 50, 50, 50, 50, 50, 50, 50, 50]

Generation 3
Average: 0.8793 Best: 0.8974
Best Individual: 
C0 7|29|18|32|27|5|6|30|11|12|10|8|15|2|28|21|1|26|23|4|25|0|13|24|17|3|9|20|14|16|31|22|19|33|
Overall Best: 0.9003 Generation: 2
length: 34.0
feature_occurency: [50, 50, 50, 50, 50, 50, 50, 50, 50, 50, 50, 50, 50, 50, 50, 50, 50, 50, 50, 50, 50, 50, 50, 50, 50, 50, 50, 50, 50, 50, 50, 50, 50, 50]

Generation 4
Average: 0.8815 Best: 0.9031
Best Individual: 
C0 0|15|21|5|1|26|6|4|17|19|10|33|28|3|24|9|13|12|23|14|30|29|16|7|27|2|8|22|18|20|25|31|32|11|
Overall Best: 0.9031 Generation: 4
length: 34.0
feature_occurency: [50, 50, 50, 50, 50, 50, 50, 50, 50, 50, 50, 50, 50, 50, 50, 50, 50, 50, 50, 50, 50, 50, 50, 50, 50, 50, 50, 50, 50, 50, 50, 50, 50, 50]

Generation 5
Average: 0.8768 Best: 0.9031
Best Individual: 
C0 0|27|29|5|1|33|6|4|17|14|22|26|30|3|7|18|13|12|23|19|28|21|32|24|15|20|11|10|9|2|25|31|16|8|
Overall Best: 0.9031 Generation: 4
length: 34.0
feature_occurency: [50, 50, 50, 50, 50, 50, 50, 50, 50, 50, 50, 50, 50, 50, 50, 50, 50, 50, 50, 50, 50, 50, 50, 50, 50, 50, 50, 50, 50, 50, 50, 50, 50, 50]

Generation 6
Average: 0.8802 Best: 0.9117
Best Individual: 
C0 14|23|29|33|6|4|15|2|20|0|25|26|16|13|27|3|12|18|9|19|10|21|22|8|17|11|1|5|7|28|24|31|32|30|
Overall Best: 0.9117 Generation: 6
length: 34.0
feature_occurency: [50, 50, 50, 50, 50, 50, 50, 50, 50, 50, 50, 50, 50, 50, 50, 50, 50, 50, 50, 50, 50, 50, 50, 50, 50, 50, 50, 50, 50, 50, 50, 50, 50, 50]

Generation 7
Average: 0.8794 Best: 0.9117
Best Individual: 
C0 12|27|29|11|23|33|6|4|17|14|22|3|5|24|7|18|13|0|1|19|28|21|32|26|15|20|30|10|9|2|25|31|16|8|
Overall Best: 0.9117 Generation: 6
length: 34.0
feature_occurency: [50, 50, 50, 50, 50, 50, 50, 50, 50, 50, 50, 50, 50, 50, 50, 50, 50, 50, 50, 50, 50, 50, 50, 50, 50, 50, 50, 50, 50, 50, 50, 50, 50, 50]

Generation 8
Average: 0.8805 Best: 0.9117
Best Individual: 
C0 12|27|6|11|24|33|17|4|29|14|22|3|5|23|7|18|13|0|1|19|28|21|32|26|15|20|30|10|9|2|25|31|16|8|
Overall Best: 0.9117 Generation: 6
length: 34.0
feature_occurency: [50, 50, 50, 50, 50, 50, 50, 50, 50, 50, 50, 50, 50, 50, 50, 50, 50, 50, 50, 50, 50, 50, 50, 50, 50, 50, 50, 50, 50, 50, 50, 50, 50, 50]

Generation 9
Average: 0.8827 Best: 0.9117
Best Individual: 
C0 12|27|6|7|24|33|17|4|29|31|22|3|5|23|1|18|13|0|11|19|2|21|32|26|15|20|30|10|9|28|25|14|16|8|
Overall Best: 0.9117 Generation: 6
length: 34.0
feature_occurency: [50, 50, 50, 50, 50, 50, 50, 50, 50, 50, 50, 50, 50, 50, 50, 50, 50, 50, 50, 50, 50, 50, 50, 50, 50, 50, 50, 50, 50, 50, 50, 50, 50, 50]

Generation 10
Average: 0.8840 Best: 0.9088
Best Individual: 
C0 0|7|29|5|1|31|6|4|13|15|22|23|11|30|32|18|24|12|14|19|28|26|27|21|20|10|3|17|33|2|25|9|16|8|
Overall Best: 0.9117 Generation: 6
length: 34.0
feature_occurency: [50, 50, 50, 50, 50, 50, 50, 50, 50, 50, 50, 50, 50, 50, 50, 50, 50, 50, 50, 50, 50, 50, 50, 50, 50, 50, 50, 50, 50, 50, 50, 50, 50, 50]

Generation 11
Average: 0.8847 Best: 0.9088
Best Individual: 
C0 0|7|29|19|1|31|6|4|13|24|22|23|11|30|32|18|15|12|14|5|28|26|27|21|20|10|3|17|33|2|25|9|16|8|
Overall Best: 0.9117 Generation: 6
length: 34.0
feature_occurency: [50, 50, 50, 50, 50, 50, 50, 50, 50, 50, 50, 50, 50, 50, 50, 50, 50, 50, 50, 50, 50, 50, 50, 50, 50, 50, 50, 50, 50, 50, 50, 50, 50, 50]

Generation 12
Average: 0.8803 Best: 0.9003
Best Individual: 
C0 4|5|8|33|9|27|26|32|31|30|17|12|10|11|25|7|14|6|23|20|21|19|18|13|24|3|29|1|28|2|15|0|16|22|
Overall Best: 0.9117 Generation: 6
length: 34.0
feature_occurency: [50, 50, 50, 50, 50, 50, 50, 50, 50, 50, 50, 50, 50, 50, 50, 50, 50, 50, 50, 50, 50, 50, 50, 50, 50, 50, 50, 50, 50, 50, 50, 50, 50, 50]

Generation 13
Average: 0.8824 Best: 0.9088
Best Individual: 
C0 1|26|2|27|20|19|32|10|5|14|4|28|17|25|6|0|12|33|23|30|8|21|13|3|31|18|16|29|7|24|11|22|15|9|
Overall Best: 0.9117 Generation: 6
length: 34.0
feature_occurency: [50, 50, 50, 50, 50, 50, 50, 50, 50, 50, 50, 50, 50, 50, 50, 50, 50, 50, 50, 50, 50, 50, 50, 50, 50, 50, 50, 50, 50, 50, 50, 50, 50, 50]

Generation 14
Average: 0.8825 Best: 0.9088
Best Individual: 
C0 1|9|2|27|19|20|32|10|5|14|4|28|17|25|6|0|12|33|23|30|8|21|31|3|13|18|16|29|7|24|11|22|15|26|
Overall Best: 0.9117 Generation: 6
length: 34.0
feature_occurency: [50, 50, 50, 50, 50, 50, 50, 50, 50, 50, 50, 50, 50, 50, 50, 50, 50, 50, 50, 50, 50, 50, 50, 50, 50, 50, 50, 50, 50, 50, 50, 50, 50, 50]

Generation 15
Average: 0.8806 Best: 0.9031
Best Individual: 
C0 14|10|17|0|9|12|25|7|33|27|32|6|19|2|4|20|28|5|23|30|8|21|31|3|13|18|16|29|15|24|11|22|26|1|
Overall Best: 0.9117 Generation: 6
length: 34.0
feature_occurency: [50, 50, 50, 50, 50, 50, 50, 50, 50, 50, 50, 50, 50, 50, 50, 50, 50, 50, 50, 50, 50, 50, 50, 50, 50, 50, 50, 50, 50, 50, 50, 50, 50, 50]

Generation 16
Average: 0.8824 Best: 0.9031
Best Individual: 
C0 15|5|22|27|25|20|32|10|12|14|4|28|7|26|16|0|2|19|18|30|29|17|9|13|21|3|11|33|1|24|6|31|23|8|
Overall Best: 0.9117 Generation: 6
length: 34.0
feature_occurency: [50, 50, 50, 50, 50, 50, 50, 50, 50, 50, 50, 50, 50, 50, 50, 50, 50, 50, 50, 50, 50, 50, 50, 50, 50, 50, 50, 50, 50, 50, 50, 50, 50, 50]

Generation 17
Average: 0.8813 Best: 0.9003
Best Individual: 
C0 14|5|26|18|12|6|23|25|10|31|0|2|22|21|15|28|4|24|9|30|20|16|33|1|29|19|7|3|13|27|11|17|32|8|
Overall Best: 0.9117 Generation: 6
length: 34.0
feature_occurency: [50, 50, 50, 50, 50, 50, 50, 50, 50, 50, 50, 50, 50, 50, 50, 50, 50, 50, 50, 50, 50, 50, 50, 50, 50, 50, 50, 50, 50, 50, 50, 50, 50, 50]

Generation 18
Average: 0.8791 Best: 0.9117
Best Individual: 
C0 23|8|15|30|28|0|2|20|1|24|12|26|19|10|14|29|16|27|4|3|9|25|22|11|17|13|7|6|5|21|33|18|32|31|
Overall Best: 0.9117 Generation: 6
length: 34.0
feature_occurency: [50, 50, 50, 50, 50, 50, 50, 50, 50, 50, 50, 50, 50, 50, 50, 50, 50, 50, 50, 50, 50, 50, 50, 50, 50, 50, 50, 50, 50, 50, 50, 50, 50, 50]

Generation 19
Average: 0.8828 Best: 0.9060
Best Individual: 
C0 33|14|12|20|25|4|6|5|21|3|30|31|18|26|8|7|19|23|32|16|11|13|22|28|17|29|15|0|10|27|2|9|1|24|
Overall Best: 0.9117 Generation: 6
length: 34.0
feature_occurency: [50, 50, 50, 50, 50, 50, 50, 50, 50, 50, 50, 50, 50, 50, 50, 50, 50, 50, 50, 50, 50, 50, 50, 50, 50, 50, 50, 50, 50, 50, 50, 50, 50, 50]

Generation 20
Average: 0.8812 Best: 0.9060
Best Individual: 
C0 28|14|12|7|25|4|6|32|27|3|30|31|18|24|8|20|19|23|5|21|16|10|0|22|11|2|15|33|29|17|13|9|1|26|
Overall Best: 0.9117 Generation: 6
length: 34.0
feature_occurency: [50, 50, 50, 50, 50, 50, 50, 50, 50, 50, 50, 50, 50, 50, 50, 50, 50, 50, 50, 50, 50, 50, 50, 50, 50, 50, 50, 50, 50, 50, 50, 50, 50, 50]

Generation 21
Average: 0.8842 Best: 0.9060
Best Individual: 
C0 25|14|12|20|33|9|6|11|21|0|30|31|4|23|27|22|19|26|32|16|5|13|7|28|17|29|15|3|10|2|8|18|1|24|
Overall Best: 0.9117 Generation: 6
length: 34.0
feature_occurency: [50, 50, 50, 50, 50, 50, 50, 50, 50, 50, 50, 50, 50, 50, 50, 50, 50, 50, 50, 50, 50, 50, 50, 50, 50, 50, 50, 50, 50, 50, 50, 50, 50, 50]

Generation 22
Average: 0.8839 Best: 0.9060
Best Individual: 
C0 28|14|33|4|26|16|12|32|27|0|23|31|3|1|8|20|10|18|6|19|30|17|7|13|15|2|11|25|22|21|29|5|9|24|
Overall Best: 0.9117 Generation: 6
length: 34.0
feature_occurency: [50, 50, 50, 50, 50, 50, 50, 50, 50, 50, 50, 50, 50, 50, 50, 50, 50, 50, 50, 50, 50, 50, 50, 50, 50, 50, 50, 50, 50, 50, 50, 50, 50, 50]

Generation 23
Average: 0.8846 Best: 0.9031
Best Individual: 
C0 29|9|33|4|26|16|12|32|27|0|23|31|3|1|8|20|10|18|6|19|30|17|7|13|15|2|11|21|22|28|25|5|14|24|
Overall Best: 0.9117 Generation: 6
length: 34.0
feature_occurency: [50, 50, 50, 50, 50, 50, 50, 50, 50, 50, 50, 50, 50, 50, 50, 50, 50, 50, 50, 50, 50, 50, 50, 50, 50, 50, 50, 50, 50, 50, 50, 50, 50, 50]

Generation 24
Average: 0.8858 Best: 0.9088
Best Individual: 
C0 20|19|0|11|26|10|14|5|25|7|27|23|32|31|24|12|28|4|33|22|18|2|9|21|17|15|16|8|6|1|29|30|13|3|
Overall Best: 0.9117 Generation: 6
length: 34.0
feature_occurency: [50, 50, 50, 50, 50, 50, 50, 50, 50, 50, 50, 50, 50, 50, 50, 50, 50, 50, 50, 50, 50, 50, 50, 50, 50, 50, 50, 50, 50, 50, 50, 50, 50, 50]

Generation 25
Average: 0.8859 Best: 0.9031
Best Individual: 
C0 14|24|15|17|28|11|23|20|0|3|19|30|31|1|4|12|27|18|6|16|32|10|7|13|9|5|2|25|22|8|26|21|29|33|
Overall Best: 0.9117 Generation: 6
length: 34.0
feature_occurency: [50, 50, 50, 50, 50, 50, 50, 50, 50, 50, 50, 50, 50, 50, 50, 50, 50, 50, 50, 50, 50, 50, 50, 50, 50, 50, 50, 50, 50, 50, 50, 50, 50, 50]

Generation 26
Average: 0.8859 Best: 0.9117
Best Individual: 
C0 8|18|33|4|11|15|23|17|27|13|12|19|5|1|32|14|6|22|7|20|26|16|30|9|3|29|10|21|31|0|25|28|2|24|
Overall Best: 0.9117 Generation: 6
length: 34.0
feature_occurency: [50, 50, 50, 50, 50, 50, 50, 50, 50, 50, 50, 50, 50, 50, 50, 50, 50, 50, 50, 50, 50, 50, 50, 50, 50, 50, 50, 50, 50, 50, 50, 50, 50, 50]

Generation 27
Average: 0.8879 Best: 0.9117
Best Individual: 
C0 32|18|33|4|11|27|23|17|15|13|12|19|5|1|8|14|6|22|7|20|26|16|30|9|3|29|10|21|31|0|25|28|2|24|
Overall Best: 0.9117 Generation: 6
length: 34.0
feature_occurency: [50, 50, 50, 50, 50, 50, 50, 50, 50, 50, 50, 50, 50, 50, 50, 50, 50, 50, 50, 50, 50, 50, 50, 50, 50, 50, 50, 50, 50, 50, 50, 50, 50, 50]

Generation 28
Average: 0.8843 Best: 0.9060
Best Individual: 
C0 5|1|16|22|23|4|6|2|12|24|0|30|18|10|14|26|13|27|19|33|3|28|15|31|29|17|32|7|25|20|21|11|8|9|
Overall Best: 0.9117 Generation: 6
length: 34.0
feature_occurency: [50, 50, 50, 50, 50, 50, 50, 50, 50, 50, 50, 50, 50, 50, 50, 50, 50, 50, 50, 50, 50, 50, 50, 50, 50, 50, 50, 50, 50, 50, 50, 50, 50, 50]

Generation 29
Average: 0.8843 Best: 0.9031
Best Individual: 
C0 23|18|2|6|19|26|21|15|8|33|0|31|4|29|14|32|22|11|28|24|10|5|12|7|3|9|25|30|13|16|20|17|27|1|
Overall Best: 0.9117 Generation: 6
length: 34.0
feature_occurency: [50, 50, 50, 50, 50, 50, 50, 50, 50, 50, 50, 50, 50, 50, 50, 50, 50, 50, 50, 50, 50, 50, 50, 50, 50, 50, 50, 50, 50, 50, 50, 50, 50, 50]

Generation 30
Average: 0.8831 Best: 0.9088
Best Individual: 
C0 10|1|22|12|23|4|6|24|16|2|0|31|18|29|26|14|15|27|19|33|3|7|13|30|5|17|32|28|25|20|21|11|8|9|
Overall Best: 0.9117 Generation: 6
length: 34.0
feature_occurency: [50, 50, 50, 50, 50, 50, 50, 50, 50, 50, 50, 50, 50, 50, 50, 50, 50, 50, 50, 50, 50, 50, 50, 50, 50, 50, 50, 50, 50, 50, 50, 50, 50, 50]

Generation 31
Average: 0.8855 Best: 0.9088
Best Individual: 
C0 8|18|33|4|20|26|12|23|27|11|13|19|7|5|1|14|2|22|6|25|9|24|30|28|32|10|29|3|31|0|16|21|15|17|
Overall Best: 0.9117 Generation: 6
length: 34.0
feature_occurency: [50, 50, 50, 50, 50, 50, 50, 50, 50, 50, 50, 50, 50, 50, 50, 50, 50, 50, 50, 50, 50, 50, 50, 50, 50, 50, 50, 50, 50, 50, 50, 50, 50, 50]

Generation 32
Average: 0.8848 Best: 0.9117
Best Individual: 
C0 8|18|33|2|20|4|12|23|27|11|30|19|7|5|1|14|26|22|6|25|9|24|13|28|32|10|29|3|31|0|16|21|15|17|
Overall Best: 0.9117 Generation: 6
length: 34.0
feature_occurency: [50, 50, 50, 50, 50, 50, 50, 50, 50, 50, 50, 50, 50, 50, 50, 50, 50, 50, 50, 50, 50, 50, 50, 50, 50, 50, 50, 50, 50, 50, 50, 50, 50, 50]

Generation 33
Average: 0.8870 Best: 0.9088
Best Individual: 
C0 5|8|33|12|7|4|22|21|19|15|26|27|13|0|17|14|11|23|6|25|9|24|30|28|32|10|29|3|31|1|20|16|18|2|
Overall Best: 0.9117 Generation: 6
length: 34.0
feature_occurency: [50, 50, 50, 50, 50, 50, 50, 50, 50, 50, 50, 50, 50, 50, 50, 50, 50, 50, 50, 50, 50, 50, 50, 50, 50, 50, 50, 50, 50, 50, 50, 50, 50, 50]

Generation 34
Average: 0.8848 Best: 0.9145
Best Individual: 
C0 26|21|7|23|28|27|12|22|14|20|13|4|1|25|15|3|18|24|33|0|30|16|5|19|9|2|10|6|31|17|11|29|8|32|
Overall Best: 0.9145 Generation: 34
length: 34.0
feature_occurency: [50, 50, 50, 50, 50, 50, 50, 50, 50, 50, 50, 50, 50, 50, 50, 50, 50, 50, 50, 50, 50, 50, 50, 50, 50, 50, 50, 50, 50, 50, 50, 50, 50, 50]

Generation 35
Average: 0.8860 Best: 0.9117
Best Individual: 
C0 26|21|32|23|28|14|12|0|27|20|25|4|1|13|15|3|18|24|33|22|30|16|5|19|9|2|10|6|31|17|11|29|8|7|
Overall Best: 0.9145 Generation: 34
length: 34.0
feature_occurency: [50, 50, 50, 50, 50, 50, 50, 50, 50, 50, 50, 50, 50, 50, 50, 50, 50, 50, 50, 50, 50, 50, 50, 50, 50, 50, 50, 50, 50, 50, 50, 50, 50, 50]

Generation 36
Average: 0.8874 Best: 0.9145
Best Individual: 
C0 11|22|25|6|15|7|20|19|3|12|2|33|5|32|27|23|31|21|26|24|17|0|8|30|4|10|29|13|18|9|16|14|28|1|
Overall Best: 0.9145 Generation: 34
length: 34.0
feature_occurency: [50, 50, 50, 50, 50, 50, 50, 50, 50, 50, 50, 50, 50, 50, 50, 50, 50, 50, 50, 50, 50, 50, 50, 50, 50, 50, 50, 50, 50, 50, 50, 50, 50, 50]

Generation 37
Average: 0.8854 Best: 0.9031
Best Individual: 
C0 26|11|20|0|2|33|5|29|10|21|19|4|13|17|12|23|18|24|6|28|30|16|7|22|3|31|1|9|25|8|27|14|15|32|
Overall Best: 0.9145 Generation: 34
length: 34.0
feature_occurency: [50, 50, 50, 50, 50, 50, 50, 50, 50, 50, 50, 50, 50, 50, 50, 50, 50, 50, 50, 50, 50, 50, 50, 50, 50, 50, 50, 50, 50, 50, 50, 50, 50, 50]

Generation 38
Average: 0.8855 Best: 0.9031
Best Individual: 
C0 6|9|24|5|11|4|18|26|22|23|12|27|31|20|13|17|19|25|33|32|8|7|14|21|0|28|29|1|16|15|10|30|3|2|
Overall Best: 0.9145 Generation: 34
length: 34.0
feature_occurency: [50, 50, 50, 50, 50, 50, 50, 50, 50, 50, 50, 50, 50, 50, 50, 50, 50, 50, 50, 50, 50, 50, 50, 50, 50, 50, 50, 50, 50, 50, 50, 50, 50, 50]

Generation 39
Average: 0.8840 Best: 0.9088
Best Individual: 
C0 31|26|20|24|23|3|14|6|11|12|19|27|5|22|0|13|10|33|4|25|7|8|18|28|17|2|21|15|9|30|32|1|16|29|
Overall Best: 0.9145 Generation: 34
length: 34.0
feature_occurency: [50, 50, 50, 50, 50, 50, 50, 50, 50, 50, 50, 50, 50, 50, 50, 50, 50, 50, 50, 50, 50, 50, 50, 50, 50, 50, 50, 50, 50, 50, 50, 50, 50, 50]

Generation 40
Average: 0.8853 Best: 0.9145
Best Individual: 
C0 26|11|15|14|7|33|22|24|10|17|19|4|21|20|32|6|18|29|23|28|30|16|2|31|3|5|1|12|25|8|0|9|13|27|
Overall Best: 0.9145 Generation: 34
length: 34.0
feature_occurency: [50, 50, 50, 50, 50, 50, 50, 50, 50, 50, 50, 50, 50, 50, 50, 50, 50, 50, 50, 50, 50, 50, 50, 50, 50, 50, 50, 50, 50, 50, 50, 50, 50, 50]

Generation 41
Average: 0.8860 Best: 0.9031
Best Individual: 
C0 15|14|11|12|30|33|23|32|5|25|28|24|7|27|2|29|4|3|22|18|10|9|26|16|21|19|6|0|31|1|8|17|20|13|
Overall Best: 0.9145 Generation: 34
length: 34.0
feature_occurency: [50, 50, 50, 50, 50, 50, 50, 50, 50, 50, 50, 50, 50, 50, 50, 50, 50, 50, 50, 50, 50, 50, 50, 50, 50, 50, 50, 50, 50, 50, 50, 50, 50, 50]

Generation 42
Average: 0.8836 Best: 0.9060
Best Individual: 
C0 4|21|17|20|11|18|25|12|27|23|31|24|7|0|14|29|6|22|33|28|8|16|2|5|3|32|1|9|26|15|10|30|19|13|
Overall Best: 0.9145 Generation: 34
length: 34.0
feature_occurency: [50, 50, 50, 50, 50, 50, 50, 50, 50, 50, 50, 50, 50, 50, 50, 50, 50, 50, 50, 50, 50, 50, 50, 50, 50, 50, 50, 50, 50, 50, 50, 50, 50, 50]

Generation 43
Average: 0.8855 Best: 0.9088
Best Individual: 
C0 26|3|12|14|11|6|9|29|23|31|0|4|1|24|7|17|19|32|18|5|22|20|2|21|27|28|33|8|16|15|10|30|25|13|
Overall Best: 0.9145 Generation: 34
length: 34.0
feature_occurency: [50, 50, 50, 50, 50, 50, 50, 50, 50, 50, 50, 50, 50, 50, 50, 50, 50, 50, 50, 50, 50, 50, 50, 50, 50, 50, 50, 50, 50, 50, 50, 50, 50, 50]

Generation 44
Average: 0.8872 Best: 0.9117
Best Individual: 
C0 31|6|14|0|23|1|13|24|4|26|20|21|12|15|18|17|19|32|33|5|8|2|30|7|3|28|29|11|22|27|10|9|25|16|
Overall Best: 0.9145 Generation: 34
length: 34.0
feature_occurency: [50, 50, 50, 50, 50, 50, 50, 50, 50, 50, 50, 50, 50, 50, 50, 50, 50, 50, 50, 50, 50, 50, 50, 50, 50, 50, 50, 50, 50, 50, 50, 50, 50, 50]

Generation 45
Average: 0.8871 Best: 0.9088
Best Individual: 
C0 7|14|6|25|23|32|22|20|11|12|19|30|1|27|9|10|4|0|18|16|28|8|31|15|2|3|29|21|33|17|5|26|13|24|
Overall Best: 0.9145 Generation: 34
length: 34.0
feature_occurency: [50, 50, 50, 50, 50, 50, 50, 50, 50, 50, 50, 50, 50, 50, 50, 50, 50, 50, 50, 50, 50, 50, 50, 50, 50, 50, 50, 50, 50, 50, 50, 50, 50, 50]

Generation 46
Average: 0.8860 Best: 0.9060
Best Individual: 
C0 23|14|15|22|32|3|7|0|1|5|4|16|26|8|25|29|19|12|18|30|28|27|31|6|2|9|10|21|33|17|20|11|13|24|
Overall Best: 0.9145 Generation: 34
length: 34.0
feature_occurency: [50, 50, 50, 50, 50, 50, 50, 50, 50, 50, 50, 50, 50, 50, 50, 50, 50, 50, 50, 50, 50, 50, 50, 50, 50, 50, 50, 50, 50, 50, 50, 50, 50, 50]

Generation 47
Average: 0.8861 Best: 0.9088
Best Individual: 
C0 16|29|14|0|23|1|13|24|4|20|26|21|12|15|18|17|11|32|33|5|8|2|30|7|3|28|27|10|6|22|31|25|19|9|
Overall Best: 0.9145 Generation: 34
length: 34.0
feature_occurency: [50, 50, 50, 50, 50, 50, 50, 50, 50, 50, 50, 50, 50, 50, 50, 50, 50, 50, 50, 50, 50, 50, 50, 50, 50, 50, 50, 50, 50, 50, 50, 50, 50, 50]

Generation 48
Average: 0.8862 Best: 0.9174
Best Individual: 
C0 16|29|14|0|23|1|13|24|4|20|26|21|12|15|18|17|11|32|33|6|8|2|30|7|3|28|27|10|5|22|31|25|19|9|
Overall Best: 0.9174 Generation: 48
length: 34.0
feature_occurency: [50, 50, 50, 50, 50, 50, 50, 50, 50, 50, 50, 50, 50, 50, 50, 50, 50, 50, 50, 50, 50, 50, 50, 50, 50, 50, 50, 50, 50, 50, 50, 50, 50, 50]

Generation 49
Average: 0.8856 Best: 0.9088
Best Individual: 
C0 19|24|31|22|16|27|23|25|12|30|15|4|29|26|17|6|2|3|20|33|18|9|14|13|32|1|10|7|11|0|5|28|8|21|
Overall Best: 0.9174 Generation: 48
==================
    Best individual after 50 generations
    computed in 121.9220 seconds
    322 elements out of 351 correct.
    emerged in generation 48
    with fitness 0.9174
==================

