Starting evolution...
length: 34.0
feature_occurency: [50, 50, 50, 50, 50, 50, 50, 50, 50, 50, 50, 50, 50, 50, 50, 50, 50, 50, 50, 50, 50, 50, 50, 50, 50, 50, 50, 50, 50, 50, 50, 50, 50, 50]

Generation 0
Average: 0.8857 Best: 0.9174
Best Individual: 
C0 0|23|2|20|7|19|6|32|3|9|10|29|13|12|33|30|16|18|22|1|8|17|21|11|24|25|26|27|28|31|15|5|4|14|
Overall Best: 0.9174 Generation: 0
length: 34.0
feature_occurency: [50, 50, 50, 50, 50, 50, 50, 50, 50, 50, 50, 50, 50, 50, 50, 50, 50, 50, 50, 50, 50, 50, 50, 50, 50, 50, 50, 50, 50, 50, 50, 50, 50, 50]

Generation 1
Average: 0.8906 Best: 0.9145
Best Individual: 
C0 7|0|2|29|4|5|26|6|15|10|9|19|12|17|18|1|14|13|8|21|25|11|22|23|24|16|28|27|32|30|20|31|3|33|
Overall Best: 0.9174 Generation: 0
length: 34.0
feature_occurency: [50, 50, 50, 50, 50, 50, 50, 50, 50, 50, 50, 50, 50, 50, 50, 50, 50, 50, 50, 50, 50, 50, 50, 50, 50, 50, 50, 50, 50, 50, 50, 50, 50, 50]

Generation 2
Average: 0.8888 Best: 0.9259
Best Individual: 
C0 0|4|7|33|8|5|2|20|15|10|9|19|12|17|18|6|14|13|3|27|25|11|22|23|24|16|28|21|32|30|29|31|1|26|
Overall Best: 0.9259 Generation: 2
length: 34.0
feature_occurency: [50, 50, 50, 50, 50, 50, 50, 50, 50, 50, 50, 50, 50, 50, 50, 50, 50, 50, 50, 50, 50, 50, 50, 50, 50, 50, 50, 50, 50, 50, 50, 50, 50, 50]

Generation 3
Average: 0.8926 Best: 0.9259
Best Individual: 
C0 0|4|7|33|8|5|20|2|10|15|9|19|12|17|18|6|14|13|25|27|3|11|22|23|24|16|28|21|32|30|29|31|1|26|
Overall Best: 0.9259 Generation: 2
length: 34.0
feature_occurency: [50, 50, 50, 50, 50, 50, 50, 50, 50, 50, 50, 50, 50, 50, 50, 50, 50, 50, 50, 50, 50, 50, 50, 50, 50, 50, 50, 50, 50, 50, 50, 50, 50, 50]

Generation 4
Average: 0.8921 Best: 0.9259
Best Individual: 
C0 0|4|7|33|8|5|20|2|10|15|9|22|21|17|18|6|14|13|25|27|3|11|19|23|24|16|28|12|32|30|29|31|1|26|
Overall Best: 0.9259 Generation: 2
length: 34.0
feature_occurency: [50, 50, 50, 50, 50, 50, 50, 50, 50, 50, 50, 50, 50, 50, 50, 50, 50, 50, 50, 50, 50, 50, 50, 50, 50, 50, 50, 50, 50, 50, 50, 50, 50, 50]

Generation 5
Average: 0.8867 Best: 0.9174
Best Individual: 
C0 0|10|15|6|4|18|12|19|9|3|23|24|17|27|29|30|16|2|32|25|28|21|5|11|20|1|13|7|8|31|22|26|33|14|
Overall Best: 0.9259 Generation: 2
length: 34.0
feature_occurency: [50, 50, 50, 50, 50, 50, 50, 50, 50, 50, 50, 50, 50, 50, 50, 50, 50, 50, 50, 50, 50, 50, 50, 50, 50, 50, 50, 50, 50, 50, 50, 50, 50, 50]

Generation 6
Average: 0.8940 Best: 0.9259
Best Individual: 
C0 21|1|19|4|26|8|23|16|0|33|7|28|20|13|11|32|30|17|9|22|14|27|5|18|29|6|10|25|12|3|2|31|24|15|
Overall Best: 0.9259 Generation: 2
length: 34.0
feature_occurency: [50, 50, 50, 50, 50, 50, 50, 50, 50, 50, 50, 50, 50, 50, 50, 50, 50, 50, 50, 50, 50, 50, 50, 50, 50, 50, 50, 50, 50, 50, 50, 50, 50, 50]

Generation 7
Average: 0.8915 Best: 0.9259
Best Individual: 
C0 21|1|19|0|26|8|23|16|4|33|7|28|20|13|11|32|30|17|15|22|14|27|5|18|29|6|10|25|12|3|2|31|24|9|
Overall Best: 0.9259 Generation: 2
length: 34.0
feature_occurency: [50, 50, 50, 50, 50, 50, 50, 50, 50, 50, 50, 50, 50, 50, 50, 50, 50, 50, 50, 50, 50, 50, 50, 50, 50, 50, 50, 50, 50, 50, 50, 50, 50, 50]

Generation 8
Average: 0.8926 Best: 0.9231
Best Individual: 
C0 8|4|1|31|12|14|0|6|23|32|22|18|27|26|17|20|19|13|5|30|9|21|11|2|15|3|10|16|28|25|7|24|29|33|
Overall Best: 0.9259 Generation: 2
length: 34.0
feature_occurency: [50, 50, 50, 50, 50, 50, 50, 50, 50, 50, 50, 50, 50, 50, 50, 50, 50, 50, 50, 50, 50, 50, 50, 50, 50, 50, 50, 50, 50, 50, 50, 50, 50, 50]

Generation 9
Average: 0.8905 Best: 0.9231
Best Individual: 
C0 8|4|1|31|12|14|0|6|23|32|22|18|27|26|17|20|19|13|5|30|9|21|11|2|15|3|10|28|16|25|7|24|29|33|
Overall Best: 0.9259 Generation: 2
length: 34.0
feature_occurency: [50, 50, 50, 50, 50, 50, 50, 50, 50, 50, 50, 50, 50, 50, 50, 50, 50, 50, 50, 50, 50, 50, 50, 50, 50, 50, 50, 50, 50, 50, 50, 50, 50, 50]

Generation 10
Average: 0.8933 Best: 0.9202
Best Individual: 
C0 2|22|26|32|20|23|17|6|7|33|21|5|9|13|16|4|0|1|31|3|30|18|14|28|15|8|12|29|25|10|27|24|19|11|
Overall Best: 0.9259 Generation: 2
length: 34.0
feature_occurency: [50, 50, 50, 50, 50, 50, 50, 50, 50, 50, 50, 50, 50, 50, 50, 50, 50, 50, 50, 50, 50, 50, 50, 50, 50, 50, 50, 50, 50, 50, 50, 50, 50, 50]

Generation 11
Average: 0.8920 Best: 0.9174
Best Individual: 
C0 24|17|4|0|12|16|2|23|15|26|18|27|7|31|30|9|1|3|6|14|13|32|28|25|11|8|20|29|22|10|19|5|33|21|
Overall Best: 0.9259 Generation: 2
length: 34.0
feature_occurency: [50, 50, 50, 50, 50, 50, 50, 50, 50, 50, 50, 50, 50, 50, 50, 50, 50, 50, 50, 50, 50, 50, 50, 50, 50, 50, 50, 50, 50, 50, 50, 50, 50, 50]

Generation 12
Average: 0.8903 Best: 0.9145
Best Individual: 
C0 2|4|9|23|13|0|11|6|19|32|22|17|27|26|10|20|5|1|31|8|30|29|14|28|15|12|3|16|25|21|7|24|18|33|
Overall Best: 0.9259 Generation: 2
length: 34.0
feature_occurency: [50, 50, 50, 50, 50, 50, 50, 50, 50, 50, 50, 50, 50, 50, 50, 50, 50, 50, 50, 50, 50, 50, 50, 50, 50, 50, 50, 50, 50, 50, 50, 50, 50, 50]

Generation 13
Average: 0.8886 Best: 0.9202
Best Individual: 
C0 2|4|20|23|10|0|11|32|19|26|18|27|7|31|30|6|1|3|9|16|13|8|14|28|15|12|5|29|25|21|17|24|22|33|
Overall Best: 0.9259 Generation: 2
length: 34.0
feature_occurency: [50, 50, 50, 50, 50, 50, 50, 50, 50, 50, 50, 50, 50, 50, 50, 50, 50, 50, 50, 50, 50, 50, 50, 50, 50, 50, 50, 50, 50, 50, 50, 50, 50, 50]

Generation 14
Average: 0.8877 Best: 0.9259
Best Individual: 
C0 3|7|0|4|9|15|21|8|2|23|18|27|6|12|13|32|5|25|33|14|22|30|16|10|31|24|1|19|28|20|11|29|26|17|
Overall Best: 0.9259 Generation: 2
length: 34.0
feature_occurency: [50, 50, 50, 50, 50, 50, 50, 50, 50, 50, 50, 50, 50, 50, 50, 50, 50, 50, 50, 50, 50, 50, 50, 50, 50, 50, 50, 50, 50, 50, 50, 50, 50, 50]

Generation 15
Average: 0.8905 Best: 0.9231
Best Individual: 
C0 3|17|33|12|19|7|14|6|23|11|22|0|16|26|31|15|27|13|5|8|9|30|28|1|20|21|2|29|18|25|10|32|4|24|
Overall Best: 0.9259 Generation: 2
length: 34.0
feature_occurency: [50, 50, 50, 50, 50, 50, 50, 50, 50, 50, 50, 50, 50, 50, 50, 50, 50, 50, 50, 50, 50, 50, 50, 50, 50, 50, 50, 50, 50, 50, 50, 50, 50, 50]

Generation 16
Average: 0.8877 Best: 0.9345
Best Individual: 
C0 4|33|17|21|26|22|8|1|2|23|12|31|27|16|20|28|29|10|5|3|11|18|24|13|7|14|19|9|6|25|15|32|30|0|
Overall Best: 0.9345 Generation: 16
length: 34.0
feature_occurency: [50, 50, 50, 50, 50, 50, 50, 50, 50, 50, 50, 50, 50, 50, 50, 50, 50, 50, 50, 50, 50, 50, 50, 50, 50, 50, 50, 50, 50, 50, 50, 50, 50, 50]

Generation 17
Average: 0.8920 Best: 0.9345
Best Individual: 
C0 4|33|1|21|26|22|8|17|2|23|28|31|27|16|6|12|29|10|5|3|11|18|24|14|7|13|19|9|20|25|15|32|30|0|
Overall Best: 0.9345 Generation: 16
length: 34.0
feature_occurency: [50, 50, 50, 50, 50, 50, 50, 50, 50, 50, 50, 50, 50, 50, 50, 50, 50, 50, 50, 50, 50, 50, 50, 50, 50, 50, 50, 50, 50, 50, 50, 50, 50, 50]

Generation 18
Average: 0.8910 Best: 0.9202
Best Individual: 
C0 20|2|1|10|11|21|23|13|4|33|0|27|22|8|17|30|26|19|7|25|6|29|14|28|12|18|16|9|31|32|15|3|5|24|
Overall Best: 0.9345 Generation: 16
length: 34.0
feature_occurency: [50, 50, 50, 50, 50, 50, 50, 50, 50, 50, 50, 50, 50, 50, 50, 50, 50, 50, 50, 50, 50, 50, 50, 50, 50, 50, 50, 50, 50, 50, 50, 50, 50, 50]

Generation 19
Average: 0.8912 Best: 0.9174
Best Individual: 
C0 4|31|14|0|26|17|10|6|23|16|24|27|12|25|2|3|7|11|5|8|30|18|29|1|13|19|28|9|33|32|15|21|20|22|
Overall Best: 0.9345 Generation: 16
length: 34.0
feature_occurency: [50, 50, 50, 50, 50, 50, 50, 50, 50, 50, 50, 50, 50, 50, 50, 50, 50, 50, 50, 50, 50, 50, 50, 50, 50, 50, 50, 50, 50, 50, 50, 50, 50, 50]

Generation 20
Average: 0.8966 Best: 0.9316
Best Individual: 
C0 33|16|10|15|26|0|23|12|1|4|2|29|22|7|31|11|24|30|32|19|6|14|9|20|25|3|27|17|21|5|13|28|18|8|
Overall Best: 0.9345 Generation: 16
length: 34.0
feature_occurency: [50, 50, 50, 50, 50, 50, 50, 50, 50, 50, 50, 50, 50, 50, 50, 50, 50, 50, 50, 50, 50, 50, 50, 50, 50, 50, 50, 50, 50, 50, 50, 50, 50, 50]

Generation 21
Average: 0.8991 Best: 0.9288
Best Individual: 
C0 33|16|10|15|26|0|23|12|13|4|2|29|22|7|31|1|24|30|32|28|6|14|9|20|25|3|27|17|21|5|11|19|18|8|
Overall Best: 0.9345 Generation: 16
length: 34.0
feature_occurency: [50, 50, 50, 50, 50, 50, 50, 50, 50, 50, 50, 50, 50, 50, 50, 50, 50, 50, 50, 50, 50, 50, 50, 50, 50, 50, 50, 50, 50, 50, 50, 50, 50, 50]

Generation 22
Average: 0.8948 Best: 0.9288
Best Individual: 
C0 4|15|14|30|13|0|10|26|23|16|24|27|12|25|33|20|3|11|18|5|17|8|29|1|6|19|28|21|9|32|31|2|7|22|
Overall Best: 0.9345 Generation: 16
length: 34.0
feature_occurency: [50, 50, 50, 50, 50, 50, 50, 50, 50, 50, 50, 50, 50, 50, 50, 50, 50, 50, 50, 50, 50, 50, 50, 50, 50, 50, 50, 50, 50, 50, 50, 50, 50, 50]

Generation 23
Average: 0.8942 Best: 0.9259
Best Individual: 
C0 4|14|26|16|12|17|22|2|23|32|18|27|6|8|9|28|25|29|5|7|0|24|19|30|13|15|3|10|11|20|1|21|31|33|
Overall Best: 0.9345 Generation: 16
length: 34.0
feature_occurency: [50, 50, 50, 50, 50, 50, 50, 50, 50, 50, 50, 50, 50, 50, 50, 50, 50, 50, 50, 50, 50, 50, 50, 50, 50, 50, 50, 50, 50, 50, 50, 50, 50, 50]

Generation 24
Average: 0.8958 Best: 0.9288
Best Individual: 
C0 4|33|20|2|14|26|23|19|22|11|21|6|29|9|17|3|0|28|15|1|31|18|7|24|12|27|16|25|8|32|5|10|13|30|
Overall Best: 0.9345 Generation: 16
length: 34.0
feature_occurency: [50, 50, 50, 50, 50, 50, 50, 50, 50, 50, 50, 50, 50, 50, 50, 50, 50, 50, 50, 50, 50, 50, 50, 50, 50, 50, 50, 50, 50, 50, 50, 50, 50, 50]

Generation 25
Average: 0.8977 Best: 0.9288
Best Individual: 
C0 26|2|20|33|14|4|23|19|22|11|21|6|29|9|17|3|0|28|15|1|31|18|7|24|12|27|16|25|8|32|5|10|13|30|
Overall Best: 0.9345 Generation: 16
length: 34.0
feature_occurency: [50, 50, 50, 50, 50, 50, 50, 50, 50, 50, 50, 50, 50, 50, 50, 50, 50, 50, 50, 50, 50, 50, 50, 50, 50, 50, 50, 50, 50, 50, 50, 50, 50, 50]

Generation 26
Average: 0.8953 Best: 0.9288
Best Individual: 
C0 26|2|20|33|14|4|23|19|22|11|21|6|25|9|24|3|0|28|15|1|31|18|7|17|12|27|16|29|5|32|8|10|13|30|
Overall Best: 0.9345 Generation: 16
length: 34.0
feature_occurency: [50, 50, 50, 50, 50, 50, 50, 50, 50, 50, 50, 50, 50, 50, 50, 50, 50, 50, 50, 50, 50, 50, 50, 50, 50, 50, 50, 50, 50, 50, 50, 50, 50, 50]

Generation 27
Average: 0.8957 Best: 0.9259
Best Individual: 
C0 20|24|26|18|9|17|33|6|13|23|3|31|12|29|32|15|25|11|5|8|30|22|14|0|16|19|1|28|27|2|7|21|10|4|
Overall Best: 0.9345 Generation: 16
length: 34.0
feature_occurency: [50, 50, 50, 50, 50, 50, 50, 50, 50, 50, 50, 50, 50, 50, 50, 50, 50, 50, 50, 50, 50, 50, 50, 50, 50, 50, 50, 50, 50, 50, 50, 50, 50, 50]

Generation 28
Average: 0.8916 Best: 0.9316
Best Individual: 
C0 4|32|26|10|1|5|23|7|15|14|9|27|31|8|18|30|20|12|2|33|0|24|22|16|11|6|3|19|17|25|29|21|28|13|
Overall Best: 0.9345 Generation: 16
length: 34.0
feature_occurency: [50, 50, 50, 50, 50, 50, 50, 50, 50, 50, 50, 50, 50, 50, 50, 50, 50, 50, 50, 50, 50, 50, 50, 50, 50, 50, 50, 50, 50, 50, 50, 50, 50, 50]

Generation 29
Average: 0.8919 Best: 0.9316
Best Individual: 
C0 24|2|26|10|15|5|23|7|27|4|29|18|3|11|1|16|13|30|32|28|21|14|17|12|8|6|19|31|22|25|9|0|33|20|
Overall Best: 0.9345 Generation: 16
length: 34.0
feature_occurency: [50, 50, 50, 50, 50, 50, 50, 50, 50, 50, 50, 50, 50, 50, 50, 50, 50, 50, 50, 50, 50, 50, 50, 50, 50, 50, 50, 50, 50, 50, 50, 50, 50, 50]

Generation 30
Average: 0.8930 Best: 0.9202
Best Individual: 
C0 29|19|26|17|15|5|23|7|6|4|24|18|3|11|1|16|13|30|32|28|10|14|21|12|8|22|2|31|27|25|9|0|33|20|
Overall Best: 0.9345 Generation: 16
length: 34.0
feature_occurency: [50, 50, 50, 50, 50, 50, 50, 50, 50, 50, 50, 50, 50, 50, 50, 50, 50, 50, 50, 50, 50, 50, 50, 50, 50, 50, 50, 50, 50, 50, 50, 50, 50, 50]

Generation 31
Average: 0.8897 Best: 0.9202
Best Individual: 
C0 31|0|23|10|12|19|18|1|20|4|5|29|3|15|14|13|32|25|26|24|11|8|33|16|17|6|9|30|27|2|7|21|28|22|
Overall Best: 0.9345 Generation: 16
length: 34.0
feature_occurency: [50, 50, 50, 50, 50, 50, 50, 50, 50, 50, 50, 50, 50, 50, 50, 50, 50, 50, 50, 50, 50, 50, 50, 50, 50, 50, 50, 50, 50, 50, 50, 50, 50, 50]

Generation 32
Average: 0.8850 Best: 0.9145
Best Individual: 
C0 26|2|29|24|3|4|23|12|18|11|21|14|25|31|9|27|32|30|13|28|33|20|17|8|7|10|22|6|15|5|19|16|0|1|
Overall Best: 0.9345 Generation: 16
length: 34.0
feature_occurency: [50, 50, 50, 50, 50, 50, 50, 50, 50, 50, 50, 50, 50, 50, 50, 50, 50, 50, 50, 50, 50, 50, 50, 50, 50, 50, 50, 50, 50, 50, 50, 50, 50, 50]

Generation 33
Average: 0.8895 Best: 0.9174
Best Individual: 
C0 22|9|0|33|5|8|23|7|6|4|2|18|13|11|1|16|3|17|32|28|10|12|30|14|24|25|29|31|19|21|27|15|26|20|
Overall Best: 0.9345 Generation: 16
length: 34.0
feature_occurency: [50, 50, 50, 50, 50, 50, 50, 50, 50, 50, 50, 50, 50, 50, 50, 50, 50, 50, 50, 50, 50, 50, 50, 50, 50, 50, 50, 50, 50, 50, 50, 50, 50, 50]

Generation 34
Average: 0.8927 Best: 0.9174
Best Individual: 
C0 29|19|5|11|15|4|23|7|0|13|14|18|3|28|1|16|26|30|24|17|10|6|21|12|8|22|2|31|27|25|9|32|33|20|
Overall Best: 0.9345 Generation: 16
length: 34.0
feature_occurency: [50, 50, 50, 50, 50, 50, 50, 50, 50, 50, 50, 50, 50, 50, 50, 50, 50, 50, 50, 50, 50, 50, 50, 50, 50, 50, 50, 50, 50, 50, 50, 50, 50, 50]

Generation 35
Average: 0.8898 Best: 0.9231
Best Individual: 
C0 5|2|19|24|26|8|23|3|12|22|28|21|7|11|33|29|32|20|27|1|31|14|18|15|16|10|25|17|13|6|4|30|0|9|
Overall Best: 0.9345 Generation: 16
length: 34.0
feature_occurency: [50, 50, 50, 50, 50, 50, 50, 50, 50, 50, 50, 50, 50, 50, 50, 50, 50, 50, 50, 50, 50, 50, 50, 50, 50, 50, 50, 50, 50, 50, 50, 50, 50, 50]

Generation 36
Average: 0.8908 Best: 0.9259
Best Individual: 
C0 5|2|19|24|26|8|3|23|16|4|28|21|7|11|33|29|32|20|27|1|31|14|18|10|12|15|25|17|13|6|22|30|0|9|
Overall Best: 0.9345 Generation: 16
length: 34.0
feature_occurency: [50, 50, 50, 50, 50, 50, 50, 50, 50, 50, 50, 50, 50, 50, 50, 50, 50, 50, 50, 50, 50, 50, 50, 50, 50, 50, 50, 50, 50, 50, 50, 50, 50, 50]

Generation 37
Average: 0.8888 Best: 0.9259
Best Individual: 
C0 19|2|5|24|26|8|3|23|16|4|28|21|7|11|33|29|32|20|27|1|31|14|18|10|12|15|25|17|13|6|22|30|0|9|
Overall Best: 0.9345 Generation: 16
length: 34.0
feature_occurency: [50, 50, 50, 50, 50, 50, 50, 50, 50, 50, 50, 50, 50, 50, 50, 50, 50, 50, 50, 50, 50, 50, 50, 50, 50, 50, 50, 50, 50, 50, 50, 50, 50, 50]

Generation 38
Average: 0.8896 Best: 0.9288
Best Individual: 
C0 26|16|23|33|6|22|8|10|15|4|7|32|28|19|21|1|24|31|20|11|17|18|29|25|2|14|3|30|0|13|12|9|5|27|
Overall Best: 0.9345 Generation: 16
length: 34.0
feature_occurency: [50, 50, 50, 50, 50, 50, 50, 50, 50, 50, 50, 50, 50, 50, 50, 50, 50, 50, 50, 50, 50, 50, 50, 50, 50, 50, 50, 50, 50, 50, 50, 50, 50, 50]

Generation 39
Average: 0.8934 Best: 0.9174
Best Individual: 
C0 13|4|12|33|23|22|8|1|15|9|7|32|28|19|21|10|24|31|20|11|17|18|29|25|2|14|27|3|5|26|6|16|30|0|
Overall Best: 0.9345 Generation: 16
length: 34.0
feature_occurency: [50, 50, 50, 50, 50, 50, 50, 50, 50, 50, 50, 50, 50, 50, 50, 50, 50, 50, 50, 50, 50, 50, 50, 50, 50, 50, 50, 50, 50, 50, 50, 50, 50, 50]

Generation 40
Average: 0.8948 Best: 0.9430
Best Individual: 
C0 19|24|20|15|11|14|23|5|13|4|28|29|3|7|21|12|31|22|9|32|16|33|0|1|8|2|18|27|26|25|30|6|17|10|
Overall Best: 0.9430 Generation: 40
length: 34.0
feature_occurency: [50, 50, 50, 50, 50, 50, 50, 50, 50, 50, 50, 50, 50, 50, 50, 50, 50, 50, 50, 50, 50, 50, 50, 50, 50, 50, 50, 50, 50, 50, 50, 50, 50, 50]

Generation 41
Average: 0.8956 Best: 0.9174
Best Individual: 
C0 4|18|19|28|27|10|3|8|7|26|30|1|33|0|23|14|22|5|12|15|6|21|17|11|20|32|9|31|24|16|29|2|25|13|
Overall Best: 0.9430 Generation: 40
length: 34.0
feature_occurency: [50, 50, 50, 50, 50, 50, 50, 50, 50, 50, 50, 50, 50, 50, 50, 50, 50, 50, 50, 50, 50, 50, 50, 50, 50, 50, 50, 50, 50, 50, 50, 50, 50, 50]

Generation 42
Average: 0.8968 Best: 0.9231
Best Individual: 
C0 23|9|19|26|33|16|0|2|11|20|24|17|5|1|22|29|32|6|27|3|30|14|21|10|7|18|25|8|13|4|12|15|28|31|
Overall Best: 0.9430 Generation: 40
length: 34.0
feature_occurency: [50, 50, 50, 50, 50, 50, 50, 50, 50, 50, 50, 50, 50, 50, 50, 50, 50, 50, 50, 50, 50, 50, 50, 50, 50, 50, 50, 50, 50, 50, 50, 50, 50, 50]

Generation 43
Average: 0.8964 Best: 0.9259
Best Individual: 
C0 7|23|15|33|6|27|17|16|0|4|3|5|30|12|8|32|22|24|25|10|2|1|13|29|31|14|28|9|20|11|26|18|21|19|
Overall Best: 0.9430 Generation: 40
length: 34.0
feature_occurency: [50, 50, 50, 50, 50, 50, 50, 50, 50, 50, 50, 50, 50, 50, 50, 50, 50, 50, 50, 50, 50, 50, 50, 50, 50, 50, 50, 50, 50, 50, 50, 50, 50, 50]

Generation 44
Average: 0.8948 Best: 0.9288
Best Individual: 
C0 7|23|4|0|2|22|21|15|11|24|5|25|6|1|33|29|32|27|28|3|20|14|9|12|30|18|8|16|10|26|19|13|31|17|
Overall Best: 0.9430 Generation: 40
length: 34.0
feature_occurency: [50, 50, 50, 50, 50, 50, 50, 50, 50, 50, 50, 50, 50, 50, 50, 50, 50, 50, 50, 50, 50, 50, 50, 50, 50, 50, 50, 50, 50, 50, 50, 50, 50, 50]

Generation 45
Average: 0.8994 Best: 0.9288
Best Individual: 
C0 7|23|4|0|2|22|21|15|11|24|5|25|6|18|33|29|32|27|28|3|20|14|9|12|30|1|8|16|10|26|19|13|31|17|
Overall Best: 0.9430 Generation: 40
length: 34.0
feature_occurency: [50, 50, 50, 50, 50, 50, 50, 50, 50, 50, 50, 50, 50, 50, 50, 50, 50, 50, 50, 50, 50, 50, 50, 50, 50, 50, 50, 50, 50, 50, 50, 50, 50, 50]

Generation 46
Average: 0.8977 Best: 0.9259
Best Individual: 
C0 0|26|33|31|18|20|21|23|17|4|27|15|5|8|12|10|22|6|25|30|7|1|13|29|3|2|19|9|24|16|32|14|11|28|
Overall Best: 0.9430 Generation: 40
length: 34.0
feature_occurency: [50, 50, 50, 50, 50, 50, 50, 50, 50, 50, 50, 50, 50, 50, 50, 50, 50, 50, 50, 50, 50, 50, 50, 50, 50, 50, 50, 50, 50, 50, 50, 50, 50, 50]

Generation 47
Average: 0.8935 Best: 0.9259
Best Individual: 
C0 15|19|4|2|0|27|20|29|7|26|28|30|8|16|12|17|32|14|6|18|10|33|5|3|25|22|13|9|23|11|1|24|21|31|
Overall Best: 0.9430 Generation: 40
length: 34.0
feature_occurency: [50, 50, 50, 50, 50, 50, 50, 50, 50, 50, 50, 50, 50, 50, 50, 50, 50, 50, 50, 50, 50, 50, 50, 50, 50, 50, 50, 50, 50, 50, 50, 50, 50, 50]

Generation 48
Average: 0.8944 Best: 0.9259
Best Individual: 
C0 15|19|4|2|0|27|20|29|7|26|28|30|8|16|12|17|32|14|6|22|10|33|5|3|25|18|13|9|23|11|1|24|21|31|
Overall Best: 0.9430 Generation: 40
length: 34.0
feature_occurency: [50, 50, 50, 50, 50, 50, 50, 50, 50, 50, 50, 50, 50, 50, 50, 50, 50, 50, 50, 50, 50, 50, 50, 50, 50, 50, 50, 50, 50, 50, 50, 50, 50, 50]

Generation 49
Average: 0.8935 Best: 0.9231
Best Individual: 
C0 15|19|4|2|29|3|20|0|7|26|28|30|33|27|12|13|16|14|6|18|10|23|5|32|25|22|17|9|8|11|1|24|21|31|
Overall Best: 0.9430 Generation: 40
==================
    Best individual after 50 generations
    computed in 114.0370 seconds
    331 elements out of 351 correct.
    emerged in generation 40
    with fitness 0.9430
==================

