Starting evolution...
length: 34.0
feature_occurency: [50, 50, 50, 50, 50, 50, 50, 50, 50, 50, 50, 50, 50, 50, 50, 50, 50, 50, 50, 50, 50, 50, 50, 50, 50, 50, 50, 50, 50, 50, 50, 50, 50, 50]

Generation 0
Average: 0.8843 Best: 0.9174
Best Individual: 
C0 0|26|21|1|4|3|6|7|20|10|23|25|2|13|14|19|29|17|18|15|11|12|22|8|24|5|9|27|28|16|30|31|32|33|
Overall Best: 0.9174 Generation: 0
length: 34.0
feature_occurency: [50, 50, 50, 50, 50, 50, 50, 50, 50, 50, 50, 50, 50, 50, 50, 50, 50, 50, 50, 50, 50, 50, 50, 50, 50, 50, 50, 50, 50, 50, 50, 50, 50, 50]

Generation 1
Average: 0.8831 Best: 0.9145
Best Individual: 
C0 7|1|26|23|3|4|6|0|5|33|27|14|19|24|9|15|16|17|18|25|20|21|22|13|12|32|2|8|28|29|30|31|10|11|
Overall Best: 0.9174 Generation: 0
length: 34.0
feature_occurency: [50, 50, 50, 50, 50, 50, 50, 50, 50, 50, 50, 50, 50, 50, 50, 50, 50, 50, 50, 50, 50, 50, 50, 50, 50, 50, 50, 50, 50, 50, 50, 50, 50, 50]

Generation 2
Average: 0.8871 Best: 0.9145
Best Individual: 
C0 0|15|26|3|4|18|23|7|24|8|30|28|12|16|10|13|25|1|22|19|31|21|20|27|9|32|33|14|11|6|5|17|29|2|
Overall Best: 0.9174 Generation: 0
length: 34.0
feature_occurency: [50, 50, 50, 50, 50, 50, 50, 50, 50, 50, 50, 50, 50, 50, 50, 50, 50, 50, 50, 50, 50, 50, 50, 50, 50, 50, 50, 50, 50, 50, 50, 50, 50, 50]

Generation 3
Average: 0.8896 Best: 0.9174
Best Individual: 
C0 30|1|26|23|3|4|6|0|5|33|27|14|19|24|9|15|2|17|18|32|11|21|22|13|12|25|28|31|10|29|7|8|16|20|
Overall Best: 0.9174 Generation: 0
length: 34.0
feature_occurency: [50, 50, 50, 50, 50, 50, 50, 50, 50, 50, 50, 50, 50, 50, 50, 50, 50, 50, 50, 50, 50, 50, 50, 50, 50, 50, 50, 50, 50, 50, 50, 50, 50, 50]

Generation 4
Average: 0.8898 Best: 0.9231
Best Individual: 
C0 10|26|17|33|4|15|6|23|32|19|14|7|12|27|3|5|13|2|11|21|31|30|22|18|28|20|8|29|24|9|1|25|16|0|
Overall Best: 0.9231 Generation: 4
length: 34.0
feature_occurency: [50, 50, 50, 50, 50, 50, 50, 50, 50, 50, 50, 50, 50, 50, 50, 50, 50, 50, 50, 50, 50, 50, 50, 50, 50, 50, 50, 50, 50, 50, 50, 50, 50, 50]

Generation 5
Average: 0.8876 Best: 0.9231
Best Individual: 
C0 10|6|17|33|4|15|26|23|32|19|14|7|12|28|3|20|13|2|11|21|31|30|22|18|27|5|8|29|24|9|1|25|16|0|
Overall Best: 0.9231 Generation: 4
length: 34.0
feature_occurency: [50, 50, 50, 50, 50, 50, 50, 50, 50, 50, 50, 50, 50, 50, 50, 50, 50, 50, 50, 50, 50, 50, 50, 50, 50, 50, 50, 50, 50, 50, 50, 50, 50, 50]

Generation 6
Average: 0.8887 Best: 0.9145
Best Individual: 
C0 10|0|12|33|4|2|20|23|32|3|19|25|14|18|15|1|6|7|29|28|17|30|22|21|27|5|8|26|24|9|31|11|16|13|
Overall Best: 0.9231 Generation: 4
length: 34.0
feature_occurency: [50, 50, 50, 50, 50, 50, 50, 50, 50, 50, 50, 50, 50, 50, 50, 50, 50, 50, 50, 50, 50, 50, 50, 50, 50, 50, 50, 50, 50, 50, 50, 50, 50, 50]

Generation 7
Average: 0.8905 Best: 0.9231
Best Individual: 
C0 4|7|22|2|0|19|20|23|25|32|12|21|27|26|29|3|16|31|11|5|33|6|14|18|1|15|17|10|28|9|24|30|8|13|
Overall Best: 0.9231 Generation: 4
length: 34.0
feature_occurency: [50, 50, 50, 50, 50, 50, 50, 50, 50, 50, 50, 50, 50, 50, 50, 50, 50, 50, 50, 50, 50, 50, 50, 50, 50, 50, 50, 50, 50, 50, 50, 50, 50, 50]

Generation 8
Average: 0.8896 Best: 0.9145
Best Individual: 
C0 7|12|8|0|23|1|20|19|11|24|16|6|17|13|4|18|14|2|5|32|30|21|9|10|26|25|3|22|28|29|27|31|15|33|
Overall Best: 0.9231 Generation: 4
length: 34.0
feature_occurency: [50, 50, 50, 50, 50, 50, 50, 50, 50, 50, 50, 50, 50, 50, 50, 50, 50, 50, 50, 50, 50, 50, 50, 50, 50, 50, 50, 50, 50, 50, 50, 50, 50, 50]

Generation 9
Average: 0.8912 Best: 0.9231
Best Individual: 
C0 4|7|22|2|0|26|15|27|25|24|12|21|20|19|29|3|16|1|9|5|33|11|14|30|31|23|17|10|28|6|32|18|8|13|
Overall Best: 0.9231 Generation: 4
length: 34.0
feature_occurency: [50, 50, 50, 50, 50, 50, 50, 50, 50, 50, 50, 50, 50, 50, 50, 50, 50, 50, 50, 50, 50, 50, 50, 50, 50, 50, 50, 50, 50, 50, 50, 50, 50, 50]

Generation 10
Average: 0.8903 Best: 0.9231
Best Individual: 
C0 0|4|23|2|26|1|8|20|15|18|30|28|10|17|11|9|7|29|19|22|27|33|31|25|14|21|16|3|5|13|24|6|32|12|
Overall Best: 0.9231 Generation: 4
length: 34.0
feature_occurency: [50, 50, 50, 50, 50, 50, 50, 50, 50, 50, 50, 50, 50, 50, 50, 50, 50, 50, 50, 50, 50, 50, 50, 50, 50, 50, 50, 50, 50, 50, 50, 50, 50, 50]

Generation 11
Average: 0.8902 Best: 0.9231
Best Individual: 
C0 0|4|23|2|26|1|8|20|15|18|30|28|10|17|11|9|7|29|19|22|27|33|31|25|14|21|16|3|5|13|24|6|32|12|
Overall Best: 0.9231 Generation: 4
length: 34.0
feature_occurency: [50, 50, 50, 50, 50, 50, 50, 50, 50, 50, 50, 50, 50, 50, 50, 50, 50, 50, 50, 50, 50, 50, 50, 50, 50, 50, 50, 50, 50, 50, 50, 50, 50, 50]

Generation 12
Average: 0.8885 Best: 0.9145
Best Individual: 
C0 7|12|8|19|1|30|9|20|14|24|6|11|23|10|4|18|5|27|15|25|17|21|2|0|32|16|3|26|28|29|22|31|13|33|
Overall Best: 0.9231 Generation: 4
length: 34.0
feature_occurency: [50, 50, 50, 50, 50, 50, 50, 50, 50, 50, 50, 50, 50, 50, 50, 50, 50, 50, 50, 50, 50, 50, 50, 50, 50, 50, 50, 50, 50, 50, 50, 50, 50, 50]

Generation 13
Average: 0.8929 Best: 0.9174
Best Individual: 
C0 7|12|0|5|23|1|20|11|19|18|14|8|10|13|4|16|17|29|31|28|15|32|25|9|33|22|3|6|27|24|21|30|2|26|
Overall Best: 0.9231 Generation: 4
length: 34.0
feature_occurency: [50, 50, 50, 50, 50, 50, 50, 50, 50, 50, 50, 50, 50, 50, 50, 50, 50, 50, 50, 50, 50, 50, 50, 50, 50, 50, 50, 50, 50, 50, 50, 50, 50, 50]

Generation 14
Average: 0.8935 Best: 0.9202
Best Individual: 
C0 7|15|23|20|4|6|32|11|17|27|14|0|26|19|9|16|8|24|18|3|13|30|2|33|5|1|22|10|25|29|31|28|12|21|
Overall Best: 0.9231 Generation: 4
length: 34.0
feature_occurency: [50, 50, 50, 50, 50, 50, 50, 50, 50, 50, 50, 50, 50, 50, 50, 50, 50, 50, 50, 50, 50, 50, 50, 50, 50, 50, 50, 50, 50, 50, 50, 50, 50, 50]

Generation 15
Average: 0.8923 Best: 0.9145
Best Individual: 
C0 2|12|27|4|17|18|14|19|20|16|1|26|11|22|31|0|28|15|33|13|29|30|21|32|23|25|10|7|8|3|5|24|6|9|
Overall Best: 0.9231 Generation: 4
length: 34.0
feature_occurency: [50, 50, 50, 50, 50, 50, 50, 50, 50, 50, 50, 50, 50, 50, 50, 50, 50, 50, 50, 50, 50, 50, 50, 50, 50, 50, 50, 50, 50, 50, 50, 50, 50, 50]

Generation 16
Average: 0.8889 Best: 0.9174
Best Individual: 
C0 3|12|0|5|19|13|7|32|23|6|4|26|30|28|31|11|17|33|25|1|20|9|16|29|10|22|15|14|27|24|21|8|2|18|
Overall Best: 0.9231 Generation: 4
length: 34.0
feature_occurency: [50, 50, 50, 50, 50, 50, 50, 50, 50, 50, 50, 50, 50, 50, 50, 50, 50, 50, 50, 50, 50, 50, 50, 50, 50, 50, 50, 50, 50, 50, 50, 50, 50, 50]

Generation 17
Average: 0.8928 Best: 0.9259
Best Individual: 
C0 0|27|26|31|12|7|20|32|23|6|4|14|1|28|29|3|30|33|19|24|16|21|22|15|13|11|17|10|9|2|25|8|5|18|
Overall Best: 0.9259 Generation: 17
length: 34.0
feature_occurency: [50, 50, 50, 50, 50, 50, 50, 50, 50, 50, 50, 50, 50, 50, 50, 50, 50, 50, 50, 50, 50, 50, 50, 50, 50, 50, 50, 50, 50, 50, 50, 50, 50, 50]

Generation 18
Average: 0.8872 Best: 0.9259
Best Individual: 
C0 1|26|18|4|22|12|23|15|8|13|2|25|27|19|16|5|10|14|30|6|9|21|33|17|20|24|7|11|28|32|31|3|29|0|
Overall Best: 0.9259 Generation: 17
length: 34.0
feature_occurency: [50, 50, 50, 50, 50, 50, 50, 50, 50, 50, 50, 50, 50, 50, 50, 50, 50, 50, 50, 50, 50, 50, 50, 50, 50, 50, 50, 50, 50, 50, 50, 50, 50, 50]

Generation 19
Average: 0.8878 Best: 0.9145
Best Individual: 
C0 1|26|18|4|22|12|20|15|24|6|2|25|27|19|31|8|9|28|33|13|29|30|14|32|23|0|5|7|11|17|16|3|10|21|
Overall Best: 0.9259 Generation: 17
length: 34.0
feature_occurency: [50, 50, 50, 50, 50, 50, 50, 50, 50, 50, 50, 50, 50, 50, 50, 50, 50, 50, 50, 50, 50, 50, 50, 50, 50, 50, 50, 50, 50, 50, 50, 50, 50, 50]

Generation 20
Average: 0.8860 Best: 0.9088
Best Individual: 
C0 19|32|2|16|29|33|4|6|15|7|18|0|30|13|31|11|24|10|25|1|20|14|21|26|5|28|9|22|17|3|12|8|27|23|
Overall Best: 0.9259 Generation: 17
length: 34.0
feature_occurency: [50, 50, 50, 50, 50, 50, 50, 50, 50, 50, 50, 50, 50, 50, 50, 50, 50, 50, 50, 50, 50, 50, 50, 50, 50, 50, 50, 50, 50, 50, 50, 50, 50, 50]

Generation 21
Average: 0.8884 Best: 0.9231
Best Individual: 
C0 24|20|21|11|25|14|13|31|23|7|4|26|22|28|8|1|29|5|30|0|17|6|32|2|16|27|3|10|19|33|12|15|9|18|
Overall Best: 0.9259 Generation: 17
length: 34.0
feature_occurency: [50, 50, 50, 50, 50, 50, 50, 50, 50, 50, 50, 50, 50, 50, 50, 50, 50, 50, 50, 50, 50, 50, 50, 50, 50, 50, 50, 50, 50, 50, 50, 50, 50, 50]

Generation 22
Average: 0.8867 Best: 0.9145
Best Individual: 
C0 30|26|32|21|29|33|25|7|13|6|4|23|22|5|31|0|17|24|14|20|1|27|15|9|28|3|18|12|19|2|8|11|16|10|
Overall Best: 0.9259 Generation: 17
length: 34.0
feature_occurency: [50, 50, 50, 50, 50, 50, 50, 50, 50, 50, 50, 50, 50, 50, 50, 50, 50, 50, 50, 50, 50, 50, 50, 50, 50, 50, 50, 50, 50, 50, 50, 50, 50, 50]

Generation 23
Average: 0.8902 Best: 0.9231
Best Individual: 
C0 8|17|22|0|26|12|15|30|14|23|32|11|4|21|10|28|20|3|5|16|31|27|25|9|29|7|18|24|19|2|6|1|33|13|
Overall Best: 0.9259 Generation: 17
length: 34.0
feature_occurency: [50, 50, 50, 50, 50, 50, 50, 50, 50, 50, 50, 50, 50, 50, 50, 50, 50, 50, 50, 50, 50, 50, 50, 50, 50, 50, 50, 50, 50, 50, 50, 50, 50, 50]

Generation 24
Average: 0.8894 Best: 0.9202
Best Individual: 
C0 5|33|21|29|2|10|20|19|23|7|4|26|3|28|6|0|16|24|30|9|17|14|32|25|11|31|13|12|27|22|1|15|8|18|
Overall Best: 0.9259 Generation: 17
length: 34.0
feature_occurency: [50, 50, 50, 50, 50, 50, 50, 50, 50, 50, 50, 50, 50, 50, 50, 50, 50, 50, 50, 50, 50, 50, 50, 50, 50, 50, 50, 50, 50, 50, 50, 50, 50, 50]

Generation 25
Average: 0.8888 Best: 0.9231
Best Individual: 
C0 12|23|7|27|22|33|25|0|14|24|6|4|13|28|15|17|32|3|11|30|16|5|1|18|2|31|8|10|26|21|29|20|9|19|
Overall Best: 0.9259 Generation: 17
length: 34.0
feature_occurency: [50, 50, 50, 50, 50, 50, 50, 50, 50, 50, 50, 50, 50, 50, 50, 50, 50, 50, 50, 50, 50, 50, 50, 50, 50, 50, 50, 50, 50, 50, 50, 50, 50, 50]

Generation 26
Average: 0.8878 Best: 0.9145
Best Individual: 
C0 24|23|12|27|22|6|25|0|14|7|33|4|16|28|15|17|32|3|11|30|13|26|1|18|2|31|8|10|5|21|29|20|9|19|
Overall Best: 0.9259 Generation: 17
length: 34.0
feature_occurency: [50, 50, 50, 50, 50, 50, 50, 50, 50, 50, 50, 50, 50, 50, 50, 50, 50, 50, 50, 50, 50, 50, 50, 50, 50, 50, 50, 50, 50, 50, 50, 50, 50, 50]

Generation 27
Average: 0.8838 Best: 0.9145
Best Individual: 
C0 15|23|26|22|2|12|21|29|11|32|4|13|24|7|0|17|14|19|20|25|16|28|33|3|18|9|31|27|30|10|6|5|1|8|
Overall Best: 0.9259 Generation: 17
length: 34.0
feature_occurency: [50, 50, 50, 50, 50, 50, 50, 50, 50, 50, 50, 50, 50, 50, 50, 50, 50, 50, 50, 50, 50, 50, 50, 50, 50, 50, 50, 50, 50, 50, 50, 50, 50, 50]

Generation 28
Average: 0.8853 Best: 0.9088
Best Individual: 
C0 33|13|25|27|26|9|2|22|23|1|4|14|3|28|31|11|16|32|0|12|17|15|5|7|30|29|18|10|19|6|8|20|24|21|
Overall Best: 0.9259 Generation: 17
length: 34.0
feature_occurency: [50, 50, 50, 50, 50, 50, 50, 50, 50, 50, 50, 50, 50, 50, 50, 50, 50, 50, 50, 50, 50, 50, 50, 50, 50, 50, 50, 50, 50, 50, 50, 50, 50, 50]

Generation 29
Average: 0.8887 Best: 0.9202
Best Individual: 
C0 1|27|0|14|32|8|28|24|6|26|22|7|4|25|9|21|31|5|17|2|16|23|29|18|33|19|20|11|30|10|12|15|3|13|
Overall Best: 0.9259 Generation: 17
length: 34.0
feature_occurency: [50, 50, 50, 50, 50, 50, 50, 50, 50, 50, 50, 50, 50, 50, 50, 50, 50, 50, 50, 50, 50, 50, 50, 50, 50, 50, 50, 50, 50, 50, 50, 50, 50, 50]

Generation 30
Average: 0.8915 Best: 0.9316
Best Individual: 
C0 32|28|20|21|14|11|26|3|2|33|4|23|17|9|6|19|12|24|30|13|31|7|15|22|0|8|18|10|5|27|29|25|16|1|
Overall Best: 0.9316 Generation: 30
length: 34.0
feature_occurency: [50, 50, 50, 50, 50, 50, 50, 50, 50, 50, 50, 50, 50, 50, 50, 50, 50, 50, 50, 50, 50, 50, 50, 50, 50, 50, 50, 50, 50, 50, 50, 50, 50, 50]

Generation 31
Average: 0.8913 Best: 0.9316
Best Individual: 
C0 28|32|20|21|14|11|26|3|2|33|4|23|17|9|6|19|12|24|8|29|31|7|15|22|0|30|18|10|5|27|13|25|1|16|
Overall Best: 0.9316 Generation: 30
length: 34.0
feature_occurency: [50, 50, 50, 50, 50, 50, 50, 50, 50, 50, 50, 50, 50, 50, 50, 50, 50, 50, 50, 50, 50, 50, 50, 50, 50, 50, 50, 50, 50, 50, 50, 50, 50, 50]

Generation 32
Average: 0.8893 Best: 0.9174
Best Individual: 
C0 28|4|29|16|18|1|15|19|20|27|33|8|22|14|5|17|7|6|30|25|9|3|24|0|10|26|2|23|12|13|11|31|21|32|
Overall Best: 0.9316 Generation: 30
length: 34.0
feature_occurency: [50, 50, 50, 50, 50, 50, 50, 50, 50, 50, 50, 50, 50, 50, 50, 50, 50, 50, 50, 50, 50, 50, 50, 50, 50, 50, 50, 50, 50, 50, 50, 50, 50, 50]

Generation 33
Average: 0.8879 Best: 0.9117
Best Individual: 
C0 17|12|8|22|30|7|5|14|19|16|28|0|4|24|20|15|31|26|33|23|6|10|29|32|13|2|18|3|9|25|11|27|21|1|
Overall Best: 0.9316 Generation: 30
length: 34.0
feature_occurency: [50, 50, 50, 50, 50, 50, 50, 50, 50, 50, 50, 50, 50, 50, 50, 50, 50, 50, 50, 50, 50, 50, 50, 50, 50, 50, 50, 50, 50, 50, 50, 50, 50, 50]

Generation 34
Average: 0.8872 Best: 0.9145
Best Individual: 
C0 27|9|20|13|14|6|33|4|24|8|23|10|7|21|28|0|25|29|19|17|5|16|15|3|12|1|18|32|30|2|26|31|22|11|
Overall Best: 0.9316 Generation: 30
length: 34.0
feature_occurency: [50, 50, 50, 50, 50, 50, 50, 50, 50, 50, 50, 50, 50, 50, 50, 50, 50, 50, 50, 50, 50, 50, 50, 50, 50, 50, 50, 50, 50, 50, 50, 50, 50, 50]

Generation 35
Average: 0.8871 Best: 0.9174
Best Individual: 
C0 0|26|23|11|22|2|20|1|32|13|15|30|7|16|27|24|12|4|28|17|25|19|14|5|29|18|6|9|8|21|3|33|10|31|
Overall Best: 0.9316 Generation: 30
length: 34.0
feature_occurency: [50, 50, 50, 50, 50, 50, 50, 50, 50, 50, 50, 50, 50, 50, 50, 50, 50, 50, 50, 50, 50, 50, 50, 50, 50, 50, 50, 50, 50, 50, 50, 50, 50, 50]

Generation 36
Average: 0.8871 Best: 0.9117
Best Individual: 
C0 5|8|3|22|18|1|4|2|23|10|26|11|15|28|33|7|20|6|30|31|0|19|24|14|27|25|16|17|12|13|29|9|21|32|
Overall Best: 0.9316 Generation: 30
length: 34.0
feature_occurency: [50, 50, 50, 50, 50, 50, 50, 50, 50, 50, 50, 50, 50, 50, 50, 50, 50, 50, 50, 50, 50, 50, 50, 50, 50, 50, 50, 50, 50, 50, 50, 50, 50, 50]

Generation 37
Average: 0.8906 Best: 0.9174
Best Individual: 
C0 8|19|21|20|12|7|1|4|22|33|24|23|17|5|9|15|14|28|11|10|16|32|13|29|27|31|30|25|18|6|3|2|0|26|
Overall Best: 0.9316 Generation: 30
length: 34.0
feature_occurency: [50, 50, 50, 50, 50, 50, 50, 50, 50, 50, 50, 50, 50, 50, 50, 50, 50, 50, 50, 50, 50, 50, 50, 50, 50, 50, 50, 50, 50, 50, 50, 50, 50, 50]

Generation 38
Average: 0.8875 Best: 0.9117
Best Individual: 
C0 12|19|10|23|2|7|6|0|18|16|26|4|22|25|5|11|1|17|30|13|8|31|15|32|3|28|27|9|14|21|29|33|20|24|
Overall Best: 0.9316 Generation: 30
length: 34.0
feature_occurency: [50, 50, 50, 50, 50, 50, 50, 50, 50, 50, 50, 50, 50, 50, 50, 50, 50, 50, 50, 50, 50, 50, 50, 50, 50, 50, 50, 50, 50, 50, 50, 50, 50, 50]

Generation 39
Average: 0.8877 Best: 0.9145
Best Individual: 
C0 26|22|21|20|12|7|1|4|19|10|24|23|2|5|9|15|31|33|11|28|16|32|13|29|27|30|3|17|6|18|0|14|8|25|
Overall Best: 0.9316 Generation: 30
length: 34.0
feature_occurency: [50, 50, 50, 50, 50, 50, 50, 50, 50, 50, 50, 50, 50, 50, 50, 50, 50, 50, 50, 50, 50, 50, 50, 50, 50, 50, 50, 50, 50, 50, 50, 50, 50, 50]

Generation 40
Average: 0.8888 Best: 0.9117
Best Individual: 
C0 31|26|3|21|2|20|1|7|10|15|0|5|22|13|11|24|27|17|19|8|33|14|25|6|29|4|9|32|12|23|18|16|28|30|
Overall Best: 0.9316 Generation: 30
length: 34.0
feature_occurency: [50, 50, 50, 50, 50, 50, 50, 50, 50, 50, 50, 50, 50, 50, 50, 50, 50, 50, 50, 50, 50, 50, 50, 50, 50, 50, 50, 50, 50, 50, 50, 50, 50, 50]

Generation 41
Average: 0.8862 Best: 0.9088
Best Individual: 
C0 33|15|1|29|3|24|20|19|7|4|23|17|22|21|28|0|32|11|9|12|5|13|18|6|10|31|27|8|16|14|26|30|2|25|
Overall Best: 0.9316 Generation: 30
length: 34.0
feature_occurency: [50, 50, 50, 50, 50, 50, 50, 50, 50, 50, 50, 50, 50, 50, 50, 50, 50, 50, 50, 50, 50, 50, 50, 50, 50, 50, 50, 50, 50, 50, 50, 50, 50, 50]

Generation 42
Average: 0.8868 Best: 0.9288
Best Individual: 
C0 19|7|14|29|15|11|18|23|24|4|27|1|26|8|32|30|22|10|9|6|21|13|25|20|33|31|12|28|16|0|3|2|17|5|
Overall Best: 0.9316 Generation: 30
length: 34.0
feature_occurency: [50, 50, 50, 50, 50, 50, 50, 50, 50, 50, 50, 50, 50, 50, 50, 50, 50, 50, 50, 50, 50, 50, 50, 50, 50, 50, 50, 50, 50, 50, 50, 50, 50, 50]

Generation 43
Average: 0.8887 Best: 0.9202
Best Individual: 
C0 4|6|8|10|13|7|28|1|23|26|19|24|22|20|2|17|25|29|30|14|21|18|16|33|27|0|12|5|32|15|9|11|3|31|
Overall Best: 0.9316 Generation: 30
length: 34.0
feature_occurency: [50, 50, 50, 50, 50, 50, 50, 50, 50, 50, 50, 50, 50, 50, 50, 50, 50, 50, 50, 50, 50, 50, 50, 50, 50, 50, 50, 50, 50, 50, 50, 50, 50, 50]

Generation 44
Average: 0.8930 Best: 0.9202
Best Individual: 
C0 4|6|8|10|13|7|28|1|23|26|19|24|22|20|2|17|25|29|30|14|21|18|16|33|27|0|12|5|32|15|9|11|3|31|
Overall Best: 0.9316 Generation: 30
length: 34.0
feature_occurency: [50, 50, 50, 50, 50, 50, 50, 50, 50, 50, 50, 50, 50, 50, 50, 50, 50, 50, 50, 50, 50, 50, 50, 50, 50, 50, 50, 50, 50, 50, 50, 50, 50, 50]

Generation 45
Average: 0.8948 Best: 0.9202
Best Individual: 
C0 4|6|8|10|13|7|19|1|23|26|28|24|22|20|2|17|25|29|30|14|21|18|16|33|27|0|12|5|32|15|9|11|3|31|
Overall Best: 0.9316 Generation: 30
length: 34.0
feature_occurency: [50, 50, 50, 50, 50, 50, 50, 50, 50, 50, 50, 50, 50, 50, 50, 50, 50, 50, 50, 50, 50, 50, 50, 50, 50, 50, 50, 50, 50, 50, 50, 50, 50, 50]

Generation 46
Average: 0.8934 Best: 0.9259
Best Individual: 
C0 4|6|13|10|1|7|27|24|23|26|19|14|22|2|20|17|29|28|30|16|5|18|8|33|25|0|12|21|3|15|9|11|32|31|
Overall Best: 0.9316 Generation: 30
length: 34.0
feature_occurency: [50, 50, 50, 50, 50, 50, 50, 50, 50, 50, 50, 50, 50, 50, 50, 50, 50, 50, 50, 50, 50, 50, 50, 50, 50, 50, 50, 50, 50, 50, 50, 50, 50, 50]

Generation 47
Average: 0.8957 Best: 0.9231
Best Individual: 
C0 4|26|6|12|2|27|1|24|23|13|19|14|22|7|20|17|29|28|5|16|30|18|8|33|25|0|10|21|3|15|9|11|32|31|
Overall Best: 0.9316 Generation: 30
length: 34.0
feature_occurency: [50, 50, 50, 50, 50, 50, 50, 50, 50, 50, 50, 50, 50, 50, 50, 50, 50, 50, 50, 50, 50, 50, 50, 50, 50, 50, 50, 50, 50, 50, 50, 50, 50, 50]

Generation 48
Average: 0.8942 Best: 0.9259
Best Individual: 
C0 4|6|17|10|1|18|11|12|32|27|20|15|23|25|14|28|0|7|3|8|24|29|5|33|2|9|13|19|22|21|16|26|30|31|
Overall Best: 0.9316 Generation: 30
length: 34.0
feature_occurency: [50, 50, 50, 50, 50, 50, 50, 50, 50, 50, 50, 50, 50, 50, 50, 50, 50, 50, 50, 50, 50, 50, 50, 50, 50, 50, 50, 50, 50, 50, 50, 50, 50, 50]

Generation 49
Average: 0.8931 Best: 0.9202
Best Individual: 
C0 4|9|20|29|26|18|19|23|15|31|3|6|12|1|5|11|33|8|22|24|21|27|16|25|7|0|32|13|10|30|28|17|2|14|
Overall Best: 0.9316 Generation: 30
==================
    Best individual after 50 generations
    computed in 116.6010 seconds
    327 elements out of 351 correct.
    emerged in generation 30
    with fitness 0.9316
==================

