Starting evolution...
length: 21.58
feature_occurency: [22, 57, 59, 44, 51, 50, 45, 50, 50, 46, 48, 50, 61, 52, 54, 60, 60, 58, 52, 47, 51, 62, 39, 48, 43, 50, 63, 61, 52, 34, 49, 53, 42, 37]

Generation 0
Average: 0.8744 Best: 0.8917
Best Individual: 
C0 21|31|18|33|26|15|24|6|2|5|7|13|24|22|17|25|24|13|12|11|12|20|16|23|3|7|20|1|4|6|16|14|23|7|
Overall Best: 0.8917 Generation: 0
length: 21.7
feature_occurency: [23, 55, 66, 42, 54, 40, 61, 53, 45, 40, 48, 39, 55, 57, 58, 53, 57, 53, 61, 45, 65, 58, 50, 45, 40, 51, 61, 53, 48, 40, 50, 51, 45, 38]

Generation 1
Average: 0.8797 Best: 0.9003
Best Individual: 
C0 19|19|19|18|26|28|25|11|31|2|4|3|20|27|15|15|17|33|17|5|14|19|30|4|17|32|27|4|23|20|33|32|10|22|
Overall Best: 0.9003 Generation: 1
length: 21.0
feature_occurency: [21, 59, 67, 51, 54, 40, 59, 46, 49, 39, 45, 43, 53, 53, 53, 52, 56, 46, 58, 41, 72, 51, 50, 47, 37, 56, 69, 48, 52, 38, 56, 49, 51, 39]

Generation 2
Average: 0.8784 Best: 0.8974
Best Individual: 
C0 19|19|19|18|26|28|25|11|31|2|4|3|12|27|15|25|17|33|17|5|14|19|30|4|17|32|27|14|23|20|33|32|10|22|
Overall Best: 0.9003 Generation: 1
length: 20.84
feature_occurency: [21, 65, 72, 43, 70, 36, 71, 51, 55, 30, 51, 41, 56, 35, 56, 49, 69, 35, 50, 40, 81, 45, 61, 50, 27, 57, 62, 52, 49, 35, 63, 44, 46, 32]

Generation 3
Average: 0.8785 Best: 0.9031
Best Individual: 
C0 19|19|19|18|26|28|25|11|31|2|4|5|12|27|15|25|17|33|17|5|27|19|30|4|17|11|27|14|23|20|33|32|10|22|
Overall Best: 0.9031 Generation: 3
length: 21.26
feature_occurency: [20, 66, 75, 45, 68, 35, 75, 53, 60, 25, 61, 43, 61, 31, 53, 48, 64, 32, 42, 40, 92, 47, 59, 52, 26, 55, 64, 61, 45, 31, 56, 47, 30, 38]

Generation 4
Average: 0.8806 Best: 0.9031
Best Individual: 
C0 15|23|26|29|20|30|8|7|8|4|21|15|2|27|22|10|27|6|23|6|5|10|26|26|29|15|22|7|11|8|20|11|26|14|
Overall Best: 0.9031 Generation: 3
length: 21.38
feature_occurency: [25, 69, 73, 31, 58, 28, 85, 59, 68, 13, 64, 38, 54, 38, 54, 49, 58, 34, 35, 29, 95, 51, 59, 67, 29, 47, 72, 55, 47, 39, 65, 46, 32, 34]

Generation 5
Average: 0.8806 Best: 0.9060
Best Individual: 
C0 14|6|4|7|18|8|17|31|27|26|6|6|12|11|3|1|0|0|1|29|24|6|2|23|29|7|20|19|19|32|8|15|8|13|
Overall Best: 0.9060 Generation: 5
length: 21.22
feature_occurency: [26, 71, 81, 42, 62, 31, 87, 61, 64, 16, 58, 34, 55, 23, 50, 47, 47, 37, 29, 40, 92, 50, 53, 74, 24, 49, 70, 55, 54, 36, 61, 48, 42, 31]

Generation 6
Average: 0.8857 Best: 0.9088
Best Individual: 
C0 17|20|31|18|14|12|30|20|23|10|26|4|27|8|29|25|14|6|2|27|1|19|33|23|28|31|14|30|23|17|28|2|25|25|
Overall Best: 0.9088 Generation: 6
length: 20.98
feature_occurency: [26, 75, 70, 42, 59, 34, 96, 60, 60, 11, 60, 27, 49, 20, 52, 43, 44, 42, 33, 40, 100, 43, 50, 82, 27, 49, 74, 51, 58, 37, 63, 51, 36, 36]

Generation 7
Average: 0.8853 Best: 0.9088
Best Individual: 
C0 1|26|20|18|20|26|11|1|23|20|7|15|10|27|22|10|27|4|2|27|1|19|10|15|28|20|18|30|12|22|28|2|1|30|
Overall Best: 0.9088 Generation: 6
length: 20.84
feature_occurency: [25, 75, 59, 45, 66, 37, 94, 52, 55, 7, 69, 21, 46, 21, 55, 50, 39, 46, 38, 43, 106, 41, 45, 82, 29, 57, 82, 50, 46, 36, 56, 48, 38, 41]

Generation 8
Average: 0.8846 Best: 0.9259
Best Individual: 
C0 20|21|4|24|18|20|27|18|23|32|0|23|15|3|24|4|10|4|33|33|1|19|6|14|21|26|1|33|23|26|6|15|21|3|
Overall Best: 0.9259 Generation: 8
length: 20.58
feature_occurency: [18, 79, 58, 49, 75, 39, 80, 55, 49, 12, 74, 25, 42, 14, 54, 60, 34, 37, 42, 48, 104, 35, 47, 89, 39, 52, 82, 56, 43, 28, 53, 41, 41, 46]

Generation 9
Average: 0.8862 Best: 0.9145
Best Individual: 
C0 20|21|25|24|20|20|32|18|23|32|0|25|15|3|24|4|10|4|33|33|1|19|6|14|28|26|1|33|23|26|6|15|21|3|
Overall Best: 0.9259 Generation: 8
length: 20.66
feature_occurency: [14, 81, 58, 52, 85, 41, 69, 53, 48, 8, 70, 20, 36, 16, 46, 64, 36, 32, 44, 50, 100, 37, 43, 107, 44, 47, 83, 54, 43, 33, 52, 42, 40, 52]

Generation 10
Average: 0.8869 Best: 0.9088
Best Individual: 
C0 6|3|4|24|18|20|28|1|26|4|0|28|25|15|4|4|24|2|33|28|14|8|6|21|21|26|1|33|23|26|8|10|4|23|
Overall Best: 0.9259 Generation: 8
length: 20.44
feature_occurency: [22, 85, 52, 74, 75, 40, 65, 47, 41, 13, 73, 18, 40, 16, 38, 70, 36, 25, 50, 57, 92, 47, 42, 99, 55, 42, 92, 44, 42, 29, 40, 37, 42, 60]

Generation 11
Average: 0.8876 Best: 0.9145
Best Individual: 
C0 3|3|4|24|18|20|28|1|26|28|0|28|0|15|4|4|24|2|33|5|14|8|6|21|21|26|1|33|23|26|8|10|4|23|
Overall Best: 0.9259 Generation: 8
length: 20.58
feature_occurency: [24, 80, 58, 79, 90, 39, 80, 53, 30, 9, 57, 23, 36, 17, 35, 68, 25, 24, 56, 59, 94, 41, 50, 91, 56, 37, 96, 45, 45, 32, 37, 31, 42, 61]

Generation 12
Average: 0.8876 Best: 0.9117
Best Individual: 
C0 18|26|4|22|20|3|33|18|8|3|12|15|2|10|22|10|27|26|12|26|6|27|26|24|29|6|22|2|20|26|8|33|32|23|
Overall Best: 0.9259 Generation: 8
length: 20.44
feature_occurency: [30, 84, 56, 74, 105, 41, 66, 47, 28, 14, 55, 25, 35, 9, 38, 73, 27, 27, 62, 53, 92, 36, 48, 96, 51, 35, 97, 50, 49, 31, 31, 28, 50, 57]

Generation 13
Average: 0.8858 Best: 0.9117
Best Individual: 
C0 18|26|4|24|20|3|17|18|8|3|12|15|2|15|22|10|27|26|12|0|6|27|26|24|29|6|22|2|20|26|8|33|32|23|
Overall Best: 0.9259 Generation: 8
length: 20.5
feature_occurency: [35, 89, 46, 82, 122, 37, 56, 45, 32, 11, 52, 27, 39, 9, 34, 72, 24, 24, 56, 39, 95, 34, 48, 99, 49, 40, 92, 49, 51, 36, 31, 33, 55, 57]

Generation 14
Average: 0.8885 Best: 0.9117
Best Individual: 
C0 18|26|4|24|20|3|17|18|20|3|12|15|2|15|22|10|27|22|26|0|6|27|24|24|29|6|22|2|20|26|8|33|32|23|
Overall Best: 0.9259 Generation: 8
length: 20.72
feature_occurency: [41, 82, 45, 77, 123, 30, 53, 46, 32, 23, 60, 33, 47, 16, 29, 75, 13, 14, 51, 37, 88, 35, 50, 90, 51, 36, 92, 55, 59, 39, 30, 38, 50, 60]

Generation 15
Average: 0.8880 Best: 0.9060
Best Individual: 
C0 3|3|4|24|20|20|28|33|26|28|12|33|0|15|4|9|10|4|33|10|1|19|6|21|21|26|1|33|23|15|8|10|4|30|
Overall Best: 0.9259 Generation: 8
length: 20.7
feature_occurency: [43, 83, 38, 74, 115, 28, 51, 54, 30, 25, 71, 43, 31, 14, 33, 65, 15, 11, 40, 37, 87, 30, 48, 87, 60, 48, 93, 60, 60, 35, 38, 33, 57, 63]

Generation 16
Average: 0.8910 Best: 0.9145
Best Individual: 
C0 20|23|3|22|1|3|4|11|26|4|26|4|10|33|14|3|24|2|33|20|7|19|32|1|7|23|26|8|16|21|16|32|26|23|
Overall Best: 0.9259 Generation: 8
length: 20.98
feature_occurency: [43, 91, 33, 63, 108, 27, 52, 65, 31, 31, 64, 37, 32, 17, 36, 53, 28, 14, 30, 43, 77, 35, 39, 87, 59, 39, 109, 62, 65, 31, 44, 33, 65, 57]

Generation 17
Average: 0.8885 Best: 0.9117
Best Individual: 
C0 1|20|20|15|31|20|27|32|26|20|24|31|25|11|8|7|23|7|29|32|32|19|20|23|5|7|24|30|7|32|4|13|25|32|
Overall Best: 0.9259 Generation: 8
length: 20.84
feature_occurency: [35, 87, 46, 78, 96, 27, 56, 62, 24, 27, 64, 45, 29, 15, 34, 46, 22, 17, 35, 41, 81, 33, 38, 77, 73, 39, 108, 65, 56, 35, 44, 33, 76, 56]

Generation 18
Average: 0.8882 Best: 0.9117
Best Individual: 
C0 1|20|20|15|31|20|27|32|26|20|24|31|25|11|8|7|23|7|29|32|32|19|20|23|5|26|24|30|7|32|4|13|25|32|
Overall Best: 0.9259 Generation: 8
length: 20.6
feature_occurency: [34, 90, 44, 64, 96, 27, 53, 64, 26, 23, 61, 56, 29, 21, 33, 41, 24, 19, 36, 43, 77, 44, 38, 82, 73, 48, 96, 59, 55, 36, 37, 33, 88, 50]

Generation 19
Average: 0.8872 Best: 0.9202
Best Individual: 
C0 1|20|20|1|31|14|27|32|26|20|24|31|25|11|8|7|23|7|29|32|32|19|20|23|5|26|24|30|7|32|4|13|25|32|
Overall Best: 0.9259 Generation: 8
length: 21.18
feature_occurency: [34, 78, 42, 67, 90, 33, 49, 74, 28, 27, 58, 46, 34, 25, 30, 39, 25, 23, 36, 56, 81, 36, 44, 74, 71, 47, 97, 55, 45, 35, 46, 38, 85, 52]

Generation 20
Average: 0.8845 Best: 0.9174
Best Individual: 
C0 15|20|20|1|31|14|27|32|26|20|24|31|25|11|8|7|23|7|29|19|32|19|20|23|5|26|24|30|7|32|4|13|25|32|
Overall Best: 0.9259 Generation: 8
length: 20.7
feature_occurency: [22, 75, 53, 67, 96, 39, 58, 75, 29, 37, 46, 42, 30, 31, 31, 35, 21, 25, 41, 61, 89, 43, 47, 80, 70, 33, 103, 49, 42, 30, 36, 29, 86, 49]

Generation 21
Average: 0.8870 Best: 0.9117
Best Individual: 
C0 20|23|3|33|21|9|21|1|6|20|26|15|32|22|20|10|12|12|23|19|18|2|4|21|18|29|1|32|23|3|20|32|26|23|
Overall Best: 0.9259 Generation: 8
length: 20.62
feature_occurency: [21, 69, 53, 61, 91, 47, 62, 69, 23, 35, 41, 45, 36, 39, 37, 29, 16, 28, 47, 79, 98, 44, 44, 79, 61, 39, 107, 42, 37, 28, 41, 26, 76, 50]

Generation 22
Average: 0.8874 Best: 0.9060
Best Individual: 
C0 15|26|4|19|19|2|27|1|12|33|20|15|30|23|26|4|27|31|29|19|1|27|2|12|29|6|17|2|20|26|9|29|26|11|
Overall Best: 0.9259 Generation: 8
length: 21.02
feature_occurency: [18, 65, 61, 48, 77, 47, 72, 54, 23, 33, 35, 58, 48, 49, 48, 30, 16, 29, 56, 81, 106, 33, 50, 68, 67, 42, 99, 41, 32, 29, 42, 24, 74, 45]

Generation 23
Average: 0.8855 Best: 0.9088
Best Individual: 
C0 15|26|4|19|25|2|27|1|12|33|20|15|30|23|26|4|27|31|29|19|1|27|8|12|29|6|17|2|20|26|9|29|26|11|
Overall Best: 0.9259 Generation: 8
length: 20.86
feature_occurency: [20, 58, 52, 50, 67, 46, 69, 55, 24, 38, 29, 55, 52, 47, 54, 29, 15, 27, 61, 86, 99, 27, 44, 80, 60, 44, 110, 49, 33, 35, 37, 30, 71, 47]

Generation 24
Average: 0.8884 Best: 0.9145
Best Individual: 
C0 1|14|7|18|19|14|30|20|26|20|4|31|25|11|19|22|23|7|12|6|19|19|7|22|23|30|5|1|7|32|26|13|33|12|
Overall Best: 0.9259 Generation: 8
length: 20.96
feature_occurency: [26, 52, 55, 48, 68, 46, 69, 67, 29, 36, 22, 54, 54, 51, 50, 30, 15, 28, 55, 83, 85, 31, 33, 82, 67, 47, 97, 61, 33, 47, 40, 34, 57, 48]

Generation 25
Average: 0.8891 Best: 0.9117
Best Individual: 
C0 18|18|23|14|7|25|4|11|12|33|20|9|30|29|26|4|27|31|21|19|1|27|2|15|29|6|20|2|20|26|9|29|29|29|
Overall Best: 0.9259 Generation: 8
length: 20.9
feature_occurency: [17, 48, 59, 52, 76, 47, 75, 67, 36, 34, 23, 50, 55, 45, 48, 39, 11, 25, 68, 90, 81, 26, 29, 90, 51, 42, 95, 57, 29, 56, 49, 32, 55, 43]

Generation 26
Average: 0.8900 Best: 0.9117
Best Individual: 
C0 15|26|4|19|25|2|27|6|12|33|20|33|30|23|26|4|27|31|27|19|1|24|8|12|29|6|0|19|20|25|9|29|26|11|
Overall Best: 0.9259 Generation: 8
length: 20.8
feature_occurency: [20, 54, 59, 44, 80, 51, 81, 58, 37, 34, 23, 40, 70, 49, 47, 41, 14, 23, 69, 96, 72, 37, 27, 77, 48, 45, 90, 53, 26, 60, 40, 33, 65, 37]

Generation 27
Average: 0.8893 Best: 0.9174
Best Individual: 
C0 29|23|1|24|18|29|11|33|6|20|4|32|24|15|4|32|24|2|7|19|22|2|15|21|18|14|23|23|23|32|17|32|26|29|
Overall Best: 0.9259 Generation: 8
length: 21.22
feature_occurency: [21, 49, 54, 49, 87, 34, 66, 66, 28, 32, 23, 43, 70, 55, 44, 43, 12, 28, 54, 83, 78, 31, 30, 85, 38, 64, 91, 63, 23, 69, 42, 34, 72, 39]

Generation 28
Average: 0.8918 Best: 0.9088
Best Individual: 
C0 12|4|4|32|23|25|2|32|11|33|20|13|30|23|26|4|27|3|29|19|4|12|22|8|8|7|17|29|31|31|7|6|25|15|
Overall Best: 0.9259 Generation: 8
length: 21.18
feature_occurency: [20, 51, 48, 37, 95, 22, 74, 57, 28, 37, 22, 46, 64, 44, 41, 50, 16, 21, 39, 71, 78, 37, 29, 82, 39, 73, 91, 76, 26, 90, 41, 35, 73, 47]

Generation 29
Average: 0.8892 Best: 0.9117
Best Individual: 
C0 7|16|13|30|25|25|25|20|3|20|4|1|14|11|19|27|31|7|13|6|19|31|7|15|23|30|12|1|7|3|22|13|22|23|
Overall Best: 0.9259 Generation: 8
length: 21.2
feature_occurency: [20, 47, 50, 39, 95, 23, 65, 43, 35, 37, 26, 48, 66, 52, 39, 51, 13, 26, 42, 61, 77, 41, 33, 94, 44, 63, 99, 73, 29, 85, 35, 39, 72, 38]

Generation 30
Average: 0.8876 Best: 0.9117
Best Individual: 
C0 26|27|23|14|25|25|4|11|12|33|31|9|33|23|26|4|4|14|29|19|1|1|5|2|29|20|20|30|12|26|13|29|29|29|
Overall Best: 0.9259 Generation: 8
length: 21.44
feature_occurency: [23, 53, 45, 35, 90, 24, 54, 47, 33, 32, 34, 50, 59, 45, 49, 49, 20, 28, 45, 66, 84, 31, 34, 111, 47, 65, 86, 64, 26, 89, 42, 37, 69, 34]

Generation 31
Average: 0.8884 Best: 0.9117
Best Individual: 
C0 26|27|23|14|30|25|4|11|12|33|31|9|33|23|26|4|23|14|29|19|1|1|23|2|29|20|20|30|23|26|13|2|29|29|
Overall Best: 0.9259 Generation: 8
length: 21.02
feature_occurency: [19, 61, 51, 31, 88, 14, 51, 43, 32, 31, 41, 50, 61, 50, 52, 42, 20, 36, 53, 71, 86, 21, 25, 98, 58, 61, 101, 61, 23, 92, 44, 32, 56, 45]

Generation 32
Average: 0.8879 Best: 0.9174
Best Individual: 
C0 19|26|4|8|25|30|27|12|29|33|20|23|2|23|26|4|17|25|9|10|18|14|4|10|10|29|2|10|19|25|9|29|26|20|
Overall Best: 0.9259 Generation: 8
length: 20.88
feature_occurency: [15, 80, 48, 33, 88, 16, 42, 30, 32, 38, 52, 41, 64, 45, 49, 44, 17, 31, 48, 79, 86, 15, 26, 101, 59, 55, 95, 73, 16, 107, 44, 35, 48, 48]

Generation 33
Average: 0.8926 Best: 0.9174
Best Individual: 
C0 19|26|4|8|25|14|27|12|29|33|20|23|2|23|26|4|17|25|9|10|18|14|4|10|10|29|2|10|19|25|9|29|26|20|
Overall Best: 0.9259 Generation: 8
length: 20.58
feature_occurency: [15, 79, 39, 26, 93, 16, 36, 22, 35, 36, 61, 43, 63, 47, 59, 38, 15, 32, 48, 81, 87, 11, 29, 99, 59, 62, 79, 76, 21, 108, 43, 31, 59, 52]

Generation 34
Average: 0.8919 Best: 0.9174
Best Individual: 
C0 19|26|12|8|25|14|27|20|29|33|20|23|2|23|10|4|17|23|9|10|18|26|4|10|10|29|2|10|19|25|27|29|26|20|
Overall Best: 0.9259 Generation: 8
length: 20.44
feature_occurency: [25, 81, 40, 19, 91, 20, 41, 22, 26, 30, 64, 43, 50, 39, 51, 37, 21, 35, 41, 90, 87, 14, 28, 109, 41, 69, 83, 78, 32, 97, 57, 31, 53, 55]

Generation 35
Average: 0.8926 Best: 0.9259
Best Individual: 
C0 19|21|4|18|21|24|1|15|4|19|13|32|18|15|27|32|24|32|23|10|18|22|4|12|18|14|23|14|23|32|15|29|26|20|
Overall Best: 0.9259 Generation: 8
length: 20.54
feature_occurency: [25, 80, 34, 17, 99, 23, 46, 34, 33, 18, 49, 41, 59, 38, 60, 46, 20, 41, 38, 93, 86, 22, 26, 108, 47, 75, 68, 74, 23, 85, 43, 27, 65, 57]

Generation 36
Average: 0.8938 Best: 0.9174
Best Individual: 
C0 19|8|4|8|25|30|27|12|29|33|22|27|2|23|0|4|27|31|31|19|12|14|6|12|18|14|2|2|20|0|0|29|26|20|
Overall Best: 0.9259 Generation: 8
length: 20.66
feature_occurency: [34, 76, 48, 23, 91, 26, 51, 34, 35, 15, 43, 45, 64, 36, 54, 54, 14, 28, 35, 92, 88, 27, 27, 89, 42, 84, 79, 77, 24, 85, 36, 35, 63, 46]

Generation 37
Average: 0.8943 Best: 0.9174
Best Individual: 
C0 19|1|4|8|25|30|27|19|22|33|22|27|2|23|0|4|27|31|31|27|12|14|6|12|18|14|2|2|20|0|0|29|26|20|
Overall Best: 0.9259 Generation: 8
length: 20.42
feature_occurency: [47, 68, 44, 29, 78, 29, 43, 29, 32, 16, 46, 40, 68, 33, 60, 57, 14, 22, 49, 92, 78, 28, 46, 94, 35, 87, 82, 74, 20, 77, 28, 38, 71, 46]

Generation 38
Average: 0.8924 Best: 0.9174
Best Individual: 
C0 19|25|4|8|25|30|26|19|22|33|22|27|2|23|0|4|27|31|31|27|12|14|6|12|18|14|2|2|20|0|0|29|22|20|
Overall Best: 0.9259 Generation: 8
length: 20.54
feature_occurency: [49, 58, 49, 30, 84, 17, 37, 34, 32, 11, 33, 44, 76, 32, 65, 37, 16, 33, 48, 93, 77, 33, 47, 97, 28, 99, 88, 78, 14, 85, 27, 43, 60, 46]

Generation 39
Average: 0.8929 Best: 0.9117
Best Individual: 
C0 23|18|31|8|16|31|17|2|24|20|18|33|25|23|8|4|19|14|17|25|25|0|26|12|29|16|23|19|19|17|27|29|26|20|
Overall Best: 0.9259 Generation: 8
length: 20.6
feature_occurency: [47, 60, 46, 34, 69, 21, 34, 34, 34, 13, 32, 43, 71, 41, 82, 38, 27, 33, 37, 97, 83, 33, 41, 93, 30, 102, 92, 71, 17, 80, 28, 41, 52, 44]

Generation 40
Average: 0.8906 Best: 0.9088
Best Individual: 
C0 23|18|4|19|25|31|17|2|29|20|29|18|26|29|32|4|19|14|17|25|25|14|29|12|32|14|2|2|20|0|0|29|22|20|
Overall Best: 0.9259 Generation: 8
length: 20.72
feature_occurency: [46, 61, 46, 44, 67, 26, 28, 41, 34, 13, 36, 44, 63, 40, 87, 34, 28, 29, 32, 90, 93, 38, 38, 90, 30, 79, 93, 76, 16, 76, 37, 44, 52, 49]

Generation 41
Average: 0.8907 Best: 0.9145
Best Individual: 
C0 19|8|4|8|25|25|22|12|12|30|3|20|24|3|19|32|18|32|23|3|19|27|16|4|18|14|2|2|20|0|11|29|26|30|
Overall Best: 0.9259 Generation: 8
length: 20.62
feature_occurency: [50, 60, 51, 51, 67, 27, 33, 37, 43, 9, 35, 55, 78, 41, 92, 30, 20, 27, 43, 88, 92, 34, 40, 86, 29, 71, 79, 65, 17, 66, 35, 49, 45, 55]

Generation 42
Average: 0.8915 Best: 0.9316
Best Individual: 
C0 20|25|1|12|18|30|26|19|22|33|22|27|2|4|0|4|27|23|29|19|1|1|14|18|18|14|1|22|10|6|0|29|22|20|
Overall Best: 0.9316 Generation: 42
length: 20.82
feature_occurency: [40, 58, 48, 53, 60, 24, 37, 39, 43, 12, 29, 56, 77, 40, 89, 36, 21, 27, 53, 76, 92, 38, 36, 83, 36, 56, 82, 69, 15, 71, 36, 49, 54, 65]

Generation 43
Average: 0.8904 Best: 0.9088
Best Individual: 
C0 26|8|23|7|20|19|21|11|21|21|3|12|2|3|19|32|4|14|23|3|21|27|16|19|18|14|2|2|20|0|11|29|26|16|
Overall Best: 0.9316 Generation: 42
length: 21.38
feature_occurency: [48, 52, 54, 49, 78, 33, 32, 39, 36, 18, 28, 54, 60, 37, 92, 36, 22, 32, 57, 69, 79, 31, 39, 86, 42, 54, 82, 70, 17, 69, 26, 54, 62, 63]

Generation 44
Average: 0.8891 Best: 0.9174
Best Individual: 
C0 15|26|4|6|4|24|1|19|22|33|22|27|32|23|0|6|27|31|31|27|12|8|20|22|18|14|21|14|6|3|27|14|1|15|
Overall Best: 0.9316 Generation: 42
length: 20.56
feature_occurency: [44, 46, 50, 43, 71, 36, 45, 39, 34, 16, 26, 50, 62, 36, 88, 42, 13, 24, 65, 85, 73, 25, 41, 88, 37, 55, 79, 77, 15, 70, 21, 56, 77, 71]

Generation 45
Average: 0.8918 Best: 0.9174
Best Individual: 
C0 15|26|4|6|4|24|1|19|22|33|22|27|32|23|0|6|27|31|31|27|12|8|20|22|18|14|21|14|6|3|27|14|1|15|
Overall Best: 0.9316 Generation: 42
length: 20.76
feature_occurency: [43, 44, 43, 46, 77, 39, 52, 45, 31, 19, 27, 40, 61, 32, 91, 37, 11, 24, 66, 83, 71, 30, 50, 98, 43, 50, 74, 89, 7, 62, 27, 49, 63, 76]

Generation 46
Average: 0.8932 Best: 0.9117
Best Individual: 
C0 3|19|30|23|16|31|1|2|7|3|0|18|18|7|23|4|19|14|5|30|1|1|14|14|18|14|20|32|5|32|5|31|22|20|
Overall Best: 0.9316 Generation: 42
length: 20.88
feature_occurency: [46, 53, 45, 42, 74, 43, 51, 56, 36, 20, 25, 35, 43, 37, 84, 32, 18, 27, 62, 95, 81, 28, 45, 100, 32, 53, 65, 79, 13, 71, 28, 46, 61, 74]

Generation 47
Average: 0.8899 Best: 0.9145
Best Individual: 
C0 3|19|30|23|16|31|1|2|7|3|0|20|18|7|23|4|19|30|5|8|1|1|14|14|18|14|20|32|5|32|5|31|22|20|
Overall Best: 0.9316 Generation: 42
length: 20.94
feature_occurency: [47, 61, 42, 47, 74, 38, 52, 53, 38, 19, 22, 36, 39, 42, 70, 31, 15, 32, 62, 100, 79, 26, 48, 92, 42, 56, 67, 76, 17, 67, 34, 51, 56, 69]

Generation 48
Average: 0.8887 Best: 0.9060
Best Individual: 
C0 20|12|1|12|18|3|18|19|7|19|22|27|33|22|26|7|2|0|23|19|19|27|4|22|1|11|23|19|19|6|14|26|13|7|
Overall Best: 0.9316 Generation: 42
length: 21.36
feature_occurency: [53, 58, 44, 43, 76, 37, 60, 47, 34, 17, 25, 36, 50, 35, 79, 36, 18, 28, 60, 102, 69, 27, 45, 98, 40, 59, 58, 83, 16, 72, 31, 49, 59, 56]

Generation 49
Average: 0.8896 Best: 0.9060
Best Individual: 
C0 20|26|4|7|4|27|12|32|24|33|20|19|26|4|1|1|25|18|29|19|1|9|29|0|27|33|10|23|6|27|0|29|27|19|
Overall Best: 0.9316 Generation: 42
==================
    Best individual after 50 generations
    computed in 125.6310 seconds
    327 elements out of 351 correct.
    emerged in generation 42
    with fitness 0.9316
==================

