Starting evolution...
length: 34.0
feature_occurency: [50, 50, 50, 50, 50, 50, 50, 50, 50, 50, 50, 50, 50, 50, 50, 50, 50, 50, 50, 50, 50, 50, 50, 50, 50, 50, 50, 50, 50, 50, 50, 50, 50, 50]

Generation 0
Average: 0.8694 Best: 0.8974
Best Individual: 
C0 0|28|23|3|4|5|32|7|27|13|15|29|12|24|11|19|16|17|18|31|26|2|6|21|14|25|20|1|8|10|30|9|22|33|
Overall Best: 0.8974 Generation: 0
length: 34.0
feature_occurency: [50, 50, 50, 50, 50, 50, 50, 50, 50, 50, 50, 50, 50, 50, 50, 50, 50, 50, 50, 50, 50, 50, 50, 50, 50, 50, 50, 50, 50, 50, 50, 50, 50, 50]

Generation 1
Average: 0.8714 Best: 0.8946
Best Individual: 
C0 0|28|23|3|4|5|32|7|27|13|15|29|12|24|33|18|16|17|19|31|26|2|6|21|14|25|20|1|8|10|22|9|30|11|
Overall Best: 0.8974 Generation: 0
length: 34.0
feature_occurency: [50, 50, 50, 50, 50, 50, 50, 50, 50, 50, 50, 50, 50, 50, 50, 50, 50, 50, 50, 50, 50, 50, 50, 50, 50, 50, 50, 50, 50, 50, 50, 50, 50, 50]

Generation 2
Average: 0.8742 Best: 0.8946
Best Individual: 
C0 0|19|23|3|4|18|32|7|27|13|15|29|12|24|33|5|28|17|16|6|26|2|31|21|14|25|20|1|8|10|22|9|30|11|
Overall Best: 0.8974 Generation: 0
length: 34.0
feature_occurency: [50, 50, 50, 50, 50, 50, 50, 50, 50, 50, 50, 50, 50, 50, 50, 50, 50, 50, 50, 50, 50, 50, 50, 50, 50, 50, 50, 50, 50, 50, 50, 50, 50, 50]

Generation 3
Average: 0.8785 Best: 0.8946
Best Individual: 
C0 0|19|23|3|4|18|24|7|27|21|15|14|12|32|33|5|28|17|16|6|26|2|31|13|29|25|20|22|8|10|1|9|30|11|
Overall Best: 0.8974 Generation: 0
length: 34.0
feature_occurency: [50, 50, 50, 50, 50, 50, 50, 50, 50, 50, 50, 50, 50, 50, 50, 50, 50, 50, 50, 50, 50, 50, 50, 50, 50, 50, 50, 50, 50, 50, 50, 50, 50, 50]

Generation 4
Average: 0.8760 Best: 0.9003
Best Individual: 
C0 0|19|18|7|3|33|23|11|27|21|31|14|12|32|4|5|28|17|22|6|26|2|15|13|29|25|20|8|16|10|1|9|30|24|
Overall Best: 0.9003 Generation: 4
length: 34.0
feature_occurency: [50, 50, 50, 50, 50, 50, 50, 50, 50, 50, 50, 50, 50, 50, 50, 50, 50, 50, 50, 50, 50, 50, 50, 50, 50, 50, 50, 50, 50, 50, 50, 50, 50, 50]

Generation 5
Average: 0.8771 Best: 0.9003
Best Individual: 
C0 0|19|22|7|3|33|23|11|27|2|31|14|12|32|6|5|28|17|18|4|15|21|26|13|29|25|20|8|16|10|1|9|30|24|
Overall Best: 0.9003 Generation: 4
length: 34.0
feature_occurency: [50, 50, 50, 50, 50, 50, 50, 50, 50, 50, 50, 50, 50, 50, 50, 50, 50, 50, 50, 50, 50, 50, 50, 50, 50, 50, 50, 50, 50, 50, 50, 50, 50, 50]

Generation 6
Average: 0.8761 Best: 0.9003
Best Individual: 
C0 4|23|2|8|18|13|11|12|27|1|14|6|0|33|3|31|25|28|5|19|15|9|17|26|16|22|21|7|29|10|30|32|24|20|
Overall Best: 0.9003 Generation: 4
length: 34.0
feature_occurency: [50, 50, 50, 50, 50, 50, 50, 50, 50, 50, 50, 50, 50, 50, 50, 50, 50, 50, 50, 50, 50, 50, 50, 50, 50, 50, 50, 50, 50, 50, 50, 50, 50, 50]

Generation 7
Average: 0.8779 Best: 0.9003
Best Individual: 
C0 0|19|15|7|3|33|23|11|21|2|31|20|12|32|6|5|18|17|28|13|22|27|26|4|29|25|14|8|16|10|1|9|30|24|
Overall Best: 0.9003 Generation: 4
length: 34.0
feature_occurency: [50, 50, 50, 50, 50, 50, 50, 50, 50, 50, 50, 50, 50, 50, 50, 50, 50, 50, 50, 50, 50, 50, 50, 50, 50, 50, 50, 50, 50, 50, 50, 50, 50, 50]

Generation 8
Average: 0.8778 Best: 0.9031
Best Individual: 
C0 21|13|25|26|1|3|23|2|19|4|27|7|32|15|31|5|22|33|0|18|24|28|11|12|29|20|6|10|9|30|17|14|8|16|
Overall Best: 0.9031 Generation: 8
length: 34.0
feature_occurency: [50, 50, 50, 50, 50, 50, 50, 50, 50, 50, 50, 50, 50, 50, 50, 50, 50, 50, 50, 50, 50, 50, 50, 50, 50, 50, 50, 50, 50, 50, 50, 50, 50, 50]

Generation 9
Average: 0.8813 Best: 0.9031
Best Individual: 
C0 21|13|25|26|1|4|23|3|12|2|27|7|32|24|31|5|11|33|0|18|15|28|22|19|29|20|6|10|9|30|17|14|8|16|
Overall Best: 0.9031 Generation: 8
length: 34.0
feature_occurency: [50, 50, 50, 50, 50, 50, 50, 50, 50, 50, 50, 50, 50, 50, 50, 50, 50, 50, 50, 50, 50, 50, 50, 50, 50, 50, 50, 50, 50, 50, 50, 50, 50, 50]

Generation 10
Average: 0.8800 Best: 0.9003
Best Individual: 
C0 10|13|20|14|24|12|23|2|19|11|22|7|32|15|31|5|4|33|0|1|30|28|27|3|29|9|26|21|25|8|18|17|16|6|
Overall Best: 0.9031 Generation: 8
length: 34.0
feature_occurency: [50, 50, 50, 50, 50, 50, 50, 50, 50, 50, 50, 50, 50, 50, 50, 50, 50, 50, 50, 50, 50, 50, 50, 50, 50, 50, 50, 50, 50, 50, 50, 50, 50, 50]

Generation 11
Average: 0.8795 Best: 0.8974
Best Individual: 
C0 21|13|25|11|22|7|23|3|14|2|1|4|32|33|31|5|26|24|0|18|15|28|27|19|29|20|6|10|9|30|17|12|8|16|
Overall Best: 0.9031 Generation: 8
length: 34.0
feature_occurency: [50, 50, 50, 50, 50, 50, 50, 50, 50, 50, 50, 50, 50, 50, 50, 50, 50, 50, 50, 50, 50, 50, 50, 50, 50, 50, 50, 50, 50, 50, 50, 50, 50, 50]

Generation 12
Average: 0.8787 Best: 0.8974
Best Individual: 
C0 22|12|10|3|7|23|19|5|31|1|15|24|0|13|27|21|20|32|4|17|26|25|6|14|33|8|11|28|30|2|18|29|9|16|
Overall Best: 0.9031 Generation: 8
length: 34.0
feature_occurency: [50, 50, 50, 50, 50, 50, 50, 50, 50, 50, 50, 50, 50, 50, 50, 50, 50, 50, 50, 50, 50, 50, 50, 50, 50, 50, 50, 50, 50, 50, 50, 50, 50, 50]

Generation 13
Average: 0.8782 Best: 0.8974
Best Individual: 
C0 11|22|0|2|18|15|3|13|31|4|29|1|28|30|21|17|23|5|19|14|6|26|27|12|33|25|20|8|9|10|32|16|7|24|
Overall Best: 0.9031 Generation: 8
length: 34.0
feature_occurency: [50, 50, 50, 50, 50, 50, 50, 50, 50, 50, 50, 50, 50, 50, 50, 50, 50, 50, 50, 50, 50, 50, 50, 50, 50, 50, 50, 50, 50, 50, 50, 50, 50, 50]

Generation 14
Average: 0.8810 Best: 0.8974
Best Individual: 
C0 11|22|0|2|18|19|1|5|31|4|29|3|28|26|21|17|23|13|15|14|6|33|27|12|30|25|20|8|9|10|32|16|7|24|
Overall Best: 0.9031 Generation: 8
length: 34.0
feature_occurency: [50, 50, 50, 50, 50, 50, 50, 50, 50, 50, 50, 50, 50, 50, 50, 50, 50, 50, 50, 50, 50, 50, 50, 50, 50, 50, 50, 50, 50, 50, 50, 50, 50, 50]

Generation 15
Average: 0.8808 Best: 0.8974
Best Individual: 
C0 11|22|13|4|29|31|3|20|21|2|27|0|19|14|7|6|26|10|33|30|24|1|15|12|23|25|28|8|5|9|32|16|17|18|
Overall Best: 0.9031 Generation: 8
length: 34.0
feature_occurency: [50, 50, 50, 50, 50, 50, 50, 50, 50, 50, 50, 50, 50, 50, 50, 50, 50, 50, 50, 50, 50, 50, 50, 50, 50, 50, 50, 50, 50, 50, 50, 50, 50, 50]

Generation 16
Average: 0.8811 Best: 0.9003
Best Individual: 
C0 33|2|0|3|14|6|20|18|26|30|31|21|12|24|19|11|17|4|13|29|22|32|1|23|27|25|28|8|5|9|15|16|7|10|
Overall Best: 0.9031 Generation: 8
length: 34.0
feature_occurency: [50, 50, 50, 50, 50, 50, 50, 50, 50, 50, 50, 50, 50, 50, 50, 50, 50, 50, 50, 50, 50, 50, 50, 50, 50, 50, 50, 50, 50, 50, 50, 50, 50, 50]

Generation 17
Average: 0.8807 Best: 0.9003
Best Individual: 
C0 1|15|16|31|20|19|30|14|25|33|12|27|22|7|13|32|23|29|6|5|2|26|0|3|17|11|4|24|28|21|9|8|10|18|
Overall Best: 0.9031 Generation: 8
length: 34.0
feature_occurency: [50, 50, 50, 50, 50, 50, 50, 50, 50, 50, 50, 50, 50, 50, 50, 50, 50, 50, 50, 50, 50, 50, 50, 50, 50, 50, 50, 50, 50, 50, 50, 50, 50, 50]

Generation 18
Average: 0.8812 Best: 0.9003
Best Individual: 
C0 1|15|16|31|20|19|30|14|25|33|12|27|22|7|13|26|23|29|6|5|2|32|0|3|17|11|4|24|28|21|9|8|10|18|
Overall Best: 0.9031 Generation: 8
length: 34.0
feature_occurency: [50, 50, 50, 50, 50, 50, 50, 50, 50, 50, 50, 50, 50, 50, 50, 50, 50, 50, 50, 50, 50, 50, 50, 50, 50, 50, 50, 50, 50, 50, 50, 50, 50, 50]

Generation 19
Average: 0.8822 Best: 0.9031
Best Individual: 
C0 31|14|32|3|2|6|15|5|20|30|33|0|12|24|19|11|17|16|29|21|22|26|27|23|1|4|28|8|18|9|7|25|13|10|
Overall Best: 0.9031 Generation: 8
length: 34.0
feature_occurency: [50, 50, 50, 50, 50, 50, 50, 50, 50, 50, 50, 50, 50, 50, 50, 50, 50, 50, 50, 50, 50, 50, 50, 50, 50, 50, 50, 50, 50, 50, 50, 50, 50, 50]

Generation 20
Average: 0.8821 Best: 0.9031
Best Individual: 
C0 25|31|33|9|14|22|23|19|8|1|32|7|0|20|28|24|5|13|15|4|12|26|27|6|29|11|3|21|18|10|17|16|30|2|
Overall Best: 0.9031 Generation: 8
length: 34.0
feature_occurency: [50, 50, 50, 50, 50, 50, 50, 50, 50, 50, 50, 50, 50, 50, 50, 50, 50, 50, 50, 50, 50, 50, 50, 50, 50, 50, 50, 50, 50, 50, 50, 50, 50, 50]

Generation 21
Average: 0.8803 Best: 0.8974
Best Individual: 
C0 31|11|33|15|22|21|28|7|23|26|16|13|2|5|27|12|1|14|25|6|3|20|32|17|24|19|4|0|9|30|18|10|8|29|
Overall Best: 0.9031 Generation: 8
length: 34.0
feature_occurency: [50, 50, 50, 50, 50, 50, 50, 50, 50, 50, 50, 50, 50, 50, 50, 50, 50, 50, 50, 50, 50, 50, 50, 50, 50, 50, 50, 50, 50, 50, 50, 50, 50, 50]

Generation 22
Average: 0.8823 Best: 0.9088
Best Individual: 
C0 3|14|32|31|20|19|17|1|0|33|24|27|15|7|4|26|22|29|25|12|18|30|5|23|2|11|13|6|28|21|9|8|10|16|
Overall Best: 0.9088 Generation: 22
length: 34.0
feature_occurency: [50, 50, 50, 50, 50, 50, 50, 50, 50, 50, 50, 50, 50, 50, 50, 50, 50, 50, 50, 50, 50, 50, 50, 50, 50, 50, 50, 50, 50, 50, 50, 50, 50, 50]

Generation 23
Average: 0.8803 Best: 0.9060
Best Individual: 
C0 18|14|5|31|12|11|23|1|20|33|2|28|15|7|4|22|26|29|3|6|25|21|27|17|24|19|13|0|30|32|9|8|10|16|
Overall Best: 0.9088 Generation: 22
length: 34.0
feature_occurency: [50, 50, 50, 50, 50, 50, 50, 50, 50, 50, 50, 50, 50, 50, 50, 50, 50, 50, 50, 50, 50, 50, 50, 50, 50, 50, 50, 50, 50, 50, 50, 50, 50, 50]

Generation 24
Average: 0.8805 Best: 0.8974
Best Individual: 
C0 11|8|6|18|16|9|27|24|0|26|2|21|19|28|13|31|4|12|25|14|15|32|3|23|20|33|1|29|5|10|22|30|17|7|
Overall Best: 0.9088 Generation: 22
length: 34.0
feature_occurency: [50, 50, 50, 50, 50, 50, 50, 50, 50, 50, 50, 50, 50, 50, 50, 50, 50, 50, 50, 50, 50, 50, 50, 50, 50, 50, 50, 50, 50, 50, 50, 50, 50, 50]

Generation 25
Average: 0.8787 Best: 0.8974
Best Individual: 
C0 1|17|21|4|15|32|2|14|12|24|9|27|22|26|30|19|23|33|6|3|11|5|31|29|25|20|0|13|28|16|7|8|10|18|
Overall Best: 0.9088 Generation: 22
length: 34.0
feature_occurency: [50, 50, 50, 50, 50, 50, 50, 50, 50, 50, 50, 50, 50, 50, 50, 50, 50, 50, 50, 50, 50, 50, 50, 50, 50, 50, 50, 50, 50, 50, 50, 50, 50, 50]

Generation 26
Average: 0.8789 Best: 0.8946
Best Individual: 
C0 1|22|21|4|15|24|2|14|9|33|0|26|23|7|30|5|17|32|6|3|11|19|31|29|25|20|12|28|13|16|27|8|10|18|
Overall Best: 0.9088 Generation: 22
length: 34.0
feature_occurency: [50, 50, 50, 50, 50, 50, 50, 50, 50, 50, 50, 50, 50, 50, 50, 50, 50, 50, 50, 50, 50, 50, 50, 50, 50, 50, 50, 50, 50, 50, 50, 50, 50, 50]

Generation 27
Average: 0.8797 Best: 0.9060
Best Individual: 
C0 15|26|20|23|28|6|29|11|30|24|14|2|0|3|9|31|19|33|17|8|18|22|21|13|12|25|27|4|7|1|32|5|10|16|
Overall Best: 0.9088 Generation: 22
length: 34.0
feature_occurency: [50, 50, 50, 50, 50, 50, 50, 50, 50, 50, 50, 50, 50, 50, 50, 50, 50, 50, 50, 50, 50, 50, 50, 50, 50, 50, 50, 50, 50, 50, 50, 50, 50, 50]

Generation 28
Average: 0.8778 Best: 0.9003
Best Individual: 
C0 6|13|30|3|27|17|11|23|19|21|12|26|1|28|25|5|32|29|15|4|31|18|14|0|20|33|9|7|2|16|24|8|10|22|
Overall Best: 0.9088 Generation: 22
length: 34.0
feature_occurency: [50, 50, 50, 50, 50, 50, 50, 50, 50, 50, 50, 50, 50, 50, 50, 50, 50, 50, 50, 50, 50, 50, 50, 50, 50, 50, 50, 50, 50, 50, 50, 50, 50, 50]

Generation 29
Average: 0.8799 Best: 0.9088
Best Individual: 
C0 31|26|2|23|3|20|9|33|18|13|11|14|19|24|22|32|15|29|25|8|21|12|0|17|30|4|27|28|7|1|6|5|10|16|
Overall Best: 0.9088 Generation: 22
length: 34.0
feature_occurency: [50, 50, 50, 50, 50, 50, 50, 50, 50, 50, 50, 50, 50, 50, 50, 50, 50, 50, 50, 50, 50, 50, 50, 50, 50, 50, 50, 50, 50, 50, 50, 50, 50, 50]

Generation 30
Average: 0.8782 Best: 0.9003
Best Individual: 
C0 2|3|31|23|26|20|9|33|18|13|11|14|19|24|8|32|15|29|25|5|21|12|0|17|22|4|27|28|7|1|6|30|10|16|
Overall Best: 0.9088 Generation: 22
length: 34.0
feature_occurency: [50, 50, 50, 50, 50, 50, 50, 50, 50, 50, 50, 50, 50, 50, 50, 50, 50, 50, 50, 50, 50, 50, 50, 50, 50, 50, 50, 50, 50, 50, 50, 50, 50, 50]

Generation 31
Average: 0.8777 Best: 0.9003
Best Individual: 
C0 2|3|31|27|26|20|9|33|18|13|11|14|19|24|8|32|4|29|15|5|21|12|0|17|22|25|23|28|7|1|6|30|10|16|
Overall Best: 0.9088 Generation: 22
length: 34.0
feature_occurency: [50, 50, 50, 50, 50, 50, 50, 50, 50, 50, 50, 50, 50, 50, 50, 50, 50, 50, 50, 50, 50, 50, 50, 50, 50, 50, 50, 50, 50, 50, 50, 50, 50, 50]

Generation 32
Average: 0.8795 Best: 0.9003
Best Individual: 
C0 2|3|31|33|26|20|9|27|18|13|11|14|19|24|8|32|15|29|4|5|21|12|0|17|22|25|23|28|7|1|6|30|10|16|
Overall Best: 0.9088 Generation: 22
length: 34.0
feature_occurency: [50, 50, 50, 50, 50, 50, 50, 50, 50, 50, 50, 50, 50, 50, 50, 50, 50, 50, 50, 50, 50, 50, 50, 50, 50, 50, 50, 50, 50, 50, 50, 50, 50, 50]

Generation 33
Average: 0.8802 Best: 0.9003
Best Individual: 
C0 2|21|31|33|26|20|9|27|18|13|11|14|17|24|8|32|15|29|4|5|3|12|0|19|22|25|23|28|7|1|6|30|10|16|
Overall Best: 0.9088 Generation: 22
length: 34.0
feature_occurency: [50, 50, 50, 50, 50, 50, 50, 50, 50, 50, 50, 50, 50, 50, 50, 50, 50, 50, 50, 50, 50, 50, 50, 50, 50, 50, 50, 50, 50, 50, 50, 50, 50, 50]

Generation 34
Average: 0.8772 Best: 0.8974
Best Individual: 
C0 2|3|31|27|26|14|9|15|18|13|11|20|19|24|8|12|4|23|33|17|21|32|22|5|6|25|29|28|7|1|0|30|10|16|
Overall Best: 0.9088 Generation: 22
length: 34.0
feature_occurency: [50, 50, 50, 50, 50, 50, 50, 50, 50, 50, 50, 50, 50, 50, 50, 50, 50, 50, 50, 50, 50, 50, 50, 50, 50, 50, 50, 50, 50, 50, 50, 50, 50, 50]

Generation 35
Average: 0.8774 Best: 0.8974
Best Individual: 
C0 11|9|0|2|21|8|24|30|19|4|12|26|1|6|25|27|32|29|10|5|31|18|23|13|22|14|3|33|15|28|16|7|20|17|
Overall Best: 0.9088 Generation: 22
length: 34.0
feature_occurency: [50, 50, 50, 50, 50, 50, 50, 50, 50, 50, 50, 50, 50, 50, 50, 50, 50, 50, 50, 50, 50, 50, 50, 50, 50, 50, 50, 50, 50, 50, 50, 50, 50, 50]

Generation 36
Average: 0.8774 Best: 0.9003
Best Individual: 
C0 20|30|27|33|26|21|11|16|29|8|12|24|14|19|1|5|0|15|23|3|2|32|22|18|4|17|28|6|10|9|31|7|13|25|
Overall Best: 0.9088 Generation: 22
length: 34.0
feature_occurency: [50, 50, 50, 50, 50, 50, 50, 50, 50, 50, 50, 50, 50, 50, 50, 50, 50, 50, 50, 50, 50, 50, 50, 50, 50, 50, 50, 50, 50, 50, 50, 50, 50, 50]

Generation 37
Average: 0.8776 Best: 0.9003
Best Individual: 
C0 20|30|27|33|26|21|11|16|29|8|12|24|14|18|1|5|0|15|23|3|2|32|22|19|4|17|28|6|10|9|31|7|13|25|
Overall Best: 0.9088 Generation: 22
length: 34.0
feature_occurency: [50, 50, 50, 50, 50, 50, 50, 50, 50, 50, 50, 50, 50, 50, 50, 50, 50, 50, 50, 50, 50, 50, 50, 50, 50, 50, 50, 50, 50, 50, 50, 50, 50, 50]

Generation 38
Average: 0.8764 Best: 0.9003
Best Individual: 
C0 8|14|29|23|12|6|15|2|28|17|4|5|27|22|11|3|9|31|26|33|20|30|32|16|0|21|19|24|18|7|10|13|25|1|
Overall Best: 0.9088 Generation: 22
length: 34.0
feature_occurency: [50, 50, 50, 50, 50, 50, 50, 50, 50, 50, 50, 50, 50, 50, 50, 50, 50, 50, 50, 50, 50, 50, 50, 50, 50, 50, 50, 50, 50, 50, 50, 50, 50, 50]

Generation 39
Average: 0.8782 Best: 0.9003
Best Individual: 
C0 20|15|27|33|26|21|11|16|8|29|12|3|14|23|1|5|32|30|18|24|28|0|22|19|4|17|2|6|10|9|31|7|13|25|
Overall Best: 0.9088 Generation: 22
length: 34.0
feature_occurency: [50, 50, 50, 50, 50, 50, 50, 50, 50, 50, 50, 50, 50, 50, 50, 50, 50, 50, 50, 50, 50, 50, 50, 50, 50, 50, 50, 50, 50, 50, 50, 50, 50, 50]

Generation 40
Average: 0.8766 Best: 0.9003
Best Individual: 
C0 9|25|30|33|18|27|11|23|28|1|19|12|14|0|24|29|32|26|21|22|13|4|7|16|8|31|6|2|20|10|17|3|5|15|
Overall Best: 0.9088 Generation: 22
length: 34.0
feature_occurency: [50, 50, 50, 50, 50, 50, 50, 50, 50, 50, 50, 50, 50, 50, 50, 50, 50, 50, 50, 50, 50, 50, 50, 50, 50, 50, 50, 50, 50, 50, 50, 50, 50, 50]

Generation 41
Average: 0.8769 Best: 0.9003
Best Individual: 
C0 9|27|8|19|31|15|23|2|12|30|33|5|25|18|3|11|14|4|6|26|24|29|1|13|0|22|21|28|7|10|32|20|17|16|
Overall Best: 0.9088 Generation: 22
length: 34.0
feature_occurency: [50, 50, 50, 50, 50, 50, 50, 50, 50, 50, 50, 50, 50, 50, 50, 50, 50, 50, 50, 50, 50, 50, 50, 50, 50, 50, 50, 50, 50, 50, 50, 50, 50, 50]

Generation 42
Average: 0.8790 Best: 0.8946
Best Individual: 
C0 2|27|8|11|31|15|32|9|24|30|23|33|14|20|0|13|29|6|1|4|12|22|26|17|5|3|18|10|7|28|25|21|19|16|
Overall Best: 0.9088 Generation: 22
length: 34.0
feature_occurency: [50, 50, 50, 50, 50, 50, 50, 50, 50, 50, 50, 50, 50, 50, 50, 50, 50, 50, 50, 50, 50, 50, 50, 50, 50, 50, 50, 50, 50, 50, 50, 50, 50, 50]

Generation 43
Average: 0.8785 Best: 0.8946
Best Individual: 
C0 2|27|8|11|31|13|29|9|15|23|30|3|14|25|1|4|32|12|18|5|6|22|20|17|24|33|0|10|7|28|26|21|19|16|
Overall Best: 0.9088 Generation: 22
length: 34.0
feature_occurency: [50, 50, 50, 50, 50, 50, 50, 50, 50, 50, 50, 50, 50, 50, 50, 50, 50, 50, 50, 50, 50, 50, 50, 50, 50, 50, 50, 50, 50, 50, 50, 50, 50, 50]

Generation 44
Average: 0.8773 Best: 0.8917
Best Individual: 
C0 19|21|11|32|31|14|1|6|4|5|7|18|23|33|27|20|29|24|2|15|12|30|13|28|8|22|26|10|3|16|25|0|17|9|
Overall Best: 0.9088 Generation: 22
length: 34.0
feature_occurency: [50, 50, 50, 50, 50, 50, 50, 50, 50, 50, 50, 50, 50, 50, 50, 50, 50, 50, 50, 50, 50, 50, 50, 50, 50, 50, 50, 50, 50, 50, 50, 50, 50, 50]

Generation 45
Average: 0.8768 Best: 0.8917
Best Individual: 
C0 9|17|15|19|31|29|30|18|28|33|23|24|27|1|13|11|20|0|26|5|8|32|2|14|4|6|21|12|7|10|22|3|25|16|
Overall Best: 0.9088 Generation: 22
length: 34.0
feature_occurency: [50, 50, 50, 50, 50, 50, 50, 50, 50, 50, 50, 50, 50, 50, 50, 50, 50, 50, 50, 50, 50, 50, 50, 50, 50, 50, 50, 50, 50, 50, 50, 50, 50, 50]

Generation 46
Average: 0.8787 Best: 0.8974
Best Individual: 
C0 23|16|2|8|14|1|25|6|21|27|33|5|30|18|3|11|17|4|20|26|19|29|12|13|0|24|15|31|22|28|7|10|9|32|
Overall Best: 0.9088 Generation: 22
length: 34.0
feature_occurency: [50, 50, 50, 50, 50, 50, 50, 50, 50, 50, 50, 50, 50, 50, 50, 50, 50, 50, 50, 50, 50, 50, 50, 50, 50, 50, 50, 50, 50, 50, 50, 50, 50, 50]

Generation 47
Average: 0.8797 Best: 0.9003
Best Individual: 
C0 2|27|19|9|31|21|6|11|25|13|30|23|33|16|28|24|32|12|14|5|18|22|1|7|4|26|0|10|17|20|29|8|3|15|
Overall Best: 0.9088 Generation: 22
length: 34.0
feature_occurency: [50, 50, 50, 50, 50, 50, 50, 50, 50, 50, 50, 50, 50, 50, 50, 50, 50, 50, 50, 50, 50, 50, 50, 50, 50, 50, 50, 50, 50, 50, 50, 50, 50, 50]

Generation 48
Average: 0.8806 Best: 0.9031
Best Individual: 
C0 8|21|11|23|30|19|18|15|4|16|14|5|20|31|0|26|6|1|3|25|33|28|2|27|13|12|17|22|32|9|24|10|29|7|
Overall Best: 0.9088 Generation: 22
length: 34.0
feature_occurency: [50, 50, 50, 50, 50, 50, 50, 50, 50, 50, 50, 50, 50, 50, 50, 50, 50, 50, 50, 50, 50, 50, 50, 50, 50, 50, 50, 50, 50, 50, 50, 50, 50, 50]

Generation 49
Average: 0.8778 Best: 0.9003
Best Individual: 
C0 33|8|18|1|16|6|5|12|27|7|32|23|11|9|0|14|24|17|31|30|25|20|4|19|13|26|3|10|28|29|2|21|22|15|
Overall Best: 0.9088 Generation: 22
==================
    Best individual after 50 generations
    computed in 129.9750 seconds
    319 elements out of 351 correct.
    emerged in generation 22
    with fitness 0.9088
==================

