Starting evolution...
length: 34.0
feature_occurency: [50, 50, 50, 50, 50, 50, 50, 50, 50, 50, 50, 50, 50, 50, 50, 50, 50, 50, 50, 50, 50, 50, 50, 50, 50, 50, 50, 50, 50, 50, 50, 50, 50, 50]

Generation 0
Average: 0.8696 Best: 0.8946
Best Individual: 
C0 0|33|25|21|4|5|6|7|8|2|17|11|18|13|14|16|15|32|31|19|23|3|28|12|30|9|26|29|20|27|10|24|22|1|
Overall Best: 0.8946 Generation: 0
length: 34.0
feature_occurency: [50, 50, 50, 50, 50, 50, 50, 50, 50, 50, 50, 50, 50, 50, 50, 50, 50, 50, 50, 50, 50, 50, 50, 50, 50, 50, 50, 50, 50, 50, 50, 50, 50, 50]

Generation 1
Average: 0.8722 Best: 0.8860
Best Individual: 
C0 0|1|17|9|24|5|29|4|8|3|16|26|7|10|14|33|20|2|18|23|13|27|22|19|11|25|28|21|12|6|30|31|32|15|
Overall Best: 0.8946 Generation: 0
length: 34.0
feature_occurency: [50, 50, 50, 50, 50, 50, 50, 50, 50, 50, 50, 50, 50, 50, 50, 50, 50, 50, 50, 50, 50, 50, 50, 50, 50, 50, 50, 50, 50, 50, 50, 50, 50, 50]

Generation 2
Average: 0.8724 Best: 0.8889
Best Individual: 
C0 31|2|6|10|4|9|20|0|8|25|24|1|12|29|32|26|11|17|33|30|13|21|22|18|5|23|15|27|28|14|7|19|3|16|
Overall Best: 0.8946 Generation: 0
length: 34.0
feature_occurency: [50, 50, 50, 50, 50, 50, 50, 50, 50, 50, 50, 50, 50, 50, 50, 50, 50, 50, 50, 50, 50, 50, 50, 50, 50, 50, 50, 50, 50, 50, 50, 50, 50, 50]

Generation 3
Average: 0.8726 Best: 0.8889
Best Individual: 
C0 31|2|6|10|4|13|20|25|8|0|24|1|12|29|32|26|11|17|33|30|9|21|22|28|5|23|15|27|18|14|7|19|3|16|
Overall Best: 0.8946 Generation: 0
length: 34.0
feature_occurency: [50, 50, 50, 50, 50, 50, 50, 50, 50, 50, 50, 50, 50, 50, 50, 50, 50, 50, 50, 50, 50, 50, 50, 50, 50, 50, 50, 50, 50, 50, 50, 50, 50, 50]

Generation 4
Average: 0.8733 Best: 0.8889
Best Individual: 
C0 31|2|6|10|4|13|20|25|8|0|24|1|27|29|32|26|11|17|33|30|9|21|22|28|5|23|15|12|18|14|7|19|3|16|
Overall Best: 0.8946 Generation: 0
length: 34.0
feature_occurency: [50, 50, 50, 50, 50, 50, 50, 50, 50, 50, 50, 50, 50, 50, 50, 50, 50, 50, 50, 50, 50, 50, 50, 50, 50, 50, 50, 50, 50, 50, 50, 50, 50, 50]

Generation 5
Average: 0.8764 Best: 0.8889
Best Individual: 
C0 12|18|23|4|22|7|26|8|15|30|21|17|6|11|25|10|14|3|1|24|31|28|5|29|0|20|2|19|33|13|9|16|27|32|
Overall Best: 0.8946 Generation: 0
length: 34.0
feature_occurency: [50, 50, 50, 50, 50, 50, 50, 50, 50, 50, 50, 50, 50, 50, 50, 50, 50, 50, 50, 50, 50, 50, 50, 50, 50, 50, 50, 50, 50, 50, 50, 50, 50, 50]

Generation 6
Average: 0.8739 Best: 0.8889
Best Individual: 
C0 31|4|2|8|6|13|20|1|10|5|26|25|18|29|24|30|11|17|33|0|9|21|22|28|32|23|15|12|27|14|7|19|3|16|
Overall Best: 0.8946 Generation: 0
length: 34.0
feature_occurency: [50, 50, 50, 50, 50, 50, 50, 50, 50, 50, 50, 50, 50, 50, 50, 50, 50, 50, 50, 50, 50, 50, 50, 50, 50, 50, 50, 50, 50, 50, 50, 50, 50, 50]

Generation 7
Average: 0.8760 Best: 0.8889
Best Individual: 
C0 31|4|2|8|6|13|20|1|10|5|26|25|18|29|24|30|11|17|33|0|9|22|21|28|32|23|15|12|27|14|7|19|3|16|
Overall Best: 0.8946 Generation: 0
length: 34.0
feature_occurency: [50, 50, 50, 50, 50, 50, 50, 50, 50, 50, 50, 50, 50, 50, 50, 50, 50, 50, 50, 50, 50, 50, 50, 50, 50, 50, 50, 50, 50, 50, 50, 50, 50, 50]

Generation 8
Average: 0.8758 Best: 0.8889
Best Individual: 
C0 27|2|29|3|18|33|25|31|32|17|6|28|16|9|5|24|12|0|15|19|20|21|4|13|1|23|14|10|11|26|22|8|30|7|
Overall Best: 0.8946 Generation: 0
length: 34.0
feature_occurency: [50, 50, 50, 50, 50, 50, 50, 50, 50, 50, 50, 50, 50, 50, 50, 50, 50, 50, 50, 50, 50, 50, 50, 50, 50, 50, 50, 50, 50, 50, 50, 50, 50, 50]

Generation 9
Average: 0.8754 Best: 0.8917
Best Individual: 
C0 5|31|14|4|16|21|3|20|30|18|32|23|6|24|29|19|0|13|9|2|26|27|25|11|1|22|33|15|28|12|8|10|17|7|
Overall Best: 0.8946 Generation: 0
length: 34.0
feature_occurency: [50, 50, 50, 50, 50, 50, 50, 50, 50, 50, 50, 50, 50, 50, 50, 50, 50, 50, 50, 50, 50, 50, 50, 50, 50, 50, 50, 50, 50, 50, 50, 50, 50, 50]

Generation 10
Average: 0.8758 Best: 0.8974
Best Individual: 
C0 18|30|2|1|22|27|21|31|32|17|6|11|23|9|5|24|12|0|15|26|20|25|3|28|13|8|33|29|4|14|10|19|7|16|
Overall Best: 0.8974 Generation: 10
length: 34.0
feature_occurency: [50, 50, 50, 50, 50, 50, 50, 50, 50, 50, 50, 50, 50, 50, 50, 50, 50, 50, 50, 50, 50, 50, 50, 50, 50, 50, 50, 50, 50, 50, 50, 50, 50, 50]

Generation 11
Average: 0.8764 Best: 0.8974
Best Individual: 
C0 18|24|8|1|22|27|21|31|32|23|13|11|17|9|5|30|12|0|3|26|20|25|15|28|6|2|33|29|4|14|10|19|7|16|
Overall Best: 0.8974 Generation: 10
length: 34.0
feature_occurency: [50, 50, 50, 50, 50, 50, 50, 50, 50, 50, 50, 50, 50, 50, 50, 50, 50, 50, 50, 50, 50, 50, 50, 50, 50, 50, 50, 50, 50, 50, 50, 50, 50, 50]

Generation 12
Average: 0.8770 Best: 0.8974
Best Individual: 
C0 18|24|6|22|23|27|21|32|31|12|20|11|0|14|5|30|1|17|3|26|13|25|15|28|8|2|33|29|4|9|10|19|7|16|
Overall Best: 0.8974 Generation: 10
length: 34.0
feature_occurency: [50, 50, 50, 50, 50, 50, 50, 50, 50, 50, 50, 50, 50, 50, 50, 50, 50, 50, 50, 50, 50, 50, 50, 50, 50, 50, 50, 50, 50, 50, 50, 50, 50, 50]

Generation 13
Average: 0.8764 Best: 0.8974
Best Individual: 
C0 18|24|33|21|23|9|4|32|31|6|15|2|8|14|5|30|1|29|3|20|17|25|26|28|0|11|12|13|22|27|10|19|7|16|
Overall Best: 0.8974 Generation: 10
length: 34.0
feature_occurency: [50, 50, 50, 50, 50, 50, 50, 50, 50, 50, 50, 50, 50, 50, 50, 50, 50, 50, 50, 50, 50, 50, 50, 50, 50, 50, 50, 50, 50, 50, 50, 50, 50, 50]

Generation 14
Average: 0.8764 Best: 0.8974
Best Individual: 
C0 33|31|14|9|11|25|3|19|16|18|32|1|0|24|29|5|27|7|4|20|17|21|26|15|30|13|23|12|8|6|28|2|22|10|
Overall Best: 0.8974 Generation: 10
length: 34.0
feature_occurency: [50, 50, 50, 50, 50, 50, 50, 50, 50, 50, 50, 50, 50, 50, 50, 50, 50, 50, 50, 50, 50, 50, 50, 50, 50, 50, 50, 50, 50, 50, 50, 50, 50, 50]

Generation 15
Average: 0.8777 Best: 0.8974
Best Individual: 
C0 25|20|0|33|17|32|4|11|31|5|24|3|27|19|18|1|14|9|29|16|7|21|26|15|30|13|23|12|8|6|28|2|22|10|
Overall Best: 0.8974 Generation: 10
length: 34.0
feature_occurency: [50, 50, 50, 50, 50, 50, 50, 50, 50, 50, 50, 50, 50, 50, 50, 50, 50, 50, 50, 50, 50, 50, 50, 50, 50, 50, 50, 50, 50, 50, 50, 50, 50, 50]

Generation 16
Average: 0.8777 Best: 0.8974
Best Individual: 
C0 27|20|0|33|17|32|4|11|31|5|24|3|25|19|18|1|14|9|29|16|7|26|21|15|30|13|23|12|8|6|28|2|22|10|
Overall Best: 0.8974 Generation: 10
length: 34.0
feature_occurency: [50, 50, 50, 50, 50, 50, 50, 50, 50, 50, 50, 50, 50, 50, 50, 50, 50, 50, 50, 50, 50, 50, 50, 50, 50, 50, 50, 50, 50, 50, 50, 50, 50, 50]

Generation 17
Average: 0.8773 Best: 0.8974
Best Individual: 
C0 27|20|0|33|13|32|30|3|31|5|24|11|23|19|18|1|14|16|29|9|7|26|21|15|4|17|25|12|8|6|28|2|22|10|
Overall Best: 0.8974 Generation: 10
length: 34.0
feature_occurency: [50, 50, 50, 50, 50, 50, 50, 50, 50, 50, 50, 50, 50, 50, 50, 50, 50, 50, 50, 50, 50, 50, 50, 50, 50, 50, 50, 50, 50, 50, 50, 50, 50, 50]

Generation 18
Average: 0.8765 Best: 0.8974
Best Individual: 
C0 1|23|2|6|3|24|13|26|19|14|20|25|33|18|29|5|21|28|9|8|32|31|17|11|4|12|15|0|30|27|10|22|7|16|
Overall Best: 0.8974 Generation: 10
length: 34.0
feature_occurency: [50, 50, 50, 50, 50, 50, 50, 50, 50, 50, 50, 50, 50, 50, 50, 50, 50, 50, 50, 50, 50, 50, 50, 50, 50, 50, 50, 50, 50, 50, 50, 50, 50, 50]

Generation 19
Average: 0.8756 Best: 0.8946
Best Individual: 
C0 25|14|6|20|2|1|13|29|10|4|0|9|21|18|19|16|27|23|3|5|24|31|15|26|30|7|12|32|28|22|8|11|33|17|
Overall Best: 0.8974 Generation: 10
length: 34.0
feature_occurency: [50, 50, 50, 50, 50, 50, 50, 50, 50, 50, 50, 50, 50, 50, 50, 50, 50, 50, 50, 50, 50, 50, 50, 50, 50, 50, 50, 50, 50, 50, 50, 50, 50, 50]

Generation 20
Average: 0.8739 Best: 0.8946
Best Individual: 
C0 25|14|6|27|28|1|13|29|10|19|0|9|21|18|4|16|20|23|3|5|24|31|15|26|30|7|12|32|2|22|8|11|33|17|
Overall Best: 0.8974 Generation: 10
length: 34.0
feature_occurency: [50, 50, 50, 50, 50, 50, 50, 50, 50, 50, 50, 50, 50, 50, 50, 50, 50, 50, 50, 50, 50, 50, 50, 50, 50, 50, 50, 50, 50, 50, 50, 50, 50, 50]

Generation 21
Average: 0.8752 Best: 0.8946
Best Individual: 
C0 12|23|28|24|20|22|16|8|15|3|29|13|17|27|5|31|4|0|30|9|26|6|14|18|19|25|33|11|1|32|21|10|7|2|
Overall Best: 0.8974 Generation: 10
length: 34.0
feature_occurency: [50, 50, 50, 50, 50, 50, 50, 50, 50, 50, 50, 50, 50, 50, 50, 50, 50, 50, 50, 50, 50, 50, 50, 50, 50, 50, 50, 50, 50, 50, 50, 50, 50, 50]

Generation 22
Average: 0.8786 Best: 0.8946
Best Individual: 
C0 26|15|20|28|25|31|19|12|21|6|2|22|30|18|5|4|0|7|13|14|33|1|27|29|9|11|23|17|3|32|16|8|24|10|
Overall Best: 0.8974 Generation: 10
length: 34.0
feature_occurency: [50, 50, 50, 50, 50, 50, 50, 50, 50, 50, 50, 50, 50, 50, 50, 50, 50, 50, 50, 50, 50, 50, 50, 50, 50, 50, 50, 50, 50, 50, 50, 50, 50, 50]

Generation 23
Average: 0.8785 Best: 0.8946
Best Individual: 
C0 6|21|23|15|28|9|13|29|10|26|0|1|14|18|4|22|20|3|25|5|24|31|27|19|30|7|12|32|16|2|8|11|33|17|
Overall Best: 0.8974 Generation: 10
length: 34.0
feature_occurency: [50, 50, 50, 50, 50, 50, 50, 50, 50, 50, 50, 50, 50, 50, 50, 50, 50, 50, 50, 50, 50, 50, 50, 50, 50, 50, 50, 50, 50, 50, 50, 50, 50, 50]

Generation 24
Average: 0.8781 Best: 0.8917
Best Individual: 
C0 25|11|13|1|26|9|0|31|4|14|24|6|22|15|12|33|30|7|21|29|27|3|28|8|5|20|19|32|23|18|16|17|2|10|
Overall Best: 0.8974 Generation: 10
length: 34.0
feature_occurency: [50, 50, 50, 50, 50, 50, 50, 50, 50, 50, 50, 50, 50, 50, 50, 50, 50, 50, 50, 50, 50, 50, 50, 50, 50, 50, 50, 50, 50, 50, 50, 50, 50, 50]

Generation 25
Average: 0.8778 Best: 0.8974
Best Individual: 
C0 20|23|9|28|27|21|6|11|31|19|3|17|30|18|26|4|0|5|29|14|32|1|25|13|8|24|2|33|15|12|22|16|7|10|
Overall Best: 0.8974 Generation: 10
length: 34.0
feature_occurency: [50, 50, 50, 50, 50, 50, 50, 50, 50, 50, 50, 50, 50, 50, 50, 50, 50, 50, 50, 50, 50, 50, 50, 50, 50, 50, 50, 50, 50, 50, 50, 50, 50, 50]

Generation 26
Average: 0.8785 Best: 0.8946
Best Individual: 
C0 29|7|3|6|17|32|10|28|8|19|4|27|11|0|13|20|5|9|25|26|18|33|23|12|16|14|30|1|31|24|22|2|15|21|
Overall Best: 0.8974 Generation: 10
length: 34.0
feature_occurency: [50, 50, 50, 50, 50, 50, 50, 50, 50, 50, 50, 50, 50, 50, 50, 50, 50, 50, 50, 50, 50, 50, 50, 50, 50, 50, 50, 50, 50, 50, 50, 50, 50, 50]

Generation 27
Average: 0.8781 Best: 0.8946
Best Individual: 
C0 28|22|15|21|5|27|18|2|31|23|13|14|19|20|0|24|8|6|25|17|1|30|11|12|3|33|26|29|10|4|7|9|32|16|
Overall Best: 0.8974 Generation: 10
length: 34.0
feature_occurency: [50, 50, 50, 50, 50, 50, 50, 50, 50, 50, 50, 50, 50, 50, 50, 50, 50, 50, 50, 50, 50, 50, 50, 50, 50, 50, 50, 50, 50, 50, 50, 50, 50, 50]

Generation 28
Average: 0.8790 Best: 0.8946
Best Individual: 
C0 8|22|15|21|5|13|18|2|6|23|27|14|19|10|0|33|28|31|25|17|1|30|11|12|3|24|26|29|20|4|7|9|32|16|
Overall Best: 0.8974 Generation: 10
length: 34.0
feature_occurency: [50, 50, 50, 50, 50, 50, 50, 50, 50, 50, 50, 50, 50, 50, 50, 50, 50, 50, 50, 50, 50, 50, 50, 50, 50, 50, 50, 50, 50, 50, 50, 50, 50, 50]

Generation 29
Average: 0.8766 Best: 0.8946
Best Individual: 
C0 28|22|15|21|29|27|18|17|31|23|13|14|19|20|0|2|8|6|25|10|5|30|11|12|3|26|33|1|24|4|7|9|32|16|
Overall Best: 0.8974 Generation: 10
length: 34.0
feature_occurency: [50, 50, 50, 50, 50, 50, 50, 50, 50, 50, 50, 50, 50, 50, 50, 50, 50, 50, 50, 50, 50, 50, 50, 50, 50, 50, 50, 50, 50, 50, 50, 50, 50, 50]

Generation 30
Average: 0.8765 Best: 0.8946
Best Individual: 
C0 33|0|17|6|16|23|20|31|25|26|5|28|10|22|12|15|30|11|21|1|27|32|4|2|19|9|13|14|7|3|29|24|18|8|
Overall Best: 0.8974 Generation: 10
length: 34.0
feature_occurency: [50, 50, 50, 50, 50, 50, 50, 50, 50, 50, 50, 50, 50, 50, 50, 50, 50, 50, 50, 50, 50, 50, 50, 50, 50, 50, 50, 50, 50, 50, 50, 50, 50, 50]

Generation 31
Average: 0.8782 Best: 0.8946
Best Individual: 
C0 33|23|16|10|2|13|17|31|25|26|5|27|6|19|12|15|30|11|3|1|22|14|9|20|4|21|28|32|7|0|29|24|18|8|
Overall Best: 0.8974 Generation: 10
length: 34.0
feature_occurency: [50, 50, 50, 50, 50, 50, 50, 50, 50, 50, 50, 50, 50, 50, 50, 50, 50, 50, 50, 50, 50, 50, 50, 50, 50, 50, 50, 50, 50, 50, 50, 50, 50, 50]

Generation 32
Average: 0.8762 Best: 0.8946
Best Individual: 
C0 9|11|17|6|16|27|20|13|3|26|5|7|10|22|12|15|30|0|21|1|23|32|4|2|19|33|31|14|28|25|29|24|18|8|
Overall Best: 0.8974 Generation: 10
length: 34.0
feature_occurency: [50, 50, 50, 50, 50, 50, 50, 50, 50, 50, 50, 50, 50, 50, 50, 50, 50, 50, 50, 50, 50, 50, 50, 50, 50, 50, 50, 50, 50, 50, 50, 50, 50, 50]

Generation 33
Average: 0.8773 Best: 0.8946
Best Individual: 
C0 9|11|17|6|16|27|20|13|3|26|5|7|10|22|12|15|30|0|21|31|23|32|4|2|19|33|1|14|28|25|29|24|18|8|
Overall Best: 0.8974 Generation: 10
length: 34.0
feature_occurency: [50, 50, 50, 50, 50, 50, 50, 50, 50, 50, 50, 50, 50, 50, 50, 50, 50, 50, 50, 50, 50, 50, 50, 50, 50, 50, 50, 50, 50, 50, 50, 50, 50, 50]

Generation 34
Average: 0.8786 Best: 0.8917
Best Individual: 
C0 8|6|24|21|23|33|2|28|18|25|4|29|31|9|22|12|11|20|26|17|15|32|1|7|27|19|14|5|13|3|0|10|30|16|
Overall Best: 0.8974 Generation: 10
length: 34.0
feature_occurency: [50, 50, 50, 50, 50, 50, 50, 50, 50, 50, 50, 50, 50, 50, 50, 50, 50, 50, 50, 50, 50, 50, 50, 50, 50, 50, 50, 50, 50, 50, 50, 50, 50, 50]

Generation 35
Average: 0.8789 Best: 0.8946
Best Individual: 
C0 30|13|12|21|23|33|2|9|18|25|27|29|4|0|1|8|20|14|32|24|5|11|6|19|26|22|15|31|3|10|7|16|28|17|
Overall Best: 0.8974 Generation: 10
length: 34.0
feature_occurency: [50, 50, 50, 50, 50, 50, 50, 50, 50, 50, 50, 50, 50, 50, 50, 50, 50, 50, 50, 50, 50, 50, 50, 50, 50, 50, 50, 50, 50, 50, 50, 50, 50, 50]

Generation 36
Average: 0.8778 Best: 0.9003
Best Individual: 
C0 19|13|12|21|23|5|8|29|18|25|27|9|4|14|31|2|32|0|22|3|33|11|1|30|26|10|15|6|28|20|7|16|24|17|
Overall Best: 0.9003 Generation: 36
length: 34.0
feature_occurency: [50, 50, 50, 50, 50, 50, 50, 50, 50, 50, 50, 50, 50, 50, 50, 50, 50, 50, 50, 50, 50, 50, 50, 50, 50, 50, 50, 50, 50, 50, 50, 50, 50, 50]

Generation 37
Average: 0.8769 Best: 0.8974
Best Individual: 
C0 15|3|13|32|9|5|0|6|20|12|4|17|25|30|23|21|22|24|29|27|1|26|14|33|11|2|31|18|8|28|19|7|10|16|
Overall Best: 0.9003 Generation: 36
length: 34.0
feature_occurency: [50, 50, 50, 50, 50, 50, 50, 50, 50, 50, 50, 50, 50, 50, 50, 50, 50, 50, 50, 50, 50, 50, 50, 50, 50, 50, 50, 50, 50, 50, 50, 50, 50, 50]

Generation 38
Average: 0.8779 Best: 0.8974
Best Individual: 
C0 9|31|15|5|20|21|27|23|8|13|22|32|12|26|33|17|6|2|19|10|3|4|14|28|0|11|30|1|18|25|16|7|24|29|
Overall Best: 0.9003 Generation: 36
length: 34.0
feature_occurency: [50, 50, 50, 50, 50, 50, 50, 50, 50, 50, 50, 50, 50, 50, 50, 50, 50, 50, 50, 50, 50, 50, 50, 50, 50, 50, 50, 50, 50, 50, 50, 50, 50, 50]

Generation 39
Average: 0.8773 Best: 0.8974
Best Individual: 
C0 9|31|15|19|20|21|27|23|8|13|22|32|12|26|33|17|6|2|5|10|3|4|14|28|0|18|30|1|11|25|16|7|24|29|
Overall Best: 0.9003 Generation: 36
length: 34.0
feature_occurency: [50, 50, 50, 50, 50, 50, 50, 50, 50, 50, 50, 50, 50, 50, 50, 50, 50, 50, 50, 50, 50, 50, 50, 50, 50, 50, 50, 50, 50, 50, 50, 50, 50, 50]

Generation 40
Average: 0.8775 Best: 0.8946
Best Individual: 
C0 25|6|5|29|24|33|19|10|8|26|23|13|2|9|22|12|11|20|31|21|15|32|1|28|7|18|14|3|27|4|0|16|30|17|
Overall Best: 0.9003 Generation: 36
length: 34.0
feature_occurency: [50, 50, 50, 50, 50, 50, 50, 50, 50, 50, 50, 50, 50, 50, 50, 50, 50, 50, 50, 50, 50, 50, 50, 50, 50, 50, 50, 50, 50, 50, 50, 50, 50, 50]

Generation 41
Average: 0.8794 Best: 0.8917
Best Individual: 
C0 33|14|13|24|28|1|20|2|26|11|17|6|25|15|21|9|31|23|8|12|5|18|30|32|3|16|22|4|27|0|7|19|29|10|
Overall Best: 0.9003 Generation: 36
length: 34.0
feature_occurency: [50, 50, 50, 50, 50, 50, 50, 50, 50, 50, 50, 50, 50, 50, 50, 50, 50, 50, 50, 50, 50, 50, 50, 50, 50, 50, 50, 50, 50, 50, 50, 50, 50, 50]

Generation 42
Average: 0.8782 Best: 0.8974
Best Individual: 
C0 33|3|24|0|26|19|32|1|22|11|14|6|25|15|21|9|31|13|8|27|5|18|23|28|12|20|4|2|10|29|17|30|7|16|
Overall Best: 0.9003 Generation: 36
length: 34.0
feature_occurency: [50, 50, 50, 50, 50, 50, 50, 50, 50, 50, 50, 50, 50, 50, 50, 50, 50, 50, 50, 50, 50, 50, 50, 50, 50, 50, 50, 50, 50, 50, 50, 50, 50, 50]

Generation 43
Average: 0.8772 Best: 0.9060
Best Individual: 
C0 5|12|18|29|33|21|27|19|4|17|23|6|3|24|14|8|31|13|11|9|20|26|0|32|30|25|22|1|2|15|10|7|28|16|
Overall Best: 0.9060 Generation: 43
length: 34.0
feature_occurency: [50, 50, 50, 50, 50, 50, 50, 50, 50, 50, 50, 50, 50, 50, 50, 50, 50, 50, 50, 50, 50, 50, 50, 50, 50, 50, 50, 50, 50, 50, 50, 50, 50, 50]

Generation 44
Average: 0.8788 Best: 0.8974
Best Individual: 
C0 33|26|27|9|20|15|18|29|24|5|23|6|0|32|21|17|11|25|3|13|31|4|14|1|30|8|12|22|2|28|19|7|10|16|
Overall Best: 0.9060 Generation: 43
length: 34.0
feature_occurency: [50, 50, 50, 50, 50, 50, 50, 50, 50, 50, 50, 50, 50, 50, 50, 50, 50, 50, 50, 50, 50, 50, 50, 50, 50, 50, 50, 50, 50, 50, 50, 50, 50, 50]

Generation 45
Average: 0.8787 Best: 0.8946
Best Individual: 
C0 18|19|26|6|2|29|14|23|27|17|32|31|8|24|11|1|4|13|25|9|20|33|0|21|30|22|12|3|15|28|5|7|10|16|
Overall Best: 0.9060 Generation: 43
length: 34.0
feature_occurency: [50, 50, 50, 50, 50, 50, 50, 50, 50, 50, 50, 50, 50, 50, 50, 50, 50, 50, 50, 50, 50, 50, 50, 50, 50, 50, 50, 50, 50, 50, 50, 50, 50, 50]

Generation 46
Average: 0.8771 Best: 0.8974
Best Individual: 
C0 5|6|20|8|11|25|33|28|23|13|1|30|17|0|29|12|2|31|21|19|3|24|14|15|9|4|27|32|26|18|7|16|10|22|
Overall Best: 0.9060 Generation: 43
length: 34.0
feature_occurency: [50, 50, 50, 50, 50, 50, 50, 50, 50, 50, 50, 50, 50, 50, 50, 50, 50, 50, 50, 50, 50, 50, 50, 50, 50, 50, 50, 50, 50, 50, 50, 50, 50, 50]

Generation 47
Average: 0.8772 Best: 0.8946
Best Individual: 
C0 27|28|5|19|22|0|31|6|3|29|17|9|15|18|23|4|14|13|11|26|33|2|12|20|25|21|30|1|24|32|16|8|10|7|
Overall Best: 0.9060 Generation: 43
length: 34.0
feature_occurency: [50, 50, 50, 50, 50, 50, 50, 50, 50, 50, 50, 50, 50, 50, 50, 50, 50, 50, 50, 50, 50, 50, 50, 50, 50, 50, 50, 50, 50, 50, 50, 50, 50, 50]

Generation 48
Average: 0.8777 Best: 0.8917
Best Individual: 
C0 26|17|22|24|13|31|6|23|27|2|33|11|30|28|14|25|29|32|10|9|20|3|0|21|12|8|1|4|15|5|19|7|18|16|
Overall Best: 0.9060 Generation: 43
length: 34.0
feature_occurency: [50, 50, 50, 50, 50, 50, 50, 50, 50, 50, 50, 50, 50, 50, 50, 50, 50, 50, 50, 50, 50, 50, 50, 50, 50, 50, 50, 50, 50, 50, 50, 50, 50, 50]

Generation 49
Average: 0.8778 Best: 0.8917
Best Individual: 
C0 6|5|13|2|23|33|16|18|27|19|28|12|32|1|26|30|10|3|8|25|15|0|21|22|4|14|11|17|20|31|9|7|24|29|
Overall Best: 0.9060 Generation: 43
length: 34.0
feature_occurency: [50, 50, 50, 50, 50, 50, 50, 50, 50, 50, 50, 50, 50, 50, 50, 50, 50, 50, 50, 50, 50, 50, 50, 50, 50, 50, 50, 50, 50, 50, 50, 50, 50, 50]

Generation 50
Average: 0.8781 Best: 0.8974
Best Individual: 
C0 19|22|8|10|18|28|6|23|13|2|33|11|21|31|5|24|14|25|3|20|9|12|29|0|15|4|27|32|26|1|7|17|30|16|
Overall Best: 0.9060 Generation: 43
length: 34.0
feature_occurency: [50, 50, 50, 50, 50, 50, 50, 50, 50, 50, 50, 50, 50, 50, 50, 50, 50, 50, 50, 50, 50, 50, 50, 50, 50, 50, 50, 50, 50, 50, 50, 50, 50, 50]

Generation 51
Average: 0.8790 Best: 0.8974
Best Individual: 
C0 19|22|8|10|18|28|6|23|31|2|33|11|21|13|5|24|14|25|3|20|9|12|29|0|15|4|27|32|26|1|7|17|30|16|
Overall Best: 0.9060 Generation: 43
length: 34.0
feature_occurency: [50, 50, 50, 50, 50, 50, 50, 50, 50, 50, 50, 50, 50, 50, 50, 50, 50, 50, 50, 50, 50, 50, 50, 50, 50, 50, 50, 50, 50, 50, 50, 50, 50, 50]

Generation 52
Average: 0.8794 Best: 0.8974
Best Individual: 
C0 33|22|23|28|21|10|6|8|13|18|19|11|2|31|26|24|29|25|3|20|9|12|14|0|15|4|27|32|5|1|7|17|30|16|
Overall Best: 0.9060 Generation: 43
length: 34.0
feature_occurency: [50, 50, 50, 50, 50, 50, 50, 50, 50, 50, 50, 50, 50, 50, 50, 50, 50, 50, 50, 50, 50, 50, 50, 50, 50, 50, 50, 50, 50, 50, 50, 50, 50, 50]

Generation 53
Average: 0.8791 Best: 0.8946
Best Individual: 
C0 23|11|5|16|12|17|20|8|4|6|15|13|32|25|2|3|14|31|18|24|27|22|0|28|29|19|30|1|33|26|9|7|21|10|
Overall Best: 0.9060 Generation: 43
length: 34.0
feature_occurency: [50, 50, 50, 50, 50, 50, 50, 50, 50, 50, 50, 50, 50, 50, 50, 50, 50, 50, 50, 50, 50, 50, 50, 50, 50, 50, 50, 50, 50, 50, 50, 50, 50, 50]

Generation 54
Average: 0.8809 Best: 0.8946
Best Individual: 
C0 23|11|5|16|12|17|20|8|4|6|15|13|32|25|2|3|14|31|18|24|27|22|0|28|29|19|30|1|33|26|9|7|21|10|
Overall Best: 0.9060 Generation: 43
length: 34.0
feature_occurency: [50, 50, 50, 50, 50, 50, 50, 50, 50, 50, 50, 50, 50, 50, 50, 50, 50, 50, 50, 50, 50, 50, 50, 50, 50, 50, 50, 50, 50, 50, 50, 50, 50, 50]

Generation 55
Average: 0.8772 Best: 0.8946
Best Individual: 
C0 28|11|5|16|12|15|20|8|32|27|17|13|4|25|2|3|14|31|18|24|26|22|0|23|29|19|30|1|33|6|9|7|10|21|
Overall Best: 0.9060 Generation: 43
length: 34.0
feature_occurency: [50, 50, 50, 50, 50, 50, 50, 50, 50, 50, 50, 50, 50, 50, 50, 50, 50, 50, 50, 50, 50, 50, 50, 50, 50, 50, 50, 50, 50, 50, 50, 50, 50, 50]

Generation 56
Average: 0.8798 Best: 0.8974
Best Individual: 
C0 0|31|9|12|33|32|26|6|30|20|23|2|17|1|13|4|21|27|8|5|11|22|18|29|14|19|15|16|25|3|28|7|10|24|
Overall Best: 0.9060 Generation: 43
length: 34.0
feature_occurency: [50, 50, 50, 50, 50, 50, 50, 50, 50, 50, 50, 50, 50, 50, 50, 50, 50, 50, 50, 50, 50, 50, 50, 50, 50, 50, 50, 50, 50, 50, 50, 50, 50, 50]

Generation 57
Average: 0.8794 Best: 0.8974
Best Individual: 
C0 0|31|9|18|23|17|5|6|30|20|33|2|11|1|13|4|21|27|8|26|22|12|32|29|14|19|15|28|25|3|16|7|10|24|
Overall Best: 0.9060 Generation: 43
length: 34.0
feature_occurency: [50, 50, 50, 50, 50, 50, 50, 50, 50, 50, 50, 50, 50, 50, 50, 50, 50, 50, 50, 50, 50, 50, 50, 50, 50, 50, 50, 50, 50, 50, 50, 50, 50, 50]

Generation 58
Average: 0.8784 Best: 0.8974
Best Individual: 
C0 0|33|9|18|23|17|5|6|30|20|8|2|11|1|27|4|21|13|31|26|22|12|32|29|14|19|15|28|25|3|16|7|10|24|
Overall Best: 0.9060 Generation: 43
length: 34.0
feature_occurency: [50, 50, 50, 50, 50, 50, 50, 50, 50, 50, 50, 50, 50, 50, 50, 50, 50, 50, 50, 50, 50, 50, 50, 50, 50, 50, 50, 50, 50, 50, 50, 50, 50, 50]

Generation 59
Average: 0.8788 Best: 0.8974
Best Individual: 
C0 0|1|9|18|23|22|5|6|31|20|8|2|11|33|27|4|21|13|30|26|17|19|32|29|14|12|15|28|25|3|16|7|10|24|
Overall Best: 0.9060 Generation: 43
length: 34.0
feature_occurency: [50, 50, 50, 50, 50, 50, 50, 50, 50, 50, 50, 50, 50, 50, 50, 50, 50, 50, 50, 50, 50, 50, 50, 50, 50, 50, 50, 50, 50, 50, 50, 50, 50, 50]

Generation 60
Average: 0.8800 Best: 0.8974
Best Individual: 
C0 0|25|30|18|28|22|5|6|31|20|8|13|4|33|21|29|27|11|9|26|17|19|32|2|14|12|15|23|1|3|16|7|10|24|
Overall Best: 0.9060 Generation: 43
length: 34.0
feature_occurency: [50, 50, 50, 50, 50, 50, 50, 50, 50, 50, 50, 50, 50, 50, 50, 50, 50, 50, 50, 50, 50, 50, 50, 50, 50, 50, 50, 50, 50, 50, 50, 50, 50, 50]

Generation 61
Average: 0.8784 Best: 0.8974
Best Individual: 
C0 0|11|15|24|28|22|33|6|2|20|8|19|4|26|14|32|27|25|9|5|3|13|29|31|21|17|30|1|23|12|16|7|10|18|
Overall Best: 0.9060 Generation: 43
length: 34.0
feature_occurency: [50, 50, 50, 50, 50, 50, 50, 50, 50, 50, 50, 50, 50, 50, 50, 50, 50, 50, 50, 50, 50, 50, 50, 50, 50, 50, 50, 50, 50, 50, 50, 50, 50, 50]

Generation 62
Average: 0.8798 Best: 0.8974
Best Individual: 
C0 0|31|15|24|28|22|1|25|2|13|8|19|4|26|14|32|27|6|9|5|3|23|29|11|21|17|30|33|20|12|16|7|10|18|
Overall Best: 0.9060 Generation: 43
length: 34.0
feature_occurency: [50, 50, 50, 50, 50, 50, 50, 50, 50, 50, 50, 50, 50, 50, 50, 50, 50, 50, 50, 50, 50, 50, 50, 50, 50, 50, 50, 50, 50, 50, 50, 50, 50, 50]

Generation 63
Average: 0.8799 Best: 0.8974
Best Individual: 
C0 0|14|28|27|25|32|1|15|2|13|8|19|4|26|33|22|24|6|9|5|3|23|29|11|12|17|30|31|20|21|16|7|10|18|
Overall Best: 0.9060 Generation: 43
length: 34.0
feature_occurency: [50, 50, 50, 50, 50, 50, 50, 50, 50, 50, 50, 50, 50, 50, 50, 50, 50, 50, 50, 50, 50, 50, 50, 50, 50, 50, 50, 50, 50, 50, 50, 50, 50, 50]

Generation 64
Average: 0.8790 Best: 0.8974
Best Individual: 
C0 13|21|0|16|18|11|15|33|6|14|4|26|2|22|20|9|17|12|23|5|28|30|29|3|32|31|1|27|25|8|24|10|7|19|
Overall Best: 0.9060 Generation: 43
length: 34.0
feature_occurency: [50, 50, 50, 50, 50, 50, 50, 50, 50, 50, 50, 50, 50, 50, 50, 50, 50, 50, 50, 50, 50, 50, 50, 50, 50, 50, 50, 50, 50, 50, 50, 50, 50, 50]

Generation 65
Average: 0.8768 Best: 0.8974
Best Individual: 
C0 0|3|32|15|2|13|5|6|24|33|8|25|22|14|12|26|27|11|9|29|17|19|31|20|30|28|1|23|4|21|16|7|10|18|
Overall Best: 0.9060 Generation: 43
length: 34.0
feature_occurency: [50, 50, 50, 50, 50, 50, 50, 50, 50, 50, 50, 50, 50, 50, 50, 50, 50, 50, 50, 50, 50, 50, 50, 50, 50, 50, 50, 50, 50, 50, 50, 50, 50, 50]

Generation 66
Average: 0.8782 Best: 0.8974
Best Individual: 
C0 12|25|13|29|30|8|27|26|18|33|17|1|3|28|6|16|20|4|11|23|15|31|21|10|9|32|19|2|5|14|24|0|22|7|
Overall Best: 0.9060 Generation: 43
length: 34.0
feature_occurency: [50, 50, 50, 50, 50, 50, 50, 50, 50, 50, 50, 50, 50, 50, 50, 50, 50, 50, 50, 50, 50, 50, 50, 50, 50, 50, 50, 50, 50, 50, 50, 50, 50, 50]

Generation 67
Average: 0.8791 Best: 0.8974
Best Individual: 
C0 4|21|0|23|18|12|27|33|6|14|17|32|2|22|20|29|9|11|5|16|15|31|13|3|26|19|1|28|25|8|24|10|7|30|
Overall Best: 0.9060 Generation: 43
length: 34.0
feature_occurency: [50, 50, 50, 50, 50, 50, 50, 50, 50, 50, 50, 50, 50, 50, 50, 50, 50, 50, 50, 50, 50, 50, 50, 50, 50, 50, 50, 50, 50, 50, 50, 50, 50, 50]

Generation 68
Average: 0.8764 Best: 0.8974
Best Individual: 
C0 12|6|13|15|30|5|27|26|18|33|17|1|3|28|25|16|20|4|11|23|19|31|21|10|9|32|14|2|8|29|24|0|22|7|
Overall Best: 0.9060 Generation: 43
length: 34.0
feature_occurency: [50, 50, 50, 50, 50, 50, 50, 50, 50, 50, 50, 50, 50, 50, 50, 50, 50, 50, 50, 50, 50, 50, 50, 50, 50, 50, 50, 50, 50, 50, 50, 50, 50, 50]

Generation 69
Average: 0.8772 Best: 0.8974
Best Individual: 
C0 12|6|10|15|30|5|27|26|18|33|17|1|3|28|25|16|20|13|11|23|19|31|21|4|9|32|14|2|8|29|24|0|22|7|
Overall Best: 0.9060 Generation: 43
length: 34.0
feature_occurency: [50, 50, 50, 50, 50, 50, 50, 50, 50, 50, 50, 50, 50, 50, 50, 50, 50, 50, 50, 50, 50, 50, 50, 50, 50, 50, 50, 50, 50, 50, 50, 50, 50, 50]

Generation 70
Average: 0.8737 Best: 0.8889
Best Individual: 
C0 29|11|30|18|5|26|8|15|7|12|22|27|1|3|31|6|20|28|4|23|19|33|21|10|9|25|14|32|13|2|24|0|17|16|
Overall Best: 0.9060 Generation: 43
length: 34.0
feature_occurency: [50, 50, 50, 50, 50, 50, 50, 50, 50, 50, 50, 50, 50, 50, 50, 50, 50, 50, 50, 50, 50, 50, 50, 50, 50, 50, 50, 50, 50, 50, 50, 50, 50, 50]

Generation 71
Average: 0.8756 Best: 0.8917
Best Individual: 
C0 2|27|19|3|17|14|30|5|23|15|25|18|26|6|11|7|4|32|13|10|12|9|28|20|33|8|24|31|29|1|0|22|21|16|
Overall Best: 0.9060 Generation: 43
length: 34.0
feature_occurency: [50, 50, 50, 50, 50, 50, 50, 50, 50, 50, 50, 50, 50, 50, 50, 50, 50, 50, 50, 50, 50, 50, 50, 50, 50, 50, 50, 50, 50, 50, 50, 50, 50, 50]

Generation 72
Average: 0.8757 Best: 0.8917
Best Individual: 
C0 2|13|19|12|17|15|6|7|23|14|28|29|32|30|3|5|26|8|27|10|11|9|25|20|33|24|4|31|18|1|0|22|21|16|
Overall Best: 0.9060 Generation: 43
length: 34.0
feature_occurency: [50, 50, 50, 50, 50, 50, 50, 50, 50, 50, 50, 50, 50, 50, 50, 50, 50, 50, 50, 50, 50, 50, 50, 50, 50, 50, 50, 50, 50, 50, 50, 50, 50, 50]

Generation 73
Average: 0.8769 Best: 0.8917
Best Individual: 
C0 2|26|19|12|7|32|6|17|23|14|28|30|15|29|3|5|13|8|27|10|11|9|25|1|33|24|4|31|18|20|0|22|21|16|
Overall Best: 0.9060 Generation: 43
length: 34.0
feature_occurency: [50, 50, 50, 50, 50, 50, 50, 50, 50, 50, 50, 50, 50, 50, 50, 50, 50, 50, 50, 50, 50, 50, 50, 50, 50, 50, 50, 50, 50, 50, 50, 50, 50, 50]

Generation 74
Average: 0.8741 Best: 0.8946
Best Individual: 
C0 1|24|12|32|25|18|22|3|13|14|31|11|20|23|4|30|8|19|9|21|17|33|16|5|27|2|0|6|15|26|10|29|7|28|
Overall Best: 0.9060 Generation: 43
length: 34.0
feature_occurency: [50, 50, 50, 50, 50, 50, 50, 50, 50, 50, 50, 50, 50, 50, 50, 50, 50, 50, 50, 50, 50, 50, 50, 50, 50, 50, 50, 50, 50, 50, 50, 50, 50, 50]

Generation 75
Average: 0.8760 Best: 0.8917
Best Individual: 
C0 27|28|6|14|31|25|16|5|15|23|18|9|26|8|4|30|11|19|22|13|29|33|10|20|12|3|32|2|1|21|7|0|17|24|
Overall Best: 0.9060 Generation: 43
length: 34.0
feature_occurency: [50, 50, 50, 50, 50, 50, 50, 50, 50, 50, 50, 50, 50, 50, 50, 50, 50, 50, 50, 50, 50, 50, 50, 50, 50, 50, 50, 50, 50, 50, 50, 50, 50, 50]

Generation 76
Average: 0.8769 Best: 0.8917
Best Individual: 
C0 27|12|6|14|31|25|16|5|15|23|18|9|26|8|4|30|11|19|22|13|29|33|10|20|28|3|32|2|1|21|7|0|17|24|
Overall Best: 0.9060 Generation: 43
length: 34.0
feature_occurency: [50, 50, 50, 50, 50, 50, 50, 50, 50, 50, 50, 50, 50, 50, 50, 50, 50, 50, 50, 50, 50, 50, 50, 50, 50, 50, 50, 50, 50, 50, 50, 50, 50, 50]

Generation 77
Average: 0.8788 Best: 0.8917
Best Individual: 
C0 2|14|9|3|16|23|26|6|33|4|11|24|27|19|15|12|18|17|20|32|13|28|29|7|5|0|8|31|25|30|1|10|21|22|
Overall Best: 0.9060 Generation: 43
length: 34.0
feature_occurency: [50, 50, 50, 50, 50, 50, 50, 50, 50, 50, 50, 50, 50, 50, 50, 50, 50, 50, 50, 50, 50, 50, 50, 50, 50, 50, 50, 50, 50, 50, 50, 50, 50, 50]

Generation 78
Average: 0.8768 Best: 0.8889
Best Individual: 
C0 32|20|6|8|24|14|27|31|30|25|3|11|9|33|4|5|26|19|12|17|18|21|15|23|2|7|0|22|29|13|16|10|1|28|
Overall Best: 0.9060 Generation: 43
length: 34.0
feature_occurency: [50, 50, 50, 50, 50, 50, 50, 50, 50, 50, 50, 50, 50, 50, 50, 50, 50, 50, 50, 50, 50, 50, 50, 50, 50, 50, 50, 50, 50, 50, 50, 50, 50, 50]

Generation 79
Average: 0.8764 Best: 0.8946
Best Individual: 
C0 24|29|15|6|16|7|33|2|23|11|14|9|13|19|26|1|3|27|18|28|4|12|32|17|0|5|8|31|20|30|25|10|21|22|
Overall Best: 0.9060 Generation: 43
length: 34.0
feature_occurency: [50, 50, 50, 50, 50, 50, 50, 50, 50, 50, 50, 50, 50, 50, 50, 50, 50, 50, 50, 50, 50, 50, 50, 50, 50, 50, 50, 50, 50, 50, 50, 50, 50, 50]

Generation 80
Average: 0.8770 Best: 0.8946
Best Individual: 
C0 24|29|15|7|32|6|20|2|23|11|14|9|16|19|26|1|3|27|18|28|4|12|13|17|0|5|8|31|33|30|25|10|21|22|
Overall Best: 0.9060 Generation: 43
length: 34.0
feature_occurency: [50, 50, 50, 50, 50, 50, 50, 50, 50, 50, 50, 50, 50, 50, 50, 50, 50, 50, 50, 50, 50, 50, 50, 50, 50, 50, 50, 50, 50, 50, 50, 50, 50, 50]

Generation 81
Average: 0.8740 Best: 0.8946
Best Individual: 
C0 30|15|8|32|10|11|9|2|1|4|26|20|5|0|21|12|28|24|29|23|33|13|25|6|3|19|31|18|14|27|7|22|17|16|
Overall Best: 0.9060 Generation: 43
length: 34.0
feature_occurency: [50, 50, 50, 50, 50, 50, 50, 50, 50, 50, 50, 50, 50, 50, 50, 50, 50, 50, 50, 50, 50, 50, 50, 50, 50, 50, 50, 50, 50, 50, 50, 50, 50, 50]

Generation 82
Average: 0.8758 Best: 0.8946
Best Individual: 
C0 30|15|8|32|10|11|9|2|1|4|26|20|5|0|21|12|28|24|29|23|33|13|25|6|31|19|3|18|14|27|7|22|17|16|
Overall Best: 0.9060 Generation: 43
length: 34.0
feature_occurency: [50, 50, 50, 50, 50, 50, 50, 50, 50, 50, 50, 50, 50, 50, 50, 50, 50, 50, 50, 50, 50, 50, 50, 50, 50, 50, 50, 50, 50, 50, 50, 50, 50, 50]

Generation 83
Average: 0.8764 Best: 0.8917
Best Individual: 
C0 15|17|33|22|32|14|24|21|27|18|20|8|1|23|26|4|11|12|30|31|16|10|0|2|9|5|25|3|6|13|19|28|29|7|
Overall Best: 0.9060 Generation: 43
length: 34.0
feature_occurency: [50, 50, 50, 50, 50, 50, 50, 50, 50, 50, 50, 50, 50, 50, 50, 50, 50, 50, 50, 50, 50, 50, 50, 50, 50, 50, 50, 50, 50, 50, 50, 50, 50, 50]

Generation 84
Average: 0.8775 Best: 0.8917
Best Individual: 
C0 15|17|31|22|32|14|24|21|27|18|20|8|1|23|26|4|11|12|30|33|16|10|0|2|9|5|25|3|6|13|19|28|29|7|
Overall Best: 0.9060 Generation: 43
length: 34.0
feature_occurency: [50, 50, 50, 50, 50, 50, 50, 50, 50, 50, 50, 50, 50, 50, 50, 50, 50, 50, 50, 50, 50, 50, 50, 50, 50, 50, 50, 50, 50, 50, 50, 50, 50, 50]

Generation 85
Average: 0.8778 Best: 0.8917
Best Individual: 
C0 15|17|31|22|32|14|24|21|27|18|20|8|1|23|26|4|30|12|11|33|16|10|0|2|9|5|13|3|6|25|19|28|29|7|
Overall Best: 0.9060 Generation: 43
length: 34.0
feature_occurency: [50, 50, 50, 50, 50, 50, 50, 50, 50, 50, 50, 50, 50, 50, 50, 50, 50, 50, 50, 50, 50, 50, 50, 50, 50, 50, 50, 50, 50, 50, 50, 50, 50, 50]

Generation 86
Average: 0.8770 Best: 0.8917
Best Individual: 
C0 25|11|14|1|28|18|22|26|4|29|30|13|9|19|5|32|3|31|0|12|23|6|20|7|24|10|27|21|2|33|17|8|15|16|
Overall Best: 0.9060 Generation: 43
length: 34.0
feature_occurency: [50, 50, 50, 50, 50, 50, 50, 50, 50, 50, 50, 50, 50, 50, 50, 50, 50, 50, 50, 50, 50, 50, 50, 50, 50, 50, 50, 50, 50, 50, 50, 50, 50, 50]

Generation 87
Average: 0.8774 Best: 0.8917
Best Individual: 
C0 25|11|14|1|28|18|22|32|13|5|20|4|9|19|29|26|3|31|0|12|23|6|30|33|24|10|27|21|2|7|17|8|15|16|
Overall Best: 0.9060 Generation: 43
length: 34.0
feature_occurency: [50, 50, 50, 50, 50, 50, 50, 50, 50, 50, 50, 50, 50, 50, 50, 50, 50, 50, 50, 50, 50, 50, 50, 50, 50, 50, 50, 50, 50, 50, 50, 50, 50, 50]

Generation 88
Average: 0.8772 Best: 0.8946
Best Individual: 
C0 24|1|33|18|32|14|21|15|0|26|20|8|17|23|22|27|11|9|19|31|16|30|4|2|12|5|25|3|13|6|10|28|7|29|
Overall Best: 0.9060 Generation: 43
length: 34.0
feature_occurency: [50, 50, 50, 50, 50, 50, 50, 50, 50, 50, 50, 50, 50, 50, 50, 50, 50, 50, 50, 50, 50, 50, 50, 50, 50, 50, 50, 50, 50, 50, 50, 50, 50, 50]

Generation 89
Average: 0.8789 Best: 0.8946
Best Individual: 
C0 27|3|5|12|33|22|26|2|13|28|20|1|17|4|31|18|14|30|24|21|29|7|19|25|0|11|8|15|10|23|16|6|9|32|
Overall Best: 0.9060 Generation: 43
length: 34.0
feature_occurency: [50, 50, 50, 50, 50, 50, 50, 50, 50, 50, 50, 50, 50, 50, 50, 50, 50, 50, 50, 50, 50, 50, 50, 50, 50, 50, 50, 50, 50, 50, 50, 50, 50, 50]

Generation 90
Average: 0.8768 Best: 0.8917
Best Individual: 
C0 31|1|33|18|32|14|24|21|3|12|20|8|17|23|30|4|11|9|22|27|16|10|0|2|26|5|25|15|13|6|19|28|29|7|
Overall Best: 0.9060 Generation: 43
length: 34.0
feature_occurency: [50, 50, 50, 50, 50, 50, 50, 50, 50, 50, 50, 50, 50, 50, 50, 50, 50, 50, 50, 50, 50, 50, 50, 50, 50, 50, 50, 50, 50, 50, 50, 50, 50, 50]

Generation 91
Average: 0.8765 Best: 0.8917
Best Individual: 
C0 14|29|21|24|20|23|22|32|31|28|3|4|9|33|25|5|18|6|11|19|1|12|0|2|30|10|27|26|13|7|17|8|15|16|
Overall Best: 0.9060 Generation: 43
length: 34.0
feature_occurency: [50, 50, 50, 50, 50, 50, 50, 50, 50, 50, 50, 50, 50, 50, 50, 50, 50, 50, 50, 50, 50, 50, 50, 50, 50, 50, 50, 50, 50, 50, 50, 50, 50, 50]

Generation 92
Average: 0.8789 Best: 0.8917
Best Individual: 
C0 23|12|20|28|0|3|27|18|11|4|33|5|21|10|17|32|14|1|24|2|7|6|19|25|22|13|29|26|9|31|16|8|15|30|
Overall Best: 0.9060 Generation: 43
length: 34.0
feature_occurency: [50, 50, 50, 50, 50, 50, 50, 50, 50, 50, 50, 50, 50, 50, 50, 50, 50, 50, 50, 50, 50, 50, 50, 50, 50, 50, 50, 50, 50, 50, 50, 50, 50, 50]

Generation 93
Average: 0.8779 Best: 0.8917
Best Individual: 
C0 9|1|26|18|32|14|30|21|3|2|33|8|11|23|20|4|17|31|22|27|24|10|0|12|16|5|25|15|13|6|19|28|29|7|
Overall Best: 0.9060 Generation: 43
length: 34.0
feature_occurency: [50, 50, 50, 50, 50, 50, 50, 50, 50, 50, 50, 50, 50, 50, 50, 50, 50, 50, 50, 50, 50, 50, 50, 50, 50, 50, 50, 50, 50, 50, 50, 50, 50, 50]

Generation 94
Average: 0.8794 Best: 0.8917
Best Individual: 
C0 31|33|18|26|8|21|20|6|16|30|24|4|9|3|22|1|11|25|14|27|32|10|12|2|23|5|17|15|13|0|19|28|29|7|
Overall Best: 0.9060 Generation: 43
length: 34.0
feature_occurency: [50, 50, 50, 50, 50, 50, 50, 50, 50, 50, 50, 50, 50, 50, 50, 50, 50, 50, 50, 50, 50, 50, 50, 50, 50, 50, 50, 50, 50, 50, 50, 50, 50, 50]

Generation 95
Average: 0.8791 Best: 0.8946
Best Individual: 
C0 17|31|9|14|29|11|0|28|8|3|25|27|23|15|32|2|33|30|6|20|22|4|19|1|26|18|12|13|21|24|16|7|5|10|
Overall Best: 0.9060 Generation: 43
length: 34.0
feature_occurency: [50, 50, 50, 50, 50, 50, 50, 50, 50, 50, 50, 50, 50, 50, 50, 50, 50, 50, 50, 50, 50, 50, 50, 50, 50, 50, 50, 50, 50, 50, 50, 50, 50, 50]

Generation 96
Average: 0.8793 Best: 0.8946
Best Individual: 
C0 0|26|30|24|33|31|3|25|22|10|8|15|20|2|4|17|18|19|27|6|1|21|14|28|12|29|11|23|5|13|7|32|9|16|
Overall Best: 0.9060 Generation: 43
length: 34.0
feature_occurency: [50, 50, 50, 50, 50, 50, 50, 50, 50, 50, 50, 50, 50, 50, 50, 50, 50, 50, 50, 50, 50, 50, 50, 50, 50, 50, 50, 50, 50, 50, 50, 50, 50, 50]

Generation 97
Average: 0.8762 Best: 0.8889
Best Individual: 
C0 17|28|2|14|18|32|25|23|9|11|5|33|15|12|4|26|24|21|8|20|1|3|22|31|6|29|19|7|30|27|16|13|0|10|
Overall Best: 0.9060 Generation: 43
length: 34.0
feature_occurency: [50, 50, 50, 50, 50, 50, 50, 50, 50, 50, 50, 50, 50, 50, 50, 50, 50, 50, 50, 50, 50, 50, 50, 50, 50, 50, 50, 50, 50, 50, 50, 50, 50, 50]

Generation 98
Average: 0.8756 Best: 0.8889
Best Individual: 
C0 13|9|30|32|26|2|20|28|14|18|25|15|8|33|0|31|5|27|3|17|1|24|16|23|19|12|6|10|4|11|29|7|22|21|
Overall Best: 0.9060 Generation: 43
length: 34.0
feature_occurency: [50, 50, 50, 50, 50, 50, 50, 50, 50, 50, 50, 50, 50, 50, 50, 50, 50, 50, 50, 50, 50, 50, 50, 50, 50, 50, 50, 50, 50, 50, 50, 50, 50, 50]

Generation 99
Average: 0.8768 Best: 0.8889
Best Individual: 
C0 4|30|10|26|0|18|17|3|9|14|2|13|1|27|33|25|23|28|32|19|6|5|20|29|8|31|21|11|24|15|12|7|22|16|
Overall Best: 0.9060 Generation: 43
==================
    Best individual after 100 generations
    computed in 244.4450 seconds
    318 elements out of 351 correct.
    emerged in generation 43
    with fitness 0.9060
==================

5|12|18|29|33|21|27|19|4|17|23|6|3|24|14|8|31|13|11|9|20|26|0|32|30|25|22|1|2|15|10|7|28|16|
