Starting evolution...
length: 34.0
feature_occurency: [50, 50, 50, 50, 50, 50, 50, 50, 50, 50, 50, 50, 50, 50, 50, 50, 50, 50, 50, 50, 50, 50, 50, 50, 50, 50, 50, 50, 50, 50, 50, 50, 50, 50]

Generation 0
Average: 0.8002 Best: 0.8661
Best Individual: 
C0 0|7|4|28|2|15|6|16|8|30|27|11|13|12|14|5|29|17|18|19|32|21|31|3|24|25|26|10|1|23|9|22|20|33|
Overall Best: 0.8661 Generation: 0
length: 34.0
feature_occurency: [50, 50, 50, 50, 50, 50, 50, 50, 50, 50, 50, 50, 50, 50, 50, 50, 50, 50, 50, 50, 50, 50, 50, 50, 50, 50, 50, 50, 50, 50, 50, 50, 50, 50]

Generation 1
Average: 0.8197 Best: 0.8974
Best Individual: 
C0 26|7|4|28|2|11|6|16|8|25|27|24|9|12|14|5|3|17|18|19|32|31|21|23|10|29|22|15|13|30|1|0|20|33|
Overall Best: 0.8974 Generation: 1
length: 34.0
feature_occurency: [50, 50, 50, 50, 50, 50, 50, 50, 50, 50, 50, 50, 50, 50, 50, 50, 50, 50, 50, 50, 50, 50, 50, 50, 50, 50, 50, 50, 50, 50, 50, 50, 50, 50]

Generation 2
Average: 0.8312 Best: 0.8889
Best Individual: 
C0 15|17|4|2|1|25|6|3|23|9|10|11|30|31|14|20|8|19|18|28|12|13|22|24|32|5|27|29|16|7|21|26|0|33|
Overall Best: 0.8974 Generation: 1
length: 34.0
feature_occurency: [50, 50, 50, 50, 50, 50, 50, 50, 50, 50, 50, 50, 50, 50, 50, 50, 50, 50, 50, 50, 50, 50, 50, 50, 50, 50, 50, 50, 50, 50, 50, 50, 50, 50]

Generation 3
Average: 0.8359 Best: 0.8917
Best Individual: 
C0 0|4|5|25|13|30|9|7|21|12|10|31|24|29|8|22|14|6|3|17|23|1|32|26|20|19|16|27|28|18|2|11|15|33|
Overall Best: 0.8974 Generation: 1
length: 34.0
feature_occurency: [50, 50, 50, 50, 50, 50, 50, 50, 50, 50, 50, 50, 50, 50, 50, 50, 50, 50, 50, 50, 50, 50, 50, 50, 50, 50, 50, 50, 50, 50, 50, 50, 50, 50]

Generation 4
Average: 0.8432 Best: 0.9231
Best Individual: 
C0 4|2|5|28|13|30|9|7|21|12|10|31|20|29|8|27|14|6|3|17|23|1|32|26|24|19|16|22|11|15|18|0|25|33|
Overall Best: 0.9231 Generation: 4
length: 34.0
feature_occurency: [50, 50, 50, 50, 50, 50, 50, 50, 50, 50, 50, 50, 50, 50, 50, 50, 50, 50, 50, 50, 50, 50, 50, 50, 50, 50, 50, 50, 50, 50, 50, 50, 50, 50]

Generation 5
Average: 0.8505 Best: 0.9231
Best Individual: 
C0 4|2|5|28|13|30|9|7|21|12|10|31|20|29|8|27|14|6|3|17|23|1|32|26|24|19|16|22|11|15|18|0|25|33|
Overall Best: 0.9231 Generation: 4
length: 34.0
feature_occurency: [50, 50, 50, 50, 50, 50, 50, 50, 50, 50, 50, 50, 50, 50, 50, 50, 50, 50, 50, 50, 50, 50, 50, 50, 50, 50, 50, 50, 50, 50, 50, 50, 50, 50]

Generation 6
Average: 0.8588 Best: 0.9231
Best Individual: 
C0 4|2|5|28|13|30|9|7|21|12|10|31|20|29|11|27|16|6|3|17|23|1|32|26|24|19|14|22|8|15|18|0|25|33|
Overall Best: 0.9231 Generation: 4
length: 34.0
feature_occurency: [50, 50, 50, 50, 50, 50, 50, 50, 50, 50, 50, 50, 50, 50, 50, 50, 50, 50, 50, 50, 50, 50, 50, 50, 50, 50, 50, 50, 50, 50, 50, 50, 50, 50]

Generation 7
Average: 0.8582 Best: 0.9231
Best Individual: 
C0 4|2|5|28|13|30|9|7|21|12|32|19|14|29|11|33|16|6|3|17|23|1|10|26|24|31|20|22|8|15|18|0|25|27|
Overall Best: 0.9231 Generation: 4
length: 34.0
feature_occurency: [50, 50, 50, 50, 50, 50, 50, 50, 50, 50, 50, 50, 50, 50, 50, 50, 50, 50, 50, 50, 50, 50, 50, 50, 50, 50, 50, 50, 50, 50, 50, 50, 50, 50]

Generation 8
Average: 0.8572 Best: 0.9231
Best Individual: 
C0 4|2|5|28|21|16|9|7|13|12|32|19|14|29|11|33|30|6|3|17|23|31|10|26|27|1|20|22|8|15|18|0|25|24|
Overall Best: 0.9231 Generation: 4
length: 34.0
feature_occurency: [50, 50, 50, 50, 50, 50, 50, 50, 50, 50, 50, 50, 50, 50, 50, 50, 50, 50, 50, 50, 50, 50, 50, 50, 50, 50, 50, 50, 50, 50, 50, 50, 50, 50]

Generation 9
Average: 0.8562 Best: 0.9231
Best Individual: 
C0 4|2|5|28|14|19|9|25|8|30|20|16|21|15|11|33|12|6|3|17|23|31|32|26|29|1|13|22|7|27|18|0|10|24|
Overall Best: 0.9231 Generation: 4
length: 34.0
feature_occurency: [50, 50, 50, 50, 50, 50, 50, 50, 50, 50, 50, 50, 50, 50, 50, 50, 50, 50, 50, 50, 50, 50, 50, 50, 50, 50, 50, 50, 50, 50, 50, 50, 50, 50]

Generation 10
Average: 0.8596 Best: 0.9231
Best Individual: 
C0 4|2|5|28|30|6|9|25|17|14|20|16|21|15|11|33|12|19|3|27|23|31|32|26|29|1|13|22|7|8|18|0|10|24|
Overall Best: 0.9231 Generation: 4
length: 34.0
feature_occurency: [50, 50, 50, 50, 50, 50, 50, 50, 50, 50, 50, 50, 50, 50, 50, 50, 50, 50, 50, 50, 50, 50, 50, 50, 50, 50, 50, 50, 50, 50, 50, 50, 50, 50]

Generation 11
Average: 0.8504 Best: 0.9231
Best Individual: 
C0 4|2|5|28|30|6|9|25|17|21|20|16|29|15|11|33|12|19|3|27|23|31|32|26|14|1|13|22|7|8|18|0|10|24|
Overall Best: 0.9231 Generation: 4
length: 34.0
feature_occurency: [50, 50, 50, 50, 50, 50, 50, 50, 50, 50, 50, 50, 50, 50, 50, 50, 50, 50, 50, 50, 50, 50, 50, 50, 50, 50, 50, 50, 50, 50, 50, 50, 50, 50]

Generation 12
Average: 0.8500 Best: 0.9231
Best Individual: 
C0 4|2|5|28|30|6|9|25|17|21|15|16|29|20|11|33|12|19|3|27|23|24|32|26|14|22|31|1|7|8|18|0|10|13|
Overall Best: 0.9231 Generation: 4
length: 34.0
feature_occurency: [50, 50, 50, 50, 50, 50, 50, 50, 50, 50, 50, 50, 50, 50, 50, 50, 50, 50, 50, 50, 50, 50, 50, 50, 50, 50, 50, 50, 50, 50, 50, 50, 50, 50]

Generation 13
Average: 0.8500 Best: 0.9003
Best Individual: 
C0 7|6|2|15|29|32|24|9|18|17|13|20|11|33|1|0|4|14|8|5|19|10|3|30|22|25|27|28|31|16|26|23|21|12|
Overall Best: 0.9231 Generation: 4
length: 34.0
feature_occurency: [50, 50, 50, 50, 50, 50, 50, 50, 50, 50, 50, 50, 50, 50, 50, 50, 50, 50, 50, 50, 50, 50, 50, 50, 50, 50, 50, 50, 50, 50, 50, 50, 50, 50]

Generation 14
Average: 0.8485 Best: 0.9003
Best Individual: 
C0 7|6|2|15|20|32|24|9|18|17|13|29|11|33|1|0|4|14|8|5|19|10|3|30|22|25|27|28|31|16|26|23|21|12|
Overall Best: 0.9231 Generation: 4
length: 34.0
feature_occurency: [50, 50, 50, 50, 50, 50, 50, 50, 50, 50, 50, 50, 50, 50, 50, 50, 50, 50, 50, 50, 50, 50, 50, 50, 50, 50, 50, 50, 50, 50, 50, 50, 50, 50]

Generation 15
Average: 0.8572 Best: 0.8974
Best Individual: 
C0 30|4|23|2|10|26|29|11|17|12|8|1|27|14|22|15|0|21|19|32|9|31|5|33|24|6|28|20|18|16|25|3|13|7|
Overall Best: 0.9231 Generation: 4
length: 34.0
feature_occurency: [50, 50, 50, 50, 50, 50, 50, 50, 50, 50, 50, 50, 50, 50, 50, 50, 50, 50, 50, 50, 50, 50, 50, 50, 50, 50, 50, 50, 50, 50, 50, 50, 50, 50]

Generation 16
Average: 0.8491 Best: 0.8974
Best Individual: 
C0 30|4|23|9|10|26|0|11|2|12|8|1|31|14|6|15|29|21|19|32|17|27|5|33|24|22|28|20|18|16|25|3|13|7|
Overall Best: 0.9231 Generation: 4
length: 34.0
feature_occurency: [50, 50, 50, 50, 50, 50, 50, 50, 50, 50, 50, 50, 50, 50, 50, 50, 50, 50, 50, 50, 50, 50, 50, 50, 50, 50, 50, 50, 50, 50, 50, 50, 50, 50]

Generation 17
Average: 0.8571 Best: 0.8974
Best Individual: 
C0 30|4|23|9|10|1|29|11|27|12|16|18|17|13|25|20|0|24|19|32|8|31|5|33|21|22|28|15|26|2|6|3|14|7|
Overall Best: 0.9231 Generation: 4
length: 34.0
feature_occurency: [50, 50, 50, 50, 50, 50, 50, 50, 50, 50, 50, 50, 50, 50, 50, 50, 50, 50, 50, 50, 50, 50, 50, 50, 50, 50, 50, 50, 50, 50, 50, 50, 50, 50]

Generation 18
Average: 0.8503 Best: 0.8974
Best Individual: 
C0 6|23|8|21|10|33|29|11|2|12|9|28|5|7|20|22|0|24|25|27|17|19|15|26|13|32|31|1|4|16|18|30|14|3|
Overall Best: 0.9231 Generation: 4
length: 34.0
feature_occurency: [50, 50, 50, 50, 50, 50, 50, 50, 50, 50, 50, 50, 50, 50, 50, 50, 50, 50, 50, 50, 50, 50, 50, 50, 50, 50, 50, 50, 50, 50, 50, 50, 50, 50]

Generation 19
Average: 0.8550 Best: 0.8946
Best Individual: 
C0 23|22|24|12|28|27|26|3|13|30|4|1|8|7|11|18|33|6|29|21|0|20|9|19|16|25|2|32|31|10|15|17|14|5|
Overall Best: 0.9231 Generation: 4
length: 34.0
feature_occurency: [50, 50, 50, 50, 50, 50, 50, 50, 50, 50, 50, 50, 50, 50, 50, 50, 50, 50, 50, 50, 50, 50, 50, 50, 50, 50, 50, 50, 50, 50, 50, 50, 50, 50]

Generation 20
Average: 0.8583 Best: 0.9060
Best Individual: 
C0 7|6|11|25|17|26|29|16|27|12|21|31|9|14|28|19|18|30|20|4|32|0|15|22|24|1|8|10|3|23|5|13|2|33|
Overall Best: 0.9231 Generation: 4
length: 34.0
feature_occurency: [50, 50, 50, 50, 50, 50, 50, 50, 50, 50, 50, 50, 50, 50, 50, 50, 50, 50, 50, 50, 50, 50, 50, 50, 50, 50, 50, 50, 50, 50, 50, 50, 50, 50]

Generation 21
Average: 0.8537 Best: 0.9145
Best Individual: 
C0 31|4|28|18|14|1|29|11|5|32|2|30|7|23|17|16|8|6|25|33|3|22|0|15|13|27|9|12|24|20|10|21|19|26|
Overall Best: 0.9231 Generation: 4
length: 34.0
feature_occurency: [50, 50, 50, 50, 50, 50, 50, 50, 50, 50, 50, 50, 50, 50, 50, 50, 50, 50, 50, 50, 50, 50, 50, 50, 50, 50, 50, 50, 50, 50, 50, 50, 50, 50]

Generation 22
Average: 0.8485 Best: 0.8946
Best Individual: 
C0 23|22|24|11|18|32|9|3|13|30|4|1|8|7|12|19|33|6|28|21|0|20|25|29|16|27|2|26|31|10|15|17|14|5|
Overall Best: 0.9231 Generation: 4
length: 34.0
feature_occurency: [50, 50, 50, 50, 50, 50, 50, 50, 50, 50, 50, 50, 50, 50, 50, 50, 50, 50, 50, 50, 50, 50, 50, 50, 50, 50, 50, 50, 50, 50, 50, 50, 50, 50]

Generation 23
Average: 0.8474 Best: 0.8946
Best Individual: 
C0 23|22|24|19|4|32|20|3|13|30|11|1|8|7|12|18|25|6|29|17|0|27|33|16|28|9|2|26|31|10|15|21|14|5|
Overall Best: 0.9231 Generation: 4
length: 34.0
feature_occurency: [50, 50, 50, 50, 50, 50, 50, 50, 50, 50, 50, 50, 50, 50, 50, 50, 50, 50, 50, 50, 50, 50, 50, 50, 50, 50, 50, 50, 50, 50, 50, 50, 50, 50]

Generation 24
Average: 0.8443 Best: 0.9003
Best Individual: 
C0 26|5|4|28|31|10|11|21|13|33|30|22|27|23|19|2|29|20|14|7|25|24|3|6|32|17|16|18|0|9|12|15|1|8|
Overall Best: 0.9231 Generation: 4
length: 34.0
feature_occurency: [50, 50, 50, 50, 50, 50, 50, 50, 50, 50, 50, 50, 50, 50, 50, 50, 50, 50, 50, 50, 50, 50, 50, 50, 50, 50, 50, 50, 50, 50, 50, 50, 50, 50]

Generation 25
Average: 0.8508 Best: 0.9088
Best Individual: 
C0 30|4|31|29|7|32|13|8|5|17|26|14|22|12|10|11|20|28|24|9|19|33|1|27|2|6|0|16|25|21|15|23|3|18|
Overall Best: 0.9231 Generation: 4
length: 34.0
feature_occurency: [50, 50, 50, 50, 50, 50, 50, 50, 50, 50, 50, 50, 50, 50, 50, 50, 50, 50, 50, 50, 50, 50, 50, 50, 50, 50, 50, 50, 50, 50, 50, 50, 50, 50]

Generation 26
Average: 0.8515 Best: 0.9003
Best Individual: 
C0 26|5|4|6|25|10|11|30|13|14|29|22|24|1|19|15|16|20|33|7|28|27|3|12|32|17|21|18|0|9|31|2|23|8|
Overall Best: 0.9231 Generation: 4
length: 34.0
feature_occurency: [50, 50, 50, 50, 50, 50, 50, 50, 50, 50, 50, 50, 50, 50, 50, 50, 50, 50, 50, 50, 50, 50, 50, 50, 50, 50, 50, 50, 50, 50, 50, 50, 50, 50]

Generation 27
Average: 0.8574 Best: 0.9031
Best Individual: 
C0 23|22|13|26|25|32|4|3|24|30|29|1|19|11|12|5|27|6|21|17|0|14|33|16|28|10|2|8|18|9|15|31|20|7|
Overall Best: 0.9231 Generation: 4
length: 34.0
feature_occurency: [50, 50, 50, 50, 50, 50, 50, 50, 50, 50, 50, 50, 50, 50, 50, 50, 50, 50, 50, 50, 50, 50, 50, 50, 50, 50, 50, 50, 50, 50, 50, 50, 50, 50]

Generation 28
Average: 0.8511 Best: 0.9031
Best Individual: 
C0 23|22|13|7|25|32|27|3|26|29|9|10|21|11|12|5|4|6|19|17|0|14|33|16|28|1|2|8|18|31|15|30|20|24|
Overall Best: 0.9231 Generation: 4
length: 34.0
feature_occurency: [50, 50, 50, 50, 50, 50, 50, 50, 50, 50, 50, 50, 50, 50, 50, 50, 50, 50, 50, 50, 50, 50, 50, 50, 50, 50, 50, 50, 50, 50, 50, 50, 50, 50]

Generation 29
Average: 0.8526 Best: 0.9031
Best Individual: 
C0 23|22|13|24|25|32|27|3|26|29|9|11|21|28|12|5|4|6|19|17|0|14|33|16|10|1|2|8|18|30|15|31|20|7|
Overall Best: 0.9231 Generation: 4
length: 34.0
feature_occurency: [50, 50, 50, 50, 50, 50, 50, 50, 50, 50, 50, 50, 50, 50, 50, 50, 50, 50, 50, 50, 50, 50, 50, 50, 50, 50, 50, 50, 50, 50, 50, 50, 50, 50]

Generation 30
Average: 0.8589 Best: 0.9060
Best Individual: 
C0 23|5|4|6|25|22|11|30|14|29|13|19|24|1|10|16|9|20|33|7|28|27|3|12|32|26|21|18|0|15|2|17|8|31|
Overall Best: 0.9231 Generation: 4
length: 34.0
feature_occurency: [50, 50, 50, 50, 50, 50, 50, 50, 50, 50, 50, 50, 50, 50, 50, 50, 50, 50, 50, 50, 50, 50, 50, 50, 50, 50, 50, 50, 50, 50, 50, 50, 50, 50]

Generation 31
Average: 0.8546 Best: 0.9060
Best Individual: 
C0 23|5|4|6|3|22|25|21|1|28|9|30|14|24|20|13|16|12|11|8|27|29|33|10|32|26|19|18|0|15|2|17|7|31|
Overall Best: 0.9231 Generation: 4
length: 34.0
feature_occurency: [50, 50, 50, 50, 50, 50, 50, 50, 50, 50, 50, 50, 50, 50, 50, 50, 50, 50, 50, 50, 50, 50, 50, 50, 50, 50, 50, 50, 50, 50, 50, 50, 50, 50]

Generation 32
Average: 0.8560 Best: 0.9060
Best Individual: 
C0 23|5|4|6|3|22|25|21|1|28|9|30|14|2|27|18|16|12|11|8|0|29|33|10|32|24|19|13|20|15|26|17|7|31|
Overall Best: 0.9231 Generation: 4
length: 34.0
feature_occurency: [50, 50, 50, 50, 50, 50, 50, 50, 50, 50, 50, 50, 50, 50, 50, 50, 50, 50, 50, 50, 50, 50, 50, 50, 50, 50, 50, 50, 50, 50, 50, 50, 50, 50]

Generation 33
Average: 0.8603 Best: 0.9060
Best Individual: 
C0 23|5|4|7|3|22|25|26|1|30|9|32|14|24|20|13|16|12|11|8|27|29|33|10|28|21|19|18|0|15|2|17|6|31|
Overall Best: 0.9231 Generation: 4
length: 34.0
feature_occurency: [50, 50, 50, 50, 50, 50, 50, 50, 50, 50, 50, 50, 50, 50, 50, 50, 50, 50, 50, 50, 50, 50, 50, 50, 50, 50, 50, 50, 50, 50, 50, 50, 50, 50]

Generation 34
Average: 0.8597 Best: 0.9231
Best Individual: 
C0 5|4|2|23|31|1|28|8|30|26|9|21|14|13|6|15|20|7|3|22|16|12|25|33|29|27|18|0|32|19|24|17|11|10|
Overall Best: 0.9231 Generation: 4
length: 34.0
feature_occurency: [50, 50, 50, 50, 50, 50, 50, 50, 50, 50, 50, 50, 50, 50, 50, 50, 50, 50, 50, 50, 50, 50, 50, 50, 50, 50, 50, 50, 50, 50, 50, 50, 50, 50]

Generation 35
Average: 0.8577 Best: 0.9231
Best Individual: 
C0 5|4|2|23|31|1|20|29|16|26|9|21|14|13|6|15|8|7|3|24|18|12|25|33|28|27|30|0|32|19|22|17|11|10|
Overall Best: 0.9231 Generation: 4
length: 34.0
feature_occurency: [50, 50, 50, 50, 50, 50, 50, 50, 50, 50, 50, 50, 50, 50, 50, 50, 50, 50, 50, 50, 50, 50, 50, 50, 50, 50, 50, 50, 50, 50, 50, 50, 50, 50]

Generation 36
Average: 0.8607 Best: 0.9117
Best Individual: 
C0 5|7|4|18|13|15|22|25|8|29|11|19|23|1|14|32|6|20|2|3|27|17|33|12|16|26|21|30|0|10|9|28|24|31|
Overall Best: 0.9231 Generation: 4
length: 34.0
feature_occurency: [50, 50, 50, 50, 50, 50, 50, 50, 50, 50, 50, 50, 50, 50, 50, 50, 50, 50, 50, 50, 50, 50, 50, 50, 50, 50, 50, 50, 50, 50, 50, 50, 50, 50]

Generation 37
Average: 0.8626 Best: 0.9145
Best Individual: 
C0 31|28|4|7|30|29|0|23|6|25|20|26|3|32|21|27|16|8|5|12|24|19|2|33|11|14|22|1|18|15|9|17|10|13|
Overall Best: 0.9231 Generation: 4
length: 34.0
feature_occurency: [50, 50, 50, 50, 50, 50, 50, 50, 50, 50, 50, 50, 50, 50, 50, 50, 50, 50, 50, 50, 50, 50, 50, 50, 50, 50, 50, 50, 50, 50, 50, 50, 50, 50]

Generation 38
Average: 0.8596 Best: 0.9145
Best Individual: 
C0 31|28|4|7|30|29|0|23|6|25|20|26|1|32|21|27|16|8|5|12|24|19|2|33|11|14|15|22|18|3|9|17|10|13|
Overall Best: 0.9231 Generation: 4
length: 34.0
feature_occurency: [50, 50, 50, 50, 50, 50, 50, 50, 50, 50, 50, 50, 50, 50, 50, 50, 50, 50, 50, 50, 50, 50, 50, 50, 50, 50, 50, 50, 50, 50, 50, 50, 50, 50]

Generation 39
Average: 0.8646 Best: 0.9145
Best Individual: 
C0 31|28|4|13|30|29|0|19|3|15|20|26|6|25|5|7|11|32|21|12|24|23|2|33|1|14|22|16|8|18|9|17|10|27|
Overall Best: 0.9231 Generation: 4
length: 34.0
feature_occurency: [50, 50, 50, 50, 50, 50, 50, 50, 50, 50, 50, 50, 50, 50, 50, 50, 50, 50, 50, 50, 50, 50, 50, 50, 50, 50, 50, 50, 50, 50, 50, 50, 50, 50]

Generation 40
Average: 0.8569 Best: 0.9060
Best Individual: 
C0 23|4|5|0|6|1|2|18|31|30|28|33|17|24|3|15|9|32|16|27|26|29|13|21|10|14|20|19|7|8|12|25|11|22|
Overall Best: 0.9231 Generation: 4
length: 34.0
feature_occurency: [50, 50, 50, 50, 50, 50, 50, 50, 50, 50, 50, 50, 50, 50, 50, 50, 50, 50, 50, 50, 50, 50, 50, 50, 50, 50, 50, 50, 50, 50, 50, 50, 50, 50]

Generation 41
Average: 0.8639 Best: 0.9060
Best Individual: 
C0 23|4|5|0|25|1|2|18|31|30|28|33|17|24|3|15|9|16|32|27|26|29|13|21|10|14|20|19|7|8|12|6|11|22|
Overall Best: 0.9231 Generation: 4
length: 34.0
feature_occurency: [50, 50, 50, 50, 50, 50, 50, 50, 50, 50, 50, 50, 50, 50, 50, 50, 50, 50, 50, 50, 50, 50, 50, 50, 50, 50, 50, 50, 50, 50, 50, 50, 50, 50]

Generation 42
Average: 0.8581 Best: 0.9031
Best Individual: 
C0 2|26|4|17|11|7|25|24|16|10|22|12|15|5|18|19|8|28|27|30|31|14|32|9|20|3|29|13|6|23|21|0|33|1|
Overall Best: 0.9231 Generation: 4
length: 34.0
feature_occurency: [50, 50, 50, 50, 50, 50, 50, 50, 50, 50, 50, 50, 50, 50, 50, 50, 50, 50, 50, 50, 50, 50, 50, 50, 50, 50, 50, 50, 50, 50, 50, 50, 50, 50]

Generation 43
Average: 0.8668 Best: 0.9088
Best Individual: 
C0 30|4|31|0|2|33|25|1|6|19|26|10|5|15|27|12|22|8|18|21|32|23|14|3|17|24|11|28|20|16|13|9|7|29|
Overall Best: 0.9231 Generation: 4
length: 34.0
feature_occurency: [50, 50, 50, 50, 50, 50, 50, 50, 50, 50, 50, 50, 50, 50, 50, 50, 50, 50, 50, 50, 50, 50, 50, 50, 50, 50, 50, 50, 50, 50, 50, 50, 50, 50]

Generation 44
Average: 0.8687 Best: 0.9088
Best Individual: 
C0 31|30|4|9|14|0|20|1|6|19|26|11|5|15|27|29|22|8|18|21|7|28|10|13|23|2|24|16|25|12|32|3|33|17|
Overall Best: 0.9231 Generation: 4
length: 34.0
feature_occurency: [50, 50, 50, 50, 50, 50, 50, 50, 50, 50, 50, 50, 50, 50, 50, 50, 50, 50, 50, 50, 50, 50, 50, 50, 50, 50, 50, 50, 50, 50, 50, 50, 50, 50]

Generation 45
Average: 0.8692 Best: 0.9088
Best Individual: 
C0 31|30|4|3|2|29|0|19|26|23|10|11|22|1|28|24|16|13|21|20|9|15|12|5|25|6|27|7|33|18|8|14|32|17|
Overall Best: 0.9231 Generation: 4
length: 34.0
feature_occurency: [50, 50, 50, 50, 50, 50, 50, 50, 50, 50, 50, 50, 50, 50, 50, 50, 50, 50, 50, 50, 50, 50, 50, 50, 50, 50, 50, 50, 50, 50, 50, 50, 50, 50]

Generation 46
Average: 0.8550 Best: 0.9088
Best Individual: 
C0 31|30|4|9|14|18|12|32|26|2|10|11|22|24|33|15|27|25|6|20|17|7|0|13|19|23|16|29|8|21|1|3|5|28|
Overall Best: 0.9231 Generation: 4
length: 34.0
feature_occurency: [50, 50, 50, 50, 50, 50, 50, 50, 50, 50, 50, 50, 50, 50, 50, 50, 50, 50, 50, 50, 50, 50, 50, 50, 50, 50, 50, 50, 50, 50, 50, 50, 50, 50]

Generation 47
Average: 0.8648 Best: 0.9088
Best Individual: 
C0 31|30|4|33|27|6|19|14|25|5|7|17|28|15|8|0|9|1|29|20|23|32|3|12|18|26|22|13|2|16|24|11|10|21|
Overall Best: 0.9231 Generation: 4
length: 34.0
feature_occurency: [50, 50, 50, 50, 50, 50, 50, 50, 50, 50, 50, 50, 50, 50, 50, 50, 50, 50, 50, 50, 50, 50, 50, 50, 50, 50, 50, 50, 50, 50, 50, 50, 50, 50]

Generation 48
Average: 0.8676 Best: 0.9145
Best Individual: 
C0 31|28|4|19|14|29|0|32|15|3|18|11|1|5|30|24|33|26|21|20|9|6|12|13|25|22|27|7|16|10|8|2|23|17|
Overall Best: 0.9231 Generation: 4
length: 34.0
feature_occurency: [50, 50, 50, 50, 50, 50, 50, 50, 50, 50, 50, 50, 50, 50, 50, 50, 50, 50, 50, 50, 50, 50, 50, 50, 50, 50, 50, 50, 50, 50, 50, 50, 50, 50]

Generation 49
Average: 0.8724 Best: 0.9145
Best Individual: 
C0 31|28|4|19|14|29|0|32|24|3|18|5|1|11|30|26|27|25|21|20|9|6|12|13|15|22|33|7|16|2|8|10|23|17|
Overall Best: 0.9231 Generation: 4
length: 34.0
feature_occurency: [50, 50, 50, 50, 50, 50, 50, 50, 50, 50, 50, 50, 50, 50, 50, 50, 50, 50, 50, 50, 50, 50, 50, 50, 50, 50, 50, 50, 50, 50, 50, 50, 50, 50]

Generation 50
Average: 0.8780 Best: 0.9145
Best Individual: 
C0 31|28|4|18|14|6|20|19|17|25|32|9|1|11|30|26|16|3|21|0|5|29|12|13|15|22|33|7|27|2|8|10|23|24|
Overall Best: 0.9231 Generation: 4
length: 34.0
feature_occurency: [50, 50, 50, 50, 50, 50, 50, 50, 50, 50, 50, 50, 50, 50, 50, 50, 50, 50, 50, 50, 50, 50, 50, 50, 50, 50, 50, 50, 50, 50, 50, 50, 50, 50]

Generation 51
Average: 0.8719 Best: 0.9145
Best Individual: 
C0 31|28|4|15|14|6|26|13|17|25|12|16|3|11|30|0|9|1|5|20|23|32|10|21|18|8|22|19|27|33|2|7|29|24|
Overall Best: 0.9231 Generation: 4
length: 34.0
feature_occurency: [50, 50, 50, 50, 50, 50, 50, 50, 50, 50, 50, 50, 50, 50, 50, 50, 50, 50, 50, 50, 50, 50, 50, 50, 50, 50, 50, 50, 50, 50, 50, 50, 50, 50]

Generation 52
Average: 0.8688 Best: 0.9088
Best Individual: 
C0 15|23|4|11|31|20|16|14|8|25|30|9|2|13|33|12|29|1|32|28|0|26|21|17|5|27|18|24|19|22|6|10|7|3|
Overall Best: 0.9231 Generation: 4
length: 34.0
feature_occurency: [50, 50, 50, 50, 50, 50, 50, 50, 50, 50, 50, 50, 50, 50, 50, 50, 50, 50, 50, 50, 50, 50, 50, 50, 50, 50, 50, 50, 50, 50, 50, 50, 50, 50]

Generation 53
Average: 0.8687 Best: 0.9088
Best Individual: 
C0 31|30|4|26|22|11|18|13|24|3|5|12|19|21|10|23|33|1|29|20|16|14|32|6|0|8|7|17|15|9|28|25|27|2|
Overall Best: 0.9231 Generation: 4
length: 34.0
feature_occurency: [50, 50, 50, 50, 50, 50, 50, 50, 50, 50, 50, 50, 50, 50, 50, 50, 50, 50, 50, 50, 50, 50, 50, 50, 50, 50, 50, 50, 50, 50, 50, 50, 50, 50]

Generation 54
Average: 0.8637 Best: 0.9088
Best Individual: 
C0 31|30|4|26|22|21|20|13|24|10|5|8|19|12|3|16|33|14|29|27|23|9|32|18|0|11|7|17|15|1|28|25|6|2|
Overall Best: 0.9231 Generation: 4
length: 34.0
feature_occurency: [50, 50, 50, 50, 50, 50, 50, 50, 50, 50, 50, 50, 50, 50, 50, 50, 50, 50, 50, 50, 50, 50, 50, 50, 50, 50, 50, 50, 50, 50, 50, 50, 50, 50]

Generation 55
Average: 0.8689 Best: 0.9088
Best Individual: 
C0 31|30|4|26|22|21|20|13|27|10|5|8|19|12|3|16|33|14|29|24|23|9|32|18|0|11|7|17|15|1|28|25|6|2|
Overall Best: 0.9231 Generation: 4
length: 34.0
feature_occurency: [50, 50, 50, 50, 50, 50, 50, 50, 50, 50, 50, 50, 50, 50, 50, 50, 50, 50, 50, 50, 50, 50, 50, 50, 50, 50, 50, 50, 50, 50, 50, 50, 50, 50]

Generation 56
Average: 0.8663 Best: 0.9088
Best Individual: 
C0 31|30|4|26|22|21|20|18|17|12|5|8|19|10|3|16|33|14|13|24|23|9|32|29|0|11|7|27|15|1|28|25|6|2|
Overall Best: 0.9231 Generation: 4
length: 34.0
feature_occurency: [50, 50, 50, 50, 50, 50, 50, 50, 50, 50, 50, 50, 50, 50, 50, 50, 50, 50, 50, 50, 50, 50, 50, 50, 50, 50, 50, 50, 50, 50, 50, 50, 50, 50]

Generation 57
Average: 0.8722 Best: 0.9088
Best Individual: 
C0 31|30|4|14|22|8|29|33|6|0|5|21|19|10|3|23|18|26|13|24|16|9|12|20|32|11|7|27|15|1|28|25|17|2|
Overall Best: 0.9231 Generation: 4
length: 34.0
feature_occurency: [50, 50, 50, 50, 50, 50, 50, 50, 50, 50, 50, 50, 50, 50, 50, 50, 50, 50, 50, 50, 50, 50, 50, 50, 50, 50, 50, 50, 50, 50, 50, 50, 50, 50]

Generation 58
Average: 0.8674 Best: 0.9088
Best Individual: 
C0 31|30|4|9|22|21|20|18|14|12|6|19|28|32|3|23|33|26|13|24|16|5|0|29|10|11|7|27|8|1|15|25|17|2|
Overall Best: 0.9231 Generation: 4
length: 34.0
feature_occurency: [50, 50, 50, 50, 50, 50, 50, 50, 50, 50, 50, 50, 50, 50, 50, 50, 50, 50, 50, 50, 50, 50, 50, 50, 50, 50, 50, 50, 50, 50, 50, 50, 50, 50]

Generation 59
Average: 0.8564 Best: 0.9088
Best Individual: 
C0 31|30|4|9|22|21|20|18|14|12|6|19|28|32|3|23|33|26|13|1|16|5|0|29|10|11|7|27|8|24|15|25|17|2|
Overall Best: 0.9231 Generation: 4
length: 34.0
feature_occurency: [50, 50, 50, 50, 50, 50, 50, 50, 50, 50, 50, 50, 50, 50, 50, 50, 50, 50, 50, 50, 50, 50, 50, 50, 50, 50, 50, 50, 50, 50, 50, 50, 50, 50]

Generation 60
Average: 0.8626 Best: 0.9088
Best Individual: 
C0 31|30|4|9|22|21|20|18|14|3|33|0|10|24|16|17|29|19|26|8|12|13|5|6|28|11|15|27|1|32|7|25|23|2|
Overall Best: 0.9231 Generation: 4
length: 34.0
feature_occurency: [50, 50, 50, 50, 50, 50, 50, 50, 50, 50, 50, 50, 50, 50, 50, 50, 50, 50, 50, 50, 50, 50, 50, 50, 50, 50, 50, 50, 50, 50, 50, 50, 50, 50]

Generation 61
Average: 0.8615 Best: 0.9060
Best Individual: 
C0 13|7|4|3|30|12|26|28|15|18|21|22|10|24|9|29|32|1|16|0|6|5|19|17|23|14|25|2|20|8|31|11|27|33|
Overall Best: 0.9231 Generation: 4
length: 34.0
feature_occurency: [50, 50, 50, 50, 50, 50, 50, 50, 50, 50, 50, 50, 50, 50, 50, 50, 50, 50, 50, 50, 50, 50, 50, 50, 50, 50, 50, 50, 50, 50, 50, 50, 50, 50]

Generation 62
Average: 0.8663 Best: 0.9060
Best Individual: 
C0 13|7|4|3|30|12|26|28|15|18|21|22|10|19|9|29|32|31|16|0|6|5|24|17|23|14|25|27|20|8|1|2|11|33|
Overall Best: 0.9231 Generation: 4
length: 34.0
feature_occurency: [50, 50, 50, 50, 50, 50, 50, 50, 50, 50, 50, 50, 50, 50, 50, 50, 50, 50, 50, 50, 50, 50, 50, 50, 50, 50, 50, 50, 50, 50, 50, 50, 50, 50]

Generation 63
Average: 0.8572 Best: 0.9003
Best Individual: 
C0 28|8|4|32|17|16|10|24|21|0|2|9|18|15|11|33|25|20|14|3|29|7|19|1|6|27|26|22|12|23|13|5|30|31|
Overall Best: 0.9231 Generation: 4
length: 34.0
feature_occurency: [50, 50, 50, 50, 50, 50, 50, 50, 50, 50, 50, 50, 50, 50, 50, 50, 50, 50, 50, 50, 50, 50, 50, 50, 50, 50, 50, 50, 50, 50, 50, 50, 50, 50]

Generation 64
Average: 0.8630 Best: 0.9003
Best Individual: 
C0 6|7|4|14|13|28|15|9|5|26|2|11|18|31|33|29|23|8|24|1|25|32|10|3|16|30|19|0|12|20|22|17|27|21|
Overall Best: 0.9231 Generation: 4
length: 34.0
feature_occurency: [50, 50, 50, 50, 50, 50, 50, 50, 50, 50, 50, 50, 50, 50, 50, 50, 50, 50, 50, 50, 50, 50, 50, 50, 50, 50, 50, 50, 50, 50, 50, 50, 50, 50]

Generation 65
Average: 0.8492 Best: 0.9003
Best Individual: 
C0 6|7|4|14|13|28|15|9|5|26|2|11|18|31|33|29|23|8|24|10|25|32|1|3|16|30|19|0|12|20|22|17|27|21|
Overall Best: 0.9231 Generation: 4
length: 34.0
feature_occurency: [50, 50, 50, 50, 50, 50, 50, 50, 50, 50, 50, 50, 50, 50, 50, 50, 50, 50, 50, 50, 50, 50, 50, 50, 50, 50, 50, 50, 50, 50, 50, 50, 50, 50]

Generation 66
Average: 0.8524 Best: 0.9003
Best Individual: 
C0 6|7|4|14|13|28|15|3|5|26|2|11|18|31|10|29|23|8|24|33|25|32|1|9|16|30|19|0|12|20|22|17|27|21|
Overall Best: 0.9231 Generation: 4
length: 34.0
feature_occurency: [50, 50, 50, 50, 50, 50, 50, 50, 50, 50, 50, 50, 50, 50, 50, 50, 50, 50, 50, 50, 50, 50, 50, 50, 50, 50, 50, 50, 50, 50, 50, 50, 50, 50]

Generation 67
Average: 0.8640 Best: 0.9003
Best Individual: 
C0 6|7|4|14|1|2|20|27|5|26|28|11|18|12|33|31|23|8|24|10|25|0|19|3|16|30|13|32|29|15|22|17|9|21|
Overall Best: 0.9231 Generation: 4
length: 34.0
feature_occurency: [50, 50, 50, 50, 50, 50, 50, 50, 50, 50, 50, 50, 50, 50, 50, 50, 50, 50, 50, 50, 50, 50, 50, 50, 50, 50, 50, 50, 50, 50, 50, 50, 50, 50]

Generation 68
Average: 0.8638 Best: 0.9145
Best Individual: 
C0 28|31|4|3|24|1|10|21|20|18|7|22|16|32|5|33|17|29|12|23|30|11|0|13|6|27|2|14|26|15|25|19|8|9|
Overall Best: 0.9231 Generation: 4
length: 34.0
feature_occurency: [50, 50, 50, 50, 50, 50, 50, 50, 50, 50, 50, 50, 50, 50, 50, 50, 50, 50, 50, 50, 50, 50, 50, 50, 50, 50, 50, 50, 50, 50, 50, 50, 50, 50]

Generation 69
Average: 0.8580 Best: 0.9145
Best Individual: 
C0 28|31|4|3|24|1|10|21|20|18|7|22|16|32|25|33|17|9|19|23|30|11|0|13|6|27|2|14|26|15|5|12|8|29|
Overall Best: 0.9231 Generation: 4
length: 34.0
feature_occurency: [50, 50, 50, 50, 50, 50, 50, 50, 50, 50, 50, 50, 50, 50, 50, 50, 50, 50, 50, 50, 50, 50, 50, 50, 50, 50, 50, 50, 50, 50, 50, 50, 50, 50]

Generation 70
Average: 0.8644 Best: 0.9145
Best Individual: 
C0 28|31|4|6|24|1|10|26|20|18|7|22|16|32|11|33|2|9|0|25|21|23|19|17|3|27|14|13|30|15|5|12|8|29|
Overall Best: 0.9231 Generation: 4
length: 34.0
feature_occurency: [50, 50, 50, 50, 50, 50, 50, 50, 50, 50, 50, 50, 50, 50, 50, 50, 50, 50, 50, 50, 50, 50, 50, 50, 50, 50, 50, 50, 50, 50, 50, 50, 50, 50]

Generation 71
Average: 0.8572 Best: 0.9145
Best Individual: 
C0 28|31|4|3|24|17|10|18|20|21|7|1|16|32|25|33|22|9|19|23|30|11|0|13|6|15|2|14|26|27|5|12|8|29|
Overall Best: 0.9231 Generation: 4
length: 34.0
feature_occurency: [50, 50, 50, 50, 50, 50, 50, 50, 50, 50, 50, 50, 50, 50, 50, 50, 50, 50, 50, 50, 50, 50, 50, 50, 50, 50, 50, 50, 50, 50, 50, 50, 50, 50]

Generation 72
Average: 0.8597 Best: 0.9145
Best Individual: 
C0 28|31|4|3|24|1|10|18|0|21|9|22|29|32|25|33|23|8|12|6|2|11|27|20|16|19|17|7|26|5|13|15|30|14|
Overall Best: 0.9231 Generation: 4
length: 34.0
feature_occurency: [50, 50, 50, 50, 50, 50, 50, 50, 50, 50, 50, 50, 50, 50, 50, 50, 50, 50, 50, 50, 50, 50, 50, 50, 50, 50, 50, 50, 50, 50, 50, 50, 50, 50]

Generation 73
Average: 0.8697 Best: 0.9231
Best Individual: 
C0 2|4|5|8|24|17|30|28|32|31|15|11|33|14|22|3|9|25|26|27|19|16|21|20|10|29|13|18|12|6|0|7|23|1|
Overall Best: 0.9231 Generation: 4
length: 34.0
feature_occurency: [50, 50, 50, 50, 50, 50, 50, 50, 50, 50, 50, 50, 50, 50, 50, 50, 50, 50, 50, 50, 50, 50, 50, 50, 50, 50, 50, 50, 50, 50, 50, 50, 50, 50]

Generation 74
Average: 0.8709 Best: 0.9231
Best Individual: 
C0 2|4|5|19|24|17|30|28|10|31|15|11|33|14|22|3|9|25|26|27|8|16|21|29|32|20|13|18|12|6|0|7|23|1|
Overall Best: 0.9231 Generation: 4
length: 34.0
feature_occurency: [50, 50, 50, 50, 50, 50, 50, 50, 50, 50, 50, 50, 50, 50, 50, 50, 50, 50, 50, 50, 50, 50, 50, 50, 50, 50, 50, 50, 50, 50, 50, 50, 50, 50]

Generation 75
Average: 0.8676 Best: 0.9231
Best Individual: 
C0 2|4|5|16|29|15|10|18|27|21|25|22|24|32|30|19|17|9|26|6|20|11|13|1|33|31|12|28|14|3|0|7|23|8|
Overall Best: 0.9231 Generation: 4
length: 34.0
feature_occurency: [50, 50, 50, 50, 50, 50, 50, 50, 50, 50, 50, 50, 50, 50, 50, 50, 50, 50, 50, 50, 50, 50, 50, 50, 50, 50, 50, 50, 50, 50, 50, 50, 50, 50]

Generation 76
Average: 0.8750 Best: 0.9231
Best Individual: 
C0 2|4|5|3|29|15|10|18|24|21|25|22|7|32|13|19|17|9|23|6|20|11|30|16|33|31|12|28|14|1|0|27|26|8|
Overall Best: 0.9231 Generation: 4
length: 34.0
feature_occurency: [50, 50, 50, 50, 50, 50, 50, 50, 50, 50, 50, 50, 50, 50, 50, 50, 50, 50, 50, 50, 50, 50, 50, 50, 50, 50, 50, 50, 50, 50, 50, 50, 50, 50]

Generation 77
Average: 0.8763 Best: 0.9231
Best Individual: 
C0 2|4|5|6|14|21|25|18|24|11|10|22|7|32|13|19|17|9|23|3|20|15|30|16|33|31|12|28|27|1|0|29|26|8|
Overall Best: 0.9231 Generation: 4
length: 34.0
feature_occurency: [50, 50, 50, 50, 50, 50, 50, 50, 50, 50, 50, 50, 50, 50, 50, 50, 50, 50, 50, 50, 50, 50, 50, 50, 50, 50, 50, 50, 50, 50, 50, 50, 50, 50]

Generation 78
Average: 0.8663 Best: 0.9231
Best Individual: 
C0 2|4|5|16|29|19|24|18|8|15|26|22|10|32|30|20|23|1|25|14|21|33|13|9|17|28|12|31|6|3|0|7|11|27|
Overall Best: 0.9231 Generation: 4
length: 34.0
feature_occurency: [50, 50, 50, 50, 50, 50, 50, 50, 50, 50, 50, 50, 50, 50, 50, 50, 50, 50, 50, 50, 50, 50, 50, 50, 50, 50, 50, 50, 50, 50, 50, 50, 50, 50]

Generation 79
Average: 0.8643 Best: 0.9231
Best Individual: 
C0 2|4|5|16|29|20|10|18|11|15|7|27|31|32|24|19|23|1|25|14|21|33|13|9|22|30|12|28|6|3|0|26|17|8|
Overall Best: 0.9231 Generation: 4
length: 34.0
feature_occurency: [50, 50, 50, 50, 50, 50, 50, 50, 50, 50, 50, 50, 50, 50, 50, 50, 50, 50, 50, 50, 50, 50, 50, 50, 50, 50, 50, 50, 50, 50, 50, 50, 50, 50]

Generation 80
Average: 0.8654 Best: 0.9231
Best Individual: 
C0 2|4|5|24|14|21|30|28|22|11|26|16|7|32|25|19|17|18|12|9|23|10|13|6|33|31|27|3|20|1|0|29|15|8|
Overall Best: 0.9231 Generation: 4
length: 34.0
feature_occurency: [50, 50, 50, 50, 50, 50, 50, 50, 50, 50, 50, 50, 50, 50, 50, 50, 50, 50, 50, 50, 50, 50, 50, 50, 50, 50, 50, 50, 50, 50, 50, 50, 50, 50]

Generation 81
Average: 0.8626 Best: 0.9231
Best Individual: 
C0 2|4|5|16|29|20|1|18|33|15|7|27|31|25|24|19|17|10|13|14|32|11|21|9|22|30|12|28|6|3|0|26|23|8|
Overall Best: 0.9231 Generation: 4
length: 34.0
feature_occurency: [50, 50, 50, 50, 50, 50, 50, 50, 50, 50, 50, 50, 50, 50, 50, 50, 50, 50, 50, 50, 50, 50, 50, 50, 50, 50, 50, 50, 50, 50, 50, 50, 50, 50]

Generation 82
Average: 0.8651 Best: 0.9231
Best Individual: 
C0 2|4|5|16|26|20|24|18|31|15|0|27|33|25|1|19|17|10|13|14|32|11|21|9|22|30|12|28|6|3|7|29|23|8|
Overall Best: 0.9231 Generation: 4
length: 34.0
feature_occurency: [50, 50, 50, 50, 50, 50, 50, 50, 50, 50, 50, 50, 50, 50, 50, 50, 50, 50, 50, 50, 50, 50, 50, 50, 50, 50, 50, 50, 50, 50, 50, 50, 50, 50]

Generation 83
Average: 0.8595 Best: 0.9145
Best Individual: 
C0 28|31|4|10|9|7|5|23|11|25|6|18|29|19|32|33|8|30|24|22|3|2|0|16|21|13|14|1|26|27|15|20|17|12|
Overall Best: 0.9231 Generation: 4
length: 34.0
feature_occurency: [50, 50, 50, 50, 50, 50, 50, 50, 50, 50, 50, 50, 50, 50, 50, 50, 50, 50, 50, 50, 50, 50, 50, 50, 50, 50, 50, 50, 50, 50, 50, 50, 50, 50]

Generation 84
Average: 0.8594 Best: 0.9145
Best Individual: 
C0 28|31|4|10|9|7|5|32|23|25|6|18|29|19|11|33|8|30|24|22|3|2|0|16|21|13|14|1|26|27|15|20|17|12|
Overall Best: 0.9231 Generation: 4
length: 34.0
feature_occurency: [50, 50, 50, 50, 50, 50, 50, 50, 50, 50, 50, 50, 50, 50, 50, 50, 50, 50, 50, 50, 50, 50, 50, 50, 50, 50, 50, 50, 50, 50, 50, 50, 50, 50]

Generation 85
Average: 0.8619 Best: 0.9060
Best Individual: 
C0 23|4|5|16|26|8|13|6|17|7|18|29|32|2|15|10|20|19|22|21|11|12|31|33|9|3|28|0|24|30|25|14|27|1|
Overall Best: 0.9231 Generation: 4
length: 34.0
feature_occurency: [50, 50, 50, 50, 50, 50, 50, 50, 50, 50, 50, 50, 50, 50, 50, 50, 50, 50, 50, 50, 50, 50, 50, 50, 50, 50, 50, 50, 50, 50, 50, 50, 50, 50]

Generation 86
Average: 0.8615 Best: 0.9060
Best Individual: 
C0 8|14|7|5|12|25|19|26|4|1|18|27|31|32|3|11|20|16|22|23|21|24|13|15|2|28|17|30|9|0|6|33|10|29|
Overall Best: 0.9231 Generation: 4
length: 34.0
feature_occurency: [50, 50, 50, 50, 50, 50, 50, 50, 50, 50, 50, 50, 50, 50, 50, 50, 50, 50, 50, 50, 50, 50, 50, 50, 50, 50, 50, 50, 50, 50, 50, 50, 50, 50]

Generation 87
Average: 0.8631 Best: 0.9060
Best Individual: 
C0 8|14|7|13|12|25|19|26|4|1|18|27|31|32|3|11|20|16|22|9|21|24|5|15|2|28|17|30|23|0|6|33|10|29|
Overall Best: 0.9231 Generation: 4
length: 34.0
feature_occurency: [50, 50, 50, 50, 50, 50, 50, 50, 50, 50, 50, 50, 50, 50, 50, 50, 50, 50, 50, 50, 50, 50, 50, 50, 50, 50, 50, 50, 50, 50, 50, 50, 50, 50]

Generation 88
Average: 0.8685 Best: 0.9060
Best Individual: 
C0 23|4|5|16|26|8|15|13|2|7|18|29|6|17|21|32|20|19|22|3|9|12|31|30|11|10|28|0|24|33|25|14|27|1|
Overall Best: 0.9231 Generation: 4
length: 34.0
feature_occurency: [50, 50, 50, 50, 50, 50, 50, 50, 50, 50, 50, 50, 50, 50, 50, 50, 50, 50, 50, 50, 50, 50, 50, 50, 50, 50, 50, 50, 50, 50, 50, 50, 50, 50]

Generation 89
Average: 0.8701 Best: 0.9060
Best Individual: 
C0 23|4|5|7|32|8|13|11|29|16|20|17|12|18|15|25|14|19|22|3|2|26|31|33|24|21|28|0|9|30|10|1|27|6|
Overall Best: 0.9231 Generation: 4
length: 34.0
feature_occurency: [50, 50, 50, 50, 50, 50, 50, 50, 50, 50, 50, 50, 50, 50, 50, 50, 50, 50, 50, 50, 50, 50, 50, 50, 50, 50, 50, 50, 50, 50, 50, 50, 50, 50]

Generation 90
Average: 0.8608 Best: 0.9060
Best Individual: 
C0 4|23|5|16|26|8|15|13|2|7|18|31|0|17|21|32|20|19|22|3|9|12|29|30|11|10|28|6|24|33|25|14|27|1|
Overall Best: 0.9231 Generation: 4
length: 34.0
feature_occurency: [50, 50, 50, 50, 50, 50, 50, 50, 50, 50, 50, 50, 50, 50, 50, 50, 50, 50, 50, 50, 50, 50, 50, 50, 50, 50, 50, 50, 50, 50, 50, 50, 50, 50]

Generation 91
Average: 0.8656 Best: 0.9117
Best Individual: 
C0 4|7|5|9|30|3|10|1|8|18|26|25|14|16|32|20|15|12|23|31|24|17|13|33|21|0|11|29|22|27|6|28|19|2|
Overall Best: 0.9231 Generation: 4
length: 34.0
feature_occurency: [50, 50, 50, 50, 50, 50, 50, 50, 50, 50, 50, 50, 50, 50, 50, 50, 50, 50, 50, 50, 50, 50, 50, 50, 50, 50, 50, 50, 50, 50, 50, 50, 50, 50]

Generation 92
Average: 0.8613 Best: 0.9117
Best Individual: 
C0 4|7|5|9|30|3|10|12|8|13|26|25|20|16|32|14|19|1|6|23|0|15|24|21|2|18|11|29|22|27|31|28|17|33|
Overall Best: 0.9231 Generation: 4
length: 34.0
feature_occurency: [50, 50, 50, 50, 50, 50, 50, 50, 50, 50, 50, 50, 50, 50, 50, 50, 50, 50, 50, 50, 50, 50, 50, 50, 50, 50, 50, 50, 50, 50, 50, 50, 50, 50]

Generation 93
Average: 0.8589 Best: 0.9060
Best Individual: 
C0 13|7|4|32|8|0|28|19|31|5|33|25|20|16|6|24|14|15|23|22|29|10|21|30|17|18|2|11|3|27|1|9|12|26|
Overall Best: 0.9231 Generation: 4
length: 34.0
feature_occurency: [50, 50, 50, 50, 50, 50, 50, 50, 50, 50, 50, 50, 50, 50, 50, 50, 50, 50, 50, 50, 50, 50, 50, 50, 50, 50, 50, 50, 50, 50, 50, 50, 50, 50]

Generation 94
Average: 0.8548 Best: 0.9060
Best Individual: 
C0 13|7|4|32|6|31|19|29|14|12|27|17|0|18|15|25|16|30|22|2|28|26|10|33|24|21|3|1|9|8|11|23|5|20|
Overall Best: 0.9231 Generation: 4
length: 34.0
feature_occurency: [50, 50, 50, 50, 50, 50, 50, 50, 50, 50, 50, 50, 50, 50, 50, 50, 50, 50, 50, 50, 50, 50, 50, 50, 50, 50, 50, 50, 50, 50, 50, 50, 50, 50]

Generation 95
Average: 0.8542 Best: 0.9060
Best Individual: 
C0 13|7|4|32|6|31|19|29|14|12|27|17|0|18|15|25|16|30|22|2|28|26|10|33|24|21|3|1|9|8|11|23|5|20|
Overall Best: 0.9231 Generation: 4
length: 34.0
feature_occurency: [50, 50, 50, 50, 50, 50, 50, 50, 50, 50, 50, 50, 50, 50, 50, 50, 50, 50, 50, 50, 50, 50, 50, 50, 50, 50, 50, 50, 50, 50, 50, 50, 50, 50]

Generation 96
Average: 0.8652 Best: 0.9060
Best Individual: 
C0 13|7|4|22|31|5|2|10|14|21|9|28|11|1|15|3|16|12|32|33|17|18|29|8|19|30|25|20|26|23|0|24|6|27|
Overall Best: 0.9231 Generation: 4
length: 34.0
feature_occurency: [50, 50, 50, 50, 50, 50, 50, 50, 50, 50, 50, 50, 50, 50, 50, 50, 50, 50, 50, 50, 50, 50, 50, 50, 50, 50, 50, 50, 50, 50, 50, 50, 50, 50]

Generation 97
Average: 0.8652 Best: 0.9060
Best Individual: 
C0 13|7|4|22|5|31|2|10|14|24|9|28|11|15|20|3|0|12|32|33|18|1|16|8|17|30|25|19|26|23|29|21|6|27|
Overall Best: 0.9231 Generation: 4
length: 34.0
feature_occurency: [50, 50, 50, 50, 50, 50, 50, 50, 50, 50, 50, 50, 50, 50, 50, 50, 50, 50, 50, 50, 50, 50, 50, 50, 50, 50, 50, 50, 50, 50, 50, 50, 50, 50]

Generation 98
Average: 0.8609 Best: 0.9060
Best Individual: 
C0 13|7|4|22|5|31|2|10|14|24|29|28|11|15|20|3|0|12|32|33|18|1|16|8|17|30|21|19|26|23|9|25|6|27|
Overall Best: 0.9231 Generation: 4
length: 34.0
feature_occurency: [50, 50, 50, 50, 50, 50, 50, 50, 50, 50, 50, 50, 50, 50, 50, 50, 50, 50, 50, 50, 50, 50, 50, 50, 50, 50, 50, 50, 50, 50, 50, 50, 50, 50]

Generation 99
Average: 0.8614 Best: 0.8974
Best Individual: 
C0 5|4|6|32|3|17|18|31|22|13|19|16|1|25|30|28|12|15|9|11|2|10|24|14|8|27|29|21|33|20|26|23|0|7|
Overall Best: 0.9231 Generation: 4
==================
    Best individual after 100 generations
    computed in 192.6430 seconds
    324 elements out of 351 correct.
    emerged in generation 4
    with fitness 0.9231
==================

4|2|5|28|13|30|9|7|21|12|10|31|20|29|8|27|14|6|3|17|23|1|32|26|24|19|16|22|11|15|18|0|25|33|
