Starting evolution...
length: 21.64
feature_occurency: [31, 47, 49, 46, 50, 58, 57, 60, 53, 41, 40, 35, 58, 51, 43, 53, 67, 49, 43, 56, 67, 56, 47, 47, 57, 50, 52, 45, 75, 42, 53, 56, 39, 27]

Generation 0
Average: 0.8732 Best: 0.8974
Best Individual: 
C0 19|6|16|10|7|26|30|9|20|15|11|28|33|29|1|21|4|27|18|23|23|6|24|25|1|12|19|28|12|31|7|28|28|31|
Overall Best: 0.8974 Generation: 0
length: 21.26
feature_occurency: [40, 52, 47, 52, 47, 56, 66, 58, 58, 41, 40, 40, 62, 41, 43, 43, 61, 52, 48, 57, 61, 49, 44, 53, 49, 49, 57, 56, 72, 32, 56, 48, 38, 32]

Generation 1
Average: 0.8765 Best: 0.9003
Best Individual: 
C0 20|5|4|28|30|15|20|0|27|28|11|23|32|28|29|27|8|21|20|8|3|26|28|9|27|28|25|5|16|22|12|3|21|15|
Overall Best: 0.9003 Generation: 1
length: 21.26
feature_occurency: [33, 52, 46, 61, 47, 46, 72, 66, 54, 43, 40, 44, 52, 36, 40, 47, 69, 41, 58, 60, 78, 48, 36, 52, 54, 45, 53, 54, 84, 33, 56, 39, 31, 30]

Generation 2
Average: 0.8741 Best: 0.9060
Best Individual: 
C0 22|16|14|3|14|1|16|22|5|22|6|6|11|8|15|23|19|30|25|20|7|0|14|26|6|25|4|17|28|30|14|0|25|29|
Overall Best: 0.9060 Generation: 2
length: 21.14
feature_occurency: [30, 53, 45, 49, 46, 56, 74, 58, 59, 45, 37, 48, 57, 38, 52, 51, 51, 47, 62, 49, 89, 48, 38, 57, 42, 47, 57, 43, 84, 30, 62, 36, 33, 27]

Generation 3
Average: 0.8764 Best: 0.9003
Best Individual: 
C0 17|1|19|17|28|6|11|11|12|28|20|2|14|15|30|31|31|12|15|2|3|21|27|31|20|26|32|2|3|33|3|27|23|14|
Overall Best: 0.9060 Generation: 2
length: 21.34
feature_occurency: [28, 59, 55, 54, 46, 54, 73, 60, 52, 36, 41, 57, 47, 42, 47, 63, 45, 38, 53, 58, 85, 36, 41, 59, 34, 55, 56, 45, 97, 35, 56, 34, 35, 24]

Generation 4
Average: 0.8774 Best: 0.9003
Best Individual: 
C0 19|26|5|28|30|28|22|6|27|28|11|23|24|28|15|12|19|30|25|20|7|11|14|26|6|25|4|17|28|30|15|2|15|11|
Overall Best: 0.9060 Generation: 2
length: 21.28
feature_occurency: [27, 51, 64, 49, 56, 51, 71, 52, 44, 38, 30, 72, 50, 47, 53, 67, 49, 37, 47, 67, 88, 25, 36, 64, 29, 50, 67, 47, 82, 34, 57, 39, 33, 27]

Generation 5
Average: 0.8820 Best: 0.9031
Best Individual: 
C0 8|26|5|5|12|31|16|4|23|2|7|18|6|16|16|32|2|11|20|6|25|6|32|20|4|8|16|17|28|26|15|25|15|13|
Overall Best: 0.9060 Generation: 2
length: 21.12
feature_occurency: [25, 49, 80, 51, 53, 45, 65, 38, 57, 39, 30, 93, 45, 38, 53, 70, 44, 35, 36, 70, 92, 30, 34, 67, 35, 52, 59, 50, 96, 30, 51, 31, 32, 25]

Generation 6
Average: 0.8818 Best: 0.9031
Best Individual: 
C0 29|5|4|28|6|15|20|28|27|2|3|6|17|3|15|26|3|2|23|20|22|31|2|22|21|19|33|32|20|3|27|20|14|13|
Overall Best: 0.9060 Generation: 2
length: 21.26
feature_occurency: [35, 62, 75, 60, 61, 50, 58, 29, 53, 48, 41, 91, 40, 35, 49, 77, 36, 29, 33, 78, 66, 31, 32, 64, 28, 43, 56, 49, 102, 34, 64, 35, 28, 28]

Generation 7
Average: 0.8822 Best: 0.8974
Best Individual: 
C0 6|9|11|10|12|31|11|4|19|19|1|3|19|11|10|14|25|28|1|1|25|20|27|26|23|26|3|12|32|28|19|30|16|11|
Overall Best: 0.9060 Generation: 2
length: 21.6
feature_occurency: [29, 62, 69, 50, 64, 48, 53, 25, 46, 54, 54, 85, 46, 39, 57, 74, 39, 24, 37, 78, 69, 36, 30, 60, 36, 44, 58, 54, 94, 32, 61, 33, 33, 27]

Generation 8
Average: 0.8819 Best: 0.9088
Best Individual: 
C0 20|23|4|28|22|15|4|27|22|27|12|30|30|9|16|13|19|11|15|19|0|14|5|3|12|3|25|12|15|32|11|28|4|9|
Overall Best: 0.9088 Generation: 8
length: 21.76
feature_occurency: [21, 56, 67, 54, 66, 53, 40, 22, 57, 62, 57, 72, 54, 32, 57, 65, 30, 26, 47, 81, 64, 28, 33, 68, 41, 50, 54, 61, 87, 43, 56, 36, 35, 25]

Generation 9
Average: 0.8806 Best: 0.9031
Best Individual: 
C0 33|13|18|10|16|31|11|4|28|19|1|3|19|11|10|14|25|28|1|9|25|20|27|26|23|18|3|12|26|31|15|30|16|11|
Overall Best: 0.9088 Generation: 8
length: 21.98
feature_occurency: [19, 60, 59, 53, 46, 65, 33, 27, 68, 62, 62, 79, 57, 36, 62, 74, 25, 20, 40, 87, 60, 26, 32, 61, 39, 53, 68, 58, 85, 38, 60, 37, 29, 20]

Generation 10
Average: 0.8807 Best: 0.9060
Best Individual: 
C0 5|14|14|20|6|6|11|4|28|19|1|3|19|11|10|14|25|28|1|9|25|20|27|26|23|18|9|33|1|10|14|28|28|31|
Overall Best: 0.9088 Generation: 8
length: 21.66
feature_occurency: [18, 66, 57, 51, 47, 66, 43, 35, 63, 61, 52, 75, 51, 33, 63, 64, 27, 17, 44, 83, 63, 22, 41, 65, 32, 48, 71, 64, 89, 38, 55, 37, 36, 23]

Generation 11
Average: 0.8825 Best: 0.9003
Best Individual: 
C0 19|10|5|32|23|5|22|6|21|19|1|3|23|26|10|4|3|11|21|12|11|27|32|20|23|8|27|5|23|8|15|2|2|2|
Overall Best: 0.9088 Generation: 8
length: 21.64
feature_occurency: [20, 64, 54, 58, 48, 66, 37, 33, 56, 62, 54, 75, 56, 34, 66, 65, 23, 18, 40, 81, 68, 18, 32, 72, 29, 53, 67, 61, 87, 42, 50, 42, 46, 23]

Generation 12
Average: 0.8850 Best: 0.9060
Best Individual: 
C0 5|14|14|27|6|6|11|3|28|19|1|3|4|11|0|14|25|28|23|9|25|20|1|28|2|8|9|33|1|10|14|27|28|31|
Overall Best: 0.9088 Generation: 8
length: 21.38
feature_occurency: [19, 59, 50, 51, 50, 56, 32, 40, 55, 52, 52, 79, 60, 41, 70, 62, 13, 18, 38, 76, 68, 24, 27, 69, 33, 60, 73, 68, 78, 59, 53, 46, 44, 25]

Generation 13
Average: 0.8825 Best: 0.9003
Best Individual: 
C0 19|26|5|28|26|3|7|6|0|2|27|12|24|11|12|4|15|20|32|23|29|20|27|3|23|31|8|12|14|17|29|2|15|11|
Overall Best: 0.9088 Generation: 8
length: 21.58
feature_occurency: [17, 61, 63, 50, 55, 66, 35, 52, 45, 59, 52, 69, 60, 40, 63, 54, 18, 12, 40, 76, 71, 20, 29, 72, 40, 52, 73, 65, 69, 50, 52, 47, 46, 27]

Generation 14
Average: 0.8815 Best: 0.9060
Best Individual: 
C0 19|26|25|28|26|27|9|14|27|22|29|32|19|7|29|9|9|24|25|14|7|12|27|26|23|4|8|12|28|26|29|22|15|28|
Overall Best: 0.9088 Generation: 8
length: 21.08
feature_occurency: [18, 64, 58, 49, 62, 66, 32, 59, 49, 54, 55, 67, 61, 35, 68, 45, 18, 8, 36, 70, 74, 16, 34, 60, 32, 53, 92, 67, 67, 48, 50, 55, 48, 30]

Generation 15
Average: 0.8840 Best: 0.9060
Best Individual: 
C0 33|22|30|20|31|27|12|33|27|15|29|32|19|31|10|1|15|28|2|31|29|12|27|26|23|4|8|12|28|1|4|32|14|31|
Overall Best: 0.9088 Generation: 8
length: 21.3
feature_occurency: [16, 64, 55, 47, 68, 64, 37, 52, 46, 47, 53, 58, 72, 33, 69, 38, 25, 10, 28, 60, 69, 18, 38, 59, 38, 63, 104, 77, 64, 53, 49, 43, 49, 34]

Generation 16
Average: 0.8852 Best: 0.9060
Best Individual: 
C0 19|7|5|20|30|28|9|14|24|20|10|26|4|23|9|12|3|6|8|3|10|26|6|14|6|10|18|2|28|30|14|2|27|30|
Overall Best: 0.9088 Generation: 8
length: 21.06
feature_occurency: [16, 78, 60, 50, 70, 60, 39, 54, 45, 46, 56, 58, 73, 33, 77, 39, 17, 8, 28, 64, 71, 23, 40, 57, 32, 61, 92, 74, 66, 47, 41, 47, 53, 25]

Generation 17
Average: 0.8860 Best: 0.9088
Best Individual: 
C0 26|14|31|20|1|27|5|6|27|19|1|22|22|4|29|5|4|25|2|29|29|10|3|23|4|25|13|14|10|29|15|2|15|19|
Overall Best: 0.9088 Generation: 8
length: 20.72
feature_occurency: [16, 79, 46, 55, 71, 55, 33, 58, 40, 47, 55, 53, 75, 32, 92, 39, 13, 12, 26, 60, 69, 26, 44, 67, 33, 52, 95, 86, 60, 56, 35, 42, 53, 25]

Generation 18
Average: 0.8880 Best: 0.9060
Best Individual: 
C0 19|7|5|20|30|28|9|14|24|29|23|18|4|23|1|12|3|6|8|3|15|26|6|14|12|10|18|2|28|30|9|2|27|6|
Overall Best: 0.9088 Generation: 8
length: 20.94
feature_occurency: [22, 83, 48, 56, 68, 52, 46, 65, 39, 43, 52, 63, 69, 26, 81, 31, 11, 21, 38, 62, 68, 34, 40, 67, 32, 57, 70, 84, 59, 42, 43, 41, 55, 32]

Generation 19
Average: 0.8863 Best: 0.9088
Best Individual: 
C0 20|8|12|5|27|28|12|33|16|3|14|19|23|14|10|26|12|3|27|1|7|11|3|23|4|14|14|26|2|26|27|22|8|20|
Overall Best: 0.9088 Generation: 8
length: 21.34
feature_occurency: [25, 79, 63, 56, 68, 48, 35, 67, 36, 37, 47, 59, 67, 27, 79, 36, 14, 19, 37, 63, 66, 35, 43, 70, 33, 59, 78, 80, 47, 51, 34, 45, 59, 38]

Generation 20
Average: 0.8846 Best: 0.9145
Best Individual: 
C0 14|2|22|20|4|20|12|20|19|3|14|19|23|14|15|26|12|3|0|1|7|11|3|23|4|14|14|20|17|5|9|2|2|30|
Overall Best: 0.9145 Generation: 20
length: 21.66
feature_occurency: [15, 78, 55, 58, 77, 55, 43, 61, 37, 44, 45, 59, 64, 31, 72, 46, 15, 18, 33, 68, 61, 41, 36, 75, 32, 54, 71, 84, 43, 48, 34, 52, 52, 43]

Generation 21
Average: 0.8855 Best: 0.9117
Best Individual: 
C0 7|2|33|20|31|13|12|20|12|3|14|24|23|14|10|6|12|3|27|1|7|11|3|23|4|14|32|20|17|5|9|2|2|9|
Overall Best: 0.9145 Generation: 20
length: 21.72
feature_occurency: [20, 66, 61, 64, 75, 58, 41, 49, 28, 39, 42, 61, 65, 31, 75, 45, 10, 18, 34, 70, 64, 35, 40, 80, 39, 64, 51, 83, 43, 53, 42, 58, 53, 43]

Generation 22
Average: 0.8863 Best: 0.9060
Best Individual: 
C0 16|30|1|22|14|15|1|6|27|19|1|18|9|28|10|4|3|6|8|3|5|26|6|24|12|21|12|33|6|1|14|23|30|30|
Overall Best: 0.9145 Generation: 20
length: 21.8
feature_occurency: [19, 74, 56, 68, 82, 55, 47, 51, 26, 33, 40, 54, 57, 35, 67, 43, 13, 19, 34, 64, 62, 38, 39, 80, 40, 63, 46, 79, 42, 59, 55, 50, 65, 45]

Generation 23
Average: 0.8862 Best: 0.9088
Best Individual: 
C0 19|26|5|1|31|2|29|4|27|32|1|32|25|22|25|24|4|5|2|29|33|10|3|23|6|21|20|4|10|14|4|27|13|29|
Overall Best: 0.9145 Generation: 20
length: 21.42
feature_occurency: [15, 68, 60, 48, 85, 66, 49, 35, 21, 34, 39, 47, 58, 35, 60, 30, 14, 15, 31, 74, 60, 41, 42, 77, 48, 68, 48, 83, 39, 75, 53, 51, 80, 51]

Generation 24
Average: 0.8870 Best: 0.9060
Best Individual: 
C0 19|1|33|20|30|32|9|14|24|29|23|3|11|7|7|27|23|12|23|32|1|15|27|4|9|4|9|23|26|21|18|2|27|6|
Overall Best: 0.9145 Generation: 20
length: 21.26
feature_occurency: [16, 74, 68, 44, 88, 60, 46, 41, 20, 35, 41, 49, 57, 31, 53, 26, 22, 19, 34, 72, 46, 40, 34, 75, 41, 78, 47, 75, 38, 81, 51, 56, 89, 53]

Generation 25
Average: 0.8865 Best: 0.9117
Best Individual: 
C0 19|26|23|30|25|33|22|4|27|32|5|32|25|14|25|26|30|25|1|4|7|8|14|4|7|25|20|4|0|29|13|32|14|13|
Overall Best: 0.9145 Generation: 20
length: 21.02
feature_occurency: [25, 72, 61, 43, 88, 63, 43, 32, 21, 31, 39, 39, 52, 29, 60, 27, 20, 13, 36, 83, 54, 41, 28, 73, 41, 80, 52, 75, 38, 85, 48, 58, 95, 55]

Generation 26
Average: 0.8869 Best: 0.9088
Best Individual: 
C0 19|4|23|30|23|13|12|0|12|33|31|24|13|14|19|26|6|3|0|1|27|25|3|23|4|14|32|20|17|18|13|32|14|13|
Overall Best: 0.9145 Generation: 20
length: 20.9
feature_occurency: [23, 71, 53, 46, 100, 59, 45, 29, 17, 28, 37, 27, 56, 37, 65, 28, 16, 24, 37, 88, 62, 41, 23, 79, 51, 58, 66, 69, 39, 88, 44, 64, 78, 52]

Generation 27
Average: 0.8874 Best: 0.9060
Best Individual: 
C0 19|26|29|12|31|33|6|4|27|32|17|24|13|7|7|27|12|26|9|1|27|26|1|23|13|14|9|20|17|30|14|23|31|25|
Overall Best: 0.9145 Generation: 20
length: 21.16
feature_occurency: [25, 75, 54, 42, 95, 64, 41, 40, 14, 24, 41, 30, 56, 31, 61, 23, 12, 22, 41, 92, 54, 42, 27, 72, 55, 52, 77, 63, 45, 86, 42, 74, 75, 53]

Generation 28
Average: 0.8864 Best: 0.9060
Best Individual: 
C0 19|4|29|12|31|33|6|4|27|32|17|24|13|7|7|20|12|26|6|1|27|26|1|23|13|14|9|20|17|30|14|23|31|25|
Overall Best: 0.9145 Generation: 20
length: 21.26
feature_occurency: [23, 79, 56, 52, 99, 49, 44, 29, 11, 27, 39, 34, 58, 32, 66, 23, 11, 28, 44, 82, 54, 46, 26, 81, 51, 55, 67, 60, 59, 85, 48, 72, 56, 54]

Generation 29
Average: 0.8872 Best: 0.9031
Best Individual: 
C0 19|20|28|27|7|32|29|4|28|31|15|4|27|11|5|24|4|26|5|31|20|15|26|23|14|21|2|31|7|11|4|6|22|19|
Overall Best: 0.9145 Generation: 20
length: 21.22
feature_occurency: [24, 76, 48, 57, 102, 38, 44, 40, 12, 28, 36, 36, 60, 38, 66, 27, 12, 31, 33, 87, 63, 44, 19, 85, 52, 43, 66, 61, 58, 77, 51, 66, 70, 50]

Generation 30
Average: 0.8895 Best: 0.9060
Best Individual: 
C0 31|3|12|30|12|30|23|12|33|32|0|12|29|12|4|18|12|32|2|29|33|20|19|33|31|19|32|29|32|1|10|23|20|30|
Overall Best: 0.9145 Generation: 20
length: 20.9
feature_occurency: [25, 77, 48, 56, 91, 38, 41, 37, 19, 27, 40, 35, 65, 36, 71, 30, 23, 23, 28, 92, 51, 36, 19, 82, 54, 46, 58, 68, 77, 79, 50, 60, 64, 54]

Generation 31
Average: 0.8854 Best: 0.9088
Best Individual: 
C0 19|32|23|32|32|30|0|13|28|14|15|4|27|2|10|26|5|3|12|29|19|10|3|3|3|14|1|4|2|20|28|32|14|20|
Overall Best: 0.9145 Generation: 20
length: 21.0
feature_occurency: [27, 78, 44, 54, 81, 37, 42, 38, 17, 24, 45, 35, 72, 38, 75, 36, 20, 27, 25, 105, 58, 40, 17, 86, 54, 52, 52, 66, 68, 78, 53, 55, 59, 42]

Generation 32
Average: 0.8865 Best: 0.9088
Best Individual: 
C0 28|8|33|2|18|26|12|0|12|33|31|12|21|29|6|24|14|1|1|29|19|4|13|25|4|19|23|12|25|29|33|23|31|26|
Overall Best: 0.9145 Generation: 20
length: 21.04
feature_occurency: [21, 76, 53, 53, 70, 34, 49, 40, 13, 28, 39, 36, 82, 46, 71, 32, 13, 33, 24, 96, 53, 31, 19, 92, 52, 57, 58, 66, 57, 75, 57, 63, 66, 45]

Generation 33
Average: 0.8872 Best: 0.9117
Best Individual: 
C0 19|32|23|32|32|30|0|32|28|14|15|4|27|2|10|26|5|3|12|29|19|1|25|3|3|14|32|4|6|20|28|32|14|20|
Overall Best: 0.9145 Generation: 20
length: 21.5
feature_occurency: [22, 93, 53, 62, 79, 31, 52, 36, 16, 23, 44, 41, 74, 40, 68, 27, 17, 26, 29, 98, 43, 30, 19, 92, 61, 60, 55, 59, 54, 88, 42, 62, 57, 47]

Generation 34
Average: 0.8887 Best: 0.9145
Best Individual: 
C0 26|1|6|20|18|26|12|0|12|7|31|12|21|29|6|23|14|1|23|29|19|4|33|25|4|19|24|31|31|30|27|23|12|8|
Overall Best: 0.9145 Generation: 20
length: 21.12
feature_occurency: [28, 88, 53, 51, 85, 41, 50, 42, 16, 26, 35, 43, 61, 45, 69, 34, 18, 23, 36, 100, 44, 37, 16, 95, 56, 52, 52, 51, 55, 91, 36, 68, 55, 48]

Generation 35
Average: 0.8885 Best: 0.9088
Best Individual: 
C0 10|4|13|1|31|33|19|4|27|27|24|24|11|18|6|14|5|1|1|29|31|7|13|23|6|33|14|17|6|14|14|23|31|30|
Overall Best: 0.9145 Generation: 20
length: 20.68
feature_occurency: [33, 84, 48, 36, 84, 46, 56, 41, 20, 16, 36, 42, 60, 45, 85, 24, 33, 15, 41, 111, 49, 36, 18, 101, 44, 41, 55, 58, 48, 83, 32, 80, 47, 52]

Generation 36
Average: 0.8903 Best: 0.9117
Best Individual: 
C0 23|26|6|20|24|30|23|12|1|28|13|24|13|12|6|23|14|1|23|29|19|4|33|14|4|19|24|14|31|30|27|23|12|14|
Overall Best: 0.9145 Generation: 20
length: 20.7
feature_occurency: [41, 73, 56, 44, 88, 45, 55, 45, 21, 11, 36, 38, 62, 44, 93, 24, 33, 15, 36, 108, 61, 25, 19, 104, 41, 43, 58, 47, 44, 79, 33, 61, 59, 58]

Generation 37
Average: 0.8915 Best: 0.9174
Best Individual: 
C0 23|6|10|20|24|30|5|12|1|32|1|19|13|6|4|29|11|33|1|4|5|14|29|26|23|11|0|14|31|30|27|23|12|14|
Overall Best: 0.9174 Generation: 37
length: 20.84
feature_occurency: [38, 68, 56, 55, 94, 53, 63, 44, 24, 15, 32, 42, 56, 37, 92, 23, 31, 16, 40, 101, 61, 20, 19, 98, 33, 39, 59, 45, 46, 89, 40, 63, 58, 50]

Generation 38
Average: 0.8925 Best: 0.9145
Best Individual: 
C0 26|1|24|12|18|26|12|0|13|7|13|12|27|11|19|5|6|3|0|5|27|17|3|11|4|1|29|4|17|15|19|23|22|25|
Overall Best: 0.9174 Generation: 37
length: 20.78
feature_occurency: [39, 65, 48, 62, 89, 51, 74, 49, 21, 14, 34, 38, 68, 35, 99, 27, 48, 21, 40, 83, 72, 22, 20, 95, 34, 32, 55, 47, 45, 78, 36, 66, 49, 44]

Generation 39
Average: 0.8905 Best: 0.9060
Best Individual: 
C0 26|1|24|14|7|26|12|0|13|6|18|12|27|11|19|5|6|3|0|5|27|17|3|11|4|1|29|4|30|15|19|23|22|25|
Overall Best: 0.9174 Generation: 37
length: 21.16
feature_occurency: [31, 60, 35, 66, 82, 54, 72, 53, 18, 15, 42, 30, 82, 41, 99, 28, 50, 29, 46, 92, 67, 19, 27, 88, 37, 35, 65, 45, 37, 71, 28, 59, 53, 44]

Generation 40
Average: 0.8879 Best: 0.9060
Best Individual: 
C0 19|14|5|11|31|33|12|14|12|19|19|14|13|4|32|4|4|3|1|20|27|13|3|29|4|33|14|17|6|14|28|32|14|20|
Overall Best: 0.9174 Generation: 37
length: 21.32
feature_occurency: [32, 55, 24, 71, 94, 59, 69, 48, 27, 24, 35, 33, 92, 44, 101, 38, 39, 36, 42, 94, 59, 13, 21, 74, 44, 30, 58, 55, 32, 71, 27, 55, 60, 44]

Generation 41
Average: 0.8890 Best: 0.9060
Best Individual: 
C0 10|31|23|24|31|30|18|14|12|19|1|19|32|6|32|29|15|5|1|4|33|23|33|7|7|16|16|4|7|14|14|27|26|20|
Overall Best: 0.9174 Generation: 37
length: 21.36
feature_occurency: [30, 52, 16, 64, 95, 61, 64, 52, 29, 28, 29, 49, 92, 41, 103, 36, 28, 35, 43, 94, 61, 14, 28, 69, 46, 31, 61, 58, 35, 67, 38, 58, 54, 39]

Generation 42
Average: 0.8891 Best: 0.9088
Best Individual: 
C0 19|27|24|12|1|7|32|0|12|7|13|3|27|5|10|26|5|3|18|12|19|14|1|1|23|22|28|4|6|4|4|32|22|25|
Overall Best: 0.9174 Generation: 37
length: 21.74
feature_occurency: [32, 45, 18, 65, 94, 56, 64, 42, 26, 35, 35, 45, 98, 38, 98, 41, 28, 44, 44, 89, 71, 16, 26, 82, 52, 29, 63, 57, 30, 63, 40, 51, 49, 34]

Generation 43
Average: 0.8907 Best: 0.9088
Best Individual: 
C0 19|24|24|12|1|7|32|0|12|7|13|3|27|5|10|26|5|3|18|12|19|14|1|0|23|22|28|4|6|4|4|32|22|25|
Overall Best: 0.9174 Generation: 37
length: 21.48
feature_occurency: [41, 43, 23, 59, 88, 53, 68, 45, 29, 32, 37, 46, 88, 37, 88, 48, 35, 37, 45, 96, 70, 16, 29, 74, 44, 33, 65, 61, 30, 63, 45, 48, 51, 33]

Generation 44
Average: 0.8885 Best: 0.9117
Best Individual: 
C0 20|31|23|3|31|30|18|14|12|19|1|19|31|6|32|11|4|3|1|4|15|23|33|5|7|16|16|4|7|14|14|27|26|20|
Overall Best: 0.9174 Generation: 37
length: 21.46
feature_occurency: [34, 41, 22, 60, 90, 51, 66, 37, 33, 34, 39, 47, 87, 33, 91, 47, 30, 25, 49, 102, 65, 16, 31, 79, 45, 42, 67, 58, 37, 56, 47, 50, 56, 33]

Generation 45
Average: 0.8871 Best: 0.9117
Best Individual: 
C0 20|31|23|3|31|30|18|14|12|19|1|19|31|6|32|11|4|3|1|4|15|32|33|5|32|16|16|4|7|14|14|27|26|20|
Overall Best: 0.9174 Generation: 37
length: 21.24
feature_occurency: [30, 41, 26, 59, 102, 48, 62, 41, 45, 30, 38, 44, 83, 36, 106, 49, 33, 26, 49, 94, 74, 15, 34, 76, 38, 37, 62, 58, 31, 47, 36, 54, 62, 34]

Generation 46
Average: 0.8885 Best: 0.9202
Best Individual: 
C0 10|4|7|14|27|33|12|0|12|20|15|6|27|11|15|12|6|18|26|30|19|30|3|3|11|14|5|4|6|10|2|23|31|3|
Overall Best: 0.9202 Generation: 46
length: 21.42
feature_occurency: [22, 40, 24, 75, 106, 52, 61, 30, 50, 34, 35, 39, 79, 34, 104, 54, 41, 25, 40, 96, 73, 21, 31, 79, 39, 38, 61, 60, 29, 54, 36, 55, 53, 30]

Generation 47
Average: 0.8896 Best: 0.9145
Best Individual: 
C0 19|4|33|8|31|4|3|14|14|30|18|27|3|4|16|26|6|32|9|16|18|4|28|25|9|31|14|18|19|12|1|23|5|20|
Overall Best: 0.9202 Generation: 46
length: 21.16
feature_occurency: [15, 42, 26, 78, 91, 60, 60, 39, 40, 38, 38, 50, 70, 30, 112, 60, 44, 30, 48, 83, 78, 22, 14, 83, 42, 37, 60, 67, 28, 58, 35, 58, 43, 21]

Generation 48
Average: 0.8883 Best: 0.9117
Best Individual: 
C0 19|14|30|12|7|23|29|14|5|5|13|15|31|18|23|3|3|1|6|12|27|13|3|11|4|7|23|4|17|20|29|13|14|20|
Overall Best: 0.9202 Generation: 46
length: 20.98
feature_occurency: [16, 45, 26, 70, 80, 60, 62, 33, 37, 46, 34, 56, 77, 39, 111, 53, 29, 37, 55, 79, 87, 21, 15, 89, 36, 38, 53, 68, 29, 59, 34, 63, 42, 21]

Generation 49
Average: 0.8900 Best: 0.9088
Best Individual: 
C0 19|4|18|27|26|28|33|26|26|15|27|15|27|11|1|5|24|14|16|31|15|23|18|3|30|11|16|2|19|12|1|23|5|20|
Overall Best: 0.9202 Generation: 46
length: 20.8
feature_occurency: [16, 50, 25, 78, 90, 58, 65, 39, 36, 43, 42, 59, 73, 40, 105, 56, 27, 39, 64, 77, 83, 12, 18, 84, 29, 38, 45, 71, 17, 60, 39, 60, 41, 21]

Generation 50
Average: 0.8893 Best: 0.9088
Best Individual: 
C0 19|3|30|12|7|23|20|14|4|5|13|15|31|18|3|3|8|1|6|12|27|13|14|11|4|25|23|19|17|29|29|13|14|20|
Overall Best: 0.9202 Generation: 46
length: 20.24
feature_occurency: [17, 46, 22, 79, 98, 48, 70, 40, 36, 38, 36, 60, 75, 37, 120, 41, 23, 40, 53, 74, 99, 17, 14, 84, 29, 28, 39, 76, 23, 50, 47, 73, 40, 28]

Generation 51
Average: 0.8924 Best: 0.9202
Best Individual: 
C0 20|11|23|27|17|33|3|14|9|23|15|15|9|11|20|3|3|1|6|12|27|13|8|1|6|11|29|29|19|24|19|27|26|9|
Overall Best: 0.9202 Generation: 46
length: 20.38
feature_occurency: [16, 45, 24, 83, 76, 56, 72, 37, 35, 49, 18, 66, 72, 37, 121, 43, 22, 50, 51, 72, 108, 15, 8, 82, 29, 25, 40, 78, 18, 56, 55, 72, 33, 36]

Generation 52
Average: 0.8913 Best: 0.9145
Best Individual: 
C0 14|21|23|20|30|4|3|14|14|31|19|27|26|14|31|12|6|32|9|12|31|33|26|20|3|14|3|31|19|24|19|27|26|9|
Overall Best: 0.9202 Generation: 46
length: 20.76
feature_occurency: [15, 45, 21, 74, 65, 69, 74, 25, 28, 52, 19, 59, 66, 33, 127, 40, 25, 43, 43, 82, 104, 23, 11, 71, 34, 30, 58, 81, 20, 48, 54, 85, 40, 36]

Generation 53
Average: 0.8895 Best: 0.9145
Best Individual: 
C0 11|5|23|27|5|4|17|5|33|19|18|7|3|4|10|26|30|5|31|16|19|14|20|29|6|11|29|1|17|14|19|31|19|25|
Overall Best: 0.9202 Generation: 46
length: 21.26
feature_occurency: [20, 44, 22, 63, 74, 69, 78, 30, 27, 44, 22, 63, 53, 43, 123, 39, 22, 46, 39, 81, 95, 23, 16, 70, 36, 35, 57, 84, 18, 51, 57, 86, 34, 36]

Generation 54
Average: 0.8869 Best: 0.9145
Best Individual: 
C0 33|8|13|23|31|4|3|14|18|30|21|18|2|1|31|12|6|20|27|33|18|29|25|14|24|13|29|20|28|14|14|26|20|14|
Overall Best: 0.9202 Generation: 46
length: 21.28
feature_occurency: [23, 37, 27, 64, 73, 66, 65, 36, 38, 48, 25, 58, 53, 47, 128, 41, 17, 46, 40, 79, 88, 23, 22, 77, 36, 38, 54, 89, 17, 39, 55, 73, 46, 32]

Generation 55
Average: 0.8848 Best: 0.9202
Best Individual: 
C0 19|7|23|23|31|4|17|5|33|4|13|1|20|1|31|12|6|32|7|24|30|12|1|20|27|27|11|0|6|30|19|26|12|12|
Overall Best: 0.9202 Generation: 46
length: 21.34
feature_occurency: [18, 42, 30, 66, 74, 62, 62, 39, 39, 42, 25, 63, 57, 51, 116, 42, 12, 45, 42, 84, 87, 20, 21, 70, 40, 41, 56, 93, 21, 45, 43, 80, 40, 32]

Generation 56
Average: 0.8880 Best: 0.9088
Best Individual: 
C0 19|26|23|23|31|4|17|31|33|4|13|28|20|1|31|12|6|32|7|24|30|12|23|11|4|6|29|27|20|13|19|26|11|8|
Overall Best: 0.9202 Generation: 46
length: 21.12
feature_occurency: [17, 49, 43, 61, 76, 64, 70, 39, 36, 38, 26, 71, 47, 60, 105, 35, 14, 45, 47, 90, 81, 20, 19, 70, 50, 32, 53, 78, 23, 40, 50, 78, 39, 34]

Generation 57
Average: 0.8878 Best: 0.9060
Best Individual: 
C0 19|26|23|23|31|4|17|31|33|4|13|28|1|19|27|12|6|32|6|24|30|12|23|11|4|6|29|27|20|13|19|26|11|8|
Overall Best: 0.9202 Generation: 46
length: 21.14
feature_occurency: [19, 43, 44, 62, 69, 57, 76, 39, 38, 37, 30, 73, 51, 58, 110, 41, 19, 39, 34, 81, 82, 21, 18, 77, 51, 25, 59, 83, 26, 41, 49, 70, 40, 38]

Generation 58
Average: 0.8870 Best: 0.9088
Best Individual: 
C0 14|21|23|5|31|4|3|14|33|4|3|27|26|14|31|6|6|14|9|18|10|4|11|11|24|14|21|26|3|29|33|26|14|9|
Overall Best: 0.9202 Generation: 46
length: 20.94
feature_occurency: [18, 40, 49, 63, 73, 55, 81, 40, 40, 45, 27, 74, 58, 54, 106, 39, 18, 32, 38, 77, 71, 27, 14, 84, 44, 25, 69, 88, 26, 44, 34, 59, 47, 41]

Generation 59
Average: 0.8872 Best: 0.9117
Best Individual: 
C0 6|5|23|23|18|4|20|14|31|30|21|18|1|24|19|26|6|20|27|24|31|12|25|14|15|13|29|20|28|20|29|15|14|7|
Overall Best: 0.9202 Generation: 46
length: 20.64
feature_occurency: [21, 31, 35, 58, 76, 60, 77, 36, 39, 57, 32, 69, 59, 54, 105, 44, 18, 20, 31, 71, 70, 41, 16, 94, 41, 27, 75, 77, 24, 53, 30, 60, 47, 52]

Generation 60
Average: 0.8896 Best: 0.9145
Best Individual: 
C0 19|32|23|23|31|24|17|8|33|4|13|9|20|8|27|29|6|32|24|29|0|5|11|32|27|27|11|0|12|6|19|26|9|11|
Overall Best: 0.9202 Generation: 46
length: 21.2
feature_occurency: [26, 39, 28, 49, 69, 54, 81, 41, 48, 61, 29, 69, 55, 51, 85, 46, 21, 28, 30, 69, 72, 41, 18, 91, 41, 30, 87, 76, 29, 56, 23, 64, 44, 49]

Generation 61
Average: 0.8881 Best: 0.9117
Best Individual: 
C0 23|17|15|20|23|4|27|8|33|19|13|19|12|1|4|17|23|14|9|12|3|26|0|11|3|6|10|12|32|9|9|8|33|9|
Overall Best: 0.9202 Generation: 46
length: 21.66
feature_occurency: [32, 41, 33, 47, 71, 59, 71, 42, 48, 66, 33, 70, 63, 57, 73, 48, 20, 39, 27, 85, 67, 34, 17, 88, 48, 17, 87, 76, 30, 45, 24, 47, 44, 51]

Generation 62
Average: 0.8896 Best: 0.9060
Best Individual: 
C0 19|32|23|23|31|25|13|26|14|19|13|31|29|14|10|26|6|15|9|23|5|24|11|32|27|27|11|0|12|6|19|26|9|24|
Overall Best: 0.9202 Generation: 46
length: 21.7
feature_occurency: [39, 42, 30, 48, 62, 51, 66, 36, 52, 72, 36, 70, 60, 62, 64, 43, 16, 42, 35, 97, 61, 37, 26, 88, 44, 12, 85, 73, 33, 45, 26, 46, 48, 53]

Generation 63
Average: 0.8860 Best: 0.9088
Best Individual: 
C0 19|26|8|30|3|8|32|5|3|2|1|27|33|27|15|12|6|19|9|24|23|23|14|11|4|30|8|3|20|32|19|26|26|31|
Overall Best: 0.9202 Generation: 46
length: 21.44
feature_occurency: [31, 51, 33, 43, 76, 50, 61, 34, 52, 67, 36, 69, 72, 55, 62, 37, 13, 40, 35, 98, 70, 37, 27, 84, 36, 19, 76, 69, 35, 37, 35, 48, 59, 53]

Generation 64
Average: 0.8860 Best: 0.9145
Best Individual: 
C0 19|18|13|18|23|0|30|5|9|19|13|13|4|14|10|26|6|15|9|23|5|24|11|32|27|9|11|0|33|5|19|26|13|19|
Overall Best: 0.9202 Generation: 46
length: 21.52
feature_occurency: [26, 60, 39, 46, 87, 52, 56, 26, 56, 69, 25, 68, 71, 48, 58, 38, 14, 46, 41, 98, 66, 25, 25, 91, 45, 16, 67, 63, 37, 42, 39, 46, 57, 57]

Generation 65
Average: 0.8887 Best: 0.9231
Best Individual: 
C0 19|14|13|20|23|4|27|8|33|19|13|19|12|1|11|17|6|15|9|23|5|24|11|32|27|9|11|0|33|5|19|26|13|12|
Overall Best: 0.9231 Generation: 65
length: 21.74
feature_occurency: [27, 70, 30, 55, 80, 43, 61, 28, 47, 56, 25, 75, 71, 48, 62, 34, 19, 44, 36, 96, 62, 23, 26, 88, 51, 19, 70, 68, 25, 46, 47, 53, 63, 52]

Generation 66
Average: 0.8868 Best: 0.9145
Best Individual: 
C0 19|14|13|20|23|4|27|8|33|19|13|19|12|1|27|12|6|15|9|23|5|24|11|32|32|9|11|0|33|5|19|26|13|12|
Overall Best: 0.9231 Generation: 65
length: 21.72
feature_occurency: [31, 65, 30, 49, 77, 47, 49, 24, 47, 62, 22, 85, 73, 58, 71, 37, 18, 55, 29, 104, 60, 23, 23, 77, 54, 20, 73, 65, 23, 36, 51, 55, 59, 48]

Generation 67
Average: 0.8847 Best: 0.9117
Best Individual: 
C0 19|26|11|20|7|4|27|8|33|19|8|26|12|1|11|5|31|19|9|24|23|23|14|11|4|14|8|3|2|32|19|26|26|2|
Overall Best: 0.9231 Generation: 65
length: 21.72
feature_occurency: [26, 72, 35, 46, 68, 54, 47, 29, 54, 68, 23, 88, 69, 55, 71, 40, 15, 42, 26, 102, 59, 23, 20, 88, 45, 27, 71, 69, 22, 36, 52, 57, 55, 46]

Generation 68
Average: 0.8886 Best: 0.9117
Best Individual: 
C0 19|25|23|23|26|21|26|26|11|2|1|27|33|27|10|8|29|20|12|14|23|11|9|22|27|26|11|0|12|6|4|13|33|31|
Overall Best: 0.9231 Generation: 65
length: 20.94
feature_occurency: [28, 85, 25, 35, 64, 62, 49, 26, 52, 76, 22, 83, 70, 54, 75, 40, 17, 43, 18, 116, 62, 24, 22, 92, 38, 25, 81, 76, 20, 31, 49, 50, 44, 46]

Generation 69
Average: 0.8916 Best: 0.9202
Best Individual: 
C0 19|14|14|20|23|4|27|1|33|19|5|26|30|1|11|5|11|19|9|9|23|23|14|26|27|9|6|17|26|11|33|31|4|1|
Overall Best: 0.9231 Generation: 65
length: 20.6
feature_occurency: [27, 90, 22, 33, 64, 66, 50, 32, 54, 66, 20, 77, 71, 60, 79, 33, 15, 35, 15, 117, 62, 30, 18, 91, 30, 26, 79, 82, 23, 35, 56, 44, 46, 52]

Generation 70
Average: 0.8907 Best: 0.9231
Best Individual: 
C0 19|14|14|20|23|4|27|1|33|19|5|26|28|1|11|5|11|19|4|9|23|23|14|26|27|9|1|17|26|11|33|5|4|1|
Overall Best: 0.9231 Generation: 65
length: 20.7
feature_occurency: [20, 96, 21, 30, 70, 60, 48, 40, 52, 73, 14, 78, 75, 65, 85, 30, 18, 30, 20, 114, 57, 27, 21, 92, 28, 29, 78, 82, 24, 31, 48, 48, 39, 57]

Generation 71
Average: 0.8903 Best: 0.9202
Best Individual: 
C0 19|25|23|20|23|7|8|8|33|4|6|19|26|7|9|12|13|27|12|14|19|11|9|0|27|25|11|0|21|6|4|13|33|31|
Overall Best: 0.9231 Generation: 65
length: 20.42
feature_occurency: [16, 98, 21, 29, 72, 58, 51, 40, 46, 62, 12, 74, 60, 72, 89, 30, 24, 32, 15, 106, 57, 32, 21, 97, 28, 37, 86, 92, 19, 36, 46, 50, 36, 56]

Generation 72
Average: 0.8900 Best: 0.9117
Best Individual: 
C0 19|14|13|20|23|4|27|27|12|19|13|24|6|29|29|1|13|27|29|15|23|1|15|18|4|14|11|9|18|32|19|23|26|20|
Overall Best: 0.9231 Generation: 65
length: 20.28
feature_occurency: [15, 90, 19, 30, 72, 60, 56, 39, 50, 67, 17, 79, 54, 73, 92, 30, 34, 32, 17, 118, 72, 28, 21, 89, 25, 39, 83, 83, 17, 33, 42, 40, 29, 55]

Generation 73
Average: 0.8917 Best: 0.9145
Best Individual: 
C0 19|14|13|20|23|4|27|27|12|19|13|24|6|29|29|1|13|27|29|15|23|5|15|18|4|14|11|9|18|32|19|23|26|20|
Overall Best: 0.9231 Generation: 65
length: 20.78
feature_occurency: [12, 83, 18, 29, 62, 59, 62, 36, 49, 65, 24, 67, 54, 70, 87, 41, 27, 33, 29, 116, 82, 23, 18, 93, 21, 41, 78, 85, 19, 43, 41, 41, 36, 56]

Generation 74
Average: 0.8915 Best: 0.9174
Best Individual: 
C0 19|14|13|25|23|4|27|27|12|19|13|24|6|29|29|1|13|27|29|15|23|5|27|18|4|9|11|9|18|32|19|23|26|20|
Overall Best: 0.9231 Generation: 65
length: 20.74
feature_occurency: [12, 71, 18, 31, 66, 57, 60, 33, 33, 60, 27, 68, 59, 70, 91, 36, 25, 36, 38, 119, 85, 22, 21, 105, 24, 42, 77, 86, 22, 41, 32, 47, 36, 50]

Generation 75
Average: 0.8927 Best: 0.9174
Best Individual: 
C0 19|11|13|23|23|28|27|7|21|19|13|19|28|27|11|21|6|5|17|23|28|20|5|11|23|32|29|25|20|17|33|5|4|6|
Overall Best: 0.9231 Generation: 65
length: 20.58
feature_occurency: [15, 64, 15, 26, 60, 65, 66, 38, 28, 61, 28, 72, 60, 65, 84, 16, 24, 37, 30, 130, 80, 34, 22, 108, 22, 54, 73, 84, 34, 48, 32, 42, 38, 45]

Generation 76
Average: 0.8898 Best: 0.9174
Best Individual: 
C0 2|19|20|20|19|1|7|27|21|19|1|19|12|12|11|21|7|17|26|32|19|23|6|1|6|6|4|17|13|17|33|5|4|6|
Overall Best: 0.9231 Generation: 65
length: 21.0
feature_occurency: [14, 59, 8, 34, 69, 59, 64, 39, 34, 53, 30, 74, 57, 71, 76, 14, 19, 46, 29, 127, 77, 38, 27, 97, 22, 59, 64, 82, 37, 52, 42, 43, 41, 43]

Generation 77
Average: 0.8884 Best: 0.9174
Best Individual: 
C0 2|19|20|20|19|1|7|27|21|19|1|19|12|12|11|21|7|17|26|32|19|23|6|1|6|6|4|17|13|17|33|5|4|6|
Overall Best: 0.9231 Generation: 65
length: 20.68
feature_occurency: [11, 62, 15, 30, 72, 68, 77, 48, 34, 48, 28, 77, 65, 73, 83, 12, 15, 43, 29, 118, 76, 35, 16, 89, 27, 48, 67, 78, 48, 56, 34, 37, 44, 37]

Generation 78
Average: 0.8923 Best: 0.9202
Best Individual: 
C0 19|14|13|25|23|4|27|10|12|19|13|24|6|7|13|1|29|10|5|13|3|23|4|30|19|30|8|12|8|14|27|31|26|25|
Overall Best: 0.9231 Generation: 65
length: 20.56
feature_occurency: [12, 52, 21, 28, 72, 68, 83, 43, 32, 46, 20, 70, 72, 71, 83, 13, 16, 52, 26, 124, 88, 35, 14, 79, 31, 53, 55, 76, 42, 48, 41, 46, 45, 43]

Generation 79
Average: 0.8907 Best: 0.9060
Best Individual: 
C0 19|14|13|25|23|14|9|26|11|21|4|25|20|12|11|18|6|19|4|19|14|9|0|25|27|9|25|8|33|9|9|31|19|10|
Overall Best: 0.9231 Generation: 65
length: 20.36
feature_occurency: [18, 47, 17, 32, 80, 75, 70, 36, 20, 51, 23, 74, 83, 77, 87, 18, 11, 57, 33, 108, 86, 40, 13, 73, 38, 40, 58, 72, 43, 49, 44, 42, 47, 38]

Generation 80
Average: 0.8900 Best: 0.9145
Best Individual: 
C0 6|14|29|29|7|4|3|13|6|26|32|5|19|1|27|29|13|23|4|32|23|29|14|12|4|19|17|24|20|17|24|5|20|8|
Overall Best: 0.9231 Generation: 65
length: 20.22
feature_occurency: [21, 54, 20, 29, 82, 71, 70, 36, 22, 45, 15, 76, 72, 75, 89, 23, 10, 56, 42, 107, 88, 38, 13, 89, 31, 29, 65, 67, 39, 60, 51, 29, 51, 35]

Generation 81
Average: 0.8920 Best: 0.9145
Best Individual: 
C0 6|14|13|25|18|14|9|26|11|21|4|29|20|29|11|21|17|17|23|23|19|23|6|12|18|17|11|1|27|6|33|11|20|21|
Overall Best: 0.9231 Generation: 65
length: 20.44
feature_occurency: [24, 55, 20, 25, 78, 68, 61, 38, 26, 40, 18, 71, 69, 66, 84, 26, 13, 62, 43, 111, 74, 45, 14, 89, 33, 33, 67, 68, 39, 68, 47, 31, 56, 38]

Generation 82
Average: 0.8930 Best: 0.9145
Best Individual: 
C0 6|14|13|25|18|14|9|26|19|21|4|29|20|29|11|21|17|17|7|23|19|23|6|12|18|17|11|0|27|6|33|11|20|24|
Overall Best: 0.9231 Generation: 65
length: 20.4
feature_occurency: [26, 58, 16, 27, 68, 71, 57, 40, 29, 28, 19, 77, 76, 58, 87, 33, 16, 60, 46, 110, 76, 50, 24, 93, 38, 25, 55, 70, 33, 72, 46, 36, 48, 32]

Generation 83
Average: 0.8896 Best: 0.9145
Best Individual: 
C0 7|11|12|26|19|32|29|27|21|19|1|1|1|12|11|18|4|23|4|27|23|29|14|19|4|17|11|1|20|17|33|5|4|6|
Overall Best: 0.9231 Generation: 65
length: 20.64
feature_occurency: [27, 49, 13, 30, 65, 69, 62, 39, 42, 25, 20, 83, 71, 47, 96, 41, 21, 56, 41, 97, 84, 66, 23, 95, 37, 17, 54, 77, 30, 74, 38, 32, 44, 35]

Generation 84
Average: 0.8919 Best: 0.9202
Best Individual: 
C0 7|11|29|29|7|23|3|8|6|26|32|5|19|1|27|5|15|3|4|26|23|29|14|19|4|17|11|1|20|17|33|5|4|6|
Overall Best: 0.9231 Generation: 65
length: 20.92
feature_occurency: [30, 45, 15, 37, 72, 70, 68, 42, 38, 19, 17, 89, 54, 56, 91, 52, 21, 46, 48, 100, 82, 57, 11, 89, 44, 19, 55, 73, 35, 80, 43, 22, 43, 37]

Generation 85
Average: 0.8893 Best: 0.9117
Best Individual: 
C0 6|13|24|20|23|28|29|8|32|19|33|19|28|27|11|21|29|26|14|10|26|14|14|4|24|32|27|15|20|6|15|15|24|11|
Overall Best: 0.9231 Generation: 65
length: 20.6
feature_occurency: [31, 43, 18, 40, 71, 61, 79, 48, 46, 16, 12, 81, 44, 49, 87, 58, 24, 45, 47, 96, 95, 63, 15, 98, 40, 19, 60, 77, 25, 76, 44, 21, 40, 31]

Generation 86
Average: 0.8902 Best: 0.9231
Best Individual: 
C0 24|33|13|18|26|20|13|6|21|19|20|19|13|7|32|21|17|5|14|8|23|14|14|4|3|17|6|18|20|17|6|28|26|20|
Overall Best: 0.9231 Generation: 65
length: 20.94
feature_occurency: [26, 44, 18, 39, 70, 51, 85, 57, 40, 18, 15, 73, 51, 47, 84, 51, 25, 51, 53, 91, 90, 66, 19, 91, 39, 19, 53, 74, 25, 77, 47, 32, 40, 39]

Generation 87
Average: 0.8895 Best: 0.9060
Best Individual: 
C0 24|33|27|18|21|20|27|6|21|19|33|19|13|7|32|21|17|5|14|8|23|14|14|4|3|32|29|18|20|17|24|28|26|20|
Overall Best: 0.9231 Generation: 65
length: 20.92
feature_occurency: [25, 50, 17, 44, 70, 47, 95, 68, 31, 21, 18, 78, 52, 39, 84, 60, 29, 47, 54, 87, 83, 70, 17, 90, 34, 9, 54, 76, 29, 63, 41, 35, 44, 39]

Generation 88
Average: 0.8897 Best: 0.9145
Best Individual: 
C0 7|11|12|26|19|32|29|10|6|26|32|5|24|31|27|31|4|23|4|27|12|29|14|12|4|21|27|5|27|12|33|29|10|20|
Overall Best: 0.9231 Generation: 65
length: 20.78
feature_occurency: [25, 55, 20, 30, 77, 44, 83, 69, 40, 19, 22, 77, 59, 47, 84, 62, 28, 38, 61, 86, 62, 55, 11, 86, 34, 15, 61, 88, 26, 62, 56, 40, 42, 36]

Generation 89
Average: 0.8895 Best: 0.9117
Best Individual: 
C0 7|11|15|26|7|4|3|8|6|19|33|27|20|29|5|11|11|17|7|8|18|23|6|12|18|14|13|21|20|19|24|26|32|33|
Overall Best: 0.9231 Generation: 65
length: 20.94
feature_occurency: [20, 49, 16, 32, 81, 44, 85, 73, 38, 18, 33, 85, 61, 49, 91, 52, 30, 38, 49, 90, 66, 51, 10, 75, 37, 16, 52, 90, 30, 60, 52, 46, 43, 38]

Generation 90
Average: 0.8889 Best: 0.9117
Best Individual: 
C0 7|11|15|26|7|4|3|8|6|19|33|27|20|29|5|11|11|17|19|8|18|23|6|12|18|14|13|21|20|19|24|26|32|33|
Overall Best: 0.9231 Generation: 65
length: 20.8
feature_occurency: [21, 52, 21, 22, 93, 47, 76, 73, 31, 16, 36, 80, 63, 58, 76, 54, 26, 33, 49, 104, 69, 52, 13, 69, 42, 19, 60, 80, 30, 61, 43, 48, 48, 35]

Generation 91
Average: 0.8882 Best: 0.9117
Best Individual: 
C0 12|2|20|19|7|25|6|21|21|12|33|27|23|1|5|0|23|4|4|18|23|19|18|10|33|14|22|21|29|13|33|13|18|26|
Overall Best: 0.9231 Generation: 65
length: 20.44
feature_occurency: [23, 51, 27, 25, 94, 53, 85, 73, 25, 18, 37, 80, 59, 53, 75, 46, 26, 35, 53, 105, 66, 47, 14, 61, 46, 26, 71, 78, 21, 52, 47, 49, 48, 31]

Generation 92
Average: 0.8889 Best: 0.9117
Best Individual: 
C0 7|11|5|27|18|24|19|27|18|2|7|1|26|20|12|19|21|6|4|27|23|0|4|12|11|5|24|29|20|19|24|7|7|6|
Overall Best: 0.9231 Generation: 65
length: 20.08
feature_occurency: [28, 44, 22, 25, 97, 56, 95, 78, 27, 14, 40, 74, 64, 42, 65, 43, 20, 34, 53, 112, 60, 38, 18, 56, 44, 30, 78, 78, 19, 55, 44, 59, 51, 37]

Generation 93
Average: 0.8883 Best: 0.9088
Best Individual: 
C0 7|20|19|26|20|32|8|14|6|19|7|28|8|33|30|26|26|23|11|8|28|24|6|18|4|27|12|0|11|6|17|5|7|8|
Overall Best: 0.9231 Generation: 65
length: 20.74
feature_occurency: [29, 53, 24, 29, 102, 55, 99, 90, 39, 14, 38, 60, 68, 36, 65, 44, 15, 26, 61, 117, 54, 34, 19, 59, 36, 22, 73, 72, 15, 49, 43, 56, 57, 47]

Generation 94
Average: 0.8887 Best: 0.9088
Best Individual: 
C0 7|11|5|19|18|23|19|27|18|11|7|15|26|17|12|19|26|6|4|27|23|0|4|12|11|5|24|11|20|19|24|27|7|6|
Overall Best: 0.9231 Generation: 65
length: 20.72
feature_occurency: [27, 48, 20, 29, 96, 57, 90, 93, 42, 18, 43, 58, 60, 40, 60, 37, 12, 26, 58, 104, 54, 39, 29, 67, 37, 20, 86, 83, 17, 52, 48, 61, 40, 49]

Generation 95
Average: 0.8886 Best: 0.9202
Best Individual: 
C0 7|11|19|25|6|23|30|30|6|26|5|5|27|22|27|31|4|19|0|27|27|28|22|29|24|6|31|31|31|4|15|19|4|6|
Overall Best: 0.9231 Generation: 65
length: 20.9
feature_occurency: [26, 47, 27, 35, 94, 53, 99, 91, 45, 18, 43, 63, 59, 48, 61, 30, 16, 27, 60, 98, 68, 36, 24, 65, 42, 20, 80, 88, 22, 40, 42, 53, 40, 40]

Generation 96
Average: 0.8891 Best: 0.9117
Best Individual: 
C0 19|3|19|26|19|32|19|27|19|11|7|28|8|33|30|26|26|6|4|27|23|0|4|12|11|27|21|14|20|19|24|23|7|33|
Overall Best: 0.9231 Generation: 65
length: 20.84
feature_occurency: [27, 44, 23, 33, 85, 49, 98, 90, 59, 22, 28, 71, 57, 47, 57, 32, 20, 27, 63, 101, 58, 43, 25, 71, 41, 24, 84, 85, 27, 32, 42, 52, 49, 34]

Generation 97
Average: 0.8875 Best: 0.9060
Best Individual: 
C0 7|5|30|3|32|32|26|27|6|19|7|1|13|14|15|7|7|15|17|27|18|23|4|12|18|14|12|31|20|4|19|30|19|33|
Overall Best: 0.9231 Generation: 65
length: 20.74
feature_occurency: [25, 37, 22, 33, 86, 50, 93, 81, 63, 23, 29, 70, 56, 51, 58, 27, 20, 32, 57, 98, 53, 48, 32, 78, 37, 28, 87, 85, 29, 32, 33, 52, 61, 34]

Generation 98
Average: 0.8888 Best: 0.9117
Best Individual: 
C0 26|14|26|31|32|32|23|27|6|18|29|10|24|31|20|31|4|19|4|9|29|14|6|9|18|14|13|26|6|4|15|27|31|10|
Overall Best: 0.9231 Generation: 65
length: 20.66
feature_occurency: [25, 36, 19, 38, 99, 50, 85, 78, 69, 28, 31, 66, 55, 43, 59, 30, 18, 26, 47, 107, 56, 39, 25, 71, 35, 27, 109, 90, 33, 25, 27, 54, 64, 36]

Generation 99
Average: 0.8881 Best: 0.9088
Best Individual: 
C0 10|4|19|26|7|32|8|14|6|11|0|28|8|33|11|26|26|23|4|27|22|10|8|20|19|21|12|0|23|6|13|28|7|8|
Overall Best: 0.9231 Generation: 65
==================
    Best individual after 100 generations
    computed in 228.2690 seconds
    324 elements out of 351 correct.
    emerged in generation 65
    with fitness 0.9231
==================

19|14|13|20|23|4|27|8|33|19|13|19|12|1|11|17|6|15|9|23|5|24|11|32|27|9|11|0|33|5|19|26|13|12|
