Starting evolution...
length: 34.0
feature_occurency: [50, 50, 50, 50, 50, 50, 50, 50, 50, 50, 50, 50, 50, 50, 50, 50, 50, 50, 50, 50, 50, 50, 50, 50, 50, 50, 50, 50, 50, 50, 50, 50, 50, 50]

Generation 0
Average: 0.8748 Best: 0.9231
Best Individual: 
C0 19|0|2|3|4|23|6|7|24|9|14|11|12|29|10|27|16|21|28|5|20|17|22|18|13|26|25|15|32|33|30|31|1|8|
Overall Best: 0.9231 Generation: 0
length: 34.0
feature_occurency: [50, 50, 50, 50, 50, 50, 50, 50, 50, 50, 50, 50, 50, 50, 50, 50, 50, 50, 50, 50, 50, 50, 50, 50, 50, 50, 50, 50, 50, 50, 50, 50, 50, 50]

Generation 1
Average: 0.8831 Best: 0.9231
Best Individual: 
C0 19|0|2|3|4|23|6|7|24|9|14|11|12|29|10|27|16|21|28|5|20|17|22|18|13|26|25|15|32|33|30|31|1|8|
Overall Best: 0.9231 Generation: 0
length: 34.0
feature_occurency: [50, 50, 50, 50, 50, 50, 50, 50, 50, 50, 50, 50, 50, 50, 50, 50, 50, 50, 50, 50, 50, 50, 50, 50, 50, 50, 50, 50, 50, 50, 50, 50, 50, 50]

Generation 2
Average: 0.8871 Best: 0.9231
Best Individual: 
C0 19|0|2|3|4|23|6|7|24|5|14|11|12|29|10|27|16|21|15|9|20|17|22|18|13|26|25|28|32|33|30|31|1|8|
Overall Best: 0.9231 Generation: 0
length: 34.0
feature_occurency: [50, 50, 50, 50, 50, 50, 50, 50, 50, 50, 50, 50, 50, 50, 50, 50, 50, 50, 50, 50, 50, 50, 50, 50, 50, 50, 50, 50, 50, 50, 50, 50, 50, 50]

Generation 3
Average: 0.8857 Best: 0.9174
Best Individual: 
C0 15|27|19|13|4|3|0|7|24|9|14|11|18|29|10|6|16|21|28|5|20|17|22|12|31|26|32|30|25|2|8|1|23|33|
Overall Best: 0.9231 Generation: 0
length: 34.0
feature_occurency: [50, 50, 50, 50, 50, 50, 50, 50, 50, 50, 50, 50, 50, 50, 50, 50, 50, 50, 50, 50, 50, 50, 50, 50, 50, 50, 50, 50, 50, 50, 50, 50, 50, 50]

Generation 4
Average: 0.8862 Best: 0.9174
Best Individual: 
C0 33|4|29|21|17|14|32|28|1|6|12|15|31|23|13|8|7|10|3|20|5|2|26|16|9|30|25|24|22|11|0|18|19|27|
Overall Best: 0.9231 Generation: 0
length: 34.0
feature_occurency: [50, 50, 50, 50, 50, 50, 50, 50, 50, 50, 50, 50, 50, 50, 50, 50, 50, 50, 50, 50, 50, 50, 50, 50, 50, 50, 50, 50, 50, 50, 50, 50, 50, 50]

Generation 5
Average: 0.8892 Best: 0.9231
Best Individual: 
C0 14|26|8|6|15|27|2|21|1|13|19|5|24|9|30|29|10|32|17|0|3|7|31|23|33|11|16|28|25|4|22|20|18|12|
Overall Best: 0.9231 Generation: 0
length: 34.0
feature_occurency: [50, 50, 50, 50, 50, 50, 50, 50, 50, 50, 50, 50, 50, 50, 50, 50, 50, 50, 50, 50, 50, 50, 50, 50, 50, 50, 50, 50, 50, 50, 50, 50, 50, 50]

Generation 6
Average: 0.8875 Best: 0.9259
Best Individual: 
C0 4|23|12|0|18|33|10|15|8|25|17|20|28|26|7|29|16|21|6|1|5|27|13|30|32|19|22|24|14|3|11|9|31|2|
Overall Best: 0.9259 Generation: 6
length: 34.0
feature_occurency: [50, 50, 50, 50, 50, 50, 50, 50, 50, 50, 50, 50, 50, 50, 50, 50, 50, 50, 50, 50, 50, 50, 50, 50, 50, 50, 50, 50, 50, 50, 50, 50, 50, 50]

Generation 7
Average: 0.8898 Best: 0.9231
Best Individual: 
C0 15|25|23|13|4|24|32|28|3|12|5|33|17|8|10|6|19|21|18|0|9|27|22|20|16|26|7|31|14|2|29|1|30|11|
Overall Best: 0.9259 Generation: 6
length: 34.0
feature_occurency: [50, 50, 50, 50, 50, 50, 50, 50, 50, 50, 50, 50, 50, 50, 50, 50, 50, 50, 50, 50, 50, 50, 50, 50, 50, 50, 50, 50, 50, 50, 50, 50, 50, 50]

Generation 8
Average: 0.8945 Best: 0.9231
Best Individual: 
C0 15|0|2|32|4|23|16|5|3|8|10|13|19|30|14|31|25|29|28|11|7|33|27|21|24|20|26|17|12|22|18|1|6|9|
Overall Best: 0.9259 Generation: 6
length: 34.0
feature_occurency: [50, 50, 50, 50, 50, 50, 50, 50, 50, 50, 50, 50, 50, 50, 50, 50, 50, 50, 50, 50, 50, 50, 50, 50, 50, 50, 50, 50, 50, 50, 50, 50, 50, 50]

Generation 9
Average: 0.8916 Best: 0.9174
Best Individual: 
C0 15|2|17|13|4|6|28|32|3|12|1|33|23|8|31|24|19|21|18|11|5|27|22|20|16|26|7|10|14|25|29|9|30|0|
Overall Best: 0.9259 Generation: 6
length: 34.0
feature_occurency: [50, 50, 50, 50, 50, 50, 50, 50, 50, 50, 50, 50, 50, 50, 50, 50, 50, 50, 50, 50, 50, 50, 50, 50, 50, 50, 50, 50, 50, 50, 50, 50, 50, 50]

Generation 10
Average: 0.8923 Best: 0.9202
Best Individual: 
C0 2|23|32|3|4|9|16|33|13|8|28|31|10|7|18|19|29|24|0|1|30|12|20|14|11|17|26|25|27|22|6|5|21|15|
Overall Best: 0.9259 Generation: 6
length: 34.0
feature_occurency: [50, 50, 50, 50, 50, 50, 50, 50, 50, 50, 50, 50, 50, 50, 50, 50, 50, 50, 50, 50, 50, 50, 50, 50, 50, 50, 50, 50, 50, 50, 50, 50, 50, 50]

Generation 11
Average: 0.8896 Best: 0.9316
Best Individual: 
C0 27|23|20|26|4|13|5|15|8|7|9|3|6|29|10|33|0|18|30|22|25|28|21|14|32|31|11|24|17|19|1|2|12|16|
Overall Best: 0.9316 Generation: 11
length: 34.0
feature_occurency: [50, 50, 50, 50, 50, 50, 50, 50, 50, 50, 50, 50, 50, 50, 50, 50, 50, 50, 50, 50, 50, 50, 50, 50, 50, 50, 50, 50, 50, 50, 50, 50, 50, 50]

Generation 12
Average: 0.8866 Best: 0.9430
Best Individual: 
C0 4|5|7|23|33|20|18|19|13|12|1|30|11|17|3|6|10|32|26|2|0|9|14|15|24|8|16|21|25|29|31|28|22|27|
Overall Best: 0.9430 Generation: 12
length: 34.0
feature_occurency: [50, 50, 50, 50, 50, 50, 50, 50, 50, 50, 50, 50, 50, 50, 50, 50, 50, 50, 50, 50, 50, 50, 50, 50, 50, 50, 50, 50, 50, 50, 50, 50, 50, 50]

Generation 13
Average: 0.8932 Best: 0.9288
Best Individual: 
C0 15|10|17|16|4|23|31|24|8|5|30|29|6|32|3|9|19|1|18|11|13|14|22|20|27|26|7|2|28|33|25|12|21|0|
Overall Best: 0.9430 Generation: 12
length: 34.0
feature_occurency: [50, 50, 50, 50, 50, 50, 50, 50, 50, 50, 50, 50, 50, 50, 50, 50, 50, 50, 50, 50, 50, 50, 50, 50, 50, 50, 50, 50, 50, 50, 50, 50, 50, 50]

Generation 14
Average: 0.8943 Best: 0.9288
Best Individual: 
C0 7|6|23|2|4|15|32|12|13|26|5|10|8|3|14|1|27|30|0|9|11|25|16|22|24|19|20|18|21|33|17|29|28|31|
Overall Best: 0.9430 Generation: 12
length: 34.0
feature_occurency: [50, 50, 50, 50, 50, 50, 50, 50, 50, 50, 50, 50, 50, 50, 50, 50, 50, 50, 50, 50, 50, 50, 50, 50, 50, 50, 50, 50, 50, 50, 50, 50, 50, 50]

Generation 15
Average: 0.8948 Best: 0.9288
Best Individual: 
C0 13|23|20|2|4|12|6|30|9|5|10|3|32|15|29|17|1|18|24|33|16|7|11|14|28|31|21|8|26|19|22|0|27|25|
Overall Best: 0.9430 Generation: 12
length: 34.0
feature_occurency: [50, 50, 50, 50, 50, 50, 50, 50, 50, 50, 50, 50, 50, 50, 50, 50, 50, 50, 50, 50, 50, 50, 50, 50, 50, 50, 50, 50, 50, 50, 50, 50, 50, 50]

Generation 16
Average: 0.8951 Best: 0.9288
Best Individual: 
C0 13|23|20|2|4|12|6|30|11|5|10|3|32|15|29|27|1|18|24|33|16|7|9|14|28|31|21|8|26|19|22|0|17|25|
Overall Best: 0.9430 Generation: 12
length: 34.0
feature_occurency: [50, 50, 50, 50, 50, 50, 50, 50, 50, 50, 50, 50, 50, 50, 50, 50, 50, 50, 50, 50, 50, 50, 50, 50, 50, 50, 50, 50, 50, 50, 50, 50, 50, 50]

Generation 17
Average: 0.8913 Best: 0.9231
Best Individual: 
C0 15|5|4|1|20|23|30|9|8|26|31|3|6|29|10|0|14|28|32|16|18|27|2|33|13|7|24|21|12|17|11|19|25|22|
Overall Best: 0.9430 Generation: 12
length: 34.0
feature_occurency: [50, 50, 50, 50, 50, 50, 50, 50, 50, 50, 50, 50, 50, 50, 50, 50, 50, 50, 50, 50, 50, 50, 50, 50, 50, 50, 50, 50, 50, 50, 50, 50, 50, 50]

Generation 18
Average: 0.8907 Best: 0.9259
Best Individual: 
C0 7|6|8|15|33|30|2|27|22|9|16|20|12|32|3|31|5|4|10|17|0|13|18|26|24|28|23|21|25|29|11|19|14|1|
Overall Best: 0.9430 Generation: 12
length: 34.0
feature_occurency: [50, 50, 50, 50, 50, 50, 50, 50, 50, 50, 50, 50, 50, 50, 50, 50, 50, 50, 50, 50, 50, 50, 50, 50, 50, 50, 50, 50, 50, 50, 50, 50, 50, 50]

Generation 19
Average: 0.8921 Best: 0.9345
Best Individual: 
C0 32|23|13|33|4|12|8|16|21|19|9|3|20|27|15|1|31|25|7|0|5|28|6|22|24|11|2|29|10|14|18|30|17|26|
Overall Best: 0.9430 Generation: 12
length: 34.0
feature_occurency: [50, 50, 50, 50, 50, 50, 50, 50, 50, 50, 50, 50, 50, 50, 50, 50, 50, 50, 50, 50, 50, 50, 50, 50, 50, 50, 50, 50, 50, 50, 50, 50, 50, 50]

Generation 20
Average: 0.8912 Best: 0.9259
Best Individual: 
C0 7|6|8|33|15|30|29|4|20|26|17|1|12|18|10|0|14|32|28|16|21|27|3|22|24|11|23|19|5|9|13|2|25|31|
Overall Best: 0.9430 Generation: 12
length: 34.0
feature_occurency: [50, 50, 50, 50, 50, 50, 50, 50, 50, 50, 50, 50, 50, 50, 50, 50, 50, 50, 50, 50, 50, 50, 50, 50, 50, 50, 50, 50, 50, 50, 50, 50, 50, 50]

Generation 21
Average: 0.8835 Best: 0.9259
Best Individual: 
C0 15|23|16|19|4|12|8|13|17|33|5|3|21|27|32|18|31|25|9|11|7|29|6|22|24|26|2|1|10|14|20|30|28|0|
Overall Best: 0.9430 Generation: 12
length: 34.0
feature_occurency: [50, 50, 50, 50, 50, 50, 50, 50, 50, 50, 50, 50, 50, 50, 50, 50, 50, 50, 50, 50, 50, 50, 50, 50, 50, 50, 50, 50, 50, 50, 50, 50, 50, 50]

Generation 22
Average: 0.8885 Best: 0.9316
Best Individual: 
C0 12|33|23|0|4|19|31|2|20|5|27|13|18|1|29|26|25|16|28|14|3|10|22|11|15|32|9|21|24|17|6|7|8|30|
Overall Best: 0.9430 Generation: 12
length: 34.0
feature_occurency: [50, 50, 50, 50, 50, 50, 50, 50, 50, 50, 50, 50, 50, 50, 50, 50, 50, 50, 50, 50, 50, 50, 50, 50, 50, 50, 50, 50, 50, 50, 50, 50, 50, 50]

Generation 23
Average: 0.8932 Best: 0.9316
Best Individual: 
C0 12|33|23|0|4|19|31|21|7|5|27|9|18|1|29|26|25|16|28|14|3|10|22|11|15|32|13|2|24|17|6|20|8|30|
Overall Best: 0.9430 Generation: 12
length: 34.0
feature_occurency: [50, 50, 50, 50, 50, 50, 50, 50, 50, 50, 50, 50, 50, 50, 50, 50, 50, 50, 50, 50, 50, 50, 50, 50, 50, 50, 50, 50, 50, 50, 50, 50, 50, 50]

Generation 24
Average: 0.8915 Best: 0.9316
Best Individual: 
C0 12|0|23|33|4|19|31|21|28|5|27|9|18|1|30|26|25|16|11|14|3|10|22|7|15|32|13|2|24|17|6|20|8|29|
Overall Best: 0.9430 Generation: 12
length: 34.0
feature_occurency: [50, 50, 50, 50, 50, 50, 50, 50, 50, 50, 50, 50, 50, 50, 50, 50, 50, 50, 50, 50, 50, 50, 50, 50, 50, 50, 50, 50, 50, 50, 50, 50, 50, 50]

Generation 25
Average: 0.8888 Best: 0.9174
Best Individual: 
C0 16|8|3|12|4|23|0|2|31|28|27|18|13|11|24|17|25|20|5|1|29|10|22|26|15|32|9|21|19|7|6|14|33|30|
Overall Best: 0.9430 Generation: 12
length: 34.0
feature_occurency: [50, 50, 50, 50, 50, 50, 50, 50, 50, 50, 50, 50, 50, 50, 50, 50, 50, 50, 50, 50, 50, 50, 50, 50, 50, 50, 50, 50, 50, 50, 50, 50, 50, 50]

Generation 26
Average: 0.8897 Best: 0.9231
Best Individual: 
C0 20|23|19|33|18|1|2|7|8|16|6|0|26|10|15|14|22|25|3|29|32|9|21|24|4|13|28|30|12|27|11|17|5|31|
Overall Best: 0.9430 Generation: 12
length: 34.0
feature_occurency: [50, 50, 50, 50, 50, 50, 50, 50, 50, 50, 50, 50, 50, 50, 50, 50, 50, 50, 50, 50, 50, 50, 50, 50, 50, 50, 50, 50, 50, 50, 50, 50, 50, 50]

Generation 27
Average: 0.8917 Best: 0.9345
Best Individual: 
C0 9|33|23|0|4|20|14|15|5|31|11|13|21|12|3|27|26|6|16|8|29|10|22|32|7|2|28|1|18|24|25|30|19|17|
Overall Best: 0.9430 Generation: 12
length: 34.0
feature_occurency: [50, 50, 50, 50, 50, 50, 50, 50, 50, 50, 50, 50, 50, 50, 50, 50, 50, 50, 50, 50, 50, 50, 50, 50, 50, 50, 50, 50, 50, 50, 50, 50, 50, 50]

Generation 28
Average: 0.8929 Best: 0.9288
Best Individual: 
C0 23|11|20|4|7|21|25|29|19|3|31|12|2|14|13|26|1|32|28|8|16|10|5|17|15|0|24|30|9|18|6|33|22|27|
Overall Best: 0.9430 Generation: 12
length: 34.0
feature_occurency: [50, 50, 50, 50, 50, 50, 50, 50, 50, 50, 50, 50, 50, 50, 50, 50, 50, 50, 50, 50, 50, 50, 50, 50, 50, 50, 50, 50, 50, 50, 50, 50, 50, 50]

Generation 29
Average: 0.8904 Best: 0.9231
Best Individual: 
C0 4|23|19|33|17|1|26|7|8|16|6|0|28|14|29|31|20|25|3|27|32|9|12|24|22|13|2|30|21|15|11|18|5|10|
Overall Best: 0.9430 Generation: 12
length: 34.0
feature_occurency: [50, 50, 50, 50, 50, 50, 50, 50, 50, 50, 50, 50, 50, 50, 50, 50, 50, 50, 50, 50, 50, 50, 50, 50, 50, 50, 50, 50, 50, 50, 50, 50, 50, 50]

Generation 30
Average: 0.8901 Best: 0.9231
Best Individual: 
C0 32|23|18|33|20|11|28|4|15|26|5|24|13|22|30|1|12|21|16|29|17|9|27|31|10|7|19|0|25|2|8|14|6|3|
Overall Best: 0.9430 Generation: 12
length: 34.0
feature_occurency: [50, 50, 50, 50, 50, 50, 50, 50, 50, 50, 50, 50, 50, 50, 50, 50, 50, 50, 50, 50, 50, 50, 50, 50, 50, 50, 50, 50, 50, 50, 50, 50, 50, 50]

Generation 31
Average: 0.8903 Best: 0.9316
Best Individual: 
C0 4|23|6|33|17|1|14|8|26|29|22|13|0|16|19|15|20|30|3|27|32|9|12|24|7|28|2|25|21|31|11|18|5|10|
Overall Best: 0.9430 Generation: 12
length: 34.0
feature_occurency: [50, 50, 50, 50, 50, 50, 50, 50, 50, 50, 50, 50, 50, 50, 50, 50, 50, 50, 50, 50, 50, 50, 50, 50, 50, 50, 50, 50, 50, 50, 50, 50, 50, 50]

Generation 32
Average: 0.8880 Best: 0.9231
Best Individual: 
C0 4|19|23|33|17|1|24|25|7|27|6|3|28|21|29|22|20|16|0|12|13|10|8|26|15|32|2|30|14|31|11|18|5|9|
Overall Best: 0.9430 Generation: 12
length: 34.0
feature_occurency: [50, 50, 50, 50, 50, 50, 50, 50, 50, 50, 50, 50, 50, 50, 50, 50, 50, 50, 50, 50, 50, 50, 50, 50, 50, 50, 50, 50, 50, 50, 50, 50, 50, 50]

Generation 33
Average: 0.8909 Best: 0.9231
Best Individual: 
C0 4|19|23|33|17|1|24|25|7|27|6|3|28|21|29|22|0|16|20|12|13|10|8|26|15|32|2|30|14|31|11|18|5|9|
Overall Best: 0.9430 Generation: 12
length: 34.0
feature_occurency: [50, 50, 50, 50, 50, 50, 50, 50, 50, 50, 50, 50, 50, 50, 50, 50, 50, 50, 50, 50, 50, 50, 50, 50, 50, 50, 50, 50, 50, 50, 50, 50, 50, 50]

Generation 34
Average: 0.8843 Best: 0.9288
Best Individual: 
C0 6|23|10|4|16|7|2|29|19|28|25|20|33|18|27|0|22|17|3|12|13|1|8|26|15|32|24|30|14|31|11|21|5|9|
Overall Best: 0.9430 Generation: 12
length: 34.0
feature_occurency: [50, 50, 50, 50, 50, 50, 50, 50, 50, 50, 50, 50, 50, 50, 50, 50, 50, 50, 50, 50, 50, 50, 50, 50, 50, 50, 50, 50, 50, 50, 50, 50, 50, 50]

Generation 35
Average: 0.8893 Best: 0.9231
Best Individual: 
C0 7|23|11|4|33|14|25|18|22|31|30|5|15|27|9|32|28|16|8|19|24|2|12|29|3|1|13|6|17|21|26|10|0|20|
Overall Best: 0.9430 Generation: 12
length: 34.0
feature_occurency: [50, 50, 50, 50, 50, 50, 50, 50, 50, 50, 50, 50, 50, 50, 50, 50, 50, 50, 50, 50, 50, 50, 50, 50, 50, 50, 50, 50, 50, 50, 50, 50, 50, 50]

Generation 36
Average: 0.8883 Best: 0.9231
Best Individual: 
C0 4|22|23|33|15|24|32|19|7|27|20|31|28|1|29|16|10|25|0|6|13|21|12|26|8|30|2|17|14|3|11|18|5|9|
Overall Best: 0.9430 Generation: 12
length: 34.0
feature_occurency: [50, 50, 50, 50, 50, 50, 50, 50, 50, 50, 50, 50, 50, 50, 50, 50, 50, 50, 50, 50, 50, 50, 50, 50, 50, 50, 50, 50, 50, 50, 50, 50, 50, 50]

Generation 37
Average: 0.8907 Best: 0.9231
Best Individual: 
C0 7|23|11|4|33|14|25|18|22|30|31|5|15|27|9|32|28|16|8|6|24|2|12|29|3|1|13|19|17|21|26|10|0|20|
Overall Best: 0.9430 Generation: 12
length: 34.0
feature_occurency: [50, 50, 50, 50, 50, 50, 50, 50, 50, 50, 50, 50, 50, 50, 50, 50, 50, 50, 50, 50, 50, 50, 50, 50, 50, 50, 50, 50, 50, 50, 50, 50, 50, 50]

Generation 38
Average: 0.8899 Best: 0.9288
Best Individual: 
C0 7|23|26|4|11|14|25|18|8|21|30|27|15|5|9|6|28|16|22|0|24|2|12|29|1|3|13|32|17|31|19|10|33|20|
Overall Best: 0.9430 Generation: 12
length: 34.0
feature_occurency: [50, 50, 50, 50, 50, 50, 50, 50, 50, 50, 50, 50, 50, 50, 50, 50, 50, 50, 50, 50, 50, 50, 50, 50, 50, 50, 50, 50, 50, 50, 50, 50, 50, 50]

Generation 39
Average: 0.8921 Best: 0.9373
Best Individual: 
C0 23|8|22|6|3|4|33|10|27|11|5|30|13|26|16|20|25|21|24|18|14|12|29|17|7|1|9|28|19|32|31|15|2|0|
Overall Best: 0.9430 Generation: 12
length: 34.0
feature_occurency: [50, 50, 50, 50, 50, 50, 50, 50, 50, 50, 50, 50, 50, 50, 50, 50, 50, 50, 50, 50, 50, 50, 50, 50, 50, 50, 50, 50, 50, 50, 50, 50, 50, 50]

Generation 40
Average: 0.8828 Best: 0.9231
Best Individual: 
C0 28|12|4|26|3|33|14|15|8|13|2|29|17|22|10|24|32|5|0|11|18|30|21|1|20|16|19|31|7|9|23|27|6|25|
Overall Best: 0.9430 Generation: 12
length: 34.0
feature_occurency: [50, 50, 50, 50, 50, 50, 50, 50, 50, 50, 50, 50, 50, 50, 50, 50, 50, 50, 50, 50, 50, 50, 50, 50, 50, 50, 50, 50, 50, 50, 50, 50, 50, 50]

Generation 41
Average: 0.8863 Best: 0.9316
Best Individual: 
C0 23|8|15|17|14|4|10|5|21|25|6|18|30|11|19|22|7|32|24|29|33|12|28|31|1|2|20|3|13|9|27|26|0|16|
Overall Best: 0.9430 Generation: 12
length: 34.0
feature_occurency: [50, 50, 50, 50, 50, 50, 50, 50, 50, 50, 50, 50, 50, 50, 50, 50, 50, 50, 50, 50, 50, 50, 50, 50, 50, 50, 50, 50, 50, 50, 50, 50, 50, 50]

Generation 42
Average: 0.8856 Best: 0.9174
Best Individual: 
C0 23|11|15|17|14|4|19|5|21|25|6|9|30|8|10|22|7|32|24|29|33|12|28|31|1|2|20|3|13|16|27|26|0|18|
Overall Best: 0.9430 Generation: 12
length: 34.0
feature_occurency: [50, 50, 50, 50, 50, 50, 50, 50, 50, 50, 50, 50, 50, 50, 50, 50, 50, 50, 50, 50, 50, 50, 50, 50, 50, 50, 50, 50, 50, 50, 50, 50, 50, 50]

Generation 43
Average: 0.8879 Best: 0.9174
Best Individual: 
C0 28|6|4|26|23|33|14|5|8|13|2|29|20|22|10|27|32|15|0|24|7|30|21|9|17|16|3|11|25|18|1|31|19|12|
Overall Best: 0.9430 Generation: 12
length: 34.0
feature_occurency: [50, 50, 50, 50, 50, 50, 50, 50, 50, 50, 50, 50, 50, 50, 50, 50, 50, 50, 50, 50, 50, 50, 50, 50, 50, 50, 50, 50, 50, 50, 50, 50, 50, 50]

Generation 44
Average: 0.8899 Best: 0.9259
Best Individual: 
C0 4|23|15|1|2|26|33|0|22|7|5|30|12|20|13|16|6|25|28|29|17|27|21|32|3|14|8|24|19|31|10|9|11|18|
Overall Best: 0.9430 Generation: 12
length: 34.0
feature_occurency: [50, 50, 50, 50, 50, 50, 50, 50, 50, 50, 50, 50, 50, 50, 50, 50, 50, 50, 50, 50, 50, 50, 50, 50, 50, 50, 50, 50, 50, 50, 50, 50, 50, 50]

Generation 45
Average: 0.8911 Best: 0.9259
Best Individual: 
C0 10|2|19|5|7|4|33|16|23|15|27|11|20|6|25|26|28|22|24|1|17|14|3|9|32|8|0|30|13|31|12|21|18|29|
Overall Best: 0.9430 Generation: 12
length: 34.0
feature_occurency: [50, 50, 50, 50, 50, 50, 50, 50, 50, 50, 50, 50, 50, 50, 50, 50, 50, 50, 50, 50, 50, 50, 50, 50, 50, 50, 50, 50, 50, 50, 50, 50, 50, 50]

Generation 46
Average: 0.8880 Best: 0.9231
Best Individual: 
C0 4|23|15|3|14|26|21|18|29|7|5|17|31|2|19|16|6|25|28|22|9|12|33|27|1|8|20|30|13|32|10|24|11|0|
Overall Best: 0.9430 Generation: 12
length: 34.0
feature_occurency: [50, 50, 50, 50, 50, 50, 50, 50, 50, 50, 50, 50, 50, 50, 50, 50, 50, 50, 50, 50, 50, 50, 50, 50, 50, 50, 50, 50, 50, 50, 50, 50, 50, 50]

Generation 47
Average: 0.8871 Best: 0.9145
Best Individual: 
C0 20|3|1|27|2|23|13|16|32|25|30|0|11|28|14|9|7|5|17|8|24|19|10|22|15|26|18|21|31|12|4|33|6|29|
Overall Best: 0.9430 Generation: 12
length: 34.0
feature_occurency: [50, 50, 50, 50, 50, 50, 50, 50, 50, 50, 50, 50, 50, 50, 50, 50, 50, 50, 50, 50, 50, 50, 50, 50, 50, 50, 50, 50, 50, 50, 50, 50, 50, 50]

Generation 48
Average: 0.8866 Best: 0.9345
Best Individual: 
C0 4|23|15|0|14|26|30|5|27|7|32|3|31|10|1|16|6|8|28|33|9|20|24|29|19|21|12|22|13|18|17|25|11|2|
Overall Best: 0.9430 Generation: 12
length: 34.0
feature_occurency: [50, 50, 50, 50, 50, 50, 50, 50, 50, 50, 50, 50, 50, 50, 50, 50, 50, 50, 50, 50, 50, 50, 50, 50, 50, 50, 50, 50, 50, 50, 50, 50, 50, 50]

Generation 49
Average: 0.8892 Best: 0.9259
Best Individual: 
C0 19|6|23|31|7|4|1|29|10|17|5|21|26|22|16|25|28|15|11|30|3|18|14|0|8|13|32|9|27|33|12|20|24|2|
Overall Best: 0.9430 Generation: 12
length: 34.0
feature_occurency: [50, 50, 50, 50, 50, 50, 50, 50, 50, 50, 50, 50, 50, 50, 50, 50, 50, 50, 50, 50, 50, 50, 50, 50, 50, 50, 50, 50, 50, 50, 50, 50, 50, 50]

Generation 50
Average: 0.8879 Best: 0.9259
Best Individual: 
C0 19|6|23|31|7|4|1|8|10|17|5|21|26|22|16|25|28|13|11|30|3|18|14|0|29|15|32|9|27|33|12|20|24|2|
Overall Best: 0.9430 Generation: 12
length: 34.0
feature_occurency: [50, 50, 50, 50, 50, 50, 50, 50, 50, 50, 50, 50, 50, 50, 50, 50, 50, 50, 50, 50, 50, 50, 50, 50, 50, 50, 50, 50, 50, 50, 50, 50, 50, 50]

Generation 51
Average: 0.8839 Best: 0.9259
Best Individual: 
C0 31|6|23|19|7|4|1|14|32|16|5|12|26|22|17|25|10|13|11|30|27|33|18|24|8|21|9|3|28|29|15|20|0|2|
Overall Best: 0.9430 Generation: 12
length: 34.0
feature_occurency: [50, 50, 50, 50, 50, 50, 50, 50, 50, 50, 50, 50, 50, 50, 50, 50, 50, 50, 50, 50, 50, 50, 50, 50, 50, 50, 50, 50, 50, 50, 50, 50, 50, 50]

Generation 52
Average: 0.8868 Best: 0.9316
Best Individual: 
C0 19|6|23|15|7|4|0|8|18|1|5|21|22|26|16|25|28|13|11|20|3|10|14|17|29|31|32|9|27|33|12|2|30|24|
Overall Best: 0.9430 Generation: 12
length: 34.0
feature_occurency: [50, 50, 50, 50, 50, 50, 50, 50, 50, 50, 50, 50, 50, 50, 50, 50, 50, 50, 50, 50, 50, 50, 50, 50, 50, 50, 50, 50, 50, 50, 50, 50, 50, 50]

Generation 53
Average: 0.8866 Best: 0.9316
Best Individual: 
C0 6|0|23|19|7|4|1|29|32|16|15|12|26|22|17|25|10|13|11|3|27|8|18|31|33|21|9|20|5|28|14|2|30|24|
Overall Best: 0.9430 Generation: 12
length: 34.0
feature_occurency: [50, 50, 50, 50, 50, 50, 50, 50, 50, 50, 50, 50, 50, 50, 50, 50, 50, 50, 50, 50, 50, 50, 50, 50, 50, 50, 50, 50, 50, 50, 50, 50, 50, 50]

Generation 54
Average: 0.8866 Best: 0.9259
Best Individual: 
C0 14|23|4|33|12|0|30|6|22|18|28|3|8|7|9|10|20|27|29|25|2|5|17|1|15|21|19|13|26|32|11|31|16|24|
Overall Best: 0.9430 Generation: 12
length: 34.0
feature_occurency: [50, 50, 50, 50, 50, 50, 50, 50, 50, 50, 50, 50, 50, 50, 50, 50, 50, 50, 50, 50, 50, 50, 50, 50, 50, 50, 50, 50, 50, 50, 50, 50, 50, 50]

Generation 55
Average: 0.8921 Best: 0.9259
Best Individual: 
C0 14|23|4|33|12|0|30|6|5|18|28|3|8|7|9|10|20|27|29|25|2|22|17|16|15|21|19|13|26|32|11|31|1|24|
Overall Best: 0.9430 Generation: 12
length: 34.0
feature_occurency: [50, 50, 50, 50, 50, 50, 50, 50, 50, 50, 50, 50, 50, 50, 50, 50, 50, 50, 50, 50, 50, 50, 50, 50, 50, 50, 50, 50, 50, 50, 50, 50, 50, 50]

Generation 56
Average: 0.8956 Best: 0.9316
Best Individual: 
C0 23|33|16|20|2|1|11|7|28|15|19|9|26|32|4|25|6|5|21|30|27|8|18|12|24|3|13|14|31|0|17|22|29|10|
Overall Best: 0.9430 Generation: 12
length: 34.0
feature_occurency: [50, 50, 50, 50, 50, 50, 50, 50, 50, 50, 50, 50, 50, 50, 50, 50, 50, 50, 50, 50, 50, 50, 50, 50, 50, 50, 50, 50, 50, 50, 50, 50, 50, 50]

Generation 57
Average: 0.8866 Best: 0.9316
Best Individual: 
C0 14|23|4|33|10|0|30|6|8|24|28|2|11|31|9|26|18|27|13|25|32|5|12|1|15|21|19|29|17|3|22|7|16|20|
Overall Best: 0.9430 Generation: 12
length: 34.0
feature_occurency: [50, 50, 50, 50, 50, 50, 50, 50, 50, 50, 50, 50, 50, 50, 50, 50, 50, 50, 50, 50, 50, 50, 50, 50, 50, 50, 50, 50, 50, 50, 50, 50, 50, 50]

Generation 58
Average: 0.8859 Best: 0.9316
Best Individual: 
C0 14|23|4|33|10|0|30|6|8|24|28|2|11|31|9|26|18|27|13|25|32|5|12|29|15|21|19|1|17|3|16|7|22|20|
Overall Best: 0.9430 Generation: 12
length: 34.0
feature_occurency: [50, 50, 50, 50, 50, 50, 50, 50, 50, 50, 50, 50, 50, 50, 50, 50, 50, 50, 50, 50, 50, 50, 50, 50, 50, 50, 50, 50, 50, 50, 50, 50, 50, 50]

Generation 59
Average: 0.8899 Best: 0.9345
Best Individual: 
C0 19|10|4|6|15|26|12|18|1|0|11|13|31|16|23|2|22|28|21|30|27|8|29|9|24|7|14|25|33|17|5|20|32|3|
Overall Best: 0.9430 Generation: 12
length: 34.0
feature_occurency: [50, 50, 50, 50, 50, 50, 50, 50, 50, 50, 50, 50, 50, 50, 50, 50, 50, 50, 50, 50, 50, 50, 50, 50, 50, 50, 50, 50, 50, 50, 50, 50, 50, 50]

Generation 60
Average: 0.8858 Best: 0.9259
Best Individual: 
C0 4|17|23|8|7|5|11|18|1|28|31|29|26|9|14|27|30|24|0|6|33|22|25|12|32|20|13|21|3|15|19|2|16|10|
Overall Best: 0.9430 Generation: 12
length: 34.0
feature_occurency: [50, 50, 50, 50, 50, 50, 50, 50, 50, 50, 50, 50, 50, 50, 50, 50, 50, 50, 50, 50, 50, 50, 50, 50, 50, 50, 50, 50, 50, 50, 50, 50, 50, 50]

Generation 61
Average: 0.8895 Best: 0.9231
Best Individual: 
C0 6|4|10|19|15|23|30|21|8|24|18|2|11|7|9|5|13|27|28|1|31|17|16|29|33|22|26|12|20|0|3|32|14|25|
Overall Best: 0.9430 Generation: 12
length: 34.0
feature_occurency: [50, 50, 50, 50, 50, 50, 50, 50, 50, 50, 50, 50, 50, 50, 50, 50, 50, 50, 50, 50, 50, 50, 50, 50, 50, 50, 50, 50, 50, 50, 50, 50, 50, 50]

Generation 62
Average: 0.8912 Best: 0.9259
Best Individual: 
C0 0|23|30|6|26|33|14|5|17|24|9|25|27|28|21|4|18|12|13|20|1|32|8|29|3|15|19|7|31|11|22|16|10|2|
Overall Best: 0.9430 Generation: 12
length: 34.0
feature_occurency: [50, 50, 50, 50, 50, 50, 50, 50, 50, 50, 50, 50, 50, 50, 50, 50, 50, 50, 50, 50, 50, 50, 50, 50, 50, 50, 50, 50, 50, 50, 50, 50, 50, 50]

Generation 63
Average: 0.8880 Best: 0.9202
Best Individual: 
C0 4|23|13|30|12|8|11|18|1|9|31|29|26|24|17|6|33|27|28|0|14|32|5|7|3|15|2|19|20|21|10|16|22|25|
Overall Best: 0.9430 Generation: 12
length: 34.0
feature_occurency: [50, 50, 50, 50, 50, 50, 50, 50, 50, 50, 50, 50, 50, 50, 50, 50, 50, 50, 50, 50, 50, 50, 50, 50, 50, 50, 50, 50, 50, 50, 50, 50, 50, 50]

Generation 64
Average: 0.8851 Best: 0.9202
Best Individual: 
C0 4|23|13|30|12|8|11|18|33|9|31|29|26|24|17|6|1|27|28|0|14|32|5|7|3|15|2|19|20|21|10|16|22|25|
Overall Best: 0.9430 Generation: 12
length: 34.0
feature_occurency: [50, 50, 50, 50, 50, 50, 50, 50, 50, 50, 50, 50, 50, 50, 50, 50, 50, 50, 50, 50, 50, 50, 50, 50, 50, 50, 50, 50, 50, 50, 50, 50, 50, 50]

Generation 65
Average: 0.8883 Best: 0.9316
Best Individual: 
C0 26|6|17|33|19|23|5|10|0|11|9|25|27|29|21|8|18|14|20|1|13|32|24|28|7|15|16|30|22|3|12|4|31|2|
Overall Best: 0.9430 Generation: 12
length: 34.0
feature_occurency: [50, 50, 50, 50, 50, 50, 50, 50, 50, 50, 50, 50, 50, 50, 50, 50, 50, 50, 50, 50, 50, 50, 50, 50, 50, 50, 50, 50, 50, 50, 50, 50, 50, 50]

Generation 66
Average: 0.8876 Best: 0.9316
Best Individual: 
C0 26|6|17|33|19|23|5|10|0|11|9|25|27|29|21|8|18|14|20|1|13|32|24|28|15|7|16|30|22|3|12|4|31|2|
Overall Best: 0.9430 Generation: 12
length: 34.0
feature_occurency: [50, 50, 50, 50, 50, 50, 50, 50, 50, 50, 50, 50, 50, 50, 50, 50, 50, 50, 50, 50, 50, 50, 50, 50, 50, 50, 50, 50, 50, 50, 50, 50, 50, 50]

Generation 67
Average: 0.8903 Best: 0.9316
Best Individual: 
C0 26|6|17|33|19|23|5|10|0|11|9|25|27|29|21|18|8|14|20|1|13|32|24|28|15|7|16|30|22|3|12|4|31|2|
Overall Best: 0.9430 Generation: 12
length: 34.0
feature_occurency: [50, 50, 50, 50, 50, 50, 50, 50, 50, 50, 50, 50, 50, 50, 50, 50, 50, 50, 50, 50, 50, 50, 50, 50, 50, 50, 50, 50, 50, 50, 50, 50, 50, 50]

Generation 68
Average: 0.8950 Best: 0.9316
Best Individual: 
C0 26|6|17|33|19|23|24|13|0|11|9|25|27|29|21|18|8|14|20|1|10|32|5|28|15|7|31|30|22|3|12|4|16|2|
Overall Best: 0.9430 Generation: 12
length: 34.0
feature_occurency: [50, 50, 50, 50, 50, 50, 50, 50, 50, 50, 50, 50, 50, 50, 50, 50, 50, 50, 50, 50, 50, 50, 50, 50, 50, 50, 50, 50, 50, 50, 50, 50, 50, 50]

Generation 69
Average: 0.8925 Best: 0.9345
Best Individual: 
C0 26|1|15|6|23|20|28|18|19|24|30|9|7|16|3|22|25|33|10|0|14|17|13|4|21|27|31|12|11|5|32|29|2|8|
Overall Best: 0.9430 Generation: 12
length: 34.0
feature_occurency: [50, 50, 50, 50, 50, 50, 50, 50, 50, 50, 50, 50, 50, 50, 50, 50, 50, 50, 50, 50, 50, 50, 50, 50, 50, 50, 50, 50, 50, 50, 50, 50, 50, 50]

Generation 70
Average: 0.8928 Best: 0.9430
Best Individual: 
C0 17|23|0|33|4|6|5|29|3|11|27|25|2|10|21|18|12|14|22|1|13|28|24|32|20|7|16|30|26|8|15|19|9|31|
Overall Best: 0.9430 Generation: 12
length: 34.0
feature_occurency: [50, 50, 50, 50, 50, 50, 50, 50, 50, 50, 50, 50, 50, 50, 50, 50, 50, 50, 50, 50, 50, 50, 50, 50, 50, 50, 50, 50, 50, 50, 50, 50, 50, 50]

Generation 71
Average: 0.8885 Best: 0.9459
Best Individual: 
C0 17|23|0|33|7|6|5|29|14|11|27|25|2|21|10|18|12|3|22|31|13|28|24|32|20|4|16|30|26|8|15|19|9|1|
Overall Best: 0.9459 Generation: 71
length: 34.0
feature_occurency: [50, 50, 50, 50, 50, 50, 50, 50, 50, 50, 50, 50, 50, 50, 50, 50, 50, 50, 50, 50, 50, 50, 50, 50, 50, 50, 50, 50, 50, 50, 50, 50, 50, 50]

Generation 72
Average: 0.8870 Best: 0.9288
Best Individual: 
C0 23|15|20|8|6|4|21|14|33|17|29|5|2|7|1|13|26|19|10|30|12|0|28|31|16|25|22|24|32|18|3|27|9|11|
Overall Best: 0.9459 Generation: 71
length: 34.0
feature_occurency: [50, 50, 50, 50, 50, 50, 50, 50, 50, 50, 50, 50, 50, 50, 50, 50, 50, 50, 50, 50, 50, 50, 50, 50, 50, 50, 50, 50, 50, 50, 50, 50, 50, 50]

Generation 73
Average: 0.8851 Best: 0.9231
Best Individual: 
C0 17|23|26|11|7|6|2|18|24|5|1|8|33|4|20|15|12|19|30|31|14|0|32|13|10|16|22|29|28|3|25|27|9|21|
Overall Best: 0.9459 Generation: 71
length: 34.0
feature_occurency: [50, 50, 50, 50, 50, 50, 50, 50, 50, 50, 50, 50, 50, 50, 50, 50, 50, 50, 50, 50, 50, 50, 50, 50, 50, 50, 50, 50, 50, 50, 50, 50, 50, 50]

Generation 74
Average: 0.8896 Best: 0.9231
Best Individual: 
C0 19|23|0|17|7|6|2|32|24|33|1|30|5|16|12|18|10|25|13|31|8|21|14|29|20|11|28|27|26|3|15|4|9|22|
Overall Best: 0.9459 Generation: 71
length: 34.0
feature_occurency: [50, 50, 50, 50, 50, 50, 50, 50, 50, 50, 50, 50, 50, 50, 50, 50, 50, 50, 50, 50, 50, 50, 50, 50, 50, 50, 50, 50, 50, 50, 50, 50, 50, 50]

Generation 75
Average: 0.8892 Best: 0.9259
Best Individual: 
C0 23|14|4|11|7|6|27|18|10|29|19|32|13|16|30|17|22|24|2|15|33|5|9|8|0|28|25|21|26|3|31|20|1|12|
Overall Best: 0.9459 Generation: 71
length: 34.0
feature_occurency: [50, 50, 50, 50, 50, 50, 50, 50, 50, 50, 50, 50, 50, 50, 50, 50, 50, 50, 50, 50, 50, 50, 50, 50, 50, 50, 50, 50, 50, 50, 50, 50, 50, 50]

Generation 76
Average: 0.8939 Best: 0.9259
Best Individual: 
C0 23|14|4|11|7|6|27|18|10|0|19|32|13|16|30|17|22|24|2|15|33|5|9|8|29|28|25|21|26|3|31|20|1|12|
Overall Best: 0.9459 Generation: 71
length: 34.0
feature_occurency: [50, 50, 50, 50, 50, 50, 50, 50, 50, 50, 50, 50, 50, 50, 50, 50, 50, 50, 50, 50, 50, 50, 50, 50, 50, 50, 50, 50, 50, 50, 50, 50, 50, 50]

Generation 77
Average: 0.8909 Best: 0.9316
Best Individual: 
C0 7|20|4|3|26|23|27|18|30|6|19|32|13|16|10|17|22|24|2|15|33|5|9|31|8|1|29|21|14|11|12|0|28|25|
Overall Best: 0.9459 Generation: 71
length: 34.0
feature_occurency: [50, 50, 50, 50, 50, 50, 50, 50, 50, 50, 50, 50, 50, 50, 50, 50, 50, 50, 50, 50, 50, 50, 50, 50, 50, 50, 50, 50, 50, 50, 50, 50, 50, 50]

Generation 78
Average: 0.8918 Best: 0.9288
Best Individual: 
C0 4|1|10|15|6|23|29|27|19|30|22|26|17|8|3|13|31|5|28|24|12|33|18|32|2|0|16|14|9|21|11|25|7|20|
Overall Best: 0.9459 Generation: 71
length: 34.0
feature_occurency: [50, 50, 50, 50, 50, 50, 50, 50, 50, 50, 50, 50, 50, 50, 50, 50, 50, 50, 50, 50, 50, 50, 50, 50, 50, 50, 50, 50, 50, 50, 50, 50, 50, 50]

Generation 79
Average: 0.8912 Best: 0.9288
Best Individual: 
C0 4|1|10|15|6|23|29|27|24|30|22|21|17|8|3|13|31|5|28|19|26|33|18|32|2|0|16|14|7|12|11|25|9|20|
Overall Best: 0.9459 Generation: 71
length: 34.0
feature_occurency: [50, 50, 50, 50, 50, 50, 50, 50, 50, 50, 50, 50, 50, 50, 50, 50, 50, 50, 50, 50, 50, 50, 50, 50, 50, 50, 50, 50, 50, 50, 50, 50, 50, 50]

Generation 80
Average: 0.8897 Best: 0.9231
Best Individual: 
C0 22|4|15|17|23|1|25|31|33|2|12|20|21|27|3|0|10|14|32|16|9|8|18|26|5|13|30|7|24|11|29|6|19|28|
Overall Best: 0.9459 Generation: 71
length: 34.0
feature_occurency: [50, 50, 50, 50, 50, 50, 50, 50, 50, 50, 50, 50, 50, 50, 50, 50, 50, 50, 50, 50, 50, 50, 50, 50, 50, 50, 50, 50, 50, 50, 50, 50, 50, 50]

Generation 81
Average: 0.8859 Best: 0.9259
Best Individual: 
C0 14|8|23|3|4|32|5|17|29|10|19|21|13|25|15|1|22|26|28|24|12|33|27|7|16|6|30|9|20|11|0|31|18|2|
Overall Best: 0.9459 Generation: 71
length: 34.0
feature_occurency: [50, 50, 50, 50, 50, 50, 50, 50, 50, 50, 50, 50, 50, 50, 50, 50, 50, 50, 50, 50, 50, 50, 50, 50, 50, 50, 50, 50, 50, 50, 50, 50, 50, 50]

Generation 82
Average: 0.8870 Best: 0.9259
Best Individual: 
C0 14|8|23|3|4|32|5|15|29|10|19|21|13|25|17|1|9|26|28|24|12|33|27|11|16|6|30|18|20|7|0|31|22|2|
Overall Best: 0.9459 Generation: 71
length: 34.0
feature_occurency: [50, 50, 50, 50, 50, 50, 50, 50, 50, 50, 50, 50, 50, 50, 50, 50, 50, 50, 50, 50, 50, 50, 50, 50, 50, 50, 50, 50, 50, 50, 50, 50, 50, 50]

Generation 83
Average: 0.8947 Best: 0.9288
Best Individual: 
C0 30|23|7|31|5|6|25|17|4|9|2|18|10|16|13|15|11|24|12|26|33|27|1|8|29|21|19|20|22|0|32|14|28|3|
Overall Best: 0.9459 Generation: 71
length: 34.0
feature_occurency: [50, 50, 50, 50, 50, 50, 50, 50, 50, 50, 50, 50, 50, 50, 50, 50, 50, 50, 50, 50, 50, 50, 50, 50, 50, 50, 50, 50, 50, 50, 50, 50, 50, 50]

Generation 84
Average: 0.8875 Best: 0.9259
Best Individual: 
C0 14|8|23|3|4|32|18|15|29|31|19|21|13|25|17|12|9|26|28|24|1|33|5|11|16|2|27|30|22|7|0|10|20|6|
Overall Best: 0.9459 Generation: 71
length: 34.0
feature_occurency: [50, 50, 50, 50, 50, 50, 50, 50, 50, 50, 50, 50, 50, 50, 50, 50, 50, 50, 50, 50, 50, 50, 50, 50, 50, 50, 50, 50, 50, 50, 50, 50, 50, 50]

Generation 85
Average: 0.8887 Best: 0.9316
Best Individual: 
C0 22|8|23|3|4|10|18|15|29|31|19|21|14|25|17|12|9|26|28|24|1|33|5|11|16|2|32|7|13|27|30|6|20|0|
Overall Best: 0.9459 Generation: 71
length: 34.0
feature_occurency: [50, 50, 50, 50, 50, 50, 50, 50, 50, 50, 50, 50, 50, 50, 50, 50, 50, 50, 50, 50, 50, 50, 50, 50, 50, 50, 50, 50, 50, 50, 50, 50, 50, 50]

Generation 86
Average: 0.8918 Best: 0.9316
Best Individual: 
C0 22|8|23|3|4|10|18|33|29|31|19|21|14|25|17|12|9|26|28|24|1|15|5|11|16|2|32|7|13|27|30|6|20|0|
Overall Best: 0.9459 Generation: 71
length: 34.0
feature_occurency: [50, 50, 50, 50, 50, 50, 50, 50, 50, 50, 50, 50, 50, 50, 50, 50, 50, 50, 50, 50, 50, 50, 50, 50, 50, 50, 50, 50, 50, 50, 50, 50, 50, 50]

Generation 87
Average: 0.8891 Best: 0.9231
Best Individual: 
C0 20|19|2|23|4|3|33|27|31|8|10|13|25|28|1|17|24|26|11|12|30|15|9|29|0|14|22|5|21|16|18|6|7|32|
Overall Best: 0.9459 Generation: 71
length: 34.0
feature_occurency: [50, 50, 50, 50, 50, 50, 50, 50, 50, 50, 50, 50, 50, 50, 50, 50, 50, 50, 50, 50, 50, 50, 50, 50, 50, 50, 50, 50, 50, 50, 50, 50, 50, 50]

Generation 88
Average: 0.8914 Best: 0.9259
Best Individual: 
C0 20|19|5|23|4|3|33|27|31|8|10|13|18|16|28|12|29|21|32|7|30|17|22|2|14|6|26|25|24|9|0|15|1|11|
Overall Best: 0.9459 Generation: 71
length: 34.0
feature_occurency: [50, 50, 50, 50, 50, 50, 50, 50, 50, 50, 50, 50, 50, 50, 50, 50, 50, 50, 50, 50, 50, 50, 50, 50, 50, 50, 50, 50, 50, 50, 50, 50, 50, 50]

Generation 89
Average: 0.8871 Best: 0.9202
Best Individual: 
C0 20|27|4|3|23|11|5|26|15|2|9|33|30|16|28|10|29|12|25|7|32|22|6|0|18|17|19|14|24|21|13|31|1|8|
Overall Best: 0.9459 Generation: 71
length: 34.0
feature_occurency: [50, 50, 50, 50, 50, 50, 50, 50, 50, 50, 50, 50, 50, 50, 50, 50, 50, 50, 50, 50, 50, 50, 50, 50, 50, 50, 50, 50, 50, 50, 50, 50, 50, 50]

Generation 90
Average: 0.8921 Best: 0.9259
Best Individual: 
C0 15|4|23|2|24|8|26|31|21|14|1|16|10|19|20|28|7|17|25|9|0|22|27|29|33|12|32|11|5|18|13|3|30|6|
Overall Best: 0.9459 Generation: 71
length: 34.0
feature_occurency: [50, 50, 50, 50, 50, 50, 50, 50, 50, 50, 50, 50, 50, 50, 50, 50, 50, 50, 50, 50, 50, 50, 50, 50, 50, 50, 50, 50, 50, 50, 50, 50, 50, 50]

Generation 91
Average: 0.8862 Best: 0.9259
Best Individual: 
C0 15|4|23|2|24|8|26|31|21|14|25|16|10|19|6|28|7|17|1|9|0|22|27|12|33|29|32|11|5|18|13|3|30|20|
Overall Best: 0.9459 Generation: 71
length: 34.0
feature_occurency: [50, 50, 50, 50, 50, 50, 50, 50, 50, 50, 50, 50, 50, 50, 50, 50, 50, 50, 50, 50, 50, 50, 50, 50, 50, 50, 50, 50, 50, 50, 50, 50, 50, 50]

Generation 92
Average: 0.8861 Best: 0.9259
Best Individual: 
C0 15|4|23|2|24|8|26|31|21|0|33|16|3|19|20|28|7|17|11|9|14|22|27|29|1|12|32|25|5|18|13|10|30|6|
Overall Best: 0.9459 Generation: 71
length: 34.0
feature_occurency: [50, 50, 50, 50, 50, 50, 50, 50, 50, 50, 50, 50, 50, 50, 50, 50, 50, 50, 50, 50, 50, 50, 50, 50, 50, 50, 50, 50, 50, 50, 50, 50, 50, 50]

Generation 93
Average: 0.8838 Best: 0.9288
Best Individual: 
C0 9|4|6|15|23|10|2|21|31|29|1|24|11|16|3|30|8|26|28|18|25|22|13|14|12|32|19|7|5|17|20|27|33|0|
Overall Best: 0.9459 Generation: 71
length: 34.0
feature_occurency: [50, 50, 50, 50, 50, 50, 50, 50, 50, 50, 50, 50, 50, 50, 50, 50, 50, 50, 50, 50, 50, 50, 50, 50, 50, 50, 50, 50, 50, 50, 50, 50, 50, 50]

Generation 94
Average: 0.8855 Best: 0.9174
Best Individual: 
C0 20|16|4|3|23|11|24|31|15|0|9|32|2|27|19|25|29|12|10|7|33|22|6|30|18|17|28|14|5|21|13|26|1|8|
Overall Best: 0.9459 Generation: 71
length: 34.0
feature_occurency: [50, 50, 50, 50, 50, 50, 50, 50, 50, 50, 50, 50, 50, 50, 50, 50, 50, 50, 50, 50, 50, 50, 50, 50, 50, 50, 50, 50, 50, 50, 50, 50, 50, 50]

Generation 95
Average: 0.8853 Best: 0.9202
Best Individual: 
C0 23|28|4|15|14|13|11|29|5|30|31|25|12|16|32|6|24|18|3|22|19|7|0|17|26|9|1|10|27|20|2|33|21|8|
Overall Best: 0.9459 Generation: 71
length: 34.0
feature_occurency: [50, 50, 50, 50, 50, 50, 50, 50, 50, 50, 50, 50, 50, 50, 50, 50, 50, 50, 50, 50, 50, 50, 50, 50, 50, 50, 50, 50, 50, 50, 50, 50, 50, 50]

Generation 96
Average: 0.8896 Best: 0.9288
Best Individual: 
C0 23|21|4|7|8|6|25|29|0|18|17|22|10|5|33|26|3|31|11|32|27|16|2|13|15|12|24|19|20|1|30|9|28|14|
Overall Best: 0.9459 Generation: 71
length: 34.0
feature_occurency: [50, 50, 50, 50, 50, 50, 50, 50, 50, 50, 50, 50, 50, 50, 50, 50, 50, 50, 50, 50, 50, 50, 50, 50, 50, 50, 50, 50, 50, 50, 50, 50, 50, 50]

Generation 97
Average: 0.8943 Best: 0.9288
Best Individual: 
C0 23|21|4|7|8|6|31|29|0|18|17|22|10|5|33|26|3|25|11|32|27|16|2|13|15|12|24|19|20|1|30|9|28|14|
Overall Best: 0.9459 Generation: 71
length: 34.0
feature_occurency: [50, 50, 50, 50, 50, 50, 50, 50, 50, 50, 50, 50, 50, 50, 50, 50, 50, 50, 50, 50, 50, 50, 50, 50, 50, 50, 50, 50, 50, 50, 50, 50, 50, 50]

Generation 98
Average: 0.8890 Best: 0.9259
Best Individual: 
C0 6|25|33|19|20|23|4|5|21|14|1|11|2|18|10|29|26|8|13|24|30|22|9|7|28|32|16|0|15|17|12|27|31|3|
Overall Best: 0.9459 Generation: 71
length: 34.0
feature_occurency: [50, 50, 50, 50, 50, 50, 50, 50, 50, 50, 50, 50, 50, 50, 50, 50, 50, 50, 50, 50, 50, 50, 50, 50, 50, 50, 50, 50, 50, 50, 50, 50, 50, 50]

Generation 99
Average: 0.8918 Best: 0.9288
Best Individual: 
C0 14|21|15|1|4|23|33|27|19|28|10|12|0|5|6|30|13|22|29|26|9|24|11|17|31|8|25|3|2|16|18|20|32|7|
Overall Best: 0.9459 Generation: 71
==================
    Best individual after 100 generations
    computed in 193.7830 seconds
    332 elements out of 351 correct.
    emerged in generation 71
    with fitness 0.9459
==================

17|23|0|33|7|6|5|29|14|11|27|25|2|21|10|18|12|3|22|31|13|28|24|32|20|4|16|30|26|8|15|19|9|1|
