Starting evolution...
length: 34.0
feature_occurency: [50, 50, 50, 50, 50, 50, 50, 50, 50, 50, 50, 50, 50, 50, 50, 50, 50, 50, 50, 50, 50, 50, 50, 50, 50, 50, 50, 50, 50, 50, 50, 50, 50, 50]

Generation 0
Average: 0.8885 Best: 0.9202
Best Individual: 
C0 16|33|3|23|4|5|7|6|8|26|18|11|10|13|2|1|28|17|0|22|20|30|31|14|24|29|27|9|12|25|21|19|32|15|
Overall Best: 0.9202 Generation: 0
length: 34.0
feature_occurency: [50, 50, 50, 50, 50, 50, 50, 50, 50, 50, 50, 50, 50, 50, 50, 50, 50, 50, 50, 50, 50, 50, 50, 50, 50, 50, 50, 50, 50, 50, 50, 50, 50, 50]

Generation 1
Average: 0.8871 Best: 0.9117
Best Individual: 
C0 27|1|2|18|4|0|26|21|19|23|10|13|30|11|14|6|17|3|16|8|20|15|7|24|22|9|25|5|28|29|12|31|32|33|
Overall Best: 0.9202 Generation: 0
length: 34.0
feature_occurency: [50, 50, 50, 50, 50, 50, 50, 50, 50, 50, 50, 50, 50, 50, 50, 50, 50, 50, 50, 50, 50, 50, 50, 50, 50, 50, 50, 50, 50, 50, 50, 50, 50, 50]

Generation 2
Average: 0.8874 Best: 0.9117
Best Individual: 
C0 0|16|19|5|4|30|7|6|8|26|27|11|18|1|31|33|29|9|17|2|24|28|15|23|3|25|20|12|10|22|21|14|32|13|
Overall Best: 0.9202 Generation: 0
length: 34.0
feature_occurency: [50, 50, 50, 50, 50, 50, 50, 50, 50, 50, 50, 50, 50, 50, 50, 50, 50, 50, 50, 50, 50, 50, 50, 50, 50, 50, 50, 50, 50, 50, 50, 50, 50, 50]

Generation 3
Average: 0.8907 Best: 0.9202
Best Individual: 
C0 0|16|19|27|4|30|7|20|29|15|5|12|11|1|31|33|8|9|18|2|24|28|26|23|3|25|6|17|10|22|21|14|32|13|
Overall Best: 0.9202 Generation: 0
length: 34.0
feature_occurency: [50, 50, 50, 50, 50, 50, 50, 50, 50, 50, 50, 50, 50, 50, 50, 50, 50, 50, 50, 50, 50, 50, 50, 50, 50, 50, 50, 50, 50, 50, 50, 50, 50, 50]

Generation 4
Average: 0.8863 Best: 0.9174
Best Individual: 
C0 23|29|14|18|8|27|26|3|4|0|10|13|12|32|11|1|17|19|30|5|2|15|22|24|7|9|25|21|28|6|16|31|20|33|
Overall Best: 0.9202 Generation: 0
length: 34.0
feature_occurency: [50, 50, 50, 50, 50, 50, 50, 50, 50, 50, 50, 50, 50, 50, 50, 50, 50, 50, 50, 50, 50, 50, 50, 50, 50, 50, 50, 50, 50, 50, 50, 50, 50, 50]

Generation 5
Average: 0.8908 Best: 0.9117
Best Individual: 
C0 19|11|8|18|3|16|26|23|22|4|20|25|9|31|24|10|5|17|0|27|12|21|6|7|14|15|1|28|2|29|13|33|30|32|
Overall Best: 0.9202 Generation: 0
length: 34.0
feature_occurency: [50, 50, 50, 50, 50, 50, 50, 50, 50, 50, 50, 50, 50, 50, 50, 50, 50, 50, 50, 50, 50, 50, 50, 50, 50, 50, 50, 50, 50, 50, 50, 50, 50, 50]

Generation 6
Average: 0.8903 Best: 0.9202
Best Individual: 
C0 23|17|19|5|27|4|8|15|14|11|18|13|30|0|31|33|7|9|3|22|2|24|29|21|32|12|16|1|28|6|25|10|20|26|
Overall Best: 0.9202 Generation: 0
length: 34.0
feature_occurency: [50, 50, 50, 50, 50, 50, 50, 50, 50, 50, 50, 50, 50, 50, 50, 50, 50, 50, 50, 50, 50, 50, 50, 50, 50, 50, 50, 50, 50, 50, 50, 50, 50, 50]

Generation 7
Average: 0.8903 Best: 0.9117
Best Individual: 
C0 0|8|10|28|15|1|3|23|25|4|22|31|9|11|5|6|26|2|18|12|30|13|14|21|32|7|20|17|29|24|27|16|19|33|
Overall Best: 0.9202 Generation: 0
length: 34.0
feature_occurency: [50, 50, 50, 50, 50, 50, 50, 50, 50, 50, 50, 50, 50, 50, 50, 50, 50, 50, 50, 50, 50, 50, 50, 50, 50, 50, 50, 50, 50, 50, 50, 50, 50, 50]

Generation 8
Average: 0.8911 Best: 0.9288
Best Individual: 
C0 19|16|4|2|6|3|8|33|26|23|29|31|9|11|10|13|30|22|5|18|20|12|17|24|7|28|0|1|21|15|32|25|14|27|
Overall Best: 0.9288 Generation: 8
length: 34.0
feature_occurency: [50, 50, 50, 50, 50, 50, 50, 50, 50, 50, 50, 50, 50, 50, 50, 50, 50, 50, 50, 50, 50, 50, 50, 50, 50, 50, 50, 50, 50, 50, 50, 50, 50, 50]

Generation 9
Average: 0.8874 Best: 0.9288
Best Individual: 
C0 19|16|4|2|6|3|8|33|26|23|29|20|9|11|10|13|30|22|5|18|31|12|17|24|7|28|0|1|21|15|32|25|14|27|
Overall Best: 0.9288 Generation: 8
length: 34.0
feature_occurency: [50, 50, 50, 50, 50, 50, 50, 50, 50, 50, 50, 50, 50, 50, 50, 50, 50, 50, 50, 50, 50, 50, 50, 50, 50, 50, 50, 50, 50, 50, 50, 50, 50, 50]

Generation 10
Average: 0.8891 Best: 0.9288
Best Individual: 
C0 19|16|4|2|6|3|8|33|26|23|29|20|9|11|10|13|22|30|5|18|31|12|17|24|7|28|0|1|21|15|32|25|14|27|
Overall Best: 0.9288 Generation: 8
length: 34.0
feature_occurency: [50, 50, 50, 50, 50, 50, 50, 50, 50, 50, 50, 50, 50, 50, 50, 50, 50, 50, 50, 50, 50, 50, 50, 50, 50, 50, 50, 50, 50, 50, 50, 50, 50, 50]

Generation 11
Average: 0.8892 Best: 0.9288
Best Individual: 
C0 16|2|19|4|6|3|8|33|26|23|29|20|9|11|10|13|22|30|5|18|31|12|17|24|7|28|0|1|21|15|32|25|14|27|
Overall Best: 0.9288 Generation: 8
length: 34.0
feature_occurency: [50, 50, 50, 50, 50, 50, 50, 50, 50, 50, 50, 50, 50, 50, 50, 50, 50, 50, 50, 50, 50, 50, 50, 50, 50, 50, 50, 50, 50, 50, 50, 50, 50, 50]

Generation 12
Average: 0.8930 Best: 0.9231
Best Individual: 
C0 8|7|20|14|4|15|13|26|19|3|12|6|23|24|0|32|30|9|2|21|28|5|10|31|17|22|25|29|1|16|11|27|33|18|
Overall Best: 0.9288 Generation: 8
length: 34.0
feature_occurency: [50, 50, 50, 50, 50, 50, 50, 50, 50, 50, 50, 50, 50, 50, 50, 50, 50, 50, 50, 50, 50, 50, 50, 50, 50, 50, 50, 50, 50, 50, 50, 50, 50, 50]

Generation 13
Average: 0.8926 Best: 0.9231
Best Individual: 
C0 8|7|20|14|4|15|13|26|19|3|23|9|12|24|0|32|29|6|2|21|28|5|10|31|17|22|25|30|1|16|33|27|11|18|
Overall Best: 0.9288 Generation: 8
length: 34.0
feature_occurency: [50, 50, 50, 50, 50, 50, 50, 50, 50, 50, 50, 50, 50, 50, 50, 50, 50, 50, 50, 50, 50, 50, 50, 50, 50, 50, 50, 50, 50, 50, 50, 50, 50, 50]

Generation 14
Average: 0.8942 Best: 0.9288
Best Individual: 
C0 15|13|20|1|7|23|27|32|19|6|31|16|21|9|26|11|17|33|2|25|8|24|22|28|29|10|30|4|5|3|18|12|14|0|
Overall Best: 0.9288 Generation: 8
length: 34.0
feature_occurency: [50, 50, 50, 50, 50, 50, 50, 50, 50, 50, 50, 50, 50, 50, 50, 50, 50, 50, 50, 50, 50, 50, 50, 50, 50, 50, 50, 50, 50, 50, 50, 50, 50, 50]

Generation 15
Average: 0.8944 Best: 0.9202
Best Individual: 
C0 8|7|20|14|4|17|13|26|19|3|12|6|23|24|0|10|30|9|2|21|28|22|32|31|15|5|25|18|1|16|11|27|33|29|
Overall Best: 0.9288 Generation: 8
length: 34.0
feature_occurency: [50, 50, 50, 50, 50, 50, 50, 50, 50, 50, 50, 50, 50, 50, 50, 50, 50, 50, 50, 50, 50, 50, 50, 50, 50, 50, 50, 50, 50, 50, 50, 50, 50, 50]

Generation 16
Average: 0.8936 Best: 0.9288
Best Individual: 
C0 8|12|20|14|4|17|33|26|19|3|7|6|23|32|0|10|30|9|2|21|29|22|24|31|15|5|25|18|1|16|11|27|13|28|
Overall Best: 0.9288 Generation: 8
length: 34.0
feature_occurency: [50, 50, 50, 50, 50, 50, 50, 50, 50, 50, 50, 50, 50, 50, 50, 50, 50, 50, 50, 50, 50, 50, 50, 50, 50, 50, 50, 50, 50, 50, 50, 50, 50, 50]

Generation 17
Average: 0.8947 Best: 0.9202
Best Individual: 
C0 27|15|25|32|33|6|20|26|7|23|29|12|18|9|0|17|24|22|13|1|31|19|5|21|11|14|16|2|10|8|28|3|4|30|
Overall Best: 0.9288 Generation: 8
length: 34.0
feature_occurency: [50, 50, 50, 50, 50, 50, 50, 50, 50, 50, 50, 50, 50, 50, 50, 50, 50, 50, 50, 50, 50, 50, 50, 50, 50, 50, 50, 50, 50, 50, 50, 50, 50, 50]

Generation 18
Average: 0.8964 Best: 0.9145
Best Individual: 
C0 4|28|32|20|5|19|22|33|12|25|0|10|17|18|8|2|30|14|21|24|3|11|26|29|27|31|13|6|1|15|9|16|23|7|
Overall Best: 0.9288 Generation: 8
length: 34.0
feature_occurency: [50, 50, 50, 50, 50, 50, 50, 50, 50, 50, 50, 50, 50, 50, 50, 50, 50, 50, 50, 50, 50, 50, 50, 50, 50, 50, 50, 50, 50, 50, 50, 50, 50, 50]

Generation 19
Average: 0.8951 Best: 0.9145
Best Individual: 
C0 4|28|32|20|27|19|22|33|12|25|0|31|17|2|29|18|30|1|21|24|6|11|10|8|14|9|13|3|5|15|16|26|23|7|
Overall Best: 0.9288 Generation: 8
length: 34.0
feature_occurency: [50, 50, 50, 50, 50, 50, 50, 50, 50, 50, 50, 50, 50, 50, 50, 50, 50, 50, 50, 50, 50, 50, 50, 50, 50, 50, 50, 50, 50, 50, 50, 50, 50, 50]

Generation 20
Average: 0.8920 Best: 0.9259
Best Individual: 
C0 13|21|0|12|33|4|26|16|15|23|28|7|29|1|14|18|6|9|17|10|3|22|8|31|2|5|25|19|32|24|11|20|27|30|
Overall Best: 0.9288 Generation: 8
length: 34.0
feature_occurency: [50, 50, 50, 50, 50, 50, 50, 50, 50, 50, 50, 50, 50, 50, 50, 50, 50, 50, 50, 50, 50, 50, 50, 50, 50, 50, 50, 50, 50, 50, 50, 50, 50, 50]

Generation 21
Average: 0.8932 Best: 0.9259
Best Individual: 
C0 13|21|0|12|33|4|26|16|15|23|28|7|29|1|14|18|6|25|17|10|3|22|8|31|2|5|9|19|32|24|11|20|27|30|
Overall Best: 0.9288 Generation: 8
length: 34.0
feature_occurency: [50, 50, 50, 50, 50, 50, 50, 50, 50, 50, 50, 50, 50, 50, 50, 50, 50, 50, 50, 50, 50, 50, 50, 50, 50, 50, 50, 50, 50, 50, 50, 50, 50, 50]

Generation 22
Average: 0.8933 Best: 0.9288
Best Individual: 
C0 17|21|0|12|33|4|26|16|15|23|28|7|29|1|14|18|6|25|10|30|31|22|8|3|2|5|9|11|32|24|19|20|27|13|
Overall Best: 0.9288 Generation: 8
length: 34.0
feature_occurency: [50, 50, 50, 50, 50, 50, 50, 50, 50, 50, 50, 50, 50, 50, 50, 50, 50, 50, 50, 50, 50, 50, 50, 50, 50, 50, 50, 50, 50, 50, 50, 50, 50, 50]

Generation 23
Average: 0.8937 Best: 0.9231
Best Individual: 
C0 0|15|8|4|10|31|18|28|26|14|20|33|29|7|24|6|30|21|11|32|19|9|16|13|12|22|27|3|5|17|1|23|25|2|
Overall Best: 0.9288 Generation: 8
length: 34.0
feature_occurency: [50, 50, 50, 50, 50, 50, 50, 50, 50, 50, 50, 50, 50, 50, 50, 50, 50, 50, 50, 50, 50, 50, 50, 50, 50, 50, 50, 50, 50, 50, 50, 50, 50, 50]

Generation 24
Average: 0.8916 Best: 0.9316
Best Individual: 
C0 28|33|10|3|20|15|4|26|23|8|12|32|6|24|19|9|17|5|11|2|16|22|25|0|7|14|29|18|1|21|30|27|13|31|
Overall Best: 0.9316 Generation: 24
length: 34.0
feature_occurency: [50, 50, 50, 50, 50, 50, 50, 50, 50, 50, 50, 50, 50, 50, 50, 50, 50, 50, 50, 50, 50, 50, 50, 50, 50, 50, 50, 50, 50, 50, 50, 50, 50, 50]

Generation 25
Average: 0.8965 Best: 0.9202
Best Individual: 
C0 7|18|1|30|33|6|28|5|20|32|22|10|13|31|4|2|3|24|15|17|14|19|0|21|12|16|8|9|26|11|29|25|23|27|
Overall Best: 0.9316 Generation: 24
length: 34.0
feature_occurency: [50, 50, 50, 50, 50, 50, 50, 50, 50, 50, 50, 50, 50, 50, 50, 50, 50, 50, 50, 50, 50, 50, 50, 50, 50, 50, 50, 50, 50, 50, 50, 50, 50, 50]

Generation 26
Average: 0.8945 Best: 0.9259
Best Individual: 
C0 11|33|29|20|10|23|7|6|1|28|4|18|31|3|0|15|16|24|13|30|25|19|17|8|12|9|5|27|22|14|2|32|21|26|
Overall Best: 0.9316 Generation: 24
length: 34.0
feature_occurency: [50, 50, 50, 50, 50, 50, 50, 50, 50, 50, 50, 50, 50, 50, 50, 50, 50, 50, 50, 50, 50, 50, 50, 50, 50, 50, 50, 50, 50, 50, 50, 50, 50, 50]

Generation 27
Average: 0.8920 Best: 0.9259
Best Individual: 
C0 26|20|32|22|23|4|8|3|16|21|29|13|33|1|9|28|15|5|31|30|25|19|24|27|18|10|6|14|12|17|2|0|7|11|
Overall Best: 0.9316 Generation: 24
length: 34.0
feature_occurency: [50, 50, 50, 50, 50, 50, 50, 50, 50, 50, 50, 50, 50, 50, 50, 50, 50, 50, 50, 50, 50, 50, 50, 50, 50, 50, 50, 50, 50, 50, 50, 50, 50, 50]

Generation 28
Average: 0.8933 Best: 0.9231
Best Individual: 
C0 18|0|24|5|26|23|8|7|11|2|22|25|13|31|4|15|1|16|3|9|6|27|10|21|14|20|17|28|19|30|33|29|12|32|
Overall Best: 0.9316 Generation: 24
length: 34.0
feature_occurency: [50, 50, 50, 50, 50, 50, 50, 50, 50, 50, 50, 50, 50, 50, 50, 50, 50, 50, 50, 50, 50, 50, 50, 50, 50, 50, 50, 50, 50, 50, 50, 50, 50, 50]

Generation 29
Average: 0.8940 Best: 0.9259
Best Individual: 
C0 4|25|12|2|7|27|23|6|24|11|32|18|8|3|0|28|16|1|14|19|17|21|30|5|20|29|9|22|10|26|13|33|15|31|
Overall Best: 0.9316 Generation: 24
length: 34.0
feature_occurency: [50, 50, 50, 50, 50, 50, 50, 50, 50, 50, 50, 50, 50, 50, 50, 50, 50, 50, 50, 50, 50, 50, 50, 50, 50, 50, 50, 50, 50, 50, 50, 50, 50, 50]

Generation 30
Average: 0.8917 Best: 0.9231
Best Individual: 
C0 18|0|24|5|26|23|8|7|11|2|25|22|15|31|4|13|1|16|33|9|14|20|10|21|6|27|3|12|19|30|17|29|28|32|
Overall Best: 0.9316 Generation: 24
length: 34.0
feature_occurency: [50, 50, 50, 50, 50, 50, 50, 50, 50, 50, 50, 50, 50, 50, 50, 50, 50, 50, 50, 50, 50, 50, 50, 50, 50, 50, 50, 50, 50, 50, 50, 50, 50, 50]

Generation 31
Average: 0.8887 Best: 0.9174
Best Individual: 
C0 4|21|1|10|7|3|23|33|24|11|32|18|28|25|0|29|17|20|2|15|16|19|6|5|12|13|26|8|31|22|30|9|27|14|
Overall Best: 0.9316 Generation: 24
length: 34.0
feature_occurency: [50, 50, 50, 50, 50, 50, 50, 50, 50, 50, 50, 50, 50, 50, 50, 50, 50, 50, 50, 50, 50, 50, 50, 50, 50, 50, 50, 50, 50, 50, 50, 50, 50, 50]

Generation 32
Average: 0.8915 Best: 0.9231
Best Individual: 
C0 17|19|4|20|13|26|29|33|23|12|0|28|16|22|18|31|14|15|32|7|10|1|11|21|2|9|3|30|5|8|24|6|27|25|
Overall Best: 0.9316 Generation: 24
length: 34.0
feature_occurency: [50, 50, 50, 50, 50, 50, 50, 50, 50, 50, 50, 50, 50, 50, 50, 50, 50, 50, 50, 50, 50, 50, 50, 50, 50, 50, 50, 50, 50, 50, 50, 50, 50, 50]

Generation 33
Average: 0.8901 Best: 0.9202
Best Individual: 
C0 13|5|8|4|20|11|33|15|24|23|31|16|30|25|6|26|0|17|2|3|14|29|32|18|21|1|19|12|22|10|7|9|27|28|
Overall Best: 0.9316 Generation: 24
length: 34.0
feature_occurency: [50, 50, 50, 50, 50, 50, 50, 50, 50, 50, 50, 50, 50, 50, 50, 50, 50, 50, 50, 50, 50, 50, 50, 50, 50, 50, 50, 50, 50, 50, 50, 50, 50, 50]

Generation 34
Average: 0.8943 Best: 0.9202
Best Individual: 
C0 8|5|13|4|20|11|33|15|24|23|31|16|30|1|21|26|0|17|2|3|14|29|32|18|6|25|10|12|22|19|7|9|27|28|
Overall Best: 0.9316 Generation: 24
length: 34.0
feature_occurency: [50, 50, 50, 50, 50, 50, 50, 50, 50, 50, 50, 50, 50, 50, 50, 50, 50, 50, 50, 50, 50, 50, 50, 50, 50, 50, 50, 50, 50, 50, 50, 50, 50, 50]

Generation 35
Average: 0.8934 Best: 0.9316
Best Individual: 
C0 22|5|13|4|20|11|33|15|24|23|31|16|30|32|21|26|1|17|2|3|14|29|6|18|9|25|10|12|8|19|7|0|27|28|
Overall Best: 0.9316 Generation: 24
length: 34.0
feature_occurency: [50, 50, 50, 50, 50, 50, 50, 50, 50, 50, 50, 50, 50, 50, 50, 50, 50, 50, 50, 50, 50, 50, 50, 50, 50, 50, 50, 50, 50, 50, 50, 50, 50, 50]

Generation 36
Average: 0.8928 Best: 0.9174
Best Individual: 
C0 14|17|18|9|0|12|23|4|15|16|26|20|33|13|2|31|8|32|27|10|5|21|11|3|28|30|1|29|19|7|22|24|6|25|
Overall Best: 0.9316 Generation: 24
length: 34.0
feature_occurency: [50, 50, 50, 50, 50, 50, 50, 50, 50, 50, 50, 50, 50, 50, 50, 50, 50, 50, 50, 50, 50, 50, 50, 50, 50, 50, 50, 50, 50, 50, 50, 50, 50, 50]

Generation 37
Average: 0.8893 Best: 0.9088
Best Individual: 
C0 5|33|12|4|1|22|10|23|8|15|32|6|18|2|29|24|3|21|11|7|25|31|16|27|26|20|19|0|28|30|9|17|13|14|
Overall Best: 0.9316 Generation: 24
length: 34.0
feature_occurency: [50, 50, 50, 50, 50, 50, 50, 50, 50, 50, 50, 50, 50, 50, 50, 50, 50, 50, 50, 50, 50, 50, 50, 50, 50, 50, 50, 50, 50, 50, 50, 50, 50, 50]

Generation 38
Average: 0.8903 Best: 0.9145
Best Individual: 
C0 26|4|32|1|23|33|17|19|13|31|24|2|30|21|10|28|27|8|5|0|7|14|29|3|11|25|16|12|22|18|6|20|9|15|
Overall Best: 0.9316 Generation: 24
length: 34.0
feature_occurency: [50, 50, 50, 50, 50, 50, 50, 50, 50, 50, 50, 50, 50, 50, 50, 50, 50, 50, 50, 50, 50, 50, 50, 50, 50, 50, 50, 50, 50, 50, 50, 50, 50, 50]

Generation 39
Average: 0.8947 Best: 0.9288
Best Individual: 
C0 14|2|18|26|13|4|10|33|23|12|7|24|15|31|27|8|28|21|20|1|25|29|17|9|0|6|16|30|11|19|22|3|32|5|
Overall Best: 0.9316 Generation: 24
length: 34.0
feature_occurency: [50, 50, 50, 50, 50, 50, 50, 50, 50, 50, 50, 50, 50, 50, 50, 50, 50, 50, 50, 50, 50, 50, 50, 50, 50, 50, 50, 50, 50, 50, 50, 50, 50, 50]

Generation 40
Average: 0.8964 Best: 0.9345
Best Individual: 
C0 17|32|33|1|23|4|26|20|13|12|7|24|15|5|10|28|14|8|31|0|27|2|29|3|11|25|16|21|22|30|6|19|9|18|
Overall Best: 0.9345 Generation: 40
length: 34.0
feature_occurency: [50, 50, 50, 50, 50, 50, 50, 50, 50, 50, 50, 50, 50, 50, 50, 50, 50, 50, 50, 50, 50, 50, 50, 50, 50, 50, 50, 50, 50, 50, 50, 50, 50, 50]

Generation 41
Average: 0.8972 Best: 0.9345
Best Individual: 
C0 13|33|4|15|20|11|32|7|23|26|25|21|12|9|0|5|6|17|16|10|22|14|18|3|28|2|1|29|27|19|30|31|24|8|
Overall Best: 0.9345 Generation: 40
length: 34.0
feature_occurency: [50, 50, 50, 50, 50, 50, 50, 50, 50, 50, 50, 50, 50, 50, 50, 50, 50, 50, 50, 50, 50, 50, 50, 50, 50, 50, 50, 50, 50, 50, 50, 50, 50, 50]

Generation 42
Average: 0.8964 Best: 0.9345
Best Individual: 
C0 13|33|4|15|20|11|32|7|23|26|25|10|16|9|0|5|6|17|12|21|31|14|18|3|28|2|1|29|27|19|30|22|24|8|
Overall Best: 0.9345 Generation: 40
length: 34.0
feature_occurency: [50, 50, 50, 50, 50, 50, 50, 50, 50, 50, 50, 50, 50, 50, 50, 50, 50, 50, 50, 50, 50, 50, 50, 50, 50, 50, 50, 50, 50, 50, 50, 50, 50, 50]

Generation 43
Average: 0.8986 Best: 0.9345
Best Individual: 
C0 13|33|6|15|20|8|12|7|23|32|11|24|0|9|26|1|4|30|16|25|22|14|18|3|29|2|5|28|21|19|17|31|27|10|
Overall Best: 0.9345 Generation: 40
length: 34.0
feature_occurency: [50, 50, 50, 50, 50, 50, 50, 50, 50, 50, 50, 50, 50, 50, 50, 50, 50, 50, 50, 50, 50, 50, 50, 50, 50, 50, 50, 50, 50, 50, 50, 50, 50, 50]

Generation 44
Average: 0.8926 Best: 0.9259
Best Individual: 
C0 10|32|33|6|13|4|26|14|27|23|7|9|15|25|12|1|8|22|20|0|11|5|18|3|28|2|30|29|24|21|19|16|17|31|
Overall Best: 0.9345 Generation: 40
length: 34.0
feature_occurency: [50, 50, 50, 50, 50, 50, 50, 50, 50, 50, 50, 50, 50, 50, 50, 50, 50, 50, 50, 50, 50, 50, 50, 50, 50, 50, 50, 50, 50, 50, 50, 50, 50, 50]

Generation 45
Average: 0.8968 Best: 0.9259
Best Individual: 
C0 27|32|33|6|13|4|26|14|10|23|17|19|9|25|12|21|16|22|20|1|11|24|18|3|28|2|30|29|5|0|15|8|7|31|
Overall Best: 0.9345 Generation: 40
length: 34.0
feature_occurency: [50, 50, 50, 50, 50, 50, 50, 50, 50, 50, 50, 50, 50, 50, 50, 50, 50, 50, 50, 50, 50, 50, 50, 50, 50, 50, 50, 50, 50, 50, 50, 50, 50, 50]

Generation 46
Average: 0.8964 Best: 0.9259
Best Individual: 
C0 27|26|33|6|13|4|32|14|10|23|17|16|12|25|9|21|19|20|22|1|11|24|18|3|28|2|30|29|7|0|15|8|5|31|
Overall Best: 0.9345 Generation: 40
length: 34.0
feature_occurency: [50, 50, 50, 50, 50, 50, 50, 50, 50, 50, 50, 50, 50, 50, 50, 50, 50, 50, 50, 50, 50, 50, 50, 50, 50, 50, 50, 50, 50, 50, 50, 50, 50, 50]

Generation 47
Average: 0.8941 Best: 0.9288
Best Individual: 
C0 9|33|6|7|19|1|12|20|23|32|30|14|26|2|5|3|29|11|16|15|22|24|8|25|28|21|31|17|10|18|4|0|13|27|
Overall Best: 0.9345 Generation: 40
length: 34.0
feature_occurency: [50, 50, 50, 50, 50, 50, 50, 50, 50, 50, 50, 50, 50, 50, 50, 50, 50, 50, 50, 50, 50, 50, 50, 50, 50, 50, 50, 50, 50, 50, 50, 50, 50, 50]

Generation 48
Average: 0.8957 Best: 0.9259
Best Individual: 
C0 7|23|26|22|14|33|8|19|4|12|32|17|20|24|9|29|15|3|2|16|31|28|13|11|10|6|30|18|5|1|27|21|25|0|
Overall Best: 0.9345 Generation: 40
length: 34.0
feature_occurency: [50, 50, 50, 50, 50, 50, 50, 50, 50, 50, 50, 50, 50, 50, 50, 50, 50, 50, 50, 50, 50, 50, 50, 50, 50, 50, 50, 50, 50, 50, 50, 50, 50, 50]

Generation 49
Average: 0.8951 Best: 0.9259
Best Individual: 
C0 14|33|7|3|25|10|4|23|6|26|29|0|9|22|28|18|8|19|20|15|1|5|24|27|17|32|16|11|12|13|2|31|30|21|
Overall Best: 0.9345 Generation: 40
length: 34.0
feature_occurency: [50, 50, 50, 50, 50, 50, 50, 50, 50, 50, 50, 50, 50, 50, 50, 50, 50, 50, 50, 50, 50, 50, 50, 50, 50, 50, 50, 50, 50, 50, 50, 50, 50, 50]

Generation 50
Average: 0.8948 Best: 0.9202
Best Individual: 
C0 6|26|4|14|33|32|18|10|28|7|1|2|19|16|31|25|5|23|22|13|11|0|8|29|24|15|27|20|12|30|17|9|21|3|
Overall Best: 0.9345 Generation: 40
length: 34.0
feature_occurency: [50, 50, 50, 50, 50, 50, 50, 50, 50, 50, 50, 50, 50, 50, 50, 50, 50, 50, 50, 50, 50, 50, 50, 50, 50, 50, 50, 50, 50, 50, 50, 50, 50, 50]

Generation 51
Average: 0.8930 Best: 0.9202
Best Individual: 
C0 17|3|33|24|13|26|2|4|12|6|8|31|25|20|11|32|10|18|22|27|19|23|9|15|5|0|30|14|28|29|16|21|7|1|
Overall Best: 0.9345 Generation: 40
length: 34.0
feature_occurency: [50, 50, 50, 50, 50, 50, 50, 50, 50, 50, 50, 50, 50, 50, 50, 50, 50, 50, 50, 50, 50, 50, 50, 50, 50, 50, 50, 50, 50, 50, 50, 50, 50, 50]

Generation 52
Average: 0.8923 Best: 0.9202
Best Individual: 
C0 7|4|20|13|1|11|21|23|6|0|10|31|19|26|18|17|16|12|27|8|30|33|15|32|22|3|9|25|24|28|29|14|5|2|
Overall Best: 0.9345 Generation: 40
length: 34.0
feature_occurency: [50, 50, 50, 50, 50, 50, 50, 50, 50, 50, 50, 50, 50, 50, 50, 50, 50, 50, 50, 50, 50, 50, 50, 50, 50, 50, 50, 50, 50, 50, 50, 50, 50, 50]

Generation 53
Average: 0.8953 Best: 0.9202
Best Individual: 
C0 6|23|26|33|14|12|2|3|4|1|32|9|5|22|28|18|8|19|20|7|24|27|31|11|16|0|13|30|10|15|21|25|17|29|
Overall Best: 0.9345 Generation: 40
length: 34.0
feature_occurency: [50, 50, 50, 50, 50, 50, 50, 50, 50, 50, 50, 50, 50, 50, 50, 50, 50, 50, 50, 50, 50, 50, 50, 50, 50, 50, 50, 50, 50, 50, 50, 50, 50, 50]

Generation 54
Average: 0.8921 Best: 0.9145
Best Individual: 
C0 7|4|5|13|0|11|21|23|6|1|10|31|19|26|18|29|17|16|22|8|30|33|15|32|27|3|9|14|24|28|12|25|20|2|
Overall Best: 0.9345 Generation: 40
length: 34.0
feature_occurency: [50, 50, 50, 50, 50, 50, 50, 50, 50, 50, 50, 50, 50, 50, 50, 50, 50, 50, 50, 50, 50, 50, 50, 50, 50, 50, 50, 50, 50, 50, 50, 50, 50, 50]

Generation 55
Average: 0.8884 Best: 0.9259
Best Individual: 
C0 5|27|4|13|7|11|14|23|6|1|10|20|24|26|18|17|29|16|22|2|30|33|15|32|0|3|8|31|19|28|12|25|21|9|
Overall Best: 0.9345 Generation: 40
length: 34.0
feature_occurency: [50, 50, 50, 50, 50, 50, 50, 50, 50, 50, 50, 50, 50, 50, 50, 50, 50, 50, 50, 50, 50, 50, 50, 50, 50, 50, 50, 50, 50, 50, 50, 50, 50, 50]

Generation 56
Average: 0.8907 Best: 0.9231
Best Individual: 
C0 0|27|4|13|7|11|14|23|6|1|10|20|24|16|5|8|9|33|18|12|19|30|28|29|25|17|26|31|22|2|15|32|3|21|
Overall Best: 0.9345 Generation: 40
length: 34.0
feature_occurency: [50, 50, 50, 50, 50, 50, 50, 50, 50, 50, 50, 50, 50, 50, 50, 50, 50, 50, 50, 50, 50, 50, 50, 50, 50, 50, 50, 50, 50, 50, 50, 50, 50, 50]

Generation 57
Average: 0.8913 Best: 0.9174
Best Individual: 
C0 2|4|6|19|26|5|15|10|1|18|9|22|28|29|32|14|7|20|31|12|21|0|8|27|24|17|11|16|13|30|25|23|33|3|
Overall Best: 0.9345 Generation: 40
length: 34.0
feature_occurency: [50, 50, 50, 50, 50, 50, 50, 50, 50, 50, 50, 50, 50, 50, 50, 50, 50, 50, 50, 50, 50, 50, 50, 50, 50, 50, 50, 50, 50, 50, 50, 50, 50, 50]

Generation 58
Average: 0.8920 Best: 0.9288
Best Individual: 
C0 4|23|25|19|1|28|0|27|6|7|10|20|5|26|3|18|29|22|14|16|33|2|12|30|21|13|9|8|31|32|17|24|15|11|
Overall Best: 0.9345 Generation: 40
length: 34.0
feature_occurency: [50, 50, 50, 50, 50, 50, 50, 50, 50, 50, 50, 50, 50, 50, 50, 50, 50, 50, 50, 50, 50, 50, 50, 50, 50, 50, 50, 50, 50, 50, 50, 50, 50, 50]

Generation 59
Average: 0.8936 Best: 0.9231
Best Individual: 
C0 32|0|26|18|23|12|20|31|4|6|5|15|11|13|2|3|8|14|28|1|33|16|22|17|27|10|19|30|9|29|7|21|24|25|
Overall Best: 0.9345 Generation: 40
length: 34.0
feature_occurency: [50, 50, 50, 50, 50, 50, 50, 50, 50, 50, 50, 50, 50, 50, 50, 50, 50, 50, 50, 50, 50, 50, 50, 50, 50, 50, 50, 50, 50, 50, 50, 50, 50, 50]

Generation 60
Average: 0.8931 Best: 0.9288
Best Individual: 
C0 14|27|4|33|7|0|6|1|12|23|25|20|24|19|13|8|3|11|2|5|16|30|28|31|10|17|26|29|22|32|18|15|9|21|
Overall Best: 0.9345 Generation: 40
length: 34.0
feature_occurency: [50, 50, 50, 50, 50, 50, 50, 50, 50, 50, 50, 50, 50, 50, 50, 50, 50, 50, 50, 50, 50, 50, 50, 50, 50, 50, 50, 50, 50, 50, 50, 50, 50, 50]

Generation 61
Average: 0.8939 Best: 0.9316
Best Individual: 
C0 14|27|4|33|7|0|6|1|10|23|25|20|24|19|13|8|3|11|17|5|16|30|28|31|12|2|26|29|22|32|18|15|9|21|
Overall Best: 0.9345 Generation: 40
length: 34.0
feature_occurency: [50, 50, 50, 50, 50, 50, 50, 50, 50, 50, 50, 50, 50, 50, 50, 50, 50, 50, 50, 50, 50, 50, 50, 50, 50, 50, 50, 50, 50, 50, 50, 50, 50, 50]

Generation 62
Average: 0.8931 Best: 0.9316
Best Individual: 
C0 14|27|4|33|7|0|6|1|10|23|25|20|24|19|13|8|3|11|17|5|16|30|28|31|12|2|26|29|22|15|18|32|9|21|
Overall Best: 0.9345 Generation: 40
length: 34.0
feature_occurency: [50, 50, 50, 50, 50, 50, 50, 50, 50, 50, 50, 50, 50, 50, 50, 50, 50, 50, 50, 50, 50, 50, 50, 50, 50, 50, 50, 50, 50, 50, 50, 50, 50, 50]

Generation 63
Average: 0.8931 Best: 0.9345
Best Individual: 
C0 14|2|4|33|0|7|10|1|6|23|25|20|24|19|13|8|3|11|17|5|16|30|28|31|12|27|26|29|22|15|18|32|9|21|
Overall Best: 0.9345 Generation: 40
length: 34.0
feature_occurency: [50, 50, 50, 50, 50, 50, 50, 50, 50, 50, 50, 50, 50, 50, 50, 50, 50, 50, 50, 50, 50, 50, 50, 50, 50, 50, 50, 50, 50, 50, 50, 50, 50, 50]

Generation 64
Average: 0.8911 Best: 0.9259
Best Individual: 
C0 14|27|4|33|8|0|6|7|12|26|11|23|24|5|13|22|3|29|17|31|16|32|19|2|20|28|21|25|1|30|15|18|10|9|
Overall Best: 0.9345 Generation: 40
length: 34.0
feature_occurency: [50, 50, 50, 50, 50, 50, 50, 50, 50, 50, 50, 50, 50, 50, 50, 50, 50, 50, 50, 50, 50, 50, 50, 50, 50, 50, 50, 50, 50, 50, 50, 50, 50, 50]

Generation 65
Average: 0.8938 Best: 0.9202
Best Individual: 
C0 14|27|4|33|7|8|6|12|1|26|25|2|24|19|5|29|3|13|17|30|16|32|28|23|20|31|10|22|0|11|15|18|21|9|
Overall Best: 0.9345 Generation: 40
length: 34.0
feature_occurency: [50, 50, 50, 50, 50, 50, 50, 50, 50, 50, 50, 50, 50, 50, 50, 50, 50, 50, 50, 50, 50, 50, 50, 50, 50, 50, 50, 50, 50, 50, 50, 50, 50, 50]

Generation 66
Average: 0.8881 Best: 0.9202
Best Individual: 
C0 1|23|6|7|4|18|0|10|16|14|22|33|24|11|29|19|32|28|21|27|26|12|25|31|15|17|20|2|8|30|9|13|3|5|
Overall Best: 0.9345 Generation: 40
length: 34.0
feature_occurency: [50, 50, 50, 50, 50, 50, 50, 50, 50, 50, 50, 50, 50, 50, 50, 50, 50, 50, 50, 50, 50, 50, 50, 50, 50, 50, 50, 50, 50, 50, 50, 50, 50, 50]

Generation 67
Average: 0.8907 Best: 0.9202
Best Individual: 
C0 1|23|6|7|4|18|0|10|16|14|22|33|24|11|28|19|32|29|21|27|26|12|25|31|15|17|20|8|2|30|9|13|3|5|
Overall Best: 0.9345 Generation: 40
length: 34.0
feature_occurency: [50, 50, 50, 50, 50, 50, 50, 50, 50, 50, 50, 50, 50, 50, 50, 50, 50, 50, 50, 50, 50, 50, 50, 50, 50, 50, 50, 50, 50, 50, 50, 50, 50, 50]

Generation 68
Average: 0.8942 Best: 0.9259
Best Individual: 
C0 18|24|23|33|7|26|6|12|19|0|20|5|27|1|13|8|3|29|17|30|31|4|28|2|16|25|22|10|32|14|15|9|21|11|
Overall Best: 0.9345 Generation: 40
length: 34.0
feature_occurency: [50, 50, 50, 50, 50, 50, 50, 50, 50, 50, 50, 50, 50, 50, 50, 50, 50, 50, 50, 50, 50, 50, 50, 50, 50, 50, 50, 50, 50, 50, 50, 50, 50, 50]

Generation 69
Average: 0.8954 Best: 0.9259
Best Individual: 
C0 18|24|23|33|7|26|6|12|19|0|20|5|27|1|13|8|3|29|17|30|31|4|28|2|16|25|22|10|32|14|15|9|21|11|
Overall Best: 0.9345 Generation: 40
length: 34.0
feature_occurency: [50, 50, 50, 50, 50, 50, 50, 50, 50, 50, 50, 50, 50, 50, 50, 50, 50, 50, 50, 50, 50, 50, 50, 50, 50, 50, 50, 50, 50, 50, 50, 50, 50, 50]

Generation 70
Average: 0.8934 Best: 0.9259
Best Individual: 
C0 18|24|6|33|7|26|23|12|19|0|16|5|17|1|13|8|9|29|27|30|25|4|28|2|20|31|22|10|32|14|15|3|21|11|
Overall Best: 0.9345 Generation: 40
length: 34.0
feature_occurency: [50, 50, 50, 50, 50, 50, 50, 50, 50, 50, 50, 50, 50, 50, 50, 50, 50, 50, 50, 50, 50, 50, 50, 50, 50, 50, 50, 50, 50, 50, 50, 50, 50, 50]

Generation 71
Average: 0.8941 Best: 0.9259
Best Individual: 
C0 14|1|4|33|20|15|0|18|22|26|32|24|5|19|25|3|13|10|17|27|29|31|28|16|7|2|30|12|23|11|8|6|21|9|
Overall Best: 0.9345 Generation: 40
length: 34.0
feature_occurency: [50, 50, 50, 50, 50, 50, 50, 50, 50, 50, 50, 50, 50, 50, 50, 50, 50, 50, 50, 50, 50, 50, 50, 50, 50, 50, 50, 50, 50, 50, 50, 50, 50, 50]

Generation 72
Average: 0.8955 Best: 0.9345
Best Individual: 
C0 23|10|28|12|24|4|15|9|22|26|27|8|2|33|31|0|21|6|30|14|11|16|20|7|5|17|32|18|25|29|13|3|1|19|
Overall Best: 0.9345 Generation: 40
length: 34.0
feature_occurency: [50, 50, 50, 50, 50, 50, 50, 50, 50, 50, 50, 50, 50, 50, 50, 50, 50, 50, 50, 50, 50, 50, 50, 50, 50, 50, 50, 50, 50, 50, 50, 50, 50, 50]

Generation 73
Average: 0.8971 Best: 0.9288
Best Individual: 
C0 5|23|10|27|20|26|4|7|15|33|28|8|6|3|16|24|29|18|13|32|19|25|17|21|11|14|0|22|12|9|31|2|1|30|
Overall Best: 0.9345 Generation: 40
length: 34.0
feature_occurency: [50, 50, 50, 50, 50, 50, 50, 50, 50, 50, 50, 50, 50, 50, 50, 50, 50, 50, 50, 50, 50, 50, 50, 50, 50, 50, 50, 50, 50, 50, 50, 50, 50, 50]

Generation 74
Average: 0.8925 Best: 0.9288
Best Individual: 
C0 5|23|10|27|20|26|4|7|15|33|28|8|6|3|16|24|29|18|13|32|19|25|17|21|11|14|0|22|12|9|31|2|1|30|
Overall Best: 0.9345 Generation: 40
length: 34.0
feature_occurency: [50, 50, 50, 50, 50, 50, 50, 50, 50, 50, 50, 50, 50, 50, 50, 50, 50, 50, 50, 50, 50, 50, 50, 50, 50, 50, 50, 50, 50, 50, 50, 50, 50, 50]

Generation 75
Average: 0.8953 Best: 0.9373
Best Individual: 
C0 5|23|14|33|20|26|4|7|22|0|28|9|6|8|21|19|29|25|2|30|24|13|27|16|12|31|1|15|10|3|11|18|17|32|
Overall Best: 0.9373 Generation: 75
length: 34.0
feature_occurency: [50, 50, 50, 50, 50, 50, 50, 50, 50, 50, 50, 50, 50, 50, 50, 50, 50, 50, 50, 50, 50, 50, 50, 50, 50, 50, 50, 50, 50, 50, 50, 50, 50, 50]

Generation 76
Average: 0.8945 Best: 0.9373
Best Individual: 
C0 5|23|14|33|20|26|4|7|22|0|29|9|6|8|21|19|28|25|2|30|24|13|27|16|12|31|1|15|10|3|11|18|17|32|
Overall Best: 0.9373 Generation: 75
length: 34.0
feature_occurency: [50, 50, 50, 50, 50, 50, 50, 50, 50, 50, 50, 50, 50, 50, 50, 50, 50, 50, 50, 50, 50, 50, 50, 50, 50, 50, 50, 50, 50, 50, 50, 50, 50, 50]

Generation 77
Average: 0.8949 Best: 0.9259
Best Individual: 
C0 29|23|14|33|20|26|4|7|22|0|5|9|6|8|21|19|28|25|2|30|24|13|27|16|12|31|1|15|10|3|11|18|17|32|
Overall Best: 0.9373 Generation: 75
length: 34.0
feature_occurency: [50, 50, 50, 50, 50, 50, 50, 50, 50, 50, 50, 50, 50, 50, 50, 50, 50, 50, 50, 50, 50, 50, 50, 50, 50, 50, 50, 50, 50, 50, 50, 50, 50, 50]

Generation 78
Average: 0.8938 Best: 0.9231
Best Individual: 
C0 10|32|17|30|7|26|23|24|4|6|25|31|16|8|21|1|29|11|20|33|18|22|5|2|0|14|27|3|12|9|28|15|19|13|
Overall Best: 0.9373 Generation: 75
length: 34.0
feature_occurency: [50, 50, 50, 50, 50, 50, 50, 50, 50, 50, 50, 50, 50, 50, 50, 50, 50, 50, 50, 50, 50, 50, 50, 50, 50, 50, 50, 50, 50, 50, 50, 50, 50, 50]

Generation 79
Average: 0.8938 Best: 0.9145
Best Individual: 
C0 0|16|4|22|21|5|26|3|28|14|11|24|9|30|32|17|13|25|20|7|15|31|23|8|27|10|1|6|2|18|29|12|19|33|
Overall Best: 0.9373 Generation: 75
length: 34.0
feature_occurency: [50, 50, 50, 50, 50, 50, 50, 50, 50, 50, 50, 50, 50, 50, 50, 50, 50, 50, 50, 50, 50, 50, 50, 50, 50, 50, 50, 50, 50, 50, 50, 50, 50, 50]

Generation 80
Average: 0.8921 Best: 0.9231
Best Individual: 
C0 15|2|27|4|23|20|26|5|17|0|18|1|8|19|14|32|3|21|10|11|31|25|30|16|12|24|33|6|13|22|7|9|29|28|
Overall Best: 0.9373 Generation: 75
length: 34.0
feature_occurency: [50, 50, 50, 50, 50, 50, 50, 50, 50, 50, 50, 50, 50, 50, 50, 50, 50, 50, 50, 50, 50, 50, 50, 50, 50, 50, 50, 50, 50, 50, 50, 50, 50, 50]

Generation 81
Average: 0.8932 Best: 0.9174
Best Individual: 
C0 2|33|4|22|21|5|26|3|28|14|15|23|9|30|32|12|13|25|20|7|11|31|24|8|27|10|1|16|0|29|19|18|6|17|
Overall Best: 0.9373 Generation: 75
length: 34.0
feature_occurency: [50, 50, 50, 50, 50, 50, 50, 50, 50, 50, 50, 50, 50, 50, 50, 50, 50, 50, 50, 50, 50, 50, 50, 50, 50, 50, 50, 50, 50, 50, 50, 50, 50, 50]

Generation 82
Average: 0.8934 Best: 0.9231
Best Individual: 
C0 10|32|18|4|7|26|23|24|30|6|29|3|16|11|21|28|19|5|20|33|2|1|14|17|22|25|27|0|12|9|31|15|8|13|
Overall Best: 0.9373 Generation: 75
length: 34.0
feature_occurency: [50, 50, 50, 50, 50, 50, 50, 50, 50, 50, 50, 50, 50, 50, 50, 50, 50, 50, 50, 50, 50, 50, 50, 50, 50, 50, 50, 50, 50, 50, 50, 50, 50, 50]

Generation 83
Average: 0.8960 Best: 0.9231
Best Individual: 
C0 2|33|4|22|24|5|26|3|28|14|29|23|9|6|32|12|13|31|7|20|10|27|30|16|25|11|1|8|0|15|19|18|21|17|
Overall Best: 0.9373 Generation: 75
length: 34.0
feature_occurency: [50, 50, 50, 50, 50, 50, 50, 50, 50, 50, 50, 50, 50, 50, 50, 50, 50, 50, 50, 50, 50, 50, 50, 50, 50, 50, 50, 50, 50, 50, 50, 50, 50, 50]

Generation 84
Average: 0.8938 Best: 0.9202
Best Individual: 
C0 28|3|26|22|32|5|4|17|23|29|19|1|11|24|16|27|20|21|10|6|31|25|30|9|0|8|18|12|33|13|14|2|15|7|
Overall Best: 0.9373 Generation: 75
length: 34.0
feature_occurency: [50, 50, 50, 50, 50, 50, 50, 50, 50, 50, 50, 50, 50, 50, 50, 50, 50, 50, 50, 50, 50, 50, 50, 50, 50, 50, 50, 50, 50, 50, 50, 50, 50, 50]

Generation 85
Average: 0.8936 Best: 0.9316
Best Individual: 
C0 7|11|15|20|23|13|0|26|19|4|14|21|24|5|29|12|28|8|22|30|18|3|27|9|33|2|32|31|25|16|1|6|10|17|
Overall Best: 0.9373 Generation: 75
length: 34.0
feature_occurency: [50, 50, 50, 50, 50, 50, 50, 50, 50, 50, 50, 50, 50, 50, 50, 50, 50, 50, 50, 50, 50, 50, 50, 50, 50, 50, 50, 50, 50, 50, 50, 50, 50, 50]

Generation 86
Average: 0.8961 Best: 0.9259
Best Individual: 
C0 9|33|4|20|7|1|24|0|27|26|31|19|2|17|5|12|28|8|22|30|15|6|13|32|3|29|10|11|14|16|21|23|25|18|
Overall Best: 0.9373 Generation: 75
length: 34.0
feature_occurency: [50, 50, 50, 50, 50, 50, 50, 50, 50, 50, 50, 50, 50, 50, 50, 50, 50, 50, 50, 50, 50, 50, 50, 50, 50, 50, 50, 50, 50, 50, 50, 50, 50, 50]

Generation 87
Average: 0.8921 Best: 0.9202
Best Individual: 
C0 32|17|4|26|23|30|33|19|5|13|0|16|1|29|7|25|9|21|10|18|12|14|2|11|27|24|20|6|31|28|22|15|3|8|
Overall Best: 0.9373 Generation: 75
length: 34.0
feature_occurency: [50, 50, 50, 50, 50, 50, 50, 50, 50, 50, 50, 50, 50, 50, 50, 50, 50, 50, 50, 50, 50, 50, 50, 50, 50, 50, 50, 50, 50, 50, 50, 50, 50, 50]

Generation 88
Average: 0.8949 Best: 0.9231
Best Individual: 
C0 12|13|22|23|20|29|26|2|0|7|27|1|16|4|21|11|24|30|19|17|5|33|15|18|31|25|14|10|28|9|6|8|32|3|
Overall Best: 0.9373 Generation: 75
length: 34.0
feature_occurency: [50, 50, 50, 50, 50, 50, 50, 50, 50, 50, 50, 50, 50, 50, 50, 50, 50, 50, 50, 50, 50, 50, 50, 50, 50, 50, 50, 50, 50, 50, 50, 50, 50, 50]

Generation 89
Average: 0.8940 Best: 0.9259
Best Individual: 
C0 6|33|4|26|23|2|16|0|27|13|32|18|3|20|28|17|11|10|30|14|12|31|7|24|21|1|22|29|25|15|5|8|9|19|
Overall Best: 0.9373 Generation: 75
length: 34.0
feature_occurency: [50, 50, 50, 50, 50, 50, 50, 50, 50, 50, 50, 50, 50, 50, 50, 50, 50, 50, 50, 50, 50, 50, 50, 50, 50, 50, 50, 50, 50, 50, 50, 50, 50, 50]

Generation 90
Average: 0.8974 Best: 0.9402
Best Individual: 
C0 27|26|4|20|7|6|28|19|2|29|14|21|11|25|30|33|3|22|9|18|16|24|0|5|8|31|12|32|23|15|1|17|10|13|
Overall Best: 0.9402 Generation: 90
length: 34.0
feature_occurency: [50, 50, 50, 50, 50, 50, 50, 50, 50, 50, 50, 50, 50, 50, 50, 50, 50, 50, 50, 50, 50, 50, 50, 50, 50, 50, 50, 50, 50, 50, 50, 50, 50, 50]

Generation 91
Average: 0.8917 Best: 0.9174
Best Individual: 
C0 24|28|25|20|23|33|22|26|4|8|9|30|31|5|16|19|32|21|10|18|29|3|6|15|0|17|13|7|1|12|2|14|11|27|
Overall Best: 0.9402 Generation: 90
length: 34.0
feature_occurency: [50, 50, 50, 50, 50, 50, 50, 50, 50, 50, 50, 50, 50, 50, 50, 50, 50, 50, 50, 50, 50, 50, 50, 50, 50, 50, 50, 50, 50, 50, 50, 50, 50, 50]

Generation 92
Average: 0.8979 Best: 0.9259
Best Individual: 
C0 24|28|25|20|23|33|22|26|4|15|21|27|31|5|16|19|32|9|10|18|29|3|6|8|0|17|13|7|1|12|2|14|11|30|
Overall Best: 0.9402 Generation: 90
length: 34.0
feature_occurency: [50, 50, 50, 50, 50, 50, 50, 50, 50, 50, 50, 50, 50, 50, 50, 50, 50, 50, 50, 50, 50, 50, 50, 50, 50, 50, 50, 50, 50, 50, 50, 50, 50, 50]

Generation 93
Average: 0.8950 Best: 0.9288
Best Individual: 
C0 24|28|25|20|23|33|6|26|4|15|21|27|31|5|16|19|32|9|10|18|29|3|22|8|0|17|13|7|1|12|2|14|11|30|
Overall Best: 0.9402 Generation: 90
length: 34.0
feature_occurency: [50, 50, 50, 50, 50, 50, 50, 50, 50, 50, 50, 50, 50, 50, 50, 50, 50, 50, 50, 50, 50, 50, 50, 50, 50, 50, 50, 50, 50, 50, 50, 50, 50, 50]

Generation 94
Average: 0.8967 Best: 0.9288
Best Individual: 
C0 1|26|20|6|7|33|27|19|29|4|2|16|3|30|24|11|18|22|8|23|31|5|17|0|21|9|12|32|14|13|28|25|10|15|
Overall Best: 0.9402 Generation: 90
length: 34.0
feature_occurency: [50, 50, 50, 50, 50, 50, 50, 50, 50, 50, 50, 50, 50, 50, 50, 50, 50, 50, 50, 50, 50, 50, 50, 50, 50, 50, 50, 50, 50, 50, 50, 50, 50, 50]

Generation 95
Average: 0.8953 Best: 0.9288
Best Individual: 
C0 1|26|20|6|7|33|27|19|29|4|2|16|3|30|24|11|18|22|8|23|31|5|17|0|21|9|12|32|14|13|28|25|10|15|
Overall Best: 0.9402 Generation: 90
length: 34.0
feature_occurency: [50, 50, 50, 50, 50, 50, 50, 50, 50, 50, 50, 50, 50, 50, 50, 50, 50, 50, 50, 50, 50, 50, 50, 50, 50, 50, 50, 50, 50, 50, 50, 50, 50, 50]

Generation 96
Average: 0.8973 Best: 0.9231
Best Individual: 
C0 26|15|20|6|7|33|25|19|28|4|18|13|3|30|24|1|2|22|8|23|31|5|17|0|21|14|12|32|29|9|11|16|27|10|
Overall Best: 0.9402 Generation: 90
length: 34.0
feature_occurency: [50, 50, 50, 50, 50, 50, 50, 50, 50, 50, 50, 50, 50, 50, 50, 50, 50, 50, 50, 50, 50, 50, 50, 50, 50, 50, 50, 50, 50, 50, 50, 50, 50, 50]

Generation 97
Average: 0.8926 Best: 0.9202
Best Individual: 
C0 7|33|26|19|18|4|6|32|0|11|10|16|21|20|13|22|3|25|2|8|31|5|12|9|14|1|15|30|23|29|27|17|28|24|
Overall Best: 0.9402 Generation: 90
length: 34.0
feature_occurency: [50, 50, 50, 50, 50, 50, 50, 50, 50, 50, 50, 50, 50, 50, 50, 50, 50, 50, 50, 50, 50, 50, 50, 50, 50, 50, 50, 50, 50, 50, 50, 50, 50, 50]

Generation 98
Average: 0.8920 Best: 0.9231
Best Individual: 
C0 17|1|20|19|7|5|23|10|11|6|14|15|28|3|12|33|0|29|13|18|30|9|31|22|25|16|26|32|24|8|4|2|27|21|
Overall Best: 0.9402 Generation: 90
length: 34.0
feature_occurency: [50, 50, 50, 50, 50, 50, 50, 50, 50, 50, 50, 50, 50, 50, 50, 50, 50, 50, 50, 50, 50, 50, 50, 50, 50, 50, 50, 50, 50, 50, 50, 50, 50, 50]

Generation 99
Average: 0.8887 Best: 0.9288
Best Individual: 
C0 17|23|15|19|6|33|11|0|7|26|14|13|21|31|12|10|1|20|29|18|30|9|3|22|25|16|5|32|24|8|4|2|27|28|
Overall Best: 0.9402 Generation: 90
==================
    Best individual after 100 generations
    computed in 210.2690 seconds
    330 elements out of 351 correct.
    emerged in generation 90
    with fitness 0.9402
==================

27|26|4|20|7|6|28|19|2|29|14|21|11|25|30|33|3|22|9|18|16|24|0|5|8|31|12|32|23|15|1|17|10|13|
