Starting evolution...
length: 21.06
feature_occurency: [30, 53, 59, 45, 70, 41, 46, 60, 54, 56, 40, 35, 52, 59, 52, 50, 44, 52, 46, 54, 48, 50, 51, 50, 55, 45, 44, 48, 69, 59, 54, 54, 47, 28]

Generation 0
Average: 0.8744 Best: 0.9145
Best Individual: 
C0 1|6|13|2|28|26|21|1|13|4|15|24|25|2|13|26|23|3|6|3|22|12|23|1|2|20|4|17|19|33|19|23|7|2|
Overall Best: 0.9145 Generation: 0
length: 21.1
feature_occurency: [38, 65, 61, 42, 72, 34, 45, 63, 34, 53, 36, 41, 54, 66, 51, 55, 34, 43, 51, 70, 41, 45, 40, 57, 68, 34, 50, 50, 73, 58, 60, 43, 46, 27]

Generation 1
Average: 0.8820 Best: 0.9174
Best Individual: 
C0 27|1|9|4|21|5|23|26|19|4|25|27|24|24|29|15|14|20|28|11|3|20|30|19|4|20|18|2|29|22|20|15|2|15|
Overall Best: 0.9174 Generation: 1
length: 21.38
feature_occurency: [35, 53, 57, 43, 88, 36, 53, 58, 30, 50, 31, 42, 56, 72, 57, 58, 36, 39, 57, 71, 38, 56, 33, 65, 63, 32, 59, 47, 59, 59, 57, 35, 47, 28]

Generation 2
Average: 0.8832 Best: 0.9060
Best Individual: 
C0 1|18|32|13|4|32|2|25|29|7|28|27|32|20|27|20|26|4|31|22|26|1|4|28|28|7|33|26|27|6|12|19|29|2|
Overall Best: 0.9174 Generation: 1
length: 21.26
feature_occurency: [37, 46, 50, 40, 102, 42, 51, 64, 31, 46, 31, 41, 52, 63, 66, 51, 30, 34, 52, 70, 41, 43, 36, 76, 60, 34, 66, 55, 67, 63, 47, 33, 47, 33]

Generation 3
Average: 0.8868 Best: 0.9231
Best Individual: 
C0 27|1|30|4|21|7|23|26|19|14|5|5|9|15|14|20|26|4|31|11|3|20|30|19|4|20|18|2|5|22|20|5|10|23|
Overall Best: 0.9231 Generation: 3
length: 20.92
feature_occurency: [30, 47, 51, 40, 105, 48, 48, 70, 29, 48, 28, 43, 54, 61, 68, 43, 26, 35, 48, 66, 49, 40, 38, 74, 54, 33, 77, 58, 69, 52, 52, 30, 56, 30]

Generation 4
Average: 0.8885 Best: 0.9231
Best Individual: 
C0 1|18|32|5|4|19|2|25|7|7|28|26|32|20|27|20|26|4|29|20|1|5|5|28|28|32|33|26|27|6|24|19|29|2|
Overall Best: 0.9231 Generation: 3
length: 20.8
feature_occurency: [26, 42, 52, 39, 127, 59, 44, 71, 21, 44, 37, 41, 53, 50, 61, 38, 24, 36, 41, 63, 57, 38, 34, 75, 52, 35, 87, 70, 64, 55, 52, 32, 53, 27]

Generation 5
Average: 0.8927 Best: 0.9174
Best Individual: 
C0 1|18|32|5|4|19|2|25|7|7|28|26|32|30|27|20|26|4|29|20|1|5|5|28|28|32|33|26|27|6|24|19|29|2|
Overall Best: 0.9231 Generation: 3
length: 20.78
feature_occurency: [27, 48, 58, 44, 119, 56, 46, 67, 22, 51, 38, 40, 51, 42, 58, 32, 30, 29, 38, 68, 67, 31, 38, 71, 54, 34, 86, 73, 64, 54, 54, 31, 64, 15]

Generation 6
Average: 0.8917 Best: 0.9174
Best Individual: 
C0 29|18|8|5|4|19|2|25|7|7|27|26|32|30|27|20|26|4|10|20|1|5|5|28|28|32|33|26|27|26|24|19|26|15|
Overall Best: 0.9231 Generation: 3
length: 20.56
feature_occurency: [16, 50, 63, 36, 119, 70, 48, 73, 24, 40, 28, 27, 48, 33, 61, 37, 33, 31, 35, 79, 85, 32, 34, 70, 53, 36, 101, 68, 70, 44, 36, 34, 69, 17]

Generation 7
Average: 0.8949 Best: 0.9259
Best Individual: 
C0 29|24|8|5|4|19|2|25|7|7|27|26|32|30|32|20|26|4|10|20|1|20|28|19|4|20|23|26|27|26|2|19|26|15|
Overall Best: 0.9259 Generation: 7
length: 20.44
feature_occurency: [14, 55, 73, 34, 116, 65, 49, 70, 22, 33, 29, 22, 50, 27, 52, 41, 34, 20, 30, 92, 78, 25, 42, 74, 54, 43, 102, 67, 71, 59, 37, 28, 69, 23]

Generation 8
Average: 0.8966 Best: 0.9288
Best Individual: 
C0 26|24|8|5|4|19|2|25|7|7|27|26|32|30|32|20|26|4|10|32|1|20|3|19|4|20|23|26|27|26|2|19|26|15|
Overall Best: 0.9288 Generation: 8
length: 20.06
feature_occurency: [16, 58, 82, 37, 110, 60, 45, 70, 26, 23, 30, 28, 42, 17, 43, 44, 38, 12, 33, 88, 80, 17, 45, 69, 52, 51, 118, 70, 76, 57, 32, 33, 77, 21]

Generation 9
Average: 0.8975 Best: 0.9231
Best Individual: 
C0 15|3|32|5|4|16|4|15|14|2|8|26|1|20|27|20|26|4|23|20|1|5|11|20|21|26|7|26|23|6|16|19|0|2|
Overall Best: 0.9288 Generation: 8
length: 19.94
feature_occurency: [16, 66, 88, 31, 123, 68, 46, 70, 23, 22, 34, 30, 39, 8, 37, 42, 36, 6, 29, 100, 97, 14, 46, 65, 47, 58, 122, 59, 66, 42, 39, 41, 73, 17]

Generation 10
Average: 0.8957 Best: 0.9174
Best Individual: 
C0 26|24|8|6|4|19|2|25|7|7|27|26|1|25|32|20|26|23|10|32|1|20|31|19|4|20|23|26|27|26|24|18|26|15|
Overall Best: 0.9288 Generation: 8
length: 19.72
feature_occurency: [19, 65, 77, 30, 114, 62, 45, 62, 27, 21, 37, 32, 35, 8, 33, 48, 32, 7, 40, 104, 104, 10, 44, 76, 57, 58, 123, 69, 66, 40, 27, 31, 79, 18]

Generation 11
Average: 0.8982 Best: 0.9316
Best Individual: 
C0 29|5|23|1|23|31|4|6|19|2|0|24|8|24|10|29|26|3|4|3|4|5|22|28|29|32|33|2|5|22|16|32|26|6|
Overall Best: 0.9316 Generation: 11
length: 19.9
feature_occurency: [24, 53, 68, 25, 130, 52, 46, 65, 32, 25, 38, 35, 42, 12, 33, 47, 29, 7, 36, 116, 96, 8, 40, 80, 65, 56, 117, 65, 64, 37, 27, 33, 73, 24]

Generation 12
Average: 0.8990 Best: 0.9259
Best Individual: 
C0 1|18|15|18|5|23|4|32|19|5|28|26|24|30|32|20|20|4|10|32|13|20|19|19|4|20|12|26|27|26|2|32|29|2|
Overall Best: 0.9316 Generation: 11
length: 20.08
feature_occurency: [26, 56, 63, 30, 117, 45, 45, 68, 32, 28, 37, 31, 40, 13, 45, 48, 27, 5, 31, 128, 97, 10, 39, 76, 69, 52, 132, 58, 61, 28, 31, 38, 78, 16]

Generation 13
Average: 0.8986 Best: 0.9345
Best Individual: 
C0 14|16|31|26|23|7|19|28|19|28|28|26|1|18|32|20|20|4|7|19|1|12|19|19|7|20|22|26|32|26|2|32|26|27|
Overall Best: 0.9345 Generation: 13
length: 20.14
feature_occurency: [23, 60, 55, 32, 112, 36, 44, 75, 30, 22, 37, 28, 42, 17, 45, 38, 24, 9, 37, 132, 109, 18, 35, 81, 54, 49, 129, 66, 60, 29, 34, 44, 77, 17]

Generation 14
Average: 0.9007 Best: 0.9288
Best Individual: 
C0 14|16|28|9|23|7|19|28|19|8|28|26|1|0|32|20|20|4|7|19|1|12|19|19|7|20|22|26|32|26|2|32|26|27|
Overall Best: 0.9345 Generation: 13
length: 20.56
feature_occurency: [22, 60, 55, 31, 114, 43, 40, 71, 32, 21, 33, 24, 42, 23, 42, 36, 30, 17, 51, 126, 109, 25, 35, 82, 53, 48, 133, 72, 53, 33, 24, 35, 68, 17]

Generation 15
Average: 0.9016 Best: 0.9316
Best Individual: 
C0 14|16|31|26|23|7|19|28|19|28|28|26|1|16|32|20|20|4|7|19|25|12|19|19|7|20|22|26|32|26|26|11|23|27|
Overall Best: 0.9345 Generation: 13
length: 20.36
feature_occurency: [31, 56, 56, 23, 108, 28, 23, 66, 29, 25, 24, 32, 53, 31, 45, 35, 28, 18, 49, 144, 101, 26, 37, 82, 50, 44, 146, 63, 52, 39, 28, 43, 61, 24]

Generation 16
Average: 0.9032 Best: 0.9345
Best Individual: 
C0 14|16|28|9|23|7|19|28|19|8|28|26|1|0|15|20|30|13|7|19|1|12|19|26|26|20|22|26|32|26|2|1|26|25|
Overall Best: 0.9345 Generation: 13
length: 20.76
feature_occurency: [25, 52, 57, 29, 97, 29, 26, 60, 33, 29, 17, 38, 55, 32, 49, 30, 36, 17, 45, 146, 93, 23, 44, 88, 44, 58, 134, 62, 54, 35, 29, 40, 68, 26]

Generation 17
Average: 0.9038 Best: 0.9316
Best Individual: 
C0 21|19|27|7|4|19|24|25|7|6|32|32|31|8|23|20|26|20|22|4|12|20|11|19|4|11|15|25|23|12|24|19|26|13|
Overall Best: 0.9345 Generation: 13
length: 20.82
feature_occurency: [24, 45, 55, 19, 97, 33, 39, 65, 34, 24, 15, 44, 49, 32, 45, 43, 36, 26, 31, 137, 97, 21, 45, 98, 49, 65, 123, 57, 53, 37, 32, 37, 67, 26]

Generation 18
Average: 0.8991 Best: 0.9231
Best Individual: 
C0 15|13|8|26|23|19|24|25|7|6|32|32|17|8|23|20|26|20|22|26|10|13|11|19|4|2|4|25|23|12|23|19|31|12|
Overall Best: 0.9345 Generation: 13
length: 20.52
feature_occurency: [26, 44, 55, 18, 101, 27, 44, 80, 30, 13, 16, 44, 45, 35, 44, 36, 38, 32, 23, 144, 95, 30, 50, 91, 58, 69, 125, 62, 50, 43, 29, 28, 58, 17]

Generation 19
Average: 0.9010 Best: 0.9231
Best Individual: 
C0 1|18|31|26|23|25|16|28|29|15|22|27|26|20|28|1|26|4|26|19|25|23|19|2|7|20|32|26|27|26|2|32|29|2|
Overall Best: 0.9345 Generation: 13
length: 20.76
feature_occurency: [22, 38, 53, 27, 100, 27, 47, 75, 25, 10, 30, 42, 51, 35, 42, 28, 34, 31, 26, 146, 83, 28, 52, 99, 52, 72, 131, 62, 49, 39, 36, 34, 53, 21]

Generation 20
Average: 0.9003 Best: 0.9288
Best Individual: 
C0 29|33|17|30|4|19|23|25|19|28|0|27|26|20|28|1|26|4|25|14|25|23|19|27|7|19|26|10|23|20|11|13|6|12|
Overall Best: 0.9345 Generation: 13
length: 20.8
feature_occurency: [27, 36, 50, 29, 92, 20, 49, 75, 34, 13, 25, 36, 49, 40, 48, 34, 33, 30, 27, 136, 80, 29, 62, 102, 59, 70, 131, 58, 46, 42, 36, 27, 53, 22]

Generation 21
Average: 0.8972 Best: 0.9231
Best Individual: 
C0 22|0|29|26|17|24|16|19|2|2|17|26|4|33|19|20|2|4|22|23|0|20|19|27|7|23|29|15|23|32|20|23|6|14|
Overall Best: 0.9345 Generation: 13
length: 20.96
feature_occurency: [36, 39, 58, 29, 90, 24, 53, 72, 24, 12, 17, 28, 48, 35, 49, 32, 29, 34, 35, 129, 85, 29, 70, 107, 57, 64, 117, 65, 46, 45, 46, 23, 49, 24]

Generation 22
Average: 0.8989 Best: 0.9231
Best Individual: 
C0 19|22|23|30|23|22|23|1|7|7|27|7|7|23|23|20|1|19|26|14|4|20|4|2|4|14|2|4|19|26|2|32|2|2|
Overall Best: 0.9345 Generation: 13
length: 20.54
feature_occurency: [40, 32, 50, 31, 99, 21, 55, 75, 29, 16, 18, 22, 50, 31, 49, 28, 24, 31, 30, 144, 84, 28, 69, 114, 51, 65, 107, 77, 47, 40, 49, 23, 43, 28]

Generation 23
Average: 0.9010 Best: 0.9288
Best Individual: 
C0 21|19|27|7|4|19|24|31|26|6|28|29|7|23|13|20|31|15|21|30|20|11|33|19|4|14|33|4|19|23|7|32|12|2|
Overall Best: 0.9345 Generation: 13
length: 20.26
feature_occurency: [42, 31, 53, 38, 86, 23, 63, 80, 16, 16, 15, 26, 43, 31, 52, 26, 26, 28, 27, 157, 87, 21, 77, 107, 56, 65, 99, 86, 45, 38, 38, 27, 49, 26]

Generation 24
Average: 0.9009 Best: 0.9231
Best Individual: 
C0 21|19|27|7|4|19|24|31|26|19|6|29|7|2|23|20|1|19|22|14|3|20|4|31|23|20|11|0|27|24|24|19|26|13|
Overall Best: 0.9345 Generation: 13
length: 20.14
feature_occurency: [40, 31, 62, 39, 95, 19, 61, 85, 16, 20, 16, 28, 44, 32, 52, 22, 21, 28, 30, 143, 94, 24, 73, 106, 57, 62, 107, 78, 46, 31, 37, 31, 44, 26]

Generation 25
Average: 0.9011 Best: 0.9259
Best Individual: 
C0 22|21|27|7|4|19|22|31|26|6|6|19|7|23|6|6|26|6|22|24|32|24|23|6|23|20|12|0|27|24|24|19|26|13|
Overall Best: 0.9345 Generation: 13
length: 20.48
feature_occurency: [35, 28, 56, 37, 98, 14, 70, 79, 24, 16, 19, 28, 41, 37, 52, 29, 23, 20, 34, 150, 98, 33, 62, 99, 60, 49, 104, 90, 42, 35, 39, 36, 35, 28]

Generation 26
Average: 0.9014 Best: 0.9316
Best Individual: 
C0 4|19|25|26|28|4|12|33|26|28|22|19|26|14|2|14|19|23|4|30|0|20|19|27|7|21|19|15|26|26|32|24|25|26|
Overall Best: 0.9345 Generation: 13
length: 20.44
feature_occurency: [41, 29, 58, 39, 99, 15, 75, 69, 22, 12, 21, 27, 40, 39, 51, 31, 16, 17, 42, 145, 101, 35, 64, 94, 59, 47, 114, 82, 38, 30, 39, 44, 39, 26]

Generation 27
Average: 0.9017 Best: 0.9288
Best Individual: 
C0 21|19|27|7|4|21|22|31|26|6|6|29|7|24|18|14|26|6|22|23|0|20|19|27|26|23|2|0|11|12|18|19|20|13|
Overall Best: 0.9345 Generation: 13
length: 20.8
feature_occurency: [44, 24, 60, 42, 92, 17, 76, 81, 26, 18, 22, 31, 39, 36, 49, 47, 17, 15, 29, 143, 86, 38, 68, 87, 51, 43, 116, 82, 39, 29, 38, 37, 50, 28]

Generation 28
Average: 0.9027 Best: 0.9231
Best Individual: 
C0 19|30|27|2|4|19|2|0|26|6|7|29|7|27|31|20|26|6|22|24|32|24|23|6|23|20|16|0|27|24|24|19|26|13|
Overall Best: 0.9345 Generation: 13
length: 21.12
feature_occurency: [47, 27, 60, 37, 82, 23, 83, 90, 28, 18, 29, 22, 36, 28, 56, 53, 19, 17, 31, 122, 87, 34, 65, 102, 58, 38, 111, 79, 30, 35, 38, 39, 49, 27]

Generation 29
Average: 0.8999 Best: 0.9174
Best Individual: 
C0 4|19|27|7|2|19|10|31|26|14|6|29|7|2|4|20|32|19|22|14|3|20|12|6|23|20|11|0|27|11|8|19|2|3|
Overall Best: 0.9345 Generation: 13
length: 20.88
feature_occurency: [48, 28, 59, 31, 80, 24, 80, 86, 24, 18, 25, 28, 40, 37, 55, 56, 17, 17, 37, 128, 87, 32, 54, 93, 68, 33, 115, 76, 36, 40, 32, 38, 52, 26]

Generation 30
Average: 0.8994 Best: 0.9259
Best Individual: 
C0 4|19|27|7|2|19|10|31|26|14|6|29|7|2|4|20|32|19|22|14|3|20|12|6|27|20|11|0|11|26|16|15|2|3|
Overall Best: 0.9345 Generation: 13
length: 20.62
feature_occurency: [51, 35, 62, 29, 88, 25, 90, 78, 19, 22, 18, 23, 37, 43, 53, 69, 20, 16, 39, 131, 90, 22, 52, 81, 70, 34, 109, 69, 42, 41, 28, 37, 55, 22]

Generation 31
Average: 0.8987 Best: 0.9288
Best Individual: 
C0 21|19|28|28|4|19|2|12|28|19|28|26|22|23|6|6|19|23|17|26|20|6|3|19|26|23|2|0|6|26|17|20|4|20|
Overall Best: 0.9345 Generation: 13
length: 20.74
feature_occurency: [44, 36, 72, 32, 93, 25, 81, 80, 16, 24, 25, 28, 41, 45, 48, 68, 24, 17, 41, 132, 99, 26, 45, 71, 78, 28, 108, 67, 44, 38, 24, 33, 47, 20]

Generation 32
Average: 0.9015 Best: 0.9231
Best Individual: 
C0 1|19|13|31|4|4|12|33|26|7|13|33|7|1|28|20|2|4|26|6|14|23|19|19|23|32|14|19|11|21|18|20|20|13|
Overall Best: 0.9345 Generation: 13
length: 20.78
feature_occurency: [33, 44, 72, 35, 98, 31, 75, 85, 16, 25, 29, 23, 39, 48, 65, 54, 23, 16, 40, 128, 94, 31, 41, 81, 59, 27, 111, 71, 35, 38, 30, 31, 46, 26]

Generation 33
Average: 0.9009 Best: 0.9316
Best Individual: 
C0 1|19|13|32|4|4|12|33|26|7|13|33|7|19|28|20|24|4|26|6|14|23|19|19|23|32|14|19|11|21|18|20|20|13|
Overall Best: 0.9345 Generation: 13
length: 20.88
feature_occurency: [38, 44, 79, 33, 115, 27, 66, 76, 18, 28, 35, 29, 40, 46, 71, 46, 19, 13, 33, 129, 111, 28, 34, 73, 54, 30, 102, 57, 38, 42, 29, 31, 54, 32]

Generation 34
Average: 0.8985 Best: 0.9316
Best Individual: 
C0 1|19|13|32|23|4|12|33|26|7|13|33|7|19|28|20|24|4|26|6|14|23|19|19|23|32|14|19|11|21|24|20|5|13|
Overall Best: 0.9345 Generation: 13
length: 20.56
feature_occurency: [36, 40, 67, 32, 114, 30, 65, 73, 26, 20, 37, 25, 45, 46, 69, 42, 17, 16, 31, 138, 118, 29, 33, 71, 54, 33, 90, 53, 48, 44, 26, 41, 54, 37]

Generation 35
Average: 0.9002 Best: 0.9231
Best Individual: 
C0 4|19|27|7|2|19|20|33|10|10|27|31|3|23|23|20|1|6|22|23|19|24|26|6|2|12|20|15|32|26|32|24|25|19|
Overall Best: 0.9345 Generation: 13
length: 20.66
feature_occurency: [36, 38, 65, 29, 112, 31, 66, 69, 27, 18, 36, 26, 38, 42, 65, 44, 14, 22, 20, 137, 116, 36, 36, 75, 53, 32, 99, 56, 49, 38, 35, 39, 55, 46]

Generation 36
Average: 0.9019 Best: 0.9231
Best Individual: 
C0 1|19|13|32|23|4|12|33|9|7|13|33|7|24|28|20|24|4|26|6|14|3|19|19|8|32|14|19|11|25|24|20|17|13|
Overall Best: 0.9345 Generation: 13
length: 20.86
feature_occurency: [36, 33, 54, 33, 103, 36, 71, 57, 33, 15, 43, 36, 43, 54, 59, 40, 13, 18, 15, 130, 112, 42, 33, 81, 54, 44, 98, 62, 43, 39, 37, 34, 56, 43]

Generation 37
Average: 0.9002 Best: 0.9231
Best Individual: 
C0 4|19|10|3|23|24|23|1|6|21|33|22|29|28|28|20|24|15|26|6|26|20|12|17|23|15|14|2|15|26|29|15|26|13|
Overall Best: 0.9345 Generation: 13
length: 20.66
feature_occurency: [35, 35, 54, 27, 98, 37, 73, 56, 27, 16, 43, 36, 43, 47, 61, 40, 18, 24, 18, 137, 99, 41, 44, 87, 48, 44, 99, 68, 50, 32, 42, 34, 51, 36]

Generation 38
Average: 0.8968 Best: 0.9231
Best Individual: 
C0 4|19|10|3|23|24|23|1|6|21|33|22|29|28|28|20|24|15|26|6|26|20|12|17|23|30|3|2|15|26|29|15|26|13|
Overall Best: 0.9345 Generation: 13
length: 20.56
feature_occurency: [39, 44, 47, 34, 101, 33, 75, 52, 36, 11, 40, 39, 35, 44, 55, 45, 20, 25, 23, 127, 100, 45, 49, 85, 54, 49, 104, 70, 40, 33, 34, 36, 40, 36]

Generation 39
Average: 0.9003 Best: 0.9288
Best Individual: 
C0 8|2|20|28|19|4|12|33|5|14|27|31|3|23|23|13|1|6|22|23|19|20|27|6|27|25|19|0|29|26|23|19|26|29|
Overall Best: 0.9345 Generation: 13
length: 20.96
feature_occurency: [34, 49, 58, 39, 110, 38, 76, 46, 34, 15, 44, 50, 32, 40, 53, 54, 21, 23, 22, 113, 97, 42, 40, 96, 46, 45, 107, 62, 37, 41, 38, 29, 30, 39]

Generation 40
Average: 0.8975 Best: 0.9459
Best Individual: 
C0 8|2|20|28|19|4|22|33|5|1|18|27|3|23|23|20|25|6|22|23|19|20|27|6|8|25|19|0|1|26|23|19|26|29|
Overall Best: 0.9459 Generation: 40
length: 20.84
feature_occurency: [34, 46, 60, 40, 96, 33, 85, 38, 21, 16, 54, 48, 35, 42, 54, 54, 23, 24, 28, 112, 99, 40, 40, 109, 43, 40, 104, 72, 30, 46, 36, 28, 29, 41]

Generation 41
Average: 0.8987 Best: 0.9288
Best Individual: 
C0 8|2|20|28|10|4|22|33|5|1|18|27|3|23|23|20|25|6|22|23|19|20|27|6|8|25|19|0|1|26|23|19|26|29|
Overall Best: 0.9459 Generation: 40
length: 20.96
feature_occurency: [29, 49, 60, 43, 91, 28, 81, 31, 33, 14, 57, 42, 34, 35, 59, 37, 20, 20, 27, 112, 114, 34, 33, 122, 46, 44, 108, 81, 34, 41, 37, 32, 29, 43]

Generation 42
Average: 0.9008 Best: 0.9259
Best Individual: 
C0 8|23|20|28|12|4|22|33|5|1|18|27|3|23|23|20|25|6|22|23|19|13|27|6|8|25|19|0|1|26|23|19|26|29|
Overall Best: 0.9459 Generation: 40
length: 20.74
feature_occurency: [32, 49, 59, 37, 97, 28, 72, 37, 33, 21, 55, 45, 47, 38, 50, 44, 19, 18, 31, 112, 102, 33, 30, 122, 44, 40, 120, 78, 32, 40, 36, 30, 27, 42]

Generation 43
Average: 0.9033 Best: 0.9259
Best Individual: 
C0 4|33|27|1|23|4|0|25|21|8|29|11|29|29|23|13|21|6|22|23|12|20|20|32|23|13|26|5|14|24|21|1|26|13|
Overall Best: 0.9459 Generation: 40
length: 20.78
feature_occurency: [23, 51, 56, 34, 111, 23, 71, 39, 38, 25, 52, 49, 47, 37, 52, 38, 16, 21, 34, 112, 103, 29, 33, 120, 29, 54, 113, 90, 33, 39, 37, 26, 28, 37]

Generation 44
Average: 0.9007 Best: 0.9288
Best Individual: 
C0 4|19|28|19|2|4|20|33|23|16|19|31|12|23|30|14|2|4|23|6|26|26|20|30|23|5|14|19|23|12|33|23|26|25|
Overall Best: 0.9459 Generation: 40
length: 20.72
feature_occurency: [14, 49, 58, 37, 122, 18, 53, 32, 24, 26, 53, 53, 53, 36, 57, 32, 22, 26, 35, 118, 104, 25, 34, 112, 36, 49, 120, 92, 34, 36, 39, 29, 33, 39]

Generation 45
Average: 0.9035 Best: 0.9259
Best Individual: 
C0 26|19|32|20|14|18|13|4|23|19|22|20|11|12|26|11|2|17|26|6|4|26|20|32|26|5|14|19|23|12|33|23|26|2|
Overall Best: 0.9459 Generation: 40
length: 20.48
feature_occurency: [17, 45, 55, 37, 127, 23, 49, 27, 15, 31, 50, 51, 47, 35, 52, 30, 28, 31, 35, 125, 99, 24, 41, 115, 31, 51, 121, 92, 40, 32, 37, 31, 32, 44]

Generation 46
Average: 0.9025 Best: 0.9231
Best Individual: 
C0 26|19|32|20|2|4|20|33|23|16|19|31|12|23|17|5|2|4|23|6|26|26|20|30|13|4|19|0|1|26|19|4|26|29|
Overall Best: 0.9459 Generation: 40
length: 20.36
feature_occurency: [22, 46, 63, 22, 131, 31, 49, 32, 15, 30, 39, 52, 42, 40, 51, 25, 22, 34, 32, 138, 93, 27, 41, 100, 35, 56, 138, 80, 39, 28, 49, 31, 27, 40]

Generation 47
Average: 0.9035 Best: 0.9345
Best Individual: 
C0 26|19|32|20|18|21|25|12|23|15|22|7|26|20|14|25|27|20|4|20|0|1|14|6|19|9|14|19|23|12|33|8|26|2|
Overall Best: 0.9459 Generation: 40
length: 20.22
feature_occurency: [19, 47, 59, 22, 125, 33, 49, 31, 21, 28, 36, 41, 52, 36, 63, 32, 28, 27, 31, 141, 83, 25, 41, 106, 28, 59, 130, 86, 37, 30, 54, 29, 27, 44]

Generation 48
Average: 0.9040 Best: 0.9202
Best Individual: 
C0 14|12|20|22|2|4|20|6|27|15|22|7|26|20|14|25|20|20|2|20|19|1|14|6|19|9|14|0|1|26|19|2|20|29|
Overall Best: 0.9459 Generation: 40
length: 20.12
feature_occurency: [21, 59, 66, 23, 113, 32, 47, 31, 22, 22, 41, 27, 64, 31, 64, 22, 34, 30, 36, 144, 75, 22, 50, 100, 31, 67, 132, 90, 27, 31, 51, 32, 26, 37]

Generation 49
Average: 0.9035 Best: 0.9259
Best Individual: 
C0 26|19|32|20|18|21|25|12|16|15|6|7|26|20|14|25|27|20|4|20|4|25|19|11|23|27|24|19|23|16|33|8|26|2|
Overall Best: 0.9459 Generation: 40
length: 20.36
feature_occurency: [22, 46, 70, 26, 110, 33, 47, 33, 32, 27, 50, 26, 55, 25, 62, 29, 34, 20, 30, 139, 93, 22, 46, 92, 26, 71, 129, 88, 20, 36, 55, 34, 33, 39]

Generation 50
Average: 0.9022 Best: 0.9288
Best Individual: 
C0 26|19|32|7|18|21|25|2|23|10|27|32|4|20|14|3|27|27|2|11|19|1|22|12|4|6|19|15|23|32|33|23|26|2|
Overall Best: 0.9459 Generation: 40
length: 20.12
feature_occurency: [21, 44, 64, 25, 98, 40, 54, 26, 35, 21, 50, 19, 54, 22, 70, 30, 39, 24, 26, 137, 79, 19, 44, 104, 23, 61, 138, 102, 19, 39, 60, 37, 35, 41]

Generation 51
Average: 0.9011 Best: 0.9231
Best Individual: 
C0 26|19|22|20|2|28|4|33|26|25|5|31|29|5|30|20|26|19|27|27|4|26|17|13|24|5|14|26|23|23|33|23|9|2|
Overall Best: 0.9459 Generation: 40
length: 20.2
feature_occurency: [23, 49, 62, 26, 91, 40, 61, 28, 37, 28, 43, 24, 64, 17, 65, 26, 37, 20, 16, 125, 89, 18, 32, 108, 21, 61, 146, 101, 26, 37, 68, 39, 34, 38]

Generation 52
Average: 0.9063 Best: 0.9316
Best Individual: 
C0 23|19|3|4|27|12|31|2|23|22|18|13|8|23|14|20|26|19|27|27|4|26|20|23|32|5|14|26|24|32|19|2|20|19|
Overall Best: 0.9459 Generation: 40
length: 20.1
feature_occurency: [22, 43, 65, 25, 87, 40, 55, 27, 41, 27, 38, 24, 64, 16, 62, 24, 43, 25, 19, 128, 99, 21, 28, 107, 26, 52, 153, 96, 28, 37, 63, 42, 35, 38]

Generation 53
Average: 0.9068 Best: 0.9373
Best Individual: 
C0 26|19|22|20|8|28|4|24|26|8|19|2|12|25|30|19|18|1|23|6|26|26|20|26|24|5|14|27|23|23|33|23|3|4|
Overall Best: 0.9459 Generation: 40
length: 20.3
feature_occurency: [15, 47, 71, 35, 87, 38, 44, 31, 44, 30, 33, 36, 73, 23, 64, 27, 43, 26, 21, 120, 100, 27, 24, 101, 30, 42, 157, 86, 27, 38, 54, 35, 37, 34]

Generation 54
Average: 0.9040 Best: 0.9288
Best Individual: 
C0 26|28|23|19|4|11|25|29|16|29|11|7|26|20|14|25|9|4|26|25|26|26|27|30|17|25|27|6|30|29|33|23|26|19|
Overall Best: 0.9459 Generation: 40
length: 20.4
feature_occurency: [12, 53, 65, 39, 101, 37, 38, 38, 34, 33, 33, 36, 57, 27, 67, 29, 29, 31, 25, 113, 97, 39, 28, 96, 41, 45, 161, 89, 22, 40, 36, 37, 42, 30]

Generation 55
Average: 0.9031 Best: 0.9259
Best Individual: 
C0 2|19|2|18|4|4|30|7|26|31|26|19|26|20|1|7|2|18|26|25|4|26|12|19|23|31|12|0|1|26|19|18|26|19|
Overall Best: 0.9459 Generation: 40
length: 20.58
feature_occurency: [15, 53, 74, 37, 100, 39, 36, 35, 29, 39, 26, 31, 61, 32, 66, 27, 30, 28, 28, 111, 102, 41, 33, 100, 38, 44, 155, 71, 19, 42, 46, 43, 41, 28]

Generation 56
Average: 0.9021 Best: 0.9345
Best Individual: 
C0 21|19|27|13|32|4|20|23|0|9|33|7|26|20|1|23|2|18|26|25|4|26|12|19|23|16|12|26|1|16|12|23|26|6|
Overall Best: 0.9459 Generation: 40
length: 20.42
feature_occurency: [15, 53, 75, 35, 95, 43, 34, 39, 32, 32, 23, 35, 61, 27, 68, 30, 35, 18, 32, 111, 84, 40, 29, 107, 47, 42, 166, 74, 23, 36, 46, 44, 40, 29]

Generation 57
Average: 0.8995 Best: 0.9345
Best Individual: 
C0 26|19|16|6|2|4|23|12|23|22|33|7|23|8|22|28|20|19|23|4|26|26|20|26|24|8|21|27|23|24|23|23|3|6|
Overall Best: 0.9459 Generation: 40
length: 20.56
feature_occurency: [20, 62, 61, 32, 93, 52, 36, 36, 38, 25, 20, 35, 68, 35, 55, 20, 39, 13, 36, 114, 77, 40, 31, 121, 47, 39, 160, 78, 19, 41, 38, 48, 44, 27]

Generation 58
Average: 0.9007 Best: 0.9402
Best Individual: 
C0 10|19|3|6|2|4|23|12|23|22|33|7|23|19|22|28|20|19|23|4|26|26|20|26|16|8|21|27|23|24|23|23|3|19|
Overall Best: 0.9459 Generation: 40
length: 20.46
feature_occurency: [15, 63, 65, 39, 102, 49, 33, 37, 33, 22, 20, 43, 54, 37, 44, 26, 40, 11, 38, 111, 84, 45, 34, 125, 49, 34, 159, 78, 26, 43, 28, 35, 41, 37]

Generation 59
Average: 0.9027 Best: 0.9316
Best Individual: 
C0 10|9|3|6|2|4|23|12|23|22|33|7|23|19|22|28|20|19|23|4|26|26|20|26|16|8|21|27|23|24|23|23|3|19|
Overall Best: 0.9459 Generation: 40
length: 20.88
feature_occurency: [11, 50, 62, 40, 85, 60, 47, 33, 28, 15, 28, 42, 54, 34, 44, 31, 37, 13, 46, 111, 82, 55, 40, 139, 55, 27, 162, 82, 31, 35, 21, 27, 32, 41]

Generation 60
Average: 0.9044 Best: 0.9316
Best Individual: 
C0 10|9|3|6|2|4|23|12|23|22|33|7|23|19|22|28|20|19|23|4|26|26|20|26|16|8|21|27|23|24|23|23|3|19|
Overall Best: 0.9459 Generation: 40
length: 20.7
feature_occurency: [13, 40, 58, 42, 67, 67, 53, 33, 25, 17, 38, 49, 47, 44, 39, 25, 34, 10, 47, 107, 89, 52, 40, 145, 52, 30, 164, 91, 28, 24, 24, 31, 34, 41]

Generation 61
Average: 0.9034 Best: 0.9316
Best Individual: 
C0 10|19|3|6|2|4|23|6|23|22|18|7|23|13|22|20|26|19|23|11|26|26|20|26|16|8|21|5|23|24|23|23|3|19|
Overall Best: 0.9459 Generation: 40
length: 20.58
feature_occurency: [13, 49, 54, 46, 71, 58, 63, 35, 31, 17, 42, 41, 43, 44, 27, 21, 46, 18, 37, 115, 87, 52, 35, 135, 46, 33, 152, 93, 33, 25, 21, 32, 44, 41]

Generation 62
Average: 0.9048 Best: 0.9373
Best Individual: 
C0 10|19|3|6|2|4|23|6|23|22|2|7|1|8|3|7|20|17|23|4|26|26|20|26|16|8|21|27|10|24|1|23|3|19|
Overall Best: 0.9459 Generation: 40
length: 20.42
feature_occurency: [12, 55, 66, 47, 72, 45, 61, 33, 39, 23, 48, 36, 43, 42, 29, 27, 48, 14, 30, 113, 88, 56, 42, 155, 45, 25, 148, 97, 33, 26, 25, 21, 28, 28]

Generation 63
Average: 0.9042 Best: 0.9373
Best Individual: 
C0 10|19|3|6|2|4|23|6|23|22|2|7|1|8|3|7|20|17|23|4|26|26|20|10|16|8|21|27|10|24|1|23|3|19|
Overall Best: 0.9459 Generation: 40
length: 20.3
feature_occurency: [11, 60, 54, 53, 74, 33, 58, 33, 44, 34, 58, 28, 36, 49, 32, 30, 47, 20, 31, 98, 84, 64, 48, 160, 40, 22, 148, 99, 27, 23, 23, 23, 27, 29]

Generation 64
Average: 0.9016 Best: 0.9316
Best Individual: 
C0 10|19|3|6|2|4|23|6|23|22|2|10|1|8|3|7|20|17|23|4|26|26|20|17|3|8|21|27|10|24|1|23|3|19|
Overall Best: 0.9459 Generation: 40
length: 20.18
feature_occurency: [11, 73, 60, 59, 81, 33, 58, 31, 45, 32, 67, 26, 36, 37, 36, 22, 51, 22, 36, 100, 83, 61, 56, 158, 45, 23, 139, 94, 24, 15, 13, 22, 27, 24]

Generation 65
Average: 0.9030 Best: 0.9345
Best Individual: 
C0 10|19|3|6|23|4|23|6|23|22|2|10|1|8|3|7|20|17|22|4|26|26|20|17|3|8|21|27|23|24|26|23|3|19|
Overall Best: 0.9459 Generation: 40
length: 20.38
feature_occurency: [7, 72, 57, 75, 90, 39, 56, 45, 55, 23, 61, 18, 31, 37, 38, 17, 46, 29, 35, 102, 86, 54, 54, 161, 45, 16, 138, 87, 24, 18, 15, 17, 27, 25]

Generation 66
Average: 0.9047 Best: 0.9402
Best Individual: 
C0 1|19|3|3|2|23|23|16|23|22|18|2|23|6|22|20|26|19|23|7|18|26|20|26|16|8|32|5|13|3|23|4|3|19|
Overall Best: 0.9459 Generation: 40
length: 19.88
feature_occurency: [7, 67, 66, 79, 95, 36, 56, 36, 55, 20, 66, 17, 33, 33, 28, 23, 44, 26, 36, 115, 96, 57, 53, 160, 45, 25, 131, 77, 23, 16, 15, 15, 25, 24]

Generation 67
Average: 0.9053 Best: 0.9288
Best Individual: 
C0 10|19|25|6|21|4|1|12|23|22|24|7|26|8|1|18|20|19|23|4|26|26|4|4|4|2|21|4|10|32|1|23|3|19|
Overall Best: 0.9459 Generation: 40
length: 20.16
feature_occurency: [6, 67, 57, 97, 93, 40, 56, 35, 49, 25, 61, 16, 37, 34, 29, 22, 35, 24, 40, 124, 95, 48, 52, 159, 38, 23, 135, 62, 29, 15, 16, 18, 30, 33]

Generation 68
Average: 0.9068 Best: 0.9316
Best Individual: 
C0 10|19|25|4|21|4|1|20|23|22|24|3|26|8|33|26|15|19|23|4|26|26|4|4|13|2|21|4|10|32|1|23|3|19|
Overall Best: 0.9459 Generation: 40
length: 20.06
feature_occurency: [8, 68, 64, 88, 93, 35, 59, 30, 52, 32, 57, 18, 39, 32, 35, 34, 33, 17, 42, 110, 81, 45, 60, 161, 39, 20, 149, 62, 27, 18, 20, 12, 30, 30]

Generation 69
Average: 0.9070 Best: 0.9316
Best Individual: 
C0 10|19|25|4|21|4|1|20|23|22|24|6|26|8|33|26|15|19|23|4|26|26|4|27|16|2|21|4|10|32|24|31|26|19|
Overall Best: 0.9459 Generation: 40
length: 20.02
feature_occurency: [6, 84, 69, 79, 99, 24, 55, 29, 49, 38, 45, 15, 46, 25, 38, 33, 33, 20, 35, 115, 84, 44, 63, 156, 34, 19, 154, 70, 24, 22, 18, 16, 33, 26]

Generation 70
Average: 0.9060 Best: 0.9288
Best Individual: 
C0 26|25|23|9|1|23|23|16|23|22|24|1|14|11|20|20|26|19|23|4|13|20|20|7|26|8|21|27|32|27|2|5|24|19|
Overall Best: 0.9459 Generation: 40
length: 20.8
feature_occurency: [10, 70, 75, 79, 90, 35, 53, 25, 53, 37, 48, 10, 47, 28, 41, 46, 34, 19, 34, 108, 82, 45, 63, 154, 36, 17, 133, 77, 29, 21, 16, 23, 27, 35]

Generation 71
Average: 0.9052 Best: 0.9259
Best Individual: 
C0 26|25|23|33|1|23|23|16|23|31|24|1|14|11|20|20|26|19|23|4|26|20|20|7|26|8|21|27|32|27|2|5|24|28|
Overall Best: 0.9459 Generation: 40
length: 20.42
feature_occurency: [13, 73, 70, 74, 92, 31, 46, 26, 49, 35, 47, 15, 48, 22, 48, 49, 42, 21, 32, 114, 96, 41, 56, 147, 40, 21, 137, 71, 28, 23, 7, 23, 30, 33]

Generation 72
Average: 0.9057 Best: 0.9316
Best Individual: 
C0 26|26|8|18|4|4|23|4|25|22|18|24|14|23|20|19|20|19|27|27|6|26|19|26|15|8|20|27|9|7|2|12|19|19|
Overall Best: 0.9459 Generation: 40
length: 20.06
feature_occurency: [17, 66, 62, 66, 104, 42, 39, 28, 45, 24, 45, 21, 44, 27, 51, 38, 36, 28, 33, 110, 106, 43, 42, 163, 41, 26, 136, 80, 22, 23, 11, 21, 25, 35]

Generation 73
Average: 0.9078 Best: 0.9316
Best Individual: 
C0 10|19|23|7|3|27|8|3|23|22|24|6|26|8|3|2|5|19|23|4|18|4|26|14|14|1|21|27|3|6|2|23|6|3|
Overall Best: 0.9459 Generation: 40
length: 19.76
feature_occurency: [16, 55, 56, 70, 107, 43, 45, 23, 46, 13, 44, 24, 46, 23, 56, 42, 36, 28, 35, 112, 104, 41, 33, 168, 49, 35, 129, 88, 24, 22, 14, 18, 28, 27]

Generation 74
Average: 0.9104 Best: 0.9373
Best Individual: 
C0 10|19|23|27|3|27|8|3|23|24|24|6|26|8|3|2|5|19|23|4|18|4|26|14|14|1|21|27|3|6|2|23|6|3|
Overall Best: 0.9459 Generation: 40
length: 19.16
feature_occurency: [17, 56, 55, 65, 100, 30, 62, 28, 54, 10, 44, 22, 50, 17, 54, 45, 29, 29, 33, 117, 106, 41, 43, 156, 50, 35, 134, 104, 20, 15, 7, 21, 25, 26]

Generation 75
Average: 0.9110 Best: 0.9288
Best Individual: 
C0 26|20|23|14|16|4|1|24|23|14|19|23|1|19|31|20|26|19|23|4|13|20|20|7|3|8|20|27|23|27|2|5|33|19|
Overall Best: 0.9459 Generation: 40
length: 19.3
feature_occurency: [16, 64, 53, 72, 99, 26, 68, 29, 61, 15, 46, 16, 59, 19, 46, 49, 21, 26, 29, 120, 99, 41, 32, 156, 45, 33, 129, 97, 21, 20, 13, 33, 24, 23]

Generation 76
Average: 0.9087 Best: 0.9288
Best Individual: 
C0 10|1|23|33|3|8|8|3|23|27|33|23|23|8|30|2|4|19|23|4|26|20|20|8|30|6|20|27|3|6|2|23|6|3|
Overall Best: 0.9459 Generation: 40
length: 19.48
feature_occurency: [17, 52, 61, 88, 100, 23, 62, 25, 71, 18, 42, 14, 50, 25, 34, 44, 18, 26, 30, 128, 105, 39, 40, 146, 39, 35, 121, 102, 23, 18, 18, 33, 33, 20]

Generation 77
Average: 0.9102 Best: 0.9316
Best Individual: 
C0 4|1|23|14|3|6|8|3|23|27|33|23|23|8|30|2|4|19|23|4|26|20|20|8|30|32|20|27|3|17|2|23|6|3|
Overall Best: 0.9459 Generation: 40
length: 19.26
feature_occurency: [15, 55, 64, 86, 101, 29, 55, 24, 75, 16, 31, 25, 42, 22, 43, 41, 21, 21, 27, 124, 120, 39, 37, 165, 41, 31, 114, 97, 24, 13, 24, 30, 24, 24]

Generation 78
Average: 0.9103 Best: 0.9345
Best Individual: 
C0 26|20|23|5|16|4|32|24|23|14|19|17|1|19|15|20|26|19|23|4|26|14|2|1|20|12|20|4|23|20|17|22|33|19|
Overall Best: 0.9459 Generation: 40
length: 19.24
feature_occurency: [15, 57, 72, 101, 106, 20, 66, 20, 73, 12, 29, 28, 46, 26, 37, 42, 27, 24, 25, 114, 109, 39, 44, 153, 46, 24, 104, 90, 35, 17, 20, 27, 23, 29]

Generation 79
Average: 0.9070 Best: 0.9316
Best Individual: 
C0 26|6|3|24|29|10|32|20|23|14|3|23|1|19|12|15|20|23|23|4|2|12|26|24|27|12|21|22|15|3|2|26|18|19|
Overall Best: 0.9459 Generation: 40
length: 19.56
feature_occurency: [17, 48, 60, 109, 100, 19, 62, 21, 78, 9, 30, 35, 41, 26, 42, 40, 19, 26, 22, 115, 117, 42, 42, 153, 47, 19, 110, 100, 26, 29, 21, 19, 29, 27]

Generation 80
Average: 0.9066 Best: 0.9402
Best Individual: 
C0 26|6|3|24|29|10|32|20|23|14|3|23|1|4|12|15|20|23|23|4|2|12|13|24|27|12|21|22|24|17|27|26|18|19|
Overall Best: 0.9459 Generation: 40
length: 19.54
feature_occurency: [21, 51, 56, 95, 102, 21, 54, 21, 61, 9, 25, 43, 47, 25, 52, 45, 25, 30, 21, 113, 110, 46, 46, 154, 48, 19, 125, 88, 14, 24, 24, 25, 34, 26]

Generation 81
Average: 0.9052 Best: 0.9259
Best Individual: 
C0 26|11|23|3|13|4|8|3|23|32|8|20|23|11|22|20|26|19|3|29|26|15|26|10|14|1|11|26|3|24|2|11|24|5|
Overall Best: 0.9459 Generation: 40
length: 19.84
feature_occurency: [20, 58, 61, 106, 112, 25, 57, 25, 61, 9, 18, 47, 52, 27, 49, 54, 23, 19, 28, 104, 95, 42, 43, 145, 56, 23, 117, 87, 14, 15, 21, 23, 40, 24]

Generation 82
Average: 0.9068 Best: 0.9316
Best Individual: 
C0 27|3|3|4|3|22|8|3|23|28|24|15|32|8|3|2|26|19|23|4|12|6|19|8|8|15|19|22|5|3|2|23|6|19|
Overall Best: 0.9459 Generation: 40
length: 19.86
feature_occurency: [25, 54, 68, 110, 117, 24, 52, 27, 58, 11, 19, 48, 45, 24, 51, 54, 14, 22, 31, 91, 92, 38, 48, 137, 58, 31, 122, 76, 18, 24, 20, 21, 43, 27]

Generation 83
Average: 0.9075 Best: 0.9288
Best Individual: 
C0 26|4|3|24|29|19|1|20|23|14|3|1|3|17|32|8|23|19|23|4|12|20|4|26|26|26|5|22|8|29|27|6|19|19|
Overall Best: 0.9459 Generation: 40
length: 19.92
feature_occurency: [23, 58, 73, 116, 110, 30, 51, 27, 65, 7, 23, 47, 37, 23, 45, 48, 17, 26, 35, 95, 91, 36, 40, 141, 56, 27, 122, 71, 21, 28, 32, 15, 39, 25]

Generation 84
Average: 0.9052 Best: 0.9231
Best Individual: 
C0 19|1|22|14|24|6|8|18|18|27|33|23|19|25|0|1|2|19|26|19|4|15|1|27|25|2|21|18|32|6|1|23|19|20|
Overall Best: 0.9459 Generation: 40
length: 19.5
feature_occurency: [27, 59, 73, 121, 102, 39, 46, 29, 69, 8, 26, 45, 41, 28, 56, 43, 8, 20, 29, 91, 90, 39, 38, 152, 57, 28, 118, 61, 18, 26, 33, 18, 38, 24]

Generation 85
Average: 0.9050 Best: 0.9288
Best Individual: 
C0 26|8|3|4|28|27|23|30|33|26|19|23|23|8|22|19|24|19|23|28|26|3|4|26|26|8|21|25|24|15|2|28|6|3|
Overall Best: 0.9459 Generation: 40
length: 19.56
feature_occurency: [26, 62, 82, 107, 100, 37, 57, 29, 60, 11, 29, 44, 46, 26, 52, 36, 9, 22, 33, 94, 83, 32, 46, 152, 63, 26, 116, 68, 20, 26, 35, 11, 31, 29]

Generation 86
Average: 0.9053 Best: 0.9259
Best Individual: 
C0 26|20|23|5|30|2|23|30|30|4|19|23|10|33|32|2|8|19|23|4|12|12|24|26|24|26|5|22|23|20|1|5|14|13|
Overall Best: 0.9459 Generation: 40
length: 19.8
feature_occurency: [20, 63, 78, 113, 93, 42, 71, 26, 58, 14, 32, 38, 52, 22, 40, 37, 14, 18, 37, 102, 61, 36, 40, 148, 61, 24, 111, 69, 29, 23, 42, 18, 36, 32]

Generation 87
Average: 0.9031 Best: 0.9231
Best Individual: 
C0 19|11|23|8|0|5|10|4|33|26|33|23|30|8|23|13|15|19|26|19|26|3|20|24|27|12|3|22|29|24|2|27|15|19|
Overall Best: 0.9459 Generation: 40
length: 20.52
feature_occurency: [23, 65, 74, 118, 85, 38, 61, 29, 56, 18, 30, 39, 52, 17, 35, 43, 14, 26, 30, 107, 67, 36, 47, 135, 65, 18, 114, 69, 38, 17, 44, 16, 38, 36]

Generation 88
Average: 0.9026 Best: 0.9202
Best Individual: 
C0 26|1|23|24|3|5|7|27|23|28|25|8|32|18|3|1|26|19|23|4|12|6|25|30|5|12|21|4|32|6|2|19|24|19|
Overall Best: 0.9459 Generation: 40
length: 20.82
feature_occurency: [16, 64, 59, 115, 79, 48, 65, 33, 54, 15, 22, 38, 52, 21, 35, 38, 14, 31, 28, 106, 71, 31, 44, 131, 67, 29, 117, 68, 39, 25, 40, 18, 49, 38]

Generation 89
Average: 0.9022 Best: 0.9288
Best Individual: 
C0 19|21|23|8|0|5|10|4|33|26|33|23|30|8|23|4|28|19|26|19|26|3|20|24|27|22|3|22|29|24|2|4|15|19|
Overall Best: 0.9459 Generation: 40
length: 20.7
feature_occurency: [20, 52, 71, 115, 77, 40, 58, 32, 46, 20, 21, 41, 47, 14, 42, 44, 19, 30, 34, 98, 68, 27, 38, 131, 59, 25, 129, 73, 45, 37, 38, 21, 46, 42]

Generation 90
Average: 0.9008 Best: 0.9373
Best Individual: 
C0 26|1|23|24|3|4|2|27|23|14|19|15|3|14|22|3|24|19|23|28|26|12|14|27|26|0|17|26|3|24|2|28|24|19|
Overall Best: 0.9459 Generation: 40
length: 20.98
feature_occurency: [22, 47, 69, 116, 74, 43, 55, 36, 38, 25, 24, 46, 41, 11, 51, 55, 28, 25, 32, 101, 66, 24, 37, 130, 61, 25, 132, 63, 47, 41, 29, 12, 51, 43]

Generation 91
Average: 0.9013 Best: 0.9259
Best Individual: 
C0 0|26|2|29|3|17|12|1|23|26|11|2|14|17|19|26|4|19|27|4|10|20|8|20|11|14|19|27|3|24|2|6|33|11|
Overall Best: 0.9459 Generation: 40
length: 21.22
feature_occurency: [20, 47, 66, 99, 85, 47, 43, 39, 51, 18, 29, 44, 45, 16, 57, 59, 24, 25, 22, 103, 66, 26, 50, 132, 64, 24, 122, 55, 46, 41, 27, 21, 45, 42]

Generation 92
Average: 0.9006 Best: 0.9202
Best Individual: 
C0 15|1|23|24|3|4|2|23|23|14|19|15|21|14|22|3|4|19|27|4|10|20|8|20|11|14|19|27|3|24|2|4|33|5|
Overall Best: 0.9459 Generation: 40
length: 20.96
feature_occurency: [23, 38, 71, 94, 86, 49, 33, 39, 54, 19, 37, 49, 46, 19, 62, 62, 26, 27, 22, 94, 67, 26, 47, 127, 49, 27, 119, 57, 40, 41, 31, 20, 51, 48]

Generation 93
Average: 0.8999 Best: 0.9288
Best Individual: 
C0 0|26|2|6|3|23|23|30|19|1|19|23|23|32|19|26|4|19|9|4|10|20|8|20|11|14|16|2|27|20|26|6|33|11|
Overall Best: 0.9459 Generation: 40
length: 20.58
feature_occurency: [20, 48, 72, 103, 95, 45, 38, 42, 53, 19, 35, 44, 43, 21, 62, 61, 26, 24, 25, 94, 69, 25, 52, 126, 45, 20, 116, 50, 30, 43, 33, 25, 54, 42]

Generation 94
Average: 0.9010 Best: 0.9259
Best Individual: 
C0 26|1|21|32|32|19|1|20|2|1|33|18|22|16|0|14|3|4|27|4|26|3|14|26|32|15|3|5|23|3|2|20|6|15|
Overall Best: 0.9459 Generation: 40
length: 20.7
feature_occurency: [25, 41, 69, 116, 95, 51, 47, 41, 55, 23, 36, 39, 34, 13, 63, 60, 23, 26, 20, 91, 66, 26, 52, 128, 43, 21, 106, 57, 33, 47, 35, 18, 57, 43]

Generation 95
Average: 0.9031 Best: 0.9316
Best Individual: 
C0 12|26|2|29|3|7|10|1|23|26|16|23|25|5|23|1|11|23|26|19|26|3|28|14|27|6|17|20|27|20|26|4|33|5|
Overall Best: 0.9459 Generation: 40
length: 20.48
feature_occurency: [18, 41, 62, 111, 90, 59, 49, 35, 39, 29, 35, 47, 36, 21, 65, 53, 22, 20, 13, 100, 72, 37, 47, 130, 57, 30, 96, 52, 25, 55, 23, 20, 67, 44]

Generation 96
Average: 0.9002 Best: 0.9288
Best Individual: 
C0 26|1|21|32|32|28|1|27|2|1|33|22|22|7|22|3|0|5|15|31|26|3|14|26|32|15|3|5|23|3|2|20|6|28|
Overall Best: 0.9459 Generation: 40
length: 20.46
feature_occurency: [15, 39, 53, 112, 81, 56, 46, 35, 54, 25, 40, 48, 36, 22, 59, 57, 16, 26, 12, 97, 74, 34, 55, 144, 57, 30, 103, 54, 23, 44, 35, 25, 56, 37]

Generation 97
Average: 0.9007 Best: 0.9316
Best Individual: 
C0 0|24|2|6|3|23|2|30|2|1|19|23|23|32|19|21|4|19|4|19|24|3|20|24|7|22|3|4|3|24|2|26|15|19|
Overall Best: 0.9459 Generation: 40
length: 19.94
feature_occurency: [21, 34, 52, 106, 84, 59, 49, 28, 48, 31, 38, 46, 34, 19, 66, 62, 22, 28, 12, 100, 77, 35, 56, 143, 61, 40, 108, 49, 25, 44, 29, 23, 42, 29]

Generation 98
Average: 0.8980 Best: 0.9174
Best Individual: 
C0 22|7|32|29|3|4|25|13|24|5|24|20|4|31|20|3|24|24|23|13|26|24|23|26|4|21|15|1|32|7|26|13|22|11|
Overall Best: 0.9459 Generation: 40
length: 20.26
feature_occurency: [22, 30, 56, 108, 86, 65, 47, 34, 57, 26, 41, 47, 30, 23, 61, 66, 19, 25, 18, 96, 70, 35, 60, 125, 73, 48, 117, 46, 22, 44, 28, 13, 37, 25]

Generation 99
Average: 0.9002 Best: 0.9231
Best Individual: 
C0 9|21|4|22|26|14|15|24|33|26|23|23|4|8|22|20|29|15|14|19|24|3|20|24|3|14|19|28|3|24|20|4|15|29|
Overall Best: 0.9459 Generation: 40
==================
    Best individual after 100 generations
    computed in 250.9100 seconds
    332 elements out of 351 correct.
    emerged in generation 40
    with fitness 0.9459
==================

8|2|20|28|19|4|22|33|5|1|18|27|3|23|23|20|25|6|22|23|19|20|27|6|8|25|19|0|1|26|23|19|26|29|
