Starting evolution...
length: 34.0
feature_occurency: [50, 50, 50, 50, 50, 50, 50, 50, 50, 50, 50, 50, 50, 50, 50, 50, 50, 50, 50, 50, 50, 50, 50, 50, 50, 50, 50, 50, 50, 50, 50, 50, 50, 50]

Generation 0
Average: 0.8661 Best: 0.8661
Best Individual: 
C0 28|7|2|9|4|23|26|27|8|6|10|11|22|19|25|21|14|17|18|13|20|3|12|1|16|24|32|0|5|29|30|31|15|33|
Overall Best: 0.8661 Generation: 0
length: 34.0
feature_occurency: [50, 50, 50, 50, 50, 50, 50, 50, 50, 50, 50, 50, 50, 50, 50, 50, 50, 50, 50, 50, 50, 50, 50, 50, 50, 50, 50, 50, 50, 50, 50, 50, 50, 50]

Generation 1
Average: 0.8661 Best: 0.8661
Best Individual: 
C0 3|1|2|30|11|5|25|26|9|15|21|33|12|6|17|4|16|27|28|29|18|20|31|23|24|14|32|10|7|19|0|22|13|8|
Overall Best: 0.8661 Generation: 0
length: 34.0
feature_occurency: [50, 50, 50, 50, 50, 50, 50, 50, 50, 50, 50, 50, 50, 50, 50, 50, 50, 50, 50, 50, 50, 50, 50, 50, 50, 50, 50, 50, 50, 50, 50, 50, 50, 50]

Generation 2
Average: 0.8661 Best: 0.8661
Best Individual: 
C0 0|2|7|30|11|3|25|26|9|15|21|33|12|6|17|4|16|1|18|13|32|14|8|29|22|20|19|10|24|27|23|31|28|5|
Overall Best: 0.8661 Generation: 0
length: 34.0
feature_occurency: [50, 50, 50, 50, 50, 50, 50, 50, 50, 50, 50, 50, 50, 50, 50, 50, 50, 50, 50, 50, 50, 50, 50, 50, 50, 50, 50, 50, 50, 50, 50, 50, 50, 50]

Generation 3
Average: 0.8661 Best: 0.8661
Best Individual: 
C0 16|29|30|19|0|3|11|26|9|15|21|33|14|6|25|1|5|32|2|18|4|22|20|8|24|12|10|27|28|23|13|31|17|7|
Overall Best: 0.8661 Generation: 0
length: 34.0
feature_occurency: [50, 50, 50, 50, 50, 50, 50, 50, 50, 50, 50, 50, 50, 50, 50, 50, 50, 50, 50, 50, 50, 50, 50, 50, 50, 50, 50, 50, 50, 50, 50, 50, 50, 50]

Generation 4
Average: 0.8661 Best: 0.8661
Best Individual: 
C0 16|3|19|29|11|10|9|26|31|17|21|15|14|6|25|1|5|32|2|18|4|22|20|8|24|12|0|27|28|23|13|7|33|30|
Overall Best: 0.8661 Generation: 0
length: 34.0
feature_occurency: [50, 50, 50, 50, 50, 50, 50, 50, 50, 50, 50, 50, 50, 50, 50, 50, 50, 50, 50, 50, 50, 50, 50, 50, 50, 50, 50, 50, 50, 50, 50, 50, 50, 50]

Generation 5
Average: 0.8661 Best: 0.8661
Best Individual: 
C0 24|31|2|22|5|11|20|0|25|3|18|23|12|1|32|8|30|19|29|17|13|14|4|15|7|26|28|10|9|21|16|27|6|33|
Overall Best: 0.8661 Generation: 0
length: 34.0
feature_occurency: [50, 50, 50, 50, 50, 50, 50, 50, 50, 50, 50, 50, 50, 50, 50, 50, 50, 50, 50, 50, 50, 50, 50, 50, 50, 50, 50, 50, 50, 50, 50, 50, 50, 50]

Generation 6
Average: 0.8661 Best: 0.8661
Best Individual: 
C0 0|1|6|13|19|2|7|25|9|21|26|22|24|16|4|20|30|17|27|3|32|18|12|5|33|10|31|28|23|14|15|29|11|8|
Overall Best: 0.8661 Generation: 0
length: 34.0
feature_occurency: [50, 50, 50, 50, 50, 50, 50, 50, 50, 50, 50, 50, 50, 50, 50, 50, 50, 50, 50, 50, 50, 50, 50, 50, 50, 50, 50, 50, 50, 50, 50, 50, 50, 50]

Generation 7
Average: 0.8661 Best: 0.8661
Best Individual: 
C0 0|1|6|3|24|19|12|10|11|2|18|4|32|26|14|15|22|8|13|30|17|20|28|31|5|25|33|7|27|29|23|21|16|9|
Overall Best: 0.8661 Generation: 0
length: 34.0
feature_occurency: [50, 50, 50, 50, 50, 50, 50, 50, 50, 50, 50, 50, 50, 50, 50, 50, 50, 50, 50, 50, 50, 50, 50, 50, 50, 50, 50, 50, 50, 50, 50, 50, 50, 50]

Generation 8
Average: 0.8661 Best: 0.8661
Best Individual: 
C0 22|12|2|3|24|1|8|7|11|27|18|17|32|30|14|20|15|19|13|25|4|0|28|16|5|26|33|21|6|29|23|10|31|9|
Overall Best: 0.8661 Generation: 0
length: 34.0
feature_occurency: [50, 50, 50, 50, 50, 50, 50, 50, 50, 50, 50, 50, 50, 50, 50, 50, 50, 50, 50, 50, 50, 50, 50, 50, 50, 50, 50, 50, 50, 50, 50, 50, 50, 50]

Generation 9
Average: 0.8661 Best: 0.8661
Best Individual: 
C0 12|8|32|11|31|22|6|24|29|17|1|9|21|30|14|20|15|19|16|25|4|0|28|33|5|26|27|23|2|7|13|10|3|18|
Overall Best: 0.8661 Generation: 0
length: 34.0
feature_occurency: [50, 50, 50, 50, 50, 50, 50, 50, 50, 50, 50, 50, 50, 50, 50, 50, 50, 50, 50, 50, 50, 50, 50, 50, 50, 50, 50, 50, 50, 50, 50, 50, 50, 50]

Generation 10
Average: 0.8661 Best: 0.8661
Best Individual: 
C0 9|17|22|0|33|6|8|26|27|21|32|12|13|24|18|23|25|7|5|10|15|2|3|28|31|29|14|20|11|19|1|16|4|30|
Overall Best: 0.8661 Generation: 0
length: 34.0
feature_occurency: [50, 50, 50, 50, 50, 50, 50, 50, 50, 50, 50, 50, 50, 50, 50, 50, 50, 50, 50, 50, 50, 50, 50, 50, 50, 50, 50, 50, 50, 50, 50, 50, 50, 50]

Generation 11
Average: 0.8661 Best: 0.8661
Best Individual: 
C0 10|15|4|7|29|14|30|6|3|27|2|12|1|31|33|16|32|24|13|9|23|0|22|28|17|8|25|5|26|21|19|18|20|11|
Overall Best: 0.8661 Generation: 0
length: 34.0
feature_occurency: [50, 50, 50, 50, 50, 50, 50, 50, 50, 50, 50, 50, 50, 50, 50, 50, 50, 50, 50, 50, 50, 50, 50, 50, 50, 50, 50, 50, 50, 50, 50, 50, 50, 50]

Generation 12
Average: 0.8661 Best: 0.8661
Best Individual: 
C0 25|26|15|7|29|9|22|6|3|27|2|12|14|31|33|16|32|24|1|13|23|0|30|28|17|8|5|4|19|11|18|10|21|20|
Overall Best: 0.8661 Generation: 0
length: 34.0
feature_occurency: [50, 50, 50, 50, 50, 50, 50, 50, 50, 50, 50, 50, 50, 50, 50, 50, 50, 50, 50, 50, 50, 50, 50, 50, 50, 50, 50, 50, 50, 50, 50, 50, 50, 50]

Generation 13
Average: 0.8661 Best: 0.8661
Best Individual: 
C0 24|26|10|22|30|8|18|6|19|21|1|16|27|7|15|17|33|3|9|25|2|28|32|11|5|14|31|23|13|20|0|29|4|12|
Overall Best: 0.8661 Generation: 0
length: 34.0
feature_occurency: [50, 50, 50, 50, 50, 50, 50, 50, 50, 50, 50, 50, 50, 50, 50, 50, 50, 50, 50, 50, 50, 50, 50, 50, 50, 50, 50, 50, 50, 50, 50, 50, 50, 50]

Generation 14
Average: 0.8661 Best: 0.8661
Best Individual: 
C0 23|15|10|21|4|5|17|3|12|20|32|24|0|6|31|33|9|2|29|1|27|7|25|14|8|16|26|22|28|11|18|30|19|13|
Overall Best: 0.8661 Generation: 0
length: 34.0
feature_occurency: [50, 50, 50, 50, 50, 50, 50, 50, 50, 50, 50, 50, 50, 50, 50, 50, 50, 50, 50, 50, 50, 50, 50, 50, 50, 50, 50, 50, 50, 50, 50, 50, 50, 50]

Generation 15
Average: 0.8661 Best: 0.8661
Best Individual: 
C0 4|28|8|10|22|24|18|27|14|6|30|16|3|1|2|32|29|25|12|9|21|15|33|23|31|7|17|20|13|5|11|0|26|19|
Overall Best: 0.8661 Generation: 0
length: 34.0
feature_occurency: [50, 50, 50, 50, 50, 50, 50, 50, 50, 50, 50, 50, 50, 50, 50, 50, 50, 50, 50, 50, 50, 50, 50, 50, 50, 50, 50, 50, 50, 50, 50, 50, 50, 50]

Generation 16
Average: 0.8661 Best: 0.8661
Best Individual: 
C0 7|15|23|32|26|20|9|17|2|29|21|0|31|25|33|10|18|12|4|14|6|28|3|5|1|19|30|24|16|13|22|27|8|11|
Overall Best: 0.8661 Generation: 0
length: 34.0
feature_occurency: [50, 50, 50, 50, 50, 50, 50, 50, 50, 50, 50, 50, 50, 50, 50, 50, 50, 50, 50, 50, 50, 50, 50, 50, 50, 50, 50, 50, 50, 50, 50, 50, 50, 50]

Generation 17
Average: 0.8661 Best: 0.8661
Best Individual: 
C0 20|12|17|23|28|21|26|4|9|31|5|15|29|10|18|8|33|1|0|2|16|11|3|19|6|32|30|25|24|13|22|27|14|7|
Overall Best: 0.8661 Generation: 0
length: 34.0
feature_occurency: [50, 50, 50, 50, 50, 50, 50, 50, 50, 50, 50, 50, 50, 50, 50, 50, 50, 50, 50, 50, 50, 50, 50, 50, 50, 50, 50, 50, 50, 50, 50, 50, 50, 50]

Generation 18
Average: 0.8661 Best: 0.8661
Best Individual: 
C0 16|20|23|26|18|24|4|5|28|19|13|21|14|3|0|31|12|33|30|22|9|2|1|7|15|8|25|11|10|32|17|6|27|29|
Overall Best: 0.8661 Generation: 0
length: 34.0
feature_occurency: [50, 50, 50, 50, 50, 50, 50, 50, 50, 50, 50, 50, 50, 50, 50, 50, 50, 50, 50, 50, 50, 50, 50, 50, 50, 50, 50, 50, 50, 50, 50, 50, 50, 50]

Generation 19
Average: 0.8661 Best: 0.8661
Best Individual: 
C0 0|13|7|14|24|5|33|15|19|8|12|31|25|23|16|4|9|11|6|10|26|32|20|21|1|17|3|27|29|30|22|28|18|2|
Overall Best: 0.8661 Generation: 0
length: 34.0
feature_occurency: [50, 50, 50, 50, 50, 50, 50, 50, 50, 50, 50, 50, 50, 50, 50, 50, 50, 50, 50, 50, 50, 50, 50, 50, 50, 50, 50, 50, 50, 50, 50, 50, 50, 50]

Generation 20
Average: 0.8661 Best: 0.8661
Best Individual: 
C0 33|32|6|13|24|8|17|5|25|18|31|0|4|2|15|1|19|26|27|23|7|10|22|9|3|29|12|21|16|28|30|20|11|14|
Overall Best: 0.8661 Generation: 0
length: 34.0
feature_occurency: [50, 50, 50, 50, 50, 50, 50, 50, 50, 50, 50, 50, 50, 50, 50, 50, 50, 50, 50, 50, 50, 50, 50, 50, 50, 50, 50, 50, 50, 50, 50, 50, 50, 50]

Generation 21
Average: 0.8661 Best: 0.8661
Best Individual: 
C0 5|0|3|17|4|26|2|16|22|7|10|29|19|9|31|8|20|18|23|12|24|1|25|32|30|21|15|33|11|28|13|6|27|14|
Overall Best: 0.8661 Generation: 0
length: 34.0
feature_occurency: [50, 50, 50, 50, 50, 50, 50, 50, 50, 50, 50, 50, 50, 50, 50, 50, 50, 50, 50, 50, 50, 50, 50, 50, 50, 50, 50, 50, 50, 50, 50, 50, 50, 50]

Generation 22
Average: 0.8661 Best: 0.8661
Best Individual: 
C0 25|12|15|21|28|4|31|7|14|16|9|19|13|29|24|23|18|11|8|6|26|0|20|10|32|30|3|27|33|17|22|2|1|5|
Overall Best: 0.8661 Generation: 0
length: 34.0
feature_occurency: [50, 50, 50, 50, 50, 50, 50, 50, 50, 50, 50, 50, 50, 50, 50, 50, 50, 50, 50, 50, 50, 50, 50, 50, 50, 50, 50, 50, 50, 50, 50, 50, 50, 50]

Generation 23
Average: 0.8661 Best: 0.8661
Best Individual: 
C0 27|0|31|5|18|12|7|29|28|21|19|30|6|13|3|24|15|23|25|1|4|33|10|14|20|26|32|22|9|17|16|11|8|2|
Overall Best: 0.8661 Generation: 0
length: 34.0
feature_occurency: [50, 50, 50, 50, 50, 50, 50, 50, 50, 50, 50, 50, 50, 50, 50, 50, 50, 50, 50, 50, 50, 50, 50, 50, 50, 50, 50, 50, 50, 50, 50, 50, 50, 50]

Generation 24
Average: 0.8661 Best: 0.8661
Best Individual: 
C0 12|3|23|2|5|22|14|18|28|20|33|15|31|30|16|8|27|10|1|6|21|11|25|24|29|26|32|13|7|19|17|4|9|0|
Overall Best: 0.8661 Generation: 0
length: 34.0
feature_occurency: [50, 50, 50, 50, 50, 50, 50, 50, 50, 50, 50, 50, 50, 50, 50, 50, 50, 50, 50, 50, 50, 50, 50, 50, 50, 50, 50, 50, 50, 50, 50, 50, 50, 50]

Generation 25
Average: 0.8661 Best: 0.8661
Best Individual: 
C0 3|23|17|19|5|22|14|18|28|20|0|12|31|30|21|8|4|10|1|6|16|11|25|24|29|26|32|13|2|27|15|9|33|7|
Overall Best: 0.8661 Generation: 0
length: 34.0
feature_occurency: [50, 50, 50, 50, 50, 50, 50, 50, 50, 50, 50, 50, 50, 50, 50, 50, 50, 50, 50, 50, 50, 50, 50, 50, 50, 50, 50, 50, 50, 50, 50, 50, 50, 50]

Generation 26
Average: 0.8661 Best: 0.8661
Best Individual: 
C0 3|27|17|1|5|22|11|18|28|20|31|12|0|30|21|8|4|10|2|6|16|14|25|24|29|26|32|13|19|23|15|9|33|7|
Overall Best: 0.8661 Generation: 0
length: 34.0
feature_occurency: [50, 50, 50, 50, 50, 50, 50, 50, 50, 50, 50, 50, 50, 50, 50, 50, 50, 50, 50, 50, 50, 50, 50, 50, 50, 50, 50, 50, 50, 50, 50, 50, 50, 50]

Generation 27
Average: 0.8661 Best: 0.8661
Best Individual: 
C0 18|27|28|20|21|30|3|31|5|17|1|11|15|22|0|8|4|10|7|6|16|14|25|24|29|26|19|13|12|23|32|9|33|2|
Overall Best: 0.8661 Generation: 0
length: 34.0
feature_occurency: [50, 50, 50, 50, 50, 50, 50, 50, 50, 50, 50, 50, 50, 50, 50, 50, 50, 50, 50, 50, 50, 50, 50, 50, 50, 50, 50, 50, 50, 50, 50, 50, 50, 50]

Generation 28
Average: 0.8661 Best: 0.8661
Best Individual: 
C0 27|32|28|20|21|30|3|19|5|17|1|11|16|22|0|8|4|12|7|6|15|10|31|26|29|14|24|18|33|25|9|13|23|2|
Overall Best: 0.8661 Generation: 0
length: 34.0
feature_occurency: [50, 50, 50, 50, 50, 50, 50, 50, 50, 50, 50, 50, 50, 50, 50, 50, 50, 50, 50, 50, 50, 50, 50, 50, 50, 50, 50, 50, 50, 50, 50, 50, 50, 50]

Generation 29
Average: 0.8661 Best: 0.8661
Best Individual: 
C0 31|24|28|2|5|10|15|33|29|18|32|11|16|22|0|8|4|12|7|6|25|17|9|26|19|23|3|1|13|30|14|21|20|27|
Overall Best: 0.8661 Generation: 0
length: 34.0
feature_occurency: [50, 50, 50, 50, 50, 50, 50, 50, 50, 50, 50, 50, 50, 50, 50, 50, 50, 50, 50, 50, 50, 50, 50, 50, 50, 50, 50, 50, 50, 50, 50, 50, 50, 50]

Generation 30
Average: 0.8661 Best: 0.8661
Best Individual: 
C0 2|15|28|30|24|26|13|21|20|18|22|14|16|9|31|12|27|0|8|6|5|7|29|10|19|3|23|17|1|33|11|4|32|25|
Overall Best: 0.8661 Generation: 0
length: 34.0
feature_occurency: [50, 50, 50, 50, 50, 50, 50, 50, 50, 50, 50, 50, 50, 50, 50, 50, 50, 50, 50, 50, 50, 50, 50, 50, 50, 50, 50, 50, 50, 50, 50, 50, 50, 50]

Generation 31
Average: 0.8661 Best: 0.8661
Best Individual: 
C0 19|15|2|21|12|1|29|31|26|14|10|17|8|0|11|25|27|16|13|18|32|6|28|3|33|7|22|30|9|5|20|4|24|23|
Overall Best: 0.8661 Generation: 0
length: 34.0
feature_occurency: [50, 50, 50, 50, 50, 50, 50, 50, 50, 50, 50, 50, 50, 50, 50, 50, 50, 50, 50, 50, 50, 50, 50, 50, 50, 50, 50, 50, 50, 50, 50, 50, 50, 50]

Generation 32
Average: 0.8661 Best: 0.8661
Best Individual: 
C0 28|6|7|27|21|2|31|10|17|14|20|15|1|30|5|12|0|19|26|33|8|16|25|9|22|23|18|32|29|11|13|4|24|3|
Overall Best: 0.8661 Generation: 0
length: 34.0
feature_occurency: [50, 50, 50, 50, 50, 50, 50, 50, 50, 50, 50, 50, 50, 50, 50, 50, 50, 50, 50, 50, 50, 50, 50, 50, 50, 50, 50, 50, 50, 50, 50, 50, 50, 50]

Generation 33
Average: 0.8661 Best: 0.8661
Best Individual: 
C0 3|15|14|20|24|8|27|12|19|4|13|30|28|18|6|23|22|11|32|21|9|0|2|16|1|5|17|26|7|31|10|25|29|33|
Overall Best: 0.8661 Generation: 0
length: 34.0
feature_occurency: [50, 50, 50, 50, 50, 50, 50, 50, 50, 50, 50, 50, 50, 50, 50, 50, 50, 50, 50, 50, 50, 50, 50, 50, 50, 50, 50, 50, 50, 50, 50, 50, 50, 50]

Generation 34
Average: 0.8661 Best: 0.8661
Best Individual: 
C0 29|6|0|27|17|31|23|14|28|12|26|9|33|22|25|32|1|7|18|21|19|2|3|5|15|30|8|11|10|16|13|20|24|4|
Overall Best: 0.8661 Generation: 0
length: 34.0
feature_occurency: [50, 50, 50, 50, 50, 50, 50, 50, 50, 50, 50, 50, 50, 50, 50, 50, 50, 50, 50, 50, 50, 50, 50, 50, 50, 50, 50, 50, 50, 50, 50, 50, 50, 50]

Generation 35
Average: 0.8661 Best: 0.8661
Best Individual: 
C0 6|14|17|8|24|27|29|23|18|31|26|9|20|22|25|32|1|7|0|21|19|2|3|5|10|30|12|11|15|16|13|33|4|28|
Overall Best: 0.8661 Generation: 0
length: 34.0
feature_occurency: [50, 50, 50, 50, 50, 50, 50, 50, 50, 50, 50, 50, 50, 50, 50, 50, 50, 50, 50, 50, 50, 50, 50, 50, 50, 50, 50, 50, 50, 50, 50, 50, 50, 50]

Generation 36
Average: 0.8661 Best: 0.8661
Best Individual: 
C0 23|19|5|20|18|26|21|25|29|0|13|1|15|32|17|14|33|9|8|2|28|16|30|31|27|4|12|11|3|24|6|22|7|10|
Overall Best: 0.8661 Generation: 0
length: 34.0
feature_occurency: [50, 50, 50, 50, 50, 50, 50, 50, 50, 50, 50, 50, 50, 50, 50, 50, 50, 50, 50, 50, 50, 50, 50, 50, 50, 50, 50, 50, 50, 50, 50, 50, 50, 50]

Generation 37
Average: 0.8661 Best: 0.8661
Best Individual: 
C0 3|14|28|13|1|2|10|11|33|29|0|12|18|4|21|26|25|23|30|5|8|27|19|9|22|6|7|31|20|24|16|15|32|17|
Overall Best: 0.8661 Generation: 0
length: 34.0
feature_occurency: [50, 50, 50, 50, 50, 50, 50, 50, 50, 50, 50, 50, 50, 50, 50, 50, 50, 50, 50, 50, 50, 50, 50, 50, 50, 50, 50, 50, 50, 50, 50, 50, 50, 50]

Generation 38
Average: 0.8661 Best: 0.8661
Best Individual: 
C0 28|19|10|25|18|29|6|23|20|32|22|14|15|7|31|0|8|11|30|21|24|1|5|9|33|12|26|2|3|4|16|27|13|17|
Overall Best: 0.8661 Generation: 0
length: 34.0
feature_occurency: [50, 50, 50, 50, 50, 50, 50, 50, 50, 50, 50, 50, 50, 50, 50, 50, 50, 50, 50, 50, 50, 50, 50, 50, 50, 50, 50, 50, 50, 50, 50, 50, 50, 50]

Generation 39
Average: 0.8661 Best: 0.8661
Best Individual: 
C0 23|17|27|28|16|11|31|32|25|4|7|14|15|6|8|0|19|20|22|21|24|1|5|9|33|12|26|2|30|13|10|18|29|3|
Overall Best: 0.8661 Generation: 0
length: 34.0
feature_occurency: [50, 50, 50, 50, 50, 50, 50, 50, 50, 50, 50, 50, 50, 50, 50, 50, 50, 50, 50, 50, 50, 50, 50, 50, 50, 50, 50, 50, 50, 50, 50, 50, 50, 50]

Generation 40
Average: 0.8661 Best: 0.8661
Best Individual: 
C0 31|33|12|27|7|30|17|1|26|9|2|22|0|29|3|10|18|19|21|24|20|23|4|8|6|5|32|11|15|14|16|25|13|28|
Overall Best: 0.8661 Generation: 0
length: 34.0
feature_occurency: [50, 50, 50, 50, 50, 50, 50, 50, 50, 50, 50, 50, 50, 50, 50, 50, 50, 50, 50, 50, 50, 50, 50, 50, 50, 50, 50, 50, 50, 50, 50, 50, 50, 50]

Generation 41
Average: 0.8661 Best: 0.8661
Best Individual: 
C0 29|7|8|20|15|28|33|6|22|16|3|10|1|2|14|23|26|32|18|12|11|25|0|24|17|5|4|21|13|27|9|19|30|31|
Overall Best: 0.8661 Generation: 0
length: 34.0
feature_occurency: [50, 50, 50, 50, 50, 50, 50, 50, 50, 50, 50, 50, 50, 50, 50, 50, 50, 50, 50, 50, 50, 50, 50, 50, 50, 50, 50, 50, 50, 50, 50, 50, 50, 50]

Generation 42
Average: 0.8661 Best: 0.8661
Best Individual: 
C0 20|22|27|4|3|30|16|28|26|18|29|10|21|2|1|23|14|32|19|12|11|25|0|24|33|7|6|5|17|15|31|9|13|8|
Overall Best: 0.8661 Generation: 0
length: 34.0
feature_occurency: [50, 50, 50, 50, 50, 50, 50, 50, 50, 50, 50, 50, 50, 50, 50, 50, 50, 50, 50, 50, 50, 50, 50, 50, 50, 50, 50, 50, 50, 50, 50, 50, 50, 50]

Generation 43
Average: 0.8661 Best: 0.8661
Best Individual: 
C0 14|8|16|15|10|5|12|26|17|21|31|13|27|23|30|6|29|11|0|4|9|20|22|24|28|32|1|18|33|7|19|25|3|2|
Overall Best: 0.8661 Generation: 0
length: 34.0
feature_occurency: [50, 50, 50, 50, 50, 50, 50, 50, 50, 50, 50, 50, 50, 50, 50, 50, 50, 50, 50, 50, 50, 50, 50, 50, 50, 50, 50, 50, 50, 50, 50, 50, 50, 50]

Generation 44
Average: 0.8661 Best: 0.8661
Best Individual: 
C0 30|21|28|7|0|16|2|20|19|11|6|12|32|8|25|9|10|33|23|5|3|29|13|18|17|31|26|15|14|1|4|24|27|22|
Overall Best: 0.8661 Generation: 0
length: 34.0
feature_occurency: [50, 50, 50, 50, 50, 50, 50, 50, 50, 50, 50, 50, 50, 50, 50, 50, 50, 50, 50, 50, 50, 50, 50, 50, 50, 50, 50, 50, 50, 50, 50, 50, 50, 50]

Generation 45
Average: 0.8661 Best: 0.8661
Best Individual: 
C0 19|31|0|29|21|1|28|3|15|18|26|22|24|32|11|20|13|10|17|4|33|2|14|7|6|9|25|16|5|23|27|12|8|30|
Overall Best: 0.8661 Generation: 0
length: 34.0
feature_occurency: [50, 50, 50, 50, 50, 50, 50, 50, 50, 50, 50, 50, 50, 50, 50, 50, 50, 50, 50, 50, 50, 50, 50, 50, 50, 50, 50, 50, 50, 50, 50, 50, 50, 50]

Generation 46
Average: 0.8661 Best: 0.8661
Best Individual: 
C0 18|14|23|17|2|9|5|0|6|7|28|4|12|15|16|13|31|22|32|33|1|10|3|11|20|8|21|25|26|30|29|24|27|19|
Overall Best: 0.8661 Generation: 0
length: 34.0
feature_occurency: [50, 50, 50, 50, 50, 50, 50, 50, 50, 50, 50, 50, 50, 50, 50, 50, 50, 50, 50, 50, 50, 50, 50, 50, 50, 50, 50, 50, 50, 50, 50, 50, 50, 50]

Generation 47
Average: 0.8661 Best: 0.8661
Best Individual: 
C0 27|19|0|29|26|12|13|16|32|33|21|22|31|7|15|8|1|18|23|17|25|6|3|14|2|24|10|20|11|9|28|5|30|4|
Overall Best: 0.8661 Generation: 0
length: 34.0
feature_occurency: [50, 50, 50, 50, 50, 50, 50, 50, 50, 50, 50, 50, 50, 50, 50, 50, 50, 50, 50, 50, 50, 50, 50, 50, 50, 50, 50, 50, 50, 50, 50, 50, 50, 50]

Generation 48
Average: 0.8661 Best: 0.8661
Best Individual: 
C0 19|10|31|17|13|7|33|8|12|20|29|1|18|27|30|14|26|0|4|24|15|21|22|28|5|3|6|32|11|23|9|25|16|2|
Overall Best: 0.8661 Generation: 0
length: 34.0
feature_occurency: [50, 50, 50, 50, 50, 50, 50, 50, 50, 50, 50, 50, 50, 50, 50, 50, 50, 50, 50, 50, 50, 50, 50, 50, 50, 50, 50, 50, 50, 50, 50, 50, 50, 50]

Generation 49
Average: 0.8661 Best: 0.8661
Best Individual: 
C0 3|13|4|2|11|32|31|10|1|24|7|0|33|8|25|18|28|27|19|15|9|14|20|21|23|29|26|16|22|5|6|30|17|12|
Overall Best: 0.8661 Generation: 0
length: 34.0
feature_occurency: [50, 50, 50, 50, 50, 50, 50, 50, 50, 50, 50, 50, 50, 50, 50, 50, 50, 50, 50, 50, 50, 50, 50, 50, 50, 50, 50, 50, 50, 50, 50, 50, 50, 50]

Generation 50
Average: 0.8661 Best: 0.8661
Best Individual: 
C0 10|19|6|7|14|24|9|22|32|33|21|16|30|31|13|0|23|15|2|25|17|3|29|26|8|20|27|12|11|5|28|18|1|4|
Overall Best: 0.8661 Generation: 0
length: 34.0
feature_occurency: [50, 50, 50, 50, 50, 50, 50, 50, 50, 50, 50, 50, 50, 50, 50, 50, 50, 50, 50, 50, 50, 50, 50, 50, 50, 50, 50, 50, 50, 50, 50, 50, 50, 50]

Generation 51
Average: 0.8661 Best: 0.8661
Best Individual: 
C0 14|13|29|9|8|26|30|28|33|2|11|22|20|27|25|1|0|31|5|3|21|7|23|12|18|16|17|10|15|19|6|24|32|4|
Overall Best: 0.8661 Generation: 0
length: 34.0
feature_occurency: [50, 50, 50, 50, 50, 50, 50, 50, 50, 50, 50, 50, 50, 50, 50, 50, 50, 50, 50, 50, 50, 50, 50, 50, 50, 50, 50, 50, 50, 50, 50, 50, 50, 50]

Generation 52
Average: 0.8661 Best: 0.8661
Best Individual: 
C0 30|32|1|8|11|15|26|6|19|12|27|24|20|9|25|22|7|31|5|3|21|0|23|28|14|16|17|33|29|10|2|4|13|18|
Overall Best: 0.8661 Generation: 0
length: 34.0
feature_occurency: [50, 50, 50, 50, 50, 50, 50, 50, 50, 50, 50, 50, 50, 50, 50, 50, 50, 50, 50, 50, 50, 50, 50, 50, 50, 50, 50, 50, 50, 50, 50, 50, 50, 50]

Generation 53
Average: 0.8661 Best: 0.8661
Best Individual: 
C0 19|21|11|2|14|28|23|24|12|31|26|27|20|18|13|32|15|4|17|33|29|6|25|8|0|1|16|10|7|30|22|5|9|3|
Overall Best: 0.8661 Generation: 0
length: 34.0
feature_occurency: [50, 50, 50, 50, 50, 50, 50, 50, 50, 50, 50, 50, 50, 50, 50, 50, 50, 50, 50, 50, 50, 50, 50, 50, 50, 50, 50, 50, 50, 50, 50, 50, 50, 50]

Generation 54
Average: 0.8661 Best: 0.8661
Best Individual: 
C0 33|19|22|13|4|2|21|20|6|17|26|10|18|27|28|9|11|15|32|0|8|29|30|25|31|3|5|24|7|1|14|16|12|23|
Overall Best: 0.8661 Generation: 0
length: 34.0
feature_occurency: [50, 50, 50, 50, 50, 50, 50, 50, 50, 50, 50, 50, 50, 50, 50, 50, 50, 50, 50, 50, 50, 50, 50, 50, 50, 50, 50, 50, 50, 50, 50, 50, 50, 50]

Generation 55
Average: 0.8661 Best: 0.8661
Best Individual: 
C0 1|6|11|29|2|13|7|18|28|10|20|9|19|32|15|16|14|22|4|0|8|23|31|25|30|3|33|26|17|24|21|5|27|12|
Overall Best: 0.8661 Generation: 0
length: 34.0
feature_occurency: [50, 50, 50, 50, 50, 50, 50, 50, 50, 50, 50, 50, 50, 50, 50, 50, 50, 50, 50, 50, 50, 50, 50, 50, 50, 50, 50, 50, 50, 50, 50, 50, 50, 50]

Generation 56
Average: 0.8661 Best: 0.8661
Best Individual: 
C0 9|24|10|26|22|23|2|1|31|20|15|17|19|0|25|16|14|33|29|27|4|6|13|8|5|12|32|18|7|30|3|28|21|11|
Overall Best: 0.8661 Generation: 0
length: 34.0
feature_occurency: [50, 50, 50, 50, 50, 50, 50, 50, 50, 50, 50, 50, 50, 50, 50, 50, 50, 50, 50, 50, 50, 50, 50, 50, 50, 50, 50, 50, 50, 50, 50, 50, 50, 50]

Generation 57
Average: 0.8661 Best: 0.8661
Best Individual: 
C0 7|0|24|21|23|17|18|15|33|10|12|8|22|1|2|25|4|13|16|9|20|3|27|29|31|11|32|19|5|26|6|14|28|30|
Overall Best: 0.8661 Generation: 0
length: 34.0
feature_occurency: [50, 50, 50, 50, 50, 50, 50, 50, 50, 50, 50, 50, 50, 50, 50, 50, 50, 50, 50, 50, 50, 50, 50, 50, 50, 50, 50, 50, 50, 50, 50, 50, 50, 50]

Generation 58
Average: 0.8661 Best: 0.8661
Best Individual: 
C0 11|27|3|25|13|5|12|14|2|24|1|33|0|28|8|29|15|7|16|26|20|22|31|32|17|4|19|30|23|21|18|10|6|9|
Overall Best: 0.8661 Generation: 0
length: 34.0
feature_occurency: [50, 50, 50, 50, 50, 50, 50, 50, 50, 50, 50, 50, 50, 50, 50, 50, 50, 50, 50, 50, 50, 50, 50, 50, 50, 50, 50, 50, 50, 50, 50, 50, 50, 50]

Generation 59
Average: 0.8661 Best: 0.8661
Best Individual: 
C0 8|15|14|7|12|23|30|6|5|2|27|25|18|11|28|9|32|26|17|31|10|22|16|20|0|29|4|33|1|24|21|13|3|19|
Overall Best: 0.8661 Generation: 0
length: 34.0
feature_occurency: [50, 50, 50, 50, 50, 50, 50, 50, 50, 50, 50, 50, 50, 50, 50, 50, 50, 50, 50, 50, 50, 50, 50, 50, 50, 50, 50, 50, 50, 50, 50, 50, 50, 50]

Generation 60
Average: 0.8661 Best: 0.8661
Best Individual: 
C0 25|15|29|13|26|1|22|7|12|2|3|9|20|5|17|0|23|14|33|28|8|24|30|16|21|18|11|10|19|27|4|6|32|31|
Overall Best: 0.8661 Generation: 0
length: 34.0
feature_occurency: [50, 50, 50, 50, 50, 50, 50, 50, 50, 50, 50, 50, 50, 50, 50, 50, 50, 50, 50, 50, 50, 50, 50, 50, 50, 50, 50, 50, 50, 50, 50, 50, 50, 50]

Generation 61
Average: 0.8661 Best: 0.8661
Best Individual: 
C0 27|15|26|6|9|33|11|5|18|3|7|30|12|0|28|20|8|13|25|1|23|31|16|32|29|24|2|14|19|4|17|10|21|22|
Overall Best: 0.8661 Generation: 0
length: 34.0
feature_occurency: [50, 50, 50, 50, 50, 50, 50, 50, 50, 50, 50, 50, 50, 50, 50, 50, 50, 50, 50, 50, 50, 50, 50, 50, 50, 50, 50, 50, 50, 50, 50, 50, 50, 50]

Generation 62
Average: 0.8661 Best: 0.8661
Best Individual: 
C0 31|30|7|20|27|23|8|5|0|11|22|32|10|17|25|3|26|33|29|18|4|28|21|6|15|13|2|14|1|24|9|12|19|16|
Overall Best: 0.8661 Generation: 0
length: 34.0
feature_occurency: [50, 50, 50, 50, 50, 50, 50, 50, 50, 50, 50, 50, 50, 50, 50, 50, 50, 50, 50, 50, 50, 50, 50, 50, 50, 50, 50, 50, 50, 50, 50, 50, 50, 50]

Generation 63
Average: 0.8661 Best: 0.8661
Best Individual: 
C0 28|2|27|18|23|3|6|33|11|16|1|12|0|13|32|4|9|26|14|7|21|19|10|20|5|15|29|8|30|31|25|22|24|17|
Overall Best: 0.8661 Generation: 0
length: 34.0
feature_occurency: [50, 50, 50, 50, 50, 50, 50, 50, 50, 50, 50, 50, 50, 50, 50, 50, 50, 50, 50, 50, 50, 50, 50, 50, 50, 50, 50, 50, 50, 50, 50, 50, 50, 50]

Generation 64
Average: 0.8661 Best: 0.8661
Best Individual: 
C0 9|33|21|22|28|14|31|6|4|7|12|25|19|8|18|3|24|13|0|1|15|20|32|29|17|2|16|30|11|27|5|23|10|26|
Overall Best: 0.8661 Generation: 0
length: 34.0
feature_occurency: [50, 50, 50, 50, 50, 50, 50, 50, 50, 50, 50, 50, 50, 50, 50, 50, 50, 50, 50, 50, 50, 50, 50, 50, 50, 50, 50, 50, 50, 50, 50, 50, 50, 50]

Generation 65
Average: 0.8661 Best: 0.8661
Best Individual: 
C0 14|5|10|8|9|19|26|12|28|21|31|33|23|7|32|3|24|13|0|1|15|20|11|6|17|2|16|30|18|29|22|27|4|25|
Overall Best: 0.8661 Generation: 0
length: 34.0
feature_occurency: [50, 50, 50, 50, 50, 50, 50, 50, 50, 50, 50, 50, 50, 50, 50, 50, 50, 50, 50, 50, 50, 50, 50, 50, 50, 50, 50, 50, 50, 50, 50, 50, 50, 50]

Generation 66
Average: 0.8661 Best: 0.8661
Best Individual: 
C0 5|16|14|10|20|30|25|8|28|9|31|33|12|7|32|3|24|13|0|1|15|18|11|6|29|2|17|23|19|4|21|22|26|27|
Overall Best: 0.8661 Generation: 0
length: 34.0
feature_occurency: [50, 50, 50, 50, 50, 50, 50, 50, 50, 50, 50, 50, 50, 50, 50, 50, 50, 50, 50, 50, 50, 50, 50, 50, 50, 50, 50, 50, 50, 50, 50, 50, 50, 50]

Generation 67
Average: 0.8661 Best: 0.8661
Best Individual: 
C0 20|17|29|6|31|8|32|2|3|26|1|7|18|12|24|23|16|22|13|15|0|33|27|28|19|30|11|21|25|9|5|4|10|14|
Overall Best: 0.8661 Generation: 0
length: 34.0
feature_occurency: [50, 50, 50, 50, 50, 50, 50, 50, 50, 50, 50, 50, 50, 50, 50, 50, 50, 50, 50, 50, 50, 50, 50, 50, 50, 50, 50, 50, 50, 50, 50, 50, 50, 50]

Generation 68
Average: 0.8661 Best: 0.8661
Best Individual: 
C0 24|4|27|13|2|17|20|22|1|3|15|29|18|32|0|31|19|33|10|23|25|28|21|6|7|12|8|11|14|5|9|30|26|16|
Overall Best: 0.8661 Generation: 0
length: 34.0
feature_occurency: [50, 50, 50, 50, 50, 50, 50, 50, 50, 50, 50, 50, 50, 50, 50, 50, 50, 50, 50, 50, 50, 50, 50, 50, 50, 50, 50, 50, 50, 50, 50, 50, 50, 50]

Generation 69
Average: 0.8661 Best: 0.8661
Best Individual: 
C0 21|5|31|13|2|17|20|22|1|3|15|29|18|32|0|4|10|26|16|12|24|28|7|23|25|30|27|6|33|19|9|8|14|11|
Overall Best: 0.8661 Generation: 0
length: 34.0
feature_occurency: [50, 50, 50, 50, 50, 50, 50, 50, 50, 50, 50, 50, 50, 50, 50, 50, 50, 50, 50, 50, 50, 50, 50, 50, 50, 50, 50, 50, 50, 50, 50, 50, 50, 50]

Generation 70
Average: 0.8661 Best: 0.8661
Best Individual: 
C0 16|23|30|2|13|17|20|22|1|19|15|27|18|32|0|4|21|33|12|3|7|8|24|25|6|11|14|29|9|31|26|10|5|28|
Overall Best: 0.8661 Generation: 0
length: 34.0
feature_occurency: [50, 50, 50, 50, 50, 50, 50, 50, 50, 50, 50, 50, 50, 50, 50, 50, 50, 50, 50, 50, 50, 50, 50, 50, 50, 50, 50, 50, 50, 50, 50, 50, 50, 50]

Generation 71
Average: 0.8661 Best: 0.8661
Best Individual: 
C0 10|23|30|2|13|27|20|22|1|19|15|17|18|26|0|4|21|33|12|3|11|8|24|25|6|32|28|16|5|29|31|9|14|7|
Overall Best: 0.8661 Generation: 0
length: 34.0
feature_occurency: [50, 50, 50, 50, 50, 50, 50, 50, 50, 50, 50, 50, 50, 50, 50, 50, 50, 50, 50, 50, 50, 50, 50, 50, 50, 50, 50, 50, 50, 50, 50, 50, 50, 50]

Generation 72
Average: 0.8661 Best: 0.8661
Best Individual: 
C0 10|11|24|2|13|27|20|22|1|14|32|17|18|26|0|4|21|33|12|3|23|8|30|25|6|19|28|16|5|29|31|9|15|7|
Overall Best: 0.8661 Generation: 0
length: 34.0
feature_occurency: [50, 50, 50, 50, 50, 50, 50, 50, 50, 50, 50, 50, 50, 50, 50, 50, 50, 50, 50, 50, 50, 50, 50, 50, 50, 50, 50, 50, 50, 50, 50, 50, 50, 50]

Generation 73
Average: 0.8661 Best: 0.8661
Best Individual: 
C0 11|21|0|10|12|14|27|31|6|33|23|17|26|18|3|7|25|19|24|1|16|13|28|8|20|30|15|29|9|32|5|4|2|22|
Overall Best: 0.8661 Generation: 0
length: 34.0
feature_occurency: [50, 50, 50, 50, 50, 50, 50, 50, 50, 50, 50, 50, 50, 50, 50, 50, 50, 50, 50, 50, 50, 50, 50, 50, 50, 50, 50, 50, 50, 50, 50, 50, 50, 50]

Generation 74
Average: 0.8661 Best: 0.8661
Best Individual: 
C0 0|9|14|13|5|25|30|4|6|33|23|17|26|18|32|27|1|19|7|16|29|3|24|12|11|2|8|22|20|10|21|15|31|28|
Overall Best: 0.8661 Generation: 0
length: 34.0
feature_occurency: [50, 50, 50, 50, 50, 50, 50, 50, 50, 50, 50, 50, 50, 50, 50, 50, 50, 50, 50, 50, 50, 50, 50, 50, 50, 50, 50, 50, 50, 50, 50, 50, 50, 50]

Generation 75
Average: 0.8661 Best: 0.8661
Best Individual: 
C0 3|20|14|9|17|11|25|28|26|29|12|5|31|7|22|13|19|33|21|32|18|0|10|6|27|30|15|16|1|8|23|24|4|2|
Overall Best: 0.8661 Generation: 0
length: 34.0
feature_occurency: [50, 50, 50, 50, 50, 50, 50, 50, 50, 50, 50, 50, 50, 50, 50, 50, 50, 50, 50, 50, 50, 50, 50, 50, 50, 50, 50, 50, 50, 50, 50, 50, 50, 50]

Generation 76
Average: 0.8661 Best: 0.8661
Best Individual: 
C0 11|4|23|21|27|15|8|10|33|31|22|24|12|25|7|1|13|9|18|5|3|6|14|26|16|20|32|28|17|30|29|0|19|2|
Overall Best: 0.8661 Generation: 0
length: 34.0
feature_occurency: [50, 50, 50, 50, 50, 50, 50, 50, 50, 50, 50, 50, 50, 50, 50, 50, 50, 50, 50, 50, 50, 50, 50, 50, 50, 50, 50, 50, 50, 50, 50, 50, 50, 50]

Generation 77
Average: 0.8661 Best: 0.8661
Best Individual: 
C0 12|0|31|33|32|2|18|27|28|8|25|6|10|20|15|4|3|7|13|9|1|21|30|5|26|22|14|19|29|17|24|16|23|11|
Overall Best: 0.8661 Generation: 0
length: 34.0
feature_occurency: [50, 50, 50, 50, 50, 50, 50, 50, 50, 50, 50, 50, 50, 50, 50, 50, 50, 50, 50, 50, 50, 50, 50, 50, 50, 50, 50, 50, 50, 50, 50, 50, 50, 50]

Generation 78
Average: 0.8661 Best: 0.8661
Best Individual: 
C0 17|25|18|10|4|6|27|31|30|15|7|33|20|2|0|21|14|12|9|1|3|23|28|5|26|22|11|19|29|8|24|16|13|32|
Overall Best: 0.8661 Generation: 0
length: 34.0
feature_occurency: [50, 50, 50, 50, 50, 50, 50, 50, 50, 50, 50, 50, 50, 50, 50, 50, 50, 50, 50, 50, 50, 50, 50, 50, 50, 50, 50, 50, 50, 50, 50, 50, 50, 50]

Generation 79
Average: 0.8661 Best: 0.8661
Best Individual: 
C0 11|0|22|21|27|15|32|10|17|31|23|24|12|25|18|1|13|9|7|14|3|6|5|28|16|20|8|26|33|30|29|4|19|2|
Overall Best: 0.8661 Generation: 0
length: 34.0
feature_occurency: [50, 50, 50, 50, 50, 50, 50, 50, 50, 50, 50, 50, 50, 50, 50, 50, 50, 50, 50, 50, 50, 50, 50, 50, 50, 50, 50, 50, 50, 50, 50, 50, 50, 50]

Generation 80
Average: 0.8661 Best: 0.8661
Best Individual: 
C0 25|24|21|12|9|15|27|11|13|32|6|0|29|17|23|18|31|22|7|14|3|2|5|28|16|20|8|26|33|30|4|19|10|1|
Overall Best: 0.8661 Generation: 0
length: 34.0
feature_occurency: [50, 50, 50, 50, 50, 50, 50, 50, 50, 50, 50, 50, 50, 50, 50, 50, 50, 50, 50, 50, 50, 50, 50, 50, 50, 50, 50, 50, 50, 50, 50, 50, 50, 50]

Generation 81
Average: 0.8661 Best: 0.8661
Best Individual: 
C0 15|0|7|25|5|19|22|30|1|9|3|14|13|4|8|11|28|17|23|33|10|24|29|18|20|31|6|32|21|2|16|12|27|26|
Overall Best: 0.8661 Generation: 0
length: 34.0
feature_occurency: [50, 50, 50, 50, 50, 50, 50, 50, 50, 50, 50, 50, 50, 50, 50, 50, 50, 50, 50, 50, 50, 50, 50, 50, 50, 50, 50, 50, 50, 50, 50, 50, 50, 50]

Generation 82
Average: 0.8661 Best: 0.8661
Best Individual: 
C0 16|23|7|17|13|31|0|30|1|9|29|19|8|4|5|6|15|26|25|3|12|24|22|10|27|2|14|18|33|20|32|21|28|11|
Overall Best: 0.8661 Generation: 0
length: 34.0
feature_occurency: [50, 50, 50, 50, 50, 50, 50, 50, 50, 50, 50, 50, 50, 50, 50, 50, 50, 50, 50, 50, 50, 50, 50, 50, 50, 50, 50, 50, 50, 50, 50, 50, 50, 50]

Generation 83
Average: 0.8661 Best: 0.8661
Best Individual: 
C0 10|8|7|18|31|6|15|4|23|5|17|12|22|20|9|25|24|28|1|14|3|13|30|0|27|2|26|16|29|33|32|21|19|11|
Overall Best: 0.8661 Generation: 0
length: 34.0
feature_occurency: [50, 50, 50, 50, 50, 50, 50, 50, 50, 50, 50, 50, 50, 50, 50, 50, 50, 50, 50, 50, 50, 50, 50, 50, 50, 50, 50, 50, 50, 50, 50, 50, 50, 50]

Generation 84
Average: 0.8661 Best: 0.8661
Best Individual: 
C0 6|30|29|7|33|26|19|14|24|31|32|22|4|25|23|13|2|28|8|5|12|3|18|10|9|1|20|11|27|21|16|15|0|17|
Overall Best: 0.8661 Generation: 0
length: 34.0
feature_occurency: [50, 50, 50, 50, 50, 50, 50, 50, 50, 50, 50, 50, 50, 50, 50, 50, 50, 50, 50, 50, 50, 50, 50, 50, 50, 50, 50, 50, 50, 50, 50, 50, 50, 50]

Generation 85
Average: 0.8661 Best: 0.8661
Best Individual: 
C0 15|29|6|25|5|7|22|3|26|2|12|14|0|4|8|24|28|17|23|33|20|19|13|18|9|1|32|11|27|21|16|30|10|31|
Overall Best: 0.8661 Generation: 0
length: 34.0
feature_occurency: [50, 50, 50, 50, 50, 50, 50, 50, 50, 50, 50, 50, 50, 50, 50, 50, 50, 50, 50, 50, 50, 50, 50, 50, 50, 50, 50, 50, 50, 50, 50, 50, 50, 50]

Generation 86
Average: 0.8661 Best: 0.8661
Best Individual: 
C0 31|1|13|6|18|9|5|3|10|26|29|4|11|2|33|15|20|23|14|16|32|22|19|27|17|28|30|0|24|7|25|12|8|21|
Overall Best: 0.8661 Generation: 0
length: 34.0
feature_occurency: [50, 50, 50, 50, 50, 50, 50, 50, 50, 50, 50, 50, 50, 50, 50, 50, 50, 50, 50, 50, 50, 50, 50, 50, 50, 50, 50, 50, 50, 50, 50, 50, 50, 50]

Generation 87
Average: 0.8661 Best: 0.8661
Best Individual: 
C0 25|19|29|7|13|2|12|4|30|5|17|6|28|32|14|33|26|27|18|24|15|21|1|0|9|31|16|11|22|8|20|10|3|23|
Overall Best: 0.8661 Generation: 0
length: 34.0
feature_occurency: [50, 50, 50, 50, 50, 50, 50, 50, 50, 50, 50, 50, 50, 50, 50, 50, 50, 50, 50, 50, 50, 50, 50, 50, 50, 50, 50, 50, 50, 50, 50, 50, 50, 50]

Generation 88
Average: 0.8661 Best: 0.8661
Best Individual: 
C0 2|3|19|25|4|12|29|7|30|5|17|6|14|32|28|33|26|27|18|24|15|21|1|0|9|31|16|11|20|8|22|10|23|13|
Overall Best: 0.8661 Generation: 0
length: 34.0
feature_occurency: [50, 50, 50, 50, 50, 50, 50, 50, 50, 50, 50, 50, 50, 50, 50, 50, 50, 50, 50, 50, 50, 50, 50, 50, 50, 50, 50, 50, 50, 50, 50, 50, 50, 50]

Generation 89
Average: 0.8661 Best: 0.8661
Best Individual: 
C0 8|23|18|7|13|3|9|20|11|33|32|1|17|6|4|0|22|25|21|29|27|24|10|5|19|15|16|30|31|12|2|26|14|28|
Overall Best: 0.8661 Generation: 0
length: 34.0
feature_occurency: [50, 50, 50, 50, 50, 50, 50, 50, 50, 50, 50, 50, 50, 50, 50, 50, 50, 50, 50, 50, 50, 50, 50, 50, 50, 50, 50, 50, 50, 50, 50, 50, 50, 50]

Generation 90
Average: 0.8661 Best: 0.8661
Best Individual: 
C0 29|14|2|30|18|11|27|13|15|28|25|32|9|5|21|19|22|26|20|4|3|16|24|10|7|8|6|1|0|31|12|33|23|17|
Overall Best: 0.8661 Generation: 0
length: 34.0
feature_occurency: [50, 50, 50, 50, 50, 50, 50, 50, 50, 50, 50, 50, 50, 50, 50, 50, 50, 50, 50, 50, 50, 50, 50, 50, 50, 50, 50, 50, 50, 50, 50, 50, 50, 50]

Generation 91
Average: 0.8661 Best: 0.8661
Best Individual: 
C0 8|13|18|7|17|21|15|20|11|33|4|1|23|6|32|9|30|25|3|29|27|24|10|5|19|0|16|22|28|26|2|12|14|31|
Overall Best: 0.8661 Generation: 0
length: 34.0
feature_occurency: [50, 50, 50, 50, 50, 50, 50, 50, 50, 50, 50, 50, 50, 50, 50, 50, 50, 50, 50, 50, 50, 50, 50, 50, 50, 50, 50, 50, 50, 50, 50, 50, 50, 50]

Generation 92
Average: 0.8661 Best: 0.8661
Best Individual: 
C0 2|13|18|7|17|21|15|20|11|33|4|1|23|6|32|9|30|25|3|29|27|24|10|5|19|0|16|22|28|26|8|12|14|31|
Overall Best: 0.8661 Generation: 0
length: 34.0
feature_occurency: [50, 50, 50, 50, 50, 50, 50, 50, 50, 50, 50, 50, 50, 50, 50, 50, 50, 50, 50, 50, 50, 50, 50, 50, 50, 50, 50, 50, 50, 50, 50, 50, 50, 50]

Generation 93
Average: 0.8661 Best: 0.8661
Best Individual: 
C0 13|5|28|32|6|10|33|1|20|8|3|11|21|16|31|22|4|17|23|15|24|18|12|26|30|2|25|0|9|14|27|7|29|19|
Overall Best: 0.8661 Generation: 0
length: 34.0
feature_occurency: [50, 50, 50, 50, 50, 50, 50, 50, 50, 50, 50, 50, 50, 50, 50, 50, 50, 50, 50, 50, 50, 50, 50, 50, 50, 50, 50, 50, 50, 50, 50, 50, 50, 50]

Generation 94
Average: 0.8661 Best: 0.8661
Best Individual: 
C0 22|31|28|16|8|19|13|15|20|23|10|2|5|18|1|33|32|24|3|17|21|6|12|26|30|4|25|0|9|14|27|7|29|11|
Overall Best: 0.8661 Generation: 0
length: 34.0
feature_occurency: [50, 50, 50, 50, 50, 50, 50, 50, 50, 50, 50, 50, 50, 50, 50, 50, 50, 50, 50, 50, 50, 50, 50, 50, 50, 50, 50, 50, 50, 50, 50, 50, 50, 50]

Generation 95
Average: 0.8661 Best: 0.8661
Best Individual: 
C0 24|18|7|16|9|10|33|31|19|12|13|23|20|3|26|29|11|8|4|27|32|0|22|15|14|1|28|2|6|21|25|30|5|17|
Overall Best: 0.8661 Generation: 0
length: 34.0
feature_occurency: [50, 50, 50, 50, 50, 50, 50, 50, 50, 50, 50, 50, 50, 50, 50, 50, 50, 50, 50, 50, 50, 50, 50, 50, 50, 50, 50, 50, 50, 50, 50, 50, 50, 50]

Generation 96
Average: 0.8661 Best: 0.8661
Best Individual: 
C0 10|22|0|3|27|7|13|20|15|25|9|14|16|5|29|6|8|23|32|12|11|33|28|24|26|21|31|30|4|17|2|18|1|19|
Overall Best: 0.8661 Generation: 0
length: 34.0
feature_occurency: [50, 50, 50, 50, 50, 50, 50, 50, 50, 50, 50, 50, 50, 50, 50, 50, 50, 50, 50, 50, 50, 50, 50, 50, 50, 50, 50, 50, 50, 50, 50, 50, 50, 50]

Generation 97
Average: 0.8661 Best: 0.8661
Best Individual: 
C0 19|11|21|9|28|13|17|0|1|12|30|29|5|26|27|25|14|23|2|15|7|24|10|33|22|32|6|3|31|4|16|8|20|18|
Overall Best: 0.8661 Generation: 0
length: 34.0
feature_occurency: [50, 50, 50, 50, 50, 50, 50, 50, 50, 50, 50, 50, 50, 50, 50, 50, 50, 50, 50, 50, 50, 50, 50, 50, 50, 50, 50, 50, 50, 50, 50, 50, 50, 50]

Generation 98
Average: 0.8661 Best: 0.8661
Best Individual: 
C0 4|0|20|21|8|22|19|2|15|23|10|9|25|12|32|3|6|26|16|33|30|11|13|18|27|1|7|28|5|24|17|31|29|14|
Overall Best: 0.8661 Generation: 0
length: 34.0
feature_occurency: [50, 50, 50, 50, 50, 50, 50, 50, 50, 50, 50, 50, 50, 50, 50, 50, 50, 50, 50, 50, 50, 50, 50, 50, 50, 50, 50, 50, 50, 50, 50, 50, 50, 50]

Generation 99
Average: 0.8661 Best: 0.8661
Best Individual: 
C0 2|0|20|21|8|22|7|4|15|23|12|9|32|14|25|3|17|26|31|33|30|11|13|18|27|1|19|28|5|24|6|16|29|10|
Overall Best: 0.8661 Generation: 0
==================
    Best individual after 100 generations
    computed in 253.7200 seconds
    304 elements out of 351 correct.
    emerged in generation 0
    with fitness 0.8661
==================

28|7|2|9|4|23|26|27|8|6|10|11|22|19|25|21|14|17|18|13|20|3|12|1|16|24|32|0|5|29|30|31|15|33|
