Starting evolution...

Generation 0
Average: 0.9051 Best: 0.9184
Best Individual: 
C0 240|26|36|3|99|109|210|7|229|87|21|237|34|13|208|17|16|207|156|19|20|238|22|66|24|200|250|111|230|29|30|150|32|33|12|183|0|46|163|176|97|114|31|206|170|45|159|119|161|138|65|51|52|177|40|55|56|108|221|59|116|61|62|214|218|50|15|181|187|69|70|71|122|23|74|41|76|232|213|162|180|252|47|113|95|85|86|169|88|89|38|91|92|54|171|48|96|10|141|4|130|255|102|196|104|101|106|147|197|79|110|6|112|145|2|42|11|107|118|82|120|121|117|123|124|125|126|127|244|37|190|131|189|133|134|135|136|137|67|139|140|78|204|143|198|219|146|72|129|246|77|151|152|153|154|211|18|158|157|148|73|251|53|247|192|165|166|167|168|9|8|173|172|81|174|60|35|194|128|179|80|175|182|49|184|205|186|254|188|132|100|191|58|193|94|195|103|57|234|199|75|201|14|203|142|185|217|160|202|209|27|155|212|98|63|215|216|43|64|226|220|93|222|223|224|225|5|227|228|44|28|231|164|233|144|235|236|115|39|239|241|25|242|243|178|245|149|90|248|249|1|84|83|253|68|105|
Overall Best: 0.9184 Generation: 0

Generation 1
Average: 0.9062 Best: 0.9159
Best Individual: 
C0 36|50|139|3|4|52|122|7|119|74|10|244|93|97|252|230|215|17|59|129|222|70|239|148|24|172|199|185|28|120|134|31|2|115|34|101|161|206|136|245|131|147|42|182|44|33|124|144|159|16|84|198|202|53|158|55|23|78|58|103|13|61|54|63|64|65|250|67|26|69|184|71|72|233|9|5|165|35|56|79|80|209|82|19|151|85|40|87|88|89|225|160|92|11|94|132|242|39|212|77|100|235|154|117|15|210|106|231|205|109|121|91|228|152|243|86|96|164|8|178|29|145|183|123|21|125|240|193|128|114|238|135|171|155|213|116|126|81|99|32|14|249|142|143|47|251|146|6|175|138|150|173|113|153|224|83|156|157|203|48|111|188|226|12|18|45|90|167|168|41|170|95|38|149|174|137|176|177|110|179|180|118|43|133|141|20|186|187|169|163|190|191|192|127|194|75|196|197|166|162|200|201|37|223|204|108|130|207|208|221|105|211|104|253|214|49|216|217|218|60|220|232|195|1|189|102|27|66|112|229|98|107|76|73|234|57|255|237|219|22|68|241|46|62|181|51|246|247|248|25|227|0|140|30|254|236|
Overall Best: 0.9184 Generation: 0

Generation 2
Average: 0.9062 Best: 0.9134
Best Individual: 
C0 8|234|127|125|30|43|76|174|209|207|10|151|12|44|108|70|26|17|18|57|195|29|14|91|24|130|120|99|5|113|245|53|33|170|121|35|145|37|31|191|231|41|93|147|13|0|62|168|4|251|46|32|233|197|254|55|56|118|178|59|34|192|169|79|77|65|212|177|188|232|171|180|157|84|255|219|224|85|211|185|80|179|82|220|72|235|215|122|86|39|90|126|23|42|94|68|229|112|81|241|161|101|114|103|124|105|106|183|22|200|247|111|97|21|230|115|116|117|154|199|104|203|61|123|88|182|238|134|128|148|136|64|216|96|138|74|9|50|202|228|36|87|246|143|27|92|146|243|129|149|150|11|48|20|237|205|69|249|252|221|160|158|162|155|144|153|166|167|194|175|164|165|135|173|71|159|141|67|109|25|102|181|47|107|184|63|186|187|172|189|140|214|66|193|198|89|133|58|176|119|100|201|60|208|204|163|206|73|16|239|210|28|49|213|6|7|132|217|222|15|83|45|218|223|152|225|226|227|78|196|3|19|156|190|1|131|236|2|75|137|240|40|242|52|244|98|142|110|248|139|250|38|51|253|54|95|
Overall Best: 0.9184 Generation: 0

Generation 3
Average: 0.9056 Best: 0.9127
Best Individual: 
C0 0|1|243|32|4|118|39|167|176|74|25|155|12|10|14|70|20|232|18|145|186|15|234|60|190|6|170|41|101|29|45|31|237|184|255|30|36|220|68|163|40|71|185|43|35|211|110|209|48|49|50|109|52|53|161|153|150|64|175|59|56|199|173|63|223|229|197|62|126|92|133|206|135|200|90|75|214|116|78|96|80|254|188|83|142|85|86|125|121|227|244|91|246|58|102|95|143|131|205|93|88|233|127|94|218|241|13|107|245|228|87|111|19|132|112|154|77|51|5|23|7|151|122|178|124|117|249|128|81|226|11|196|217|250|134|84|146|100|138|139|140|224|129|144|168|192|22|239|47|221|66|69|152|174|34|9|156|57|104|24|195|130|180|207|115|203|103|37|136|169|26|172|158|201|55|99|3|177|123|179|119|160|182|89|212|42|16|187|235|141|194|191|65|193|159|253|97|54|198|208|165|147|202|61|204|189|219|67|79|46|113|44|98|213|82|215|166|106|28|27|120|149|222|157|137|225|105|183|242|216|164|231|72|210|108|171|236|247|114|38|240|33|148|2|73|8|181|162|248|230|17|251|252|21|76|238|
Overall Best: 0.9184 Generation: 0

Generation 4
Average: 0.9054 Best: 0.9140
Best Individual: 
C0 8|120|127|2|4|169|76|164|55|186|65|147|211|168|108|29|215|17|23|98|89|166|167|138|24|195|26|165|72|125|245|53|124|32|192|35|194|30|151|1|94|176|42|11|16|45|236|70|37|251|133|141|130|81|254|117|56|203|3|105|128|230|175|92|139|10|74|177|51|34|227|66|157|84|188|219|213|198|68|14|103|241|82|33|5|19|232|134|250|39|90|91|67|93|231|221|229|96|197|179|12|146|204|80|181|59|106|77|58|220|25|61|112|50|185|159|156|160|7|228|199|101|28|73|44|173|99|107|87|143|233|64|180|71|201|135|136|243|18|9|36|78|246|224|182|212|170|43|129|149|150|31|48|111|154|155|41|249|252|209|115|161|162|205|142|153|189|95|145|52|119|27|63|0|97|46|152|15|109|85|102|208|47|104|184|79|20|187|172|88|140|191|216|193|214|123|121|49|171|237|100|148|60|86|113|163|206|207|183|239|210|110|22|202|6|178|132|38|222|75|83|126|218|223|118|225|226|174|122|196|114|235|116|247|234|131|62|190|238|137|240|40|242|21|244|57|144|69|248|13|200|217|158|253|54|255|
Overall Best: 0.9184 Generation: 0

Generation 5
Average: 0.9063 Best: 0.9146
Best Individual: 
C0 61|222|102|35|44|76|163|124|8|26|134|93|10|97|14|154|29|17|150|56|101|128|22|13|24|115|231|125|5|162|140|53|33|149|121|183|42|71|161|191|23|41|68|147|106|103|19|18|159|251|46|32|105|217|254|55|99|118|25|214|177|215|198|79|77|65|212|34|208|232|47|45|30|84|255|49|224|85|211|58|80|179|203|253|72|86|155|122|178|95|170|88|64|145|193|109|194|220|91|100|63|187|137|138|233|75|21|112|234|141|70|153|238|189|54|133|16|66|152|192|146|157|127|123|126|182|135|165|89|111|136|120|216|96|176|74|148|50|60|228|36|87|92|143|27|246|39|243|240|119|67|249|48|20|201|104|69|11|252|221|160|158|168|130|164|81|185|167|205|169|227|196|247|209|98|114|219|0|235|43|250|207|180|12|184|171|186|241|188|113|190|59|200|94|175|9|117|166|236|206|242|144|237|172|229|108|199|73|4|239|210|28|195|213|6|7|132|197|181|15|83|202|218|223|37|230|226|90|31|174|3|62|156|245|1|131|82|2|173|78|139|40|225|52|244|116|142|110|248|129|38|51|151|204|57|107|
Overall Best: 0.9184 Generation: 0

Generation 6
Average: 0.9063 Best: 0.9159
Best Individual: 
C0 0|127|184|32|4|160|16|223|3|62|102|85|40|148|170|244|101|47|59|142|72|9|239|43|242|172|199|226|167|155|134|169|7|115|234|55|161|117|136|26|53|177|42|87|44|33|212|144|163|198|207|228|202|57|15|126|66|111|58|25|13|61|143|114|64|65|60|113|187|93|176|147|152|123|74|100|164|220|56|92|189|8|186|107|12|145|28|175|149|183|90|132|246|89|249|95|245|235|130|112|229|27|180|94|23|201|150|209|237|76|45|119|54|39|157|154|156|99|6|83|125|151|67|139|124|159|208|73|254|233|250|91|217|206|38|88|255|84|138|190|140|224|129|243|97|178|197|133|218|48|196|210|174|211|37|81|105|108|77|103|137|185|1|109|213|104|166|63|68|135|205|46|79|241|51|182|34|179|221|158|41|118|192|14|31|20|30|195|71|141|194|191|146|193|232|230|168|24|29|50|165|121|10|240|204|173|219|251|96|171|36|35|98|116|216|215|131|106|253|188|120|22|52|80|252|225|122|75|18|82|203|231|214|153|227|21|236|247|110|200|128|49|222|2|11|19|181|162|248|78|17|5|69|70|86|238|
Overall Best: 0.9184 Generation: 0

Generation 7
Average: 0.9072 Best: 0.9171
Best Individual: 
C0 117|120|133|175|105|232|1|215|197|201|138|9|47|115|40|183|56|84|23|128|89|90|55|14|2|5|186|32|72|141|188|152|203|165|192|219|254|246|149|234|106|112|64|11|19|147|231|235|48|124|220|3|108|31|43|27|228|145|242|130|156|61|39|86|18|221|91|67|253|69|70|238|198|222|110|98|182|127|250|146|85|204|82|148|187|87|66|30|167|144|94|104|134|50|10|161|96|125|209|180|7|150|218|255|199|200|35|151|244|168|63|142|118|177|92|214|58|162|71|44|107|17|121|116|189|62|4|103|0|29|184|131|73|79|194|42|208|153|36|245|6|224|212|154|97|78|111|206|223|51|83|210|33|211|37|81|75|119|95|122|77|60|21|100|181|28|166|59|34|164|205|46|54|241|163|171|176|179|26|158|25|251|24|16|230|99|76|195|227|8|236|191|13|243|140|53|15|49|137|68|173|240|169|193|113|88|102|207|237|239|216|41|136|202|101|157|80|213|155|233|20|126|74|12|109|225|226|174|132|196|114|65|178|190|129|135|38|247|170|159|123|249|22|229|52|57|93|185|248|139|160|217|143|172|252|45|
Overall Best: 0.9184 Generation: 0

Generation 8
Average: 0.9058 Best: 0.9146
Best Individual: 
C0 61|120|104|51|4|27|169|164|14|123|201|245|130|7|243|193|33|17|138|109|89|135|170|25|62|43|47|85|146|105|69|10|124|84|5|38|141|111|31|163|172|191|58|81|44|174|199|97|6|50|41|122|222|55|2|76|54|254|42|126|16|240|145|110|211|162|60|36|161|229|34|177|39|1|114|71|208|77|224|216|80|206|185|18|115|167|108|192|22|8|218|197|180|241|83|95|215|143|90|99|9|221|26|125|147|132|87|15|198|178|225|101|45|231|188|148|24|159|103|255|37|235|165|134|209|251|32|127|30|53|166|131|196|72|186|168|202|64|149|35|232|121|40|152|182|190|136|102|56|252|150|214|212|142|253|205|65|213|68|158|94|13|0|155|144|181|59|189|160|23|48|88|74|173|217|128|187|91|52|154|12|153|118|107|244|79|46|230|228|176|219|156|11|28|117|93|78|49|171|237|100|236|129|86|113|250|200|249|20|239|210|96|183|140|70|73|133|195|119|157|66|227|67|223|29|137|226|112|204|179|82|233|116|247|234|139|175|203|238|151|194|21|242|246|184|92|220|207|63|75|3|106|19|248|98|57|
Overall Best: 0.9184 Generation: 0

Generation 9
Average: 0.9063 Best: 0.9153
Best Individual: 
C0 233|120|198|51|3|27|169|223|14|123|201|245|130|7|243|193|33|17|138|109|89|135|98|25|15|43|47|176|146|103|69|10|124|84|5|38|141|111|31|163|217|191|58|81|44|18|199|97|6|50|41|122|222|55|52|76|54|254|46|126|16|240|145|110|211|162|60|36|161|229|34|177|39|181|114|139|208|77|224|24|80|29|185|174|115|239|108|192|22|8|218|197|180|241|83|37|215|143|90|49|9|221|26|125|147|132|87|62|104|178|225|101|45|231|188|148|216|159|105|255|78|235|165|134|209|251|19|127|30|53|166|131|196|72|186|168|202|64|149|35|232|121|40|152|182|190|136|102|56|252|150|214|212|142|253|205|65|213|68|158|94|13|0|155|144|1|59|189|160|23|48|88|74|173|172|128|187|91|2|154|12|153|118|107|244|79|42|230|228|179|219|156|11|28|117|93|95|99|171|237|100|236|129|86|113|250|200|249|20|167|210|96|183|140|70|73|133|195|119|157|66|227|67|164|206|137|226|112|204|85|82|61|116|247|234|71|175|203|238|151|194|21|242|246|184|92|220|207|63|75|4|106|32|248|170|57|
Overall Best: 0.9184 Generation: 0

Generation 10
Average: 0.9074 Best: 0.9134
Best Individual: 
C0 3|24|55|114|6|54|76|223|122|169|155|5|41|185|7|16|110|124|199|98|92|211|193|29|162|229|202|89|38|25|240|84|165|32|14|80|245|194|207|56|77|138|46|243|224|69|217|198|176|39|57|75|160|220|81|115|254|126|4|47|31|103|49|141|33|167|44|170|18|184|222|51|248|145|9|239|34|120|177|135|109|21|63|161|58|163|108|192|22|8|218|197|180|159|83|37|215|158|90|27|191|221|26|125|147|132|87|62|104|178|225|101|45|231|188|148|216|241|105|255|78|235|106|134|209|251|19|127|30|53|60|131|196|72|186|168|10|64|149|35|232|121|40|152|136|190|182|102|246|252|150|214|212|142|253|205|65|213|68|143|94|13|172|111|144|20|59|189|130|23|48|88|74|173|0|128|187|91|2|154|12|153|97|107|244|79|42|66|228|179|219|156|11|28|117|93|15|99|171|237|100|236|129|86|113|250|200|249|1|36|210|96|183|140|70|73|133|50|119|157|230|227|67|164|206|137|226|112|204|85|82|61|116|247|234|71|175|203|233|151|139|208|242|146|52|238|123|43|118|195|95|17|166|201|174|181|
Overall Best: 0.9184 Generation: 0

Generation 11
Average: 0.9073 Best: 0.9184
Best Individual: 
C0 47|218|50|179|254|241|180|78|71|18|19|230|122|135|146|250|216|143|239|61|164|125|40|228|138|121|62|165|145|97|116|42|142|253|194|12|7|193|77|102|212|36|32|112|44|168|104|231|108|1|31|99|188|159|53|246|10|118|82|123|6|240|181|158|248|87|242|39|63|170|157|255|141|178|210|196|192|162|28|137|73|25|17|200|109|149|86|41|85|235|215|140|103|8|21|15|96|114|98|5|249|128|211|195|209|59|225|95|237|4|110|115|46|64|127|38|51|221|70|119|201|9|187|33|92|55|134|106|244|189|222|84|139|205|37|150|136|167|171|247|76|203|208|160|11|45|129|147|57|153|14|130|224|65|89|3|80|67|91|163|13|199|184|176|69|20|34|107|83|113|156|111|35|75|133|207|229|238|58|16|43|56|88|79|182|22|186|169|26|217|191|101|152|49|90|227|197|252|117|161|24|172|202|68|226|173|243|206|214|2|174|105|93|190|220|124|166|198|154|72|155|148|175|204|74|126|100|151|251|232|234|0|81|27|48|94|219|66|30|131|144|54|132|223|29|213|236|60|183|52|23|120|185|177|245|233|
Overall Best: 0.9184 Generation: 0

Generation 12
Average: 0.9068 Best: 0.9184
Best Individual: 
C0 206|209|50|179|196|241|180|78|71|23|19|230|122|135|157|250|216|143|67|61|4|45|40|228|138|121|62|15|145|97|116|42|142|253|194|240|7|193|77|102|212|177|32|112|44|168|104|231|108|1|31|99|188|159|53|246|197|118|127|123|6|12|181|66|225|87|242|39|63|170|146|255|141|178|210|254|192|229|28|80|73|25|163|187|109|165|86|41|161|235|215|140|103|8|21|217|96|114|98|5|249|128|211|83|248|59|218|95|237|164|110|115|46|64|82|38|51|221|70|119|201|9|200|33|92|120|134|106|244|189|222|84|139|205|37|150|136|167|171|247|76|203|208|160|11|125|129|173|57|153|14|130|224|65|89|3|137|239|91|17|13|199|184|176|69|20|34|107|195|81|156|111|35|75|133|207|162|238|58|16|43|56|88|79|182|22|186|169|26|149|191|101|227|49|90|152|10|252|117|85|24|172|202|68|226|147|243|47|214|2|174|105|93|190|220|124|166|198|154|72|155|148|175|204|74|126|100|151|251|232|234|0|113|27|48|94|219|158|30|131|144|54|132|223|29|213|236|60|183|52|18|55|185|36|245|233|
Overall Best: 0.9184 Generation: 0

Generation 13
Average: 0.9069 Best: 0.9127
Best Individual: 
C0 225|6|10|208|91|89|172|215|213|25|69|100|57|179|103|68|123|93|71|12|154|16|242|109|38|120|144|67|209|1|9|64|166|84|72|140|34|254|37|4|48|150|239|212|74|234|160|252|59|126|143|173|116|241|35|32|79|198|245|14|56|86|33|70|146|181|197|62|223|182|5|148|135|78|193|161|159|155|131|46|80|2|188|83|180|85|119|125|255|145|82|157|101|66|77|246|168|176|136|200|17|218|31|191|124|249|158|134|137|43|117|229|122|177|151|142|112|232|250|133|24|147|162|26|105|88|224|3|95|129|149|247|90|178|205|94|121|63|185|104|199|92|44|192|0|194|75|60|27|76|214|210|153|141|243|81|106|108|163|96|175|30|19|156|54|235|227|110|42|164|128|171|13|253|228|152|251|169|221|113|20|118|206|28|189|22|216|184|230|7|39|23|233|11|97|170|240|65|49|107|211|115|207|41|196|238|18|139|47|231|236|52|61|73|167|98|114|99|29|87|186|226|45|204|222|174|36|130|237|165|217|58|102|248|55|220|195|202|138|201|53|132|244|51|15|203|127|40|50|8|183|187|219|21|190|111|
Overall Best: 0.9184 Generation: 0

Generation 14
Average: 0.9061 Best: 0.9153
Best Individual: 
C0 234|166|231|12|27|164|42|83|130|101|151|55|1|84|92|157|197|126|162|124|37|116|23|24|173|230|119|137|31|90|28|241|88|181|216|211|9|144|220|82|20|67|158|111|5|255|227|143|250|237|139|192|60|2|11|47|98|51|41|4|133|61|178|223|249|10|188|104|107|213|140|203|252|25|32|169|193|85|183|64|103|182|81|156|212|19|110|153|147|152|149|44|146|75|118|208|79|159|30|117|155|204|176|196|39|57|106|0|198|226|145|115|179|54|127|200|96|6|70|71|201|244|187|33|243|171|254|74|218|189|222|36|191|29|80|150|73|141|239|46|128|233|125|160|134|195|129|65|122|165|113|120|224|26|89|3|194|177|91|163|13|167|184|38|69|206|34|238|86|148|16|245|228|154|14|7|229|170|235|253|43|199|49|95|8|242|108|136|210|161|45|112|87|123|172|121|142|72|18|94|48|40|53|58|185|219|114|236|174|105|21|62|232|132|50|251|217|202|56|247|214|109|240|22|77|180|15|246|215|93|209|190|17|225|168|35|248|221|135|78|175|205|99|207|63|186|102|131|138|68|76|100|59|66|52|97|
Overall Best: 0.9184 Generation: 0

Generation 15
Average: 0.9058 Best: 0.9165
Best Individual: 
C0 105|177|107|245|122|185|89|205|58|158|111|73|138|71|198|96|184|180|45|226|60|194|55|148|67|26|62|81|83|233|116|42|25|253|1|12|7|193|77|102|65|36|32|112|44|168|150|29|108|125|31|99|57|159|204|79|139|252|82|113|6|240|181|110|210|46|242|39|172|224|222|143|69|61|24|43|52|21|117|129|50|238|163|239|30|47|18|187|211|223|195|236|133|131|37|213|51|5|98|208|234|40|92|151|38|87|136|124|54|217|90|191|119|162|134|160|120|126|140|201|216|250|10|227|156|220|80|97|255|146|74|11|33|8|78|94|218|41|175|86|56|76|176|19|219|84|27|165|137|173|169|59|190|64|243|109|103|241|178|0|141|171|95|161|153|91|152|167|128|244|147|225|192|206|75|207|229|100|235|200|188|34|144|114|182|246|186|231|202|170|199|174|23|203|3|53|121|149|145|48|2|228|135|183|164|230|104|142|212|123|9|248|196|189|155|232|249|221|209|63|127|214|247|101|132|15|254|85|157|72|13|20|166|130|215|70|251|4|179|197|17|66|35|106|93|22|28|154|88|237|49|14|68|118|16|115|
Overall Best: 0.9184 Generation: 0

Generation 16
Average: 0.9062 Best: 0.9159
Best Individual: 
C0 74|180|36|114|134|220|145|161|46|177|111|167|97|88|168|207|11|18|122|142|63|205|14|119|8|197|112|151|136|10|185|64|37|118|147|225|165|102|28|187|140|214|128|25|107|241|83|3|90|26|60|39|35|27|101|62|41|222|226|78|215|51|251|40|116|255|85|148|110|31|131|80|22|9|232|194|236|157|38|96|181|65|245|19|237|77|82|95|70|12|79|196|73|210|2|223|33|72|44|117|120|141|113|176|121|92|69|0|231|115|158|193|108|7|49|50|125|93|42|123|126|138|67|21|156|20|183|216|191|139|246|71|45|43|162|188|234|59|98|248|199|200|154|99|198|243|103|143|204|169|208|253|152|149|61|153|47|84|244|218|163|48|227|66|195|166|13|56|249|233|235|240|172|201|144|15|229|106|58|16|150|137|130|57|75|182|32|100|164|53|219|174|192|203|250|224|89|184|94|171|1|170|135|87|132|230|189|254|212|146|34|175|186|81|155|104|23|221|209|91|129|24|4|105|179|178|124|68|211|29|30|17|133|239|190|109|127|228|238|213|202|173|86|5|52|54|6|159|206|76|242|217|55|252|160|247|
Overall Best: 0.9184 Generation: 0

Generation 17
Average: 0.9057 Best: 0.9140
Best Individual: 
C0 116|237|63|24|248|62|108|96|81|214|25|58|57|184|133|68|144|73|60|126|154|13|242|31|255|120|211|67|51|54|213|82|36|160|163|101|168|254|245|45|98|150|239|119|74|234|92|252|217|186|97|173|106|241|35|32|79|198|238|192|39|178|153|170|11|181|102|206|223|250|5|148|171|94|193|161|231|10|131|121|240|12|188|42|180|85|128|158|157|189|80|143|236|66|132|246|41|176|162|200|17|219|212|22|183|165|251|111|156|43|125|37|7|177|117|244|61|232|230|199|15|169|8|26|105|123|224|3|95|253|149|247|90|20|19|155|100|179|28|27|103|235|44|14|175|78|129|6|104|69|194|182|33|228|190|91|218|215|145|4|185|2|107|18|1|49|135|167|83|197|84|225|16|113|88|29|130|71|75|47|174|53|164|65|141|202|196|152|118|166|109|70|208|146|112|147|38|115|222|221|76|46|209|137|140|207|64|136|55|159|110|205|229|93|201|48|59|77|122|114|142|226|210|172|227|127|72|151|138|249|203|89|86|23|87|220|195|187|134|191|216|99|139|9|52|204|30|40|50|34|124|0|56|21|243|233|
Overall Best: 0.9184 Generation: 0

Generation 18
Average: 0.9064 Best: 0.9140
Best Individual: 
C0 114|125|236|102|141|81|94|241|164|177|222|77|79|88|191|233|189|18|122|225|78|208|14|146|8|197|220|151|136|10|4|34|215|118|127|69|38|50|28|163|140|209|172|82|107|30|83|250|120|26|60|39|35|103|105|62|154|24|226|162|182|110|251|181|116|32|133|149|75|63|253|238|124|37|13|193|36|195|200|6|40|96|242|48|117|113|111|212|143|179|71|55|73|115|12|87|207|201|99|169|90|187|7|129|52|194|240|76|47|25|210|5|158|156|106|100|31|185|134|119|216|19|97|176|66|112|51|46|168|33|41|11|68|1|180|49|218|74|175|86|188|132|227|229|23|84|27|165|137|173|95|59|190|64|217|109|16|138|239|183|159|171|89|161|153|92|152|167|130|244|147|98|192|206|139|61|219|57|235|243|2|21|144|198|22|232|20|231|202|196|199|174|126|178|3|53|121|148|145|44|58|228|135|67|223|230|104|142|204|123|9|248|170|45|155|246|249|221|214|255|131|43|247|101|237|15|254|85|157|72|184|186|166|203|80|211|56|224|108|213|0|205|91|128|234|54|65|42|29|150|245|70|17|252|160|93|
Overall Best: 0.9184 Generation: 0

Generation 19
Average: 0.9069 Best: 0.9146
Best Individual: 
C0 114|233|236|102|44|81|94|241|164|177|222|77|79|88|171|125|189|18|122|225|78|208|14|135|117|197|220|151|136|10|4|34|215|118|127|69|38|50|28|163|140|195|235|82|107|30|83|63|120|26|60|198|184|103|105|62|154|178|226|162|182|110|251|106|116|32|133|149|75|250|100|238|124|167|13|193|142|209|200|6|40|96|242|48|8|113|111|204|143|179|71|55|73|115|12|87|207|201|99|169|90|187|7|129|52|194|240|76|47|25|210|5|42|156|255|253|31|185|134|119|216|19|97|176|66|67|51|46|91|132|41|11|68|101|53|49|218|74|175|86|188|58|104|244|23|84|27|165|137|173|95|59|190|148|217|109|183|138|239|16|159|191|89|161|153|92|152|37|130|229|147|98|192|206|139|61|219|57|172|243|2|21|144|39|22|232|20|145|202|196|199|174|126|24|3|180|121|64|231|205|33|56|146|112|1|230|227|36|212|35|9|248|170|45|155|246|249|221|214|181|131|43|247|223|237|15|254|85|157|72|123|17|166|203|80|211|228|224|108|213|0|141|168|128|234|54|65|158|29|150|245|70|186|252|160|93|
Overall Best: 0.9184 Generation: 0

Generation 20
Average: 0.9070 Best: 0.9153
Best Individual: 
C0 157|85|25|122|111|249|15|6|99|186|17|39|96|239|103|57|74|197|147|195|222|132|167|18|251|165|26|53|98|1|236|52|215|61|151|140|97|79|238|41|163|130|232|254|65|124|160|129|204|68|208|164|29|117|35|32|123|142|38|162|21|184|107|189|210|240|233|55|198|37|180|202|28|104|121|243|185|227|12|46|67|211|63|83|90|181|47|131|255|72|14|50|101|179|193|223|33|40|44|166|120|70|190|154|89|172|77|218|106|80|56|224|108|7|49|196|125|93|69|158|126|138|241|148|11|34|183|91|191|139|114|71|81|43|94|128|78|175|88|221|10|76|51|231|219|75|62|5|137|173|169|171|237|64|209|109|150|58|203|0|134|59|144|92|153|116|152|234|177|244|161|225|192|206|156|84|229|100|102|200|31|8|146|235|22|176|20|23|155|42|199|174|127|178|3|212|36|149|145|48|2|228|135|119|87|230|82|113|73|213|9|248|4|45|216|159|136|168|214|16|246|19|115|170|54|220|27|60|112|86|217|252|141|207|95|182|247|205|105|143|66|30|245|253|188|118|226|201|250|110|24|187|13|133|194|242|
Overall Best: 0.9184 Generation: 0

Generation 21
Average: 0.9074 Best: 0.9153
Best Individual: 
C0 191|233|236|105|251|152|94|30|164|177|50|2|79|88|171|137|65|18|122|86|78|182|23|5|141|185|58|29|14|178|114|28|250|189|53|42|213|222|41|133|13|40|126|25|231|223|154|187|121|143|247|234|6|43|244|225|3|180|16|241|159|184|44|69|85|32|163|149|101|215|100|238|124|220|145|193|142|62|200|226|151|96|242|48|8|113|111|204|195|179|173|55|202|54|12|87|207|201|99|169|90|63|253|129|26|77|240|76|47|82|106|61|21|123|255|7|31|197|134|160|59|19|66|176|190|170|51|46|91|132|34|11|68|243|71|49|205|74|175|208|188|158|64|102|227|38|27|165|125|127|95|156|97|148|217|109|183|138|239|110|209|4|89|181|128|192|81|37|130|229|147|98|92|206|139|135|219|57|172|107|194|210|144|39|22|15|20|140|73|118|199|174|235|24|83|10|56|104|75|218|33|120|146|112|155|230|136|36|212|35|9|248|67|45|1|246|249|221|214|161|131|103|60|162|237|232|254|116|157|72|216|17|119|203|80|211|228|224|108|84|0|117|168|153|93|115|196|167|52|150|245|70|186|252|166|198|
Overall Best: 0.9184 Generation: 0

Generation 22
Average: 0.9069 Best: 0.9146
Best Individual: 
C0 210|135|73|19|222|204|188|1|180|54|242|194|45|147|6|160|240|24|132|61|109|98|209|232|170|238|167|136|105|113|37|127|86|203|30|226|43|195|197|15|163|32|239|254|74|124|253|129|112|17|208|38|29|117|65|130|213|221|205|162|21|184|107|106|68|35|233|244|198|154|217|202|28|104|121|243|185|227|12|46|67|211|63|83|90|181|47|131|255|72|14|50|101|179|153|223|33|40|196|166|120|70|111|201|207|172|252|218|149|80|56|224|108|7|49|178|125|36|69|158|126|138|241|148|11|34|85|91|191|139|228|235|81|249|94|128|78|220|88|142|10|76|51|231|219|75|62|100|137|190|169|171|237|64|53|66|150|58|103|0|134|59|144|92|193|116|152|9|248|215|161|225|192|206|156|84|229|5|102|200|251|230|146|71|22|176|20|23|155|42|199|174|164|44|3|212|93|189|145|48|118|114|79|119|87|8|82|157|77|123|234|177|55|31|175|27|236|89|96|99|95|57|52|13|187|25|216|173|165|143|250|140|97|26|245|151|18|41|60|214|39|168|186|4|2|16|141|133|115|182|110|246|159|247|183|122|
Overall Best: 0.9184 Generation: 0

Generation 23
Average: 0.9074 Best: 0.9165
Best Individual: 
C0 181|5|25|55|209|196|15|241|11|186|144|89|80|168|141|115|39|64|18|109|6|236|188|146|217|165|59|182|24|202|201|45|143|223|101|19|99|79|51|222|255|130|170|254|65|58|114|174|60|44|229|176|8|117|191|242|2|82|118|53|175|250|149|105|10|193|205|173|198|106|93|211|155|104|178|218|185|227|183|36|137|63|237|83|134|179|120|48|91|72|42|21|151|172|131|213|180|153|68|220|187|14|121|221|16|62|34|33|46|207|4|253|204|111|163|161|231|37|50|219|239|13|200|122|177|169|73|119|76|199|61|35|136|133|43|206|148|92|31|9|210|232|238|249|240|247|69|129|67|123|40|166|77|224|75|252|57|100|225|74|81|125|26|32|216|28|246|192|56|135|30|86|52|71|212|84|22|54|235|110|157|87|145|97|162|164|17|234|1|107|142|112|66|126|95|140|12|194|189|244|208|160|215|85|70|127|27|78|158|0|128|132|243|139|197|147|154|159|152|138|230|23|214|108|156|245|20|47|102|124|41|195|113|190|233|94|7|29|228|96|98|226|251|150|167|38|103|3|88|248|203|90|184|171|49|116|
Overall Best: 0.9184 Generation: 0

Generation 24
Average: 0.9079 Best: 0.9159
Best Individual: 
C0 191|19|214|37|192|152|94|4|61|177|204|2|226|88|212|137|65|174|77|70|78|182|9|5|141|185|58|29|69|178|105|28|155|159|10|183|170|222|164|133|51|40|60|235|147|1|81|27|148|143|13|43|6|98|39|225|3|130|16|92|189|184|162|253|85|23|140|149|101|215|53|45|124|220|57|120|248|107|114|33|134|96|242|202|36|121|111|74|195|179|249|46|209|15|12|87|113|146|213|169|181|63|252|129|26|122|240|17|47|82|106|246|21|48|95|238|207|116|151|112|79|83|163|176|31|99|144|221|91|136|34|11|68|157|135|49|254|14|175|41|230|158|64|201|227|38|243|165|75|127|153|156|206|89|161|131|80|166|125|0|123|67|108|90|126|251|171|110|180|97|233|234|196|59|50|71|66|190|229|168|224|145|8|210|56|84|194|237|76|228|239|18|172|104|35|100|25|241|218|193|30|199|20|188|250|203|231|247|154|132|32|216|160|7|223|208|173|55|236|205|150|54|139|44|142|86|217|197|245|62|187|109|119|186|42|211|200|102|103|118|244|117|72|255|93|115|24|167|52|73|22|232|219|128|138|198|
Overall Best: 0.9184 Generation: 0

Generation 25
Average: 0.9070 Best: 0.9159
Best Individual: 
C0 161|30|178|155|167|82|255|184|192|24|119|22|5|243|10|156|25|61|135|81|236|27|86|31|230|42|227|50|120|71|211|145|68|112|202|45|223|57|122|160|251|150|179|62|200|59|226|252|58|206|222|23|241|126|147|144|214|195|188|103|175|74|89|205|0|77|102|146|100|132|49|19|134|180|75|116|239|198|37|172|98|138|183|105|32|85|84|169|157|189|197|174|54|110|159|127|104|72|117|220|130|9|201|221|92|163|34|186|240|168|238|131|165|63|170|67|93|51|182|28|20|99|242|26|14|97|247|237|210|137|78|35|136|133|40|219|29|233|187|69|254|83|101|194|176|106|217|107|209|73|199|79|151|162|208|193|218|235|88|125|47|152|158|18|33|11|191|111|1|224|141|108|80|113|244|118|140|90|56|128|229|4|44|65|121|204|173|171|228|166|109|177|17|38|91|8|114|94|95|215|164|87|203|96|196|36|13|142|76|207|149|52|181|115|3|225|70|185|123|148|231|248|253|7|232|154|16|15|39|60|21|2|153|41|55|64|250|216|66|143|53|249|124|6|129|43|46|212|245|234|48|246|213|190|139|12|
Overall Best: 0.9184 Generation: 0

Generation 26
Average: 0.9067 Best: 0.9196
Best Individual: 
C0 85|198|152|96|233|166|119|25|130|219|43|167|79|88|32|161|4|18|71|169|12|190|23|132|6|185|58|17|93|178|114|195|61|40|133|31|213|64|143|53|163|52|224|94|34|1|16|146|39|212|36|57|248|157|244|225|238|180|182|148|159|171|162|241|60|191|2|149|47|215|100|140|124|220|145|128|101|72|200|179|151|27|239|247|28|186|196|126|89|121|14|228|242|41|56|87|5|11|237|232|90|35|105|129|214|117|9|76|91|7|84|46|51|62|206|183|176|240|8|135|201|120|175|107|118|147|229|26|234|63|112|59|111|29|80|123|249|226|97|15|222|158|136|102|207|38|253|165|3|181|13|156|33|69|153|95|137|138|73|110|209|65|77|194|218|192|243|37|49|45|170|98|92|144|230|19|10|99|172|78|254|210|75|74|22|246|81|82|103|202|131|66|235|24|83|164|252|104|255|193|30|199|20|188|250|203|231|68|48|227|184|216|160|204|223|208|134|141|236|205|150|54|139|44|142|86|217|197|245|116|187|109|42|113|174|211|21|154|108|106|0|173|127|168|125|115|55|70|189|67|177|155|122|221|251|50|
Overall Best: 0.9196 Generation: 26

Generation 27
Average: 0.9069 Best: 0.9146
Best Individual: 
C0 52|198|152|139|233|166|119|25|130|219|43|167|79|88|191|161|72|18|71|169|255|190|23|222|6|20|58|17|93|178|114|195|112|120|133|31|213|64|189|53|163|85|224|94|34|1|16|146|39|212|36|57|248|157|244|225|238|180|182|204|205|171|162|241|126|32|2|149|47|215|100|140|124|220|145|128|101|4|200|179|151|27|239|247|28|186|196|60|89|121|14|228|242|41|56|87|5|11|237|232|90|35|105|129|214|117|9|76|91|7|84|103|51|62|206|183|176|240|8|132|201|40|175|107|118|147|208|26|234|63|61|59|111|29|80|123|249|226|97|15|135|158|136|102|207|38|253|165|3|181|13|156|33|69|153|95|73|143|137|110|209|65|77|194|218|192|243|37|49|45|170|98|92|144|230|19|10|99|172|78|254|210|75|74|22|246|81|82|46|202|131|66|235|24|83|164|252|104|12|193|30|199|185|188|250|125|231|68|48|227|184|150|160|148|223|229|134|141|236|109|216|54|96|44|142|86|217|197|245|116|187|159|42|113|174|211|21|154|108|106|0|173|127|168|203|115|55|70|138|67|177|155|122|221|251|50|
Overall Best: 0.9196 Generation: 26

Generation 28
Average: 0.9056 Best: 0.9134
Best Individual: 
C0 95|160|186|100|209|10|75|82|27|206|158|241|157|184|5|4|58|226|113|19|12|63|122|22|239|244|60|31|195|23|214|124|145|54|116|55|188|45|211|77|126|251|30|178|50|232|119|181|240|72|147|213|97|237|138|125|49|133|34|71|193|203|87|210|104|112|44|220|92|198|154|223|218|132|120|32|46|144|139|65|66|118|205|43|252|182|88|48|20|6|114|28|233|59|245|156|197|85|200|146|102|98|90|163|159|165|243|62|36|99|74|246|180|207|170|61|236|51|228|1|189|227|103|81|14|0|247|57|185|174|177|150|192|169|40|229|29|238|11|79|73|83|135|117|176|106|217|107|127|194|199|69|151|162|208|175|130|94|234|231|47|152|137|190|33|187|64|111|254|179|141|108|78|136|202|9|140|26|56|128|219|249|191|80|121|204|153|171|42|166|109|222|17|38|41|8|86|235|67|215|164|221|155|96|196|18|13|142|76|242|149|52|2|115|3|225|70|129|123|148|110|248|39|7|230|224|16|168|253|172|21|101|173|91|15|37|250|216|35|143|53|167|134|105|131|25|24|68|212|161|183|201|255|84|89|93|
Overall Best: 0.9196 Generation: 26

Generation 29
Average: 0.9067 Best: 0.9178
Best Individual: 
C0 14|7|5|75|66|18|34|147|218|180|71|249|126|170|51|26|186|57|154|82|149|151|25|48|196|135|24|94|93|177|222|116|145|225|199|56|188|252|211|77|101|162|174|178|50|232|119|11|146|72|251|213|168|237|155|31|207|133|70|208|172|106|17|120|47|112|3|21|0|2|23|76|125|132|210|32|46|44|91|159|152|87|205|250|141|104|95|229|20|6|183|28|233|59|8|156|197|108|200|240|136|114|90|129|80|173|243|62|36|33|128|111|42|231|163|61|54|179|228|254|107|245|242|81|216|234|247|99|4|121|89|150|192|169|96|85|52|117|181|83|255|158|60|45|58|102|110|165|16|209|235|78|138|148|100|184|175|219|1|167|122|15|130|187|198|143|43|166|239|161|49|98|157|53|131|41|115|140|212|223|194|27|241|220|182|64|191|189|217|118|35|204|176|226|19|63|103|171|69|74|160|193|215|97|206|230|22|13|236|202|9|134|67|29|238|68|137|153|113|224|195|92|246|164|201|221|139|39|109|244|40|79|38|142|55|123|185|144|190|65|12|84|248|30|37|73|124|214|253|105|10|203|227|86|127|88|
Overall Best: 0.9196 Generation: 26
==================
    Best individual after 30 generations
    computed in 5,647.2440 seconds
    1465 elements out of 1593 correct.
    emerged in generation 26
    with fitness 0.9196
==================

