Starting evolution...

Generation 0
Average: 0.8253 Best: 0.8556
Best Individual: 
C0 214|178|2|3|46|54|145|142|8|64|10|11|196|13|14|73|207|134|174|193|254|177|176|41|30|25|24|204|28|29|152|31|63|78|34|15|84|37|82|39|91|23|51|43|226|234|4|117|72|49|251|137|1|126|190|33|56|189|101|59|19|61|9|227|62|200|244|67|36|69|70|45|115|169|74|17|76|123|5|100|80|81|42|83|103|118|86|87|240|89|90|58|79|93|94|65|96|16|98|99|92|40|102|7|104|246|106|221|20|109|187|229|249|113|151|77|210|32|85|217|163|121|122|150|124|185|53|127|128|179|130|107|132|50|125|135|159|111|138|157|140|141|201|143|144|153|194|250|148|55|197|156|6|182|154|212|26|230|158|209|171|161|162|120|216|66|203|167|206|35|170|160|172|237|18|175|133|21|48|129|180|181|202|183|184|95|57|110|188|248|38|0|192|136|146|195|12|52|219|199|165|60|71|166|149|205|168|245|208|97|116|235|155|213|215|131|164|119|218|114|220|68|222|223|224|225|44|47|228|108|139|231|232|233|198|211|236|173|238|242|27|241|88|243|75|191|105|247|239|112|147|22|252|253|186|255|
Overall Best: 0.8556 Generation: 0

Generation 1
Average: 0.8372 Best: 0.8625
Best Individual: 
C0 141|63|190|3|38|41|60|84|11|15|75|88|25|13|14|174|42|177|226|82|229|185|178|39|186|54|145|27|241|225|30|98|46|2|34|206|237|147|176|196|252|78|105|43|10|4|191|117|169|49|251|137|24|126|28|33|56|189|166|59|19|61|9|227|62|200|244|67|36|69|70|45|115|72|74|17|76|123|5|100|80|81|193|83|103|118|86|87|240|89|90|58|79|93|94|65|173|16|31|238|92|40|102|7|104|246|106|221|20|109|187|8|249|113|91|77|210|32|85|217|163|121|122|150|124|243|53|127|128|179|130|107|132|50|125|135|159|111|138|157|140|234|201|143|144|153|194|250|148|55|197|156|6|182|154|212|26|230|158|209|171|161|162|120|216|66|203|167|73|35|170|160|172|207|18|175|134|21|48|129|180|181|202|183|184|95|57|110|188|248|152|0|192|37|232|195|12|52|219|199|224|23|71|101|149|205|168|245|208|97|116|235|155|213|215|131|164|119|218|114|220|68|1|223|165|29|44|198|228|108|139|231|146|233|47|211|242|96|99|239|51|142|254|112|204|133|214|247|222|64|136|22|151|253|236|255|
Overall Best: 0.8625 Generation: 1

Generation 2
Average: 0.8452 Best: 0.8619
Best Individual: 
C0 156|6|66|10|46|145|89|7|8|199|4|11|227|13|14|41|88|17|181|97|140|53|104|254|209|158|26|176|40|157|244|110|210|32|102|30|109|37|38|36|98|248|154|80|44|179|167|132|228|146|202|51|52|206|236|173|178|57|116|59|31|61|62|136|75|252|218|134|2|69|142|78|72|50|120|76|101|23|159|79|68|187|180|122|153|85|34|105|137|168|177|215|92|150|224|18|183|240|197|99|172|71|103|188|171|3|106|27|108|221|65|216|12|35|114|253|58|117|217|149|21|121|67|123|186|160|91|201|128|129|230|131|63|184|185|238|55|242|138|139|20|141|95|143|47|25|15|45|175|147|163|155|28|127|42|29|48|245|169|255|125|234|162|39|119|203|166|235|84|96|232|56|1|77|174|148|133|74|207|5|161|237|205|83|107|226|191|81|231|189|249|182|247|193|164|60|196|93|198|54|200|9|86|90|204|124|24|192|190|152|33|64|208|213|246|100|19|22|43|219|220|70|222|223|113|225|82|112|73|229|0|144|170|233|251|135|87|16|195|239|211|241|126|243|94|151|111|165|118|212|250|130|194|115|49|214|
Overall Best: 0.8625 Generation: 1

Generation 3
Average: 0.8500 Best: 0.8688
Best Individual: 
C0 0|64|163|75|232|150|6|162|67|46|149|142|119|12|14|177|15|137|38|104|214|101|31|11|24|210|230|220|94|184|195|207|136|146|28|187|36|169|138|171|40|130|80|109|178|45|240|122|106|200|186|9|204|5|236|56|111|224|116|51|91|61|62|63|89|65|66|1|68|7|37|25|241|95|81|27|194|77|78|26|73|131|82|233|243|191|164|87|88|155|90|120|50|251|71|117|41|23|144|99|252|176|123|190|112|228|215|107|108|209|93|199|242|151|72|145|57|161|143|133|29|170|98|70|157|34|126|238|4|173|33|168|132|92|134|135|3|219|35|189|140|17|158|118|16|152|124|44|154|182|47|103|185|53|114|193|156|179|234|159|141|43|239|100|245|188|76|244|206|167|121|160|172|237|18|175|229|21|48|129|180|235|10|183|97|102|49|110|125|248|227|85|197|246|55|83|147|20|198|42|148|254|58|203|250|113|74|205|208|218|216|211|212|213|60|19|247|217|54|181|153|221|115|84|86|225|166|69|174|105|79|231|52|13|59|30|2|165|127|196|96|222|8|249|202|32|128|139|39|192|201|22|226|253|223|255|
Overall Best: 0.8688 Generation: 3

Generation 4
Average: 0.8526 Best: 0.8713
Best Individual: 
C0 214|227|130|43|129|35|147|6|27|156|168|11|196|175|16|26|140|110|77|152|246|177|56|237|30|25|179|207|55|143|97|31|63|151|125|161|84|73|220|39|59|144|226|192|85|234|53|190|159|49|160|94|172|4|18|22|104|29|101|238|157|182|58|91|127|200|81|67|36|52|70|217|163|169|87|206|232|123|155|100|80|60|199|136|197|68|86|62|240|89|90|79|202|93|137|128|96|61|0|10|83|40|221|7|185|154|106|102|139|174|134|135|208|219|78|115|64|20|51|103|76|108|167|69|109|247|126|24|65|112|12|141|111|162|122|145|50|8|138|216|72|75|142|189|176|19|95|218|46|9|150|13|180|14|198|233|37|212|201|183|171|21|2|120|254|239|166|230|17|158|170|204|1|116|38|41|253|223|248|124|165|252|132|209|184|23|92|195|34|228|54|191|119|57|194|187|193|133|47|5|113|44|28|105|149|15|71|245|249|153|114|32|42|213|121|131|164|181|188|178|82|210|222|205|229|146|117|215|118|99|45|48|225|251|3|211|236|173|250|242|244|241|88|243|107|98|203|74|66|148|231|33|235|224|186|255|
Overall Best: 0.8713 Generation: 4

Generation 5
Average: 0.8541 Best: 0.8782
Best Individual: 
C0 242|227|130|43|129|35|147|6|27|156|168|11|196|48|16|26|140|110|77|152|246|177|56|99|30|92|179|207|55|143|97|31|63|151|125|161|84|73|220|39|59|144|226|192|85|234|53|190|159|49|160|94|172|4|18|22|104|29|101|223|157|182|58|205|127|200|81|2|36|52|70|217|121|169|87|0|119|123|155|100|80|60|199|136|197|68|86|62|240|89|90|79|202|93|109|128|96|61|206|10|83|40|221|7|185|154|106|71|139|174|219|135|88|134|78|115|64|20|162|103|76|108|231|69|137|247|126|24|65|112|12|141|111|51|122|145|50|8|138|216|72|75|142|189|153|19|95|218|228|9|150|28|180|14|198|233|37|212|201|183|171|21|67|158|254|239|236|230|17|210|170|204|1|116|38|41|253|238|248|124|165|252|132|209|184|23|25|195|34|46|54|191|232|57|194|187|193|133|47|5|113|44|13|105|149|15|102|245|249|176|114|32|42|213|163|131|164|181|188|244|82|120|222|91|229|146|117|215|118|237|45|175|74|251|3|211|166|173|250|214|178|241|208|243|107|98|203|225|66|148|167|33|235|224|186|255|
Overall Best: 0.8782 Generation: 5

Generation 6
Average: 0.8557 Best: 0.8719
Best Individual: 
C0 1|23|152|14|54|94|6|123|42|148|237|129|49|93|22|83|82|211|86|124|80|192|198|37|39|245|26|154|9|219|215|62|227|177|96|161|18|95|141|107|29|135|19|179|216|163|232|251|79|236|25|222|103|59|24|90|139|183|102|243|98|119|109|228|8|65|75|53|149|69|10|60|146|194|97|7|189|44|170|89|176|230|199|196|140|205|34|153|88|169|220|173|159|133|112|101|111|74|33|99|126|0|197|81|52|105|106|151|160|36|117|118|15|145|30|134|116|108|231|92|120|213|168|48|47|17|206|28|128|221|130|131|87|55|203|174|225|137|104|84|191|78|187|20|144|68|207|32|11|127|72|188|73|77|56|142|58|132|166|2|45|244|255|248|76|21|136|229|5|180|178|122|155|190|247|218|110|226|162|212|61|66|31|200|121|64|210|184|70|156|13|195|35|193|185|165|3|186|16|241|113|201|12|143|204|115|67|182|208|254|246|71|50|85|250|91|4|217|40|114|167|158|38|223|233|249|181|209|147|242|252|202|171|214|57|235|43|138|238|239|240|41|125|100|224|27|234|63|157|164|46|51|253|150|172|175|
Overall Best: 0.8782 Generation: 5

Generation 7
Average: 0.8550 Best: 0.8763
Best Individual: 
C0 179|53|31|92|143|176|213|178|10|83|229|64|204|42|232|39|74|69|134|49|192|127|9|234|24|27|195|91|18|97|244|68|13|32|107|30|148|71|84|87|98|248|191|184|4|1|167|132|94|125|202|51|77|206|38|145|7|239|173|57|46|131|76|63|105|174|120|228|2|103|194|208|72|52|40|133|140|23|159|186|43|216|180|122|153|128|34|214|137|75|177|135|237|78|224|215|73|96|183|0|26|144|193|170|89|253|141|160|20|243|185|227|55|113|250|150|45|240|201|12|162|212|236|231|11|61|151|121|44|22|130|220|88|50|117|211|47|60|48|149|246|157|181|225|136|8|146|147|222|19|187|106|155|218|58|29|35|171|169|255|54|15|164|189|115|93|166|80|247|6|112|85|95|81|200|223|129|41|111|5|161|158|209|252|100|207|188|102|156|33|197|154|62|17|56|82|14|90|190|70|142|110|226|249|138|124|182|109|205|210|238|16|254|242|165|123|172|168|241|104|152|114|221|219|108|196|139|251|116|175|230|36|118|233|67|3|119|199|66|101|126|203|21|198|79|235|65|37|59|99|163|25|86|28|245|217|
Overall Best: 0.8782 Generation: 5

Generation 8
Average: 0.8570 Best: 0.8782
Best Individual: 
C0 27|41|123|97|162|81|169|107|145|194|36|189|252|238|161|155|31|28|233|202|180|119|240|17|33|89|220|24|176|10|122|11|248|210|206|203|63|244|157|250|221|144|52|3|48|82|13|69|236|49|92|18|75|1|140|77|193|120|115|74|56|229|61|172|106|201|105|7|34|29|143|148|159|178|42|112|50|79|147|237|224|139|72|83|54|85|171|5|117|152|164|38|25|197|109|198|219|160|142|138|217|58|183|59|99|168|78|226|67|60|209|216|167|88|114|46|116|76|86|149|12|215|208|40|124|181|205|127|253|156|227|47|190|16|23|91|199|150|254|186|32|141|129|234|200|95|214|185|96|66|184|35|101|153|170|213|68|93|15|37|247|163|133|62|51|45|110|158|2|130|44|6|57|71|21|98|84|177|20|55|242|108|134|87|223|241|125|4|231|121|166|182|249|22|228|235|196|113|174|14|232|9|19|90|212|102|128|192|245|131|218|104|179|195|187|126|207|39|43|188|175|70|173|8|136|225|65|80|73|132|0|154|146|64|251|135|26|211|191|239|137|103|100|243|94|151|111|165|118|204|246|230|222|30|53|255|
Overall Best: 0.8782 Generation: 5

Generation 9
Average: 0.8566 Best: 0.8776
Best Individual: 
C0 170|61|102|3|44|26|97|239|242|39|231|59|114|85|52|49|122|123|53|120|12|157|99|163|161|249|74|230|20|224|110|200|210|90|136|245|148|142|84|87|98|81|103|115|4|234|143|132|94|125|67|51|77|206|38|145|7|13|173|57|46|131|180|28|105|144|82|228|2|165|194|208|72|96|40|88|140|23|159|47|43|31|76|101|153|217|34|227|137|75|177|135|237|109|147|181|133|41|8|219|184|127|64|141|176|29|212|107|95|93|118|116|22|191|172|196|14|117|186|9|213|149|86|156|32|167|215|100|246|209|233|1|79|171|113|168|56|155|24|247|124|119|214|179|229|50|92|73|188|218|151|175|83|190|204|240|33|221|71|19|10|54|236|36|106|169|17|58|250|62|134|182|27|55|5|11|222|166|18|121|207|164|160|108|152|16|162|69|248|189|243|199|253|244|63|198|154|112|111|65|130|70|197|223|158|104|251|216|68|128|129|211|6|35|91|126|232|255|80|21|220|252|254|89|226|183|203|225|25|238|202|78|48|42|150|174|235|60|30|205|192|241|187|138|185|201|15|45|146|193|178|0|139|195|37|66|
Overall Best: 0.8782 Generation: 5

Generation 10
Average: 0.8598 Best: 0.8776
Best Individual: 
C0 170|61|102|3|44|26|97|239|124|39|231|59|64|85|52|219|122|123|53|120|12|157|99|163|161|249|74|230|20|224|110|200|210|90|136|245|79|142|250|87|98|81|103|115|4|234|143|132|94|125|67|51|77|206|38|145|7|13|42|255|46|131|180|28|105|144|82|228|2|165|194|208|72|96|117|70|140|23|159|47|43|31|76|101|153|89|34|227|137|75|58|135|254|109|147|181|133|41|8|49|184|127|114|141|195|29|212|107|95|93|118|116|22|191|172|196|14|40|186|9|213|149|86|156|32|167|215|100|246|209|233|1|30|171|113|168|56|155|24|247|242|119|214|179|229|50|84|236|188|218|151|175|83|190|204|240|33|221|0|19|10|54|73|36|106|169|17|177|92|62|134|182|27|55|5|11|222|166|18|121|207|164|160|108|152|16|162|69|248|189|243|199|253|244|63|198|154|112|111|65|130|88|197|223|158|104|251|216|68|128|129|211|6|35|91|126|232|57|80|21|220|252|237|217|226|183|203|225|25|238|202|78|48|173|150|174|235|60|148|205|192|241|187|138|185|201|15|45|146|193|178|71|139|176|37|66|
Overall Best: 0.8782 Generation: 5

Generation 11
Average: 0.8589 Best: 0.8851
Best Individual: 
C0 242|194|255|54|222|237|152|239|80|196|7|59|78|230|181|254|61|49|252|234|151|130|143|174|43|128|122|58|26|37|215|47|161|88|235|96|33|179|157|240|36|29|193|202|243|182|136|117|248|14|246|22|176|116|101|172|221|126|220|210|162|219|124|84|71|0|150|51|46|69|10|109|25|147|19|223|203|94|188|225|86|171|57|60|103|97|82|87|119|108|229|77|100|93|123|208|110|233|168|238|166|4|64|40|104|139|17|73|99|148|125|31|35|212|132|165|184|217|85|118|62|199|68|18|72|120|163|201|160|206|67|156|154|5|137|216|228|214|92|114|226|11|79|211|15|1|169|44|207|34|16|74|175|167|149|112|24|190|38|159|205|106|191|105|158|251|197|247|195|91|30|39|20|138|131|27|253|41|178|241|213|249|236|140|127|70|95|189|81|231|129|76|111|218|89|177|42|75|146|6|244|53|66|45|52|56|155|192|115|198|180|3|209|141|9|173|102|50|8|21|227|144|232|250|187|135|164|55|98|153|134|186|65|185|183|224|133|63|2|48|170|28|12|200|83|121|145|90|13|113|23|142|32|204|107|245|
Overall Best: 0.8851 Generation: 11

Generation 12
Average: 0.8609 Best: 0.8820
Best Individual: 
C0 192|197|63|82|22|58|237|168|105|131|85|242|122|234|224|72|225|157|6|52|138|98|94|245|97|27|158|238|83|188|20|0|37|230|69|153|144|136|194|95|14|176|33|241|140|1|39|4|30|185|142|99|80|45|66|182|155|44|164|178|161|209|34|60|96|104|218|13|212|53|51|207|254|57|103|61|114|28|133|173|102|236|130|55|93|7|50|21|75|54|206|208|134|189|172|88|183|41|46|219|223|127|29|141|154|64|255|70|84|205|243|116|24|191|216|196|204|117|111|9|213|149|81|156|231|89|170|100|246|249|233|47|215|171|113|108|79|25|132|247|23|12|214|179|229|227|92|73|200|235|151|175|120|190|165|110|86|195|71|43|10|2|109|135|106|169|17|115|250|62|90|74|181|101|5|11|143|166|119|121|148|203|193|180|152|16|68|177|248|124|118|199|253|167|87|31|159|112|186|65|76|107|210|184|226|59|251|147|162|128|129|211|228|35|91|126|232|77|244|3|56|26|19|139|221|239|198|125|163|222|137|145|202|40|252|201|150|49|32|187|78|67|146|8|217|38|42|160|240|18|174|48|15|123|36|220|
Overall Best: 0.8851 Generation: 11

Generation 13
Average: 0.8594 Best: 0.8807
Best Individual: 
C0 3|95|69|64|255|190|222|192|249|166|165|72|253|227|223|230|35|177|226|41|13|232|34|146|219|134|55|61|62|174|30|133|37|208|150|234|38|83|162|205|187|1|145|71|113|94|5|40|99|129|247|65|76|184|54|200|195|50|66|167|140|8|157|149|139|33|102|176|92|128|172|120|169|44|57|46|197|68|182|237|122|105|130|98|199|85|114|77|126|215|97|175|32|127|178|191|123|158|16|78|185|45|159|58|74|201|125|107|202|225|87|151|251|29|103|80|168|48|118|183|220|91|93|239|212|254|36|22|137|155|56|119|218|4|88|221|116|49|31|6|193|47|28|246|117|211|198|86|224|228|109|156|14|207|248|96|104|27|90|216|141|229|164|59|136|20|242|144|180|238|9|204|7|170|181|15|73|70|214|194|213|143|161|10|25|115|203|163|154|19|241|12|231|135|18|39|53|217|233|21|108|67|101|171|2|63|240|138|24|60|179|148|196|236|0|147|160|110|51|75|121|252|243|100|131|206|43|52|112|153|188|124|186|79|250|173|152|132|209|245|26|189|89|142|235|84|210|244|81|23|11|106|82|111|42|17|
Overall Best: 0.8851 Generation: 11

Generation 14
Average: 0.8604 Best: 0.8839
Best Individual: 
C0 63|82|53|102|28|99|159|154|224|134|231|129|214|211|100|124|56|47|20|95|16|15|167|78|12|58|184|113|226|181|76|155|87|179|68|79|186|239|111|49|115|120|190|80|26|2|60|67|109|117|192|9|164|122|233|175|55|107|29|254|165|10|196|232|161|212|119|146|255|162|143|160|204|73|219|110|141|34|174|205|156|151|168|17|36|90|104|166|253|38|13|236|1|91|133|178|62|70|0|229|220|207|183|97|37|30|197|148|52|206|32|202|14|187|240|142|221|136|132|217|93|127|83|209|182|11|138|4|169|39|145|173|41|218|21|3|72|191|223|126|150|24|208|118|135|201|116|247|251|216|163|243|101|64|203|31|54|185|172|7|96|33|65|241|106|25|57|71|152|46|170|249|194|40|81|98|198|121|48|176|149|19|61|225|5|238|69|88|230|228|45|22|199|130|157|245|123|237|23|140|18|44|210|153|144|66|51|128|188|75|227|193|84|43|139|131|246|89|74|180|213|177|242|27|235|77|195|252|59|8|250|35|248|114|108|200|85|103|147|6|244|92|215|222|94|42|125|50|105|137|234|158|86|171|112|189|
Overall Best: 0.8851 Generation: 11

Generation 15
Average: 0.8602 Best: 0.8751
Best Individual: 
C0 3|95|69|64|71|202|222|192|249|75|165|72|253|227|223|230|35|101|50|41|243|9|34|146|219|182|160|61|62|174|30|127|37|208|78|234|188|83|162|214|187|1|145|255|211|88|5|40|124|129|247|65|76|184|106|200|195|226|86|167|172|155|157|149|139|33|102|176|92|128|140|120|177|44|57|46|197|68|134|237|122|97|103|43|199|85|114|77|126|215|104|175|32|133|90|191|123|158|16|150|4|45|159|58|74|201|125|107|190|193|87|151|251|29|130|80|168|48|169|183|220|91|93|131|212|254|36|22|137|8|56|15|218|89|171|221|27|49|31|6|113|47|28|246|117|225|42|210|224|228|109|156|14|207|248|96|105|116|178|216|141|229|164|59|136|20|242|144|180|238|232|204|7|170|181|119|73|70|205|194|213|143|161|10|25|115|203|163|154|19|241|12|231|135|18|39|53|217|233|21|108|67|118|94|2|245|240|138|24|60|179|13|196|236|0|147|55|110|51|166|121|252|148|84|239|206|98|52|112|153|38|99|186|79|250|173|152|132|209|63|26|189|185|142|235|100|66|244|111|23|11|54|82|81|198|17|
Overall Best: 0.8851 Generation: 11

Generation 16
Average: 0.8590 Best: 0.8801
Best Individual: 
C0 63|82|188|102|161|99|159|154|224|134|231|88|214|110|100|235|128|47|145|85|16|144|140|78|12|58|184|182|226|181|252|155|87|179|68|79|186|112|201|49|121|120|170|80|26|2|143|67|109|117|192|9|164|122|233|237|55|107|223|254|165|10|196|139|176|212|119|146|255|162|60|160|124|73|219|6|141|34|136|205|156|151|168|17|36|90|104|166|253|38|50|236|1|91|23|178|62|70|0|8|245|207|75|97|37|30|197|148|51|206|32|202|14|187|25|56|221|174|132|211|93|172|227|209|127|11|138|4|169|15|20|173|96|218|21|28|72|191|183|126|150|24|208|118|135|111|116|247|45|216|163|243|101|64|203|31|54|185|113|7|29|171|65|241|46|240|57|167|157|106|66|130|194|40|44|98|198|230|210|133|81|19|61|225|5|238|43|129|115|103|251|239|92|3|152|220|71|175|18|123|249|180|222|244|217|204|52|142|53|41|250|193|84|69|27|131|86|89|74|149|213|177|242|232|190|77|195|76|59|229|83|35|248|114|33|200|95|228|147|39|153|199|215|48|94|42|125|13|105|137|234|158|246|108|22|189|
Overall Best: 0.8851 Generation: 11

Generation 17
Average: 0.8589 Best: 0.8788
Best Individual: 
C0 42|95|69|64|71|202|78|192|77|162|214|72|253|227|223|101|128|230|34|41|240|9|50|146|219|182|160|141|62|174|105|127|37|208|222|234|138|83|75|65|187|184|145|79|211|88|5|40|124|129|247|165|76|210|106|200|195|226|86|167|172|155|157|149|139|33|102|176|92|243|140|120|177|44|57|46|179|68|134|237|30|48|103|43|199|85|114|249|215|126|104|153|32|133|90|191|107|158|16|3|4|190|73|229|61|201|147|197|45|193|87|171|251|169|130|137|168|97|29|183|220|91|6|131|185|254|36|22|80|118|116|15|218|89|216|221|27|49|31|93|113|47|28|246|117|255|212|1|224|228|109|148|14|207|248|96|122|56|178|151|74|58|164|239|136|20|242|144|180|238|232|204|7|170|181|119|159|70|205|53|213|143|161|10|25|115|203|189|154|11|241|12|231|135|18|39|194|217|233|94|108|67|8|21|2|245|35|188|24|60|123|13|196|236|0|125|55|110|51|166|121|252|156|84|59|206|98|52|112|175|38|99|186|225|250|173|152|132|209|63|26|163|150|142|235|100|66|244|111|23|19|54|82|81|198|17|
Overall Best: 0.8851 Generation: 11

Generation 18
Average: 0.8588 Best: 0.8851
Best Individual: 
C0 195|166|130|82|151|186|219|182|7|38|103|71|91|44|78|215|246|90|171|113|102|168|237|35|64|223|251|46|213|247|1|73|116|109|163|149|177|96|10|23|179|211|61|144|137|41|176|187|55|127|206|94|13|15|159|208|203|37|62|58|160|22|108|33|155|147|140|138|255|174|253|200|126|16|122|54|112|164|183|141|32|45|153|136|231|173|210|40|49|232|158|254|9|88|123|189|34|165|191|224|60|27|56|57|162|250|148|161|11|234|207|216|167|5|229|192|194|12|83|133|197|30|212|63|242|105|205|84|53|50|227|99|220|14|252|139|228|201|24|106|85|199|20|42|119|249|48|26|43|66|184|36|221|117|243|134|47|188|143|145|111|74|178|97|51|124|93|135|89|80|118|70|180|202|52|98|4|92|198|81|120|241|209|110|226|204|125|77|79|121|101|19|239|100|65|129|31|39|152|29|86|67|196|68|107|154|248|230|214|218|2|235|25|72|217|18|236|3|95|245|193|28|75|142|150|6|222|157|156|21|8|175|59|169|131|233|244|17|181|104|185|172|132|225|240|87|170|190|115|76|114|128|0|69|146|238|
Overall Best: 0.8851 Generation: 11

Generation 19
Average: 0.8551 Best: 0.8776
Best Individual: 
C0 208|252|13|179|134|9|201|185|3|119|155|193|19|92|44|95|167|102|220|42|58|191|68|120|243|111|106|63|129|81|219|78|199|65|69|182|87|254|47|85|188|142|88|18|192|80|140|16|128|49|61|177|228|122|45|37|86|107|223|40|173|114|131|74|176|33|195|146|255|162|41|160|7|198|145|234|141|34|46|101|57|151|168|17|36|174|156|149|253|230|50|127|190|99|32|113|62|83|27|251|184|64|75|97|237|30|206|130|29|67|23|202|247|187|5|56|221|196|70|211|148|159|20|138|96|103|48|4|169|15|116|200|31|218|212|207|72|8|238|126|215|163|153|222|117|79|1|24|224|226|109|217|2|28|51|158|105|240|43|216|139|229|164|59|136|227|242|144|180|183|232|204|6|121|181|245|73|186|205|194|213|143|161|10|25|115|203|53|154|11|241|12|22|135|178|39|210|171|233|21|108|77|118|209|14|214|35|147|98|60|123|93|52|236|0|125|55|110|248|76|112|71|157|84|239|197|170|90|172|175|38|91|104|225|250|165|152|132|94|150|26|189|89|82|235|100|66|244|54|137|124|166|246|249|231|133|
Overall Best: 0.8851 Generation: 11

Generation 20
Average: 0.8608 Best: 0.8814
Best Individual: 
C0 112|13|57|228|243|234|189|93|12|31|230|223|161|64|83|87|117|222|171|169|214|215|134|192|9|46|168|61|62|249|221|32|118|60|191|137|38|125|141|78|5|246|235|178|101|86|237|203|58|133|45|227|25|68|11|151|114|194|2|49|104|201|55|156|80|239|53|94|33|63|59|225|160|54|253|132|142|34|144|154|238|252|174|244|209|140|85|153|102|206|202|76|71|6|96|3|162|213|147|220|20|81|198|0|229|129|148|170|23|97|180|190|138|39|200|66|17|28|232|158|40|121|106|163|240|74|51|176|48|77|69|197|251|254|199|92|247|37|186|172|241|122|164|236|128|105|126|24|146|116|4|179|165|210|136|16|177|120|91|157|207|43|127|26|188|130|216|183|109|19|250|145|89|111|181|15|184|82|107|196|204|143|124|166|175|155|217|27|84|212|205|211|231|67|75|50|167|226|41|218|36|135|21|79|10|185|119|1|72|131|219|245|149|187|88|152|30|56|255|44|139|195|224|108|173|18|248|233|35|70|150|65|193|73|8|14|52|95|98|159|47|7|42|100|115|242|182|103|113|110|99|22|208|29|90|123|
Overall Best: 0.8851 Generation: 11

Generation 21
Average: 0.8606 Best: 0.8814
Best Individual: 
C0 60|55|227|142|208|160|244|47|147|204|185|229|29|169|62|6|181|71|166|36|16|236|178|48|193|152|170|100|123|253|78|7|66|179|35|102|54|2|136|144|91|246|145|81|101|114|104|194|58|57|27|200|195|203|134|237|140|28|176|95|111|135|44|90|21|167|210|94|84|10|49|20|51|211|226|108|141|5|162|127|146|93|12|240|245|225|186|39|103|115|217|150|61|24|85|65|45|151|118|164|223|129|25|8|207|107|228|201|98|119|247|248|251|56|64|80|199|149|15|183|220|168|17|148|165|254|172|184|137|31|26|153|106|4|76|82|116|157|155|68|63|222|187|190|117|197|198|109|224|171|139|192|14|250|188|89|163|243|73|38|120|133|125|202|138|182|130|67|70|214|0|234|30|209|235|154|52|40|112|96|196|213|233|37|34|18|239|241|221|83|97|121|79|238|189|180|53|3|174|249|9|218|242|212|191|19|46|86|128|41|124|11|255|75|43|216|92|173|13|132|42|105|175|99|205|177|231|72|131|59|88|215|122|219|87|69|161|74|22|50|230|159|232|1|156|206|32|23|143|252|126|33|158|77|113|110|
Overall Best: 0.8851 Generation: 11

Generation 22
Average: 0.8591 Best: 0.8801
Best Individual: 
C0 60|55|227|142|208|104|244|47|147|204|185|229|29|169|62|6|181|71|166|36|16|236|178|48|193|152|192|100|123|253|78|7|66|179|160|102|54|2|155|144|91|194|182|81|101|114|35|246|69|57|27|200|195|203|134|237|140|28|176|95|111|135|44|90|21|167|210|94|84|10|49|20|51|211|226|108|141|5|162|127|146|93|12|240|245|225|186|130|103|115|217|150|61|24|85|65|45|151|118|164|223|129|25|168|207|107|228|201|98|9|247|248|43|56|64|80|199|149|15|183|220|8|17|148|165|251|172|184|137|31|26|153|106|4|76|82|116|157|136|68|63|222|187|190|117|197|59|109|213|171|139|170|14|250|188|89|163|249|73|38|120|133|125|177|79|145|39|67|70|214|0|234|30|209|235|154|52|40|112|96|196|58|119|37|34|18|239|241|97|83|221|121|138|238|189|180|53|3|174|243|233|218|242|159|191|19|46|86|128|41|124|11|255|75|254|216|92|173|13|132|42|105|175|99|205|202|231|72|131|198|88|215|122|219|87|224|161|74|22|50|230|212|232|1|156|206|32|23|113|252|126|33|158|77|143|110|
Overall Best: 0.8851 Generation: 11

Generation 23
Average: 0.8584 Best: 0.8807
Best Individual: 
C0 112|75|57|105|243|234|189|12|232|31|213|67|161|64|89|212|117|69|171|172|122|215|134|192|9|46|182|177|62|249|190|37|118|60|191|137|38|125|141|22|5|246|235|178|180|86|237|203|58|226|104|227|59|127|196|151|114|194|222|49|252|201|55|156|80|239|94|53|240|63|250|225|160|84|253|132|33|34|144|87|238|45|65|43|209|241|48|23|68|206|202|76|71|159|96|3|162|230|19|220|20|70|184|0|229|17|148|170|153|97|25|100|52|39|200|66|99|28|204|158|40|121|106|163|24|74|51|176|119|56|2|173|73|111|21|78|214|32|218|126|142|11|164|236|128|169|228|247|146|116|4|179|165|210|136|150|61|120|91|205|207|101|102|26|168|130|216|183|109|107|244|145|83|16|181|15|198|82|147|47|93|143|124|166|175|155|217|27|54|154|157|211|231|223|13|50|167|133|41|186|36|135|199|79|10|185|85|1|72|131|7|245|149|187|88|152|30|77|255|44|139|195|224|108|197|18|248|233|35|81|254|174|193|110|188|219|138|95|98|6|140|14|42|221|115|242|8|103|113|251|129|92|208|29|90|123|
Overall Best: 0.8851 Generation: 11

Generation 24
Average: 0.8578 Best: 0.8782
Best Individual: 
C0 4|42|249|33|235|163|125|179|20|100|142|117|11|134|70|169|196|89|202|25|95|13|87|85|119|10|252|211|93|206|171|48|239|32|191|82|78|69|65|205|114|68|145|18|254|80|61|53|128|28|140|177|46|195|45|49|67|5|44|40|152|166|131|41|176|86|122|27|90|162|150|160|7|113|213|242|141|124|236|101|201|156|208|130|8|168|83|149|253|230|109|164|29|91|219|151|123|148|81|158|15|26|247|59|157|129|137|107|23|182|143|96|17|16|2|56|232|189|198|135|183|203|118|138|223|192|167|218|181|184|54|200|31|112|1|207|215|36|238|154|103|132|153|222|38|57|237|173|224|188|116|250|126|14|51|106|105|39|43|108|139|229|127|175|136|227|234|212|55|243|190|210|240|97|22|34|111|47|204|120|251|19|241|50|92|98|133|248|217|225|165|3|72|84|144|246|159|187|88|12|197|75|58|60|104|245|121|6|62|94|64|30|255|233|35|77|220|79|214|185|186|193|155|147|194|9|221|178|199|146|226|73|66|99|161|228|172|110|76|231|63|37|74|21|24|180|102|244|216|170|0|209|115|174|71|52|
Overall Best: 0.8851 Generation: 11

Generation 25
Average: 0.8604 Best: 0.8776
Best Individual: 
C0 60|115|206|148|37|3|33|155|64|56|5|175|13|182|163|97|67|173|178|11|133|49|32|158|62|150|127|36|70|196|10|243|92|78|238|193|79|140|145|99|66|249|195|170|9|165|76|137|246|75|212|221|223|103|172|24|164|232|28|236|116|147|121|2|161|85|45|89|219|242|183|168|131|124|132|19|51|136|209|208|34|184|96|25|253|81|4|210|160|174|187|138|106|15|154|87|162|27|241|185|47|16|213|108|63|255|69|82|230|42|159|48|20|225|95|113|123|114|220|134|197|109|35|245|135|237|105|7|68|29|53|203|83|142|176|130|71|231|39|77|94|207|0|126|120|57|8|98|157|194|102|169|90|50|40|186|65|190|59|192|229|12|43|72|129|149|248|191|151|144|252|26|17|104|88|125|1|21|240|200|86|153|171|58|254|14|166|146|38|251|198|22|6|55|216|61|152|111|156|179|84|177|74|214|239|107|247|31|205|141|234|188|73|224|52|44|18|233|54|41|119|80|226|211|117|181|139|201|218|100|23|227|180|112|244|199|228|91|93|189|101|143|204|222|235|46|122|128|30|215|118|250|167|110|217|202|
Overall Best: 0.8851 Generation: 11

Generation 26
Average: 0.8613 Best: 0.8883
Best Individual: 
C0 60|115|47|148|37|87|71|155|69|56|5|175|13|182|163|97|67|219|15|11|133|49|116|158|185|19|242|36|16|196|10|243|92|137|34|193|79|81|145|99|66|249|195|178|9|238|76|78|246|75|212|25|223|103|172|24|164|232|215|208|51|241|121|2|161|85|94|53|173|177|209|8|160|84|110|150|59|22|144|236|165|252|216|221|122|140|48|35|127|206|102|205|33|170|191|3|39|95|147|62|174|70|198|0|229|210|38|82|230|42|159|4|20|225|27|113|123|114|220|168|197|109|129|245|135|68|105|7|237|29|89|203|83|142|176|130|106|231|171|77|45|207|108|126|120|153|134|98|157|181|202|169|90|50|40|186|65|190|32|192|63|12|43|72|255|188|248|119|151|183|184|30|17|104|88|125|1|21|57|200|124|240|162|58|239|54|166|146|64|73|213|136|6|55|96|61|152|111|156|179|93|131|74|214|254|107|247|31|138|141|234|149|251|224|52|44|18|233|14|41|154|80|226|211|117|194|139|201|218|100|23|227|180|112|244|199|228|91|86|189|101|143|204|222|235|46|132|128|26|28|118|250|167|253|217|187|
Overall Best: 0.8883 Generation: 26

Generation 27
Average: 0.8595 Best: 0.8795
Best Individual: 
C0 60|246|19|148|37|103|71|155|177|56|5|175|13|182|163|121|67|219|15|11|133|127|69|116|252|66|101|144|230|196|216|122|31|98|77|43|90|52|145|12|97|45|199|81|35|143|186|250|0|18|109|221|210|39|154|203|113|146|238|59|171|99|254|134|94|85|38|194|63|237|152|223|83|124|10|131|129|73|183|236|165|62|110|25|251|140|48|9|49|206|75|205|33|170|191|3|87|95|147|185|174|70|198|115|229|179|161|82|79|42|159|4|20|225|27|164|123|114|208|168|117|106|151|245|135|86|105|7|158|29|241|58|160|142|176|130|212|231|51|162|249|207|108|126|120|153|178|137|157|181|202|169|16|50|40|76|65|195|32|192|173|53|193|72|255|188|248|119|220|36|184|30|17|104|88|125|1|21|78|200|84|240|34|24|239|54|166|232|64|22|213|136|6|55|96|234|209|111|156|8|93|150|74|92|47|107|247|214|138|141|61|149|243|224|2|218|102|233|14|41|172|80|226|211|197|89|139|201|44|100|23|227|180|112|244|190|228|91|68|189|242|215|204|222|235|46|132|128|26|28|118|57|167|253|217|187|
Overall Best: 0.8883 Generation: 26

Generation 28
Average: 0.8619 Best: 0.8795
Best Individual: 
C0 32|150|79|210|37|89|230|6|94|14|247|124|177|100|212|47|181|75|115|36|245|91|178|239|165|61|192|182|123|83|78|7|66|161|160|130|154|2|234|222|241|97|73|20|101|217|206|195|208|57|65|200|21|244|28|237|183|5|151|95|27|135|117|52|146|163|24|68|156|10|49|142|39|103|226|81|141|196|224|71|250|190|70|254|86|202|211|148|253|201|17|140|29|191|219|98|129|172|106|55|249|133|213|58|63|255|246|82|33|132|205|220|170|60|236|113|96|114|158|19|197|74|35|16|147|31|105|243|64|92|53|232|4|176|168|223|173|231|131|77|3|120|0|126|203|127|11|251|118|194|102|169|215|50|242|186|62|184|238|69|149|12|43|72|162|119|59|23|240|144|18|26|187|104|88|87|1|85|143|221|116|153|171|134|25|13|225|40|38|125|198|22|155|48|207|166|152|209|93|15|76|248|137|214|145|107|175|108|159|8|185|188|189|111|90|44|252|233|54|80|42|128|229|136|121|67|139|174|218|179|56|227|180|109|216|199|228|138|84|112|9|51|204|99|235|46|122|41|30|164|157|34|167|110|193|45|
Overall Best: 0.8883 Generation: 26

Generation 29
Average: 0.8607 Best: 0.8820
Best Individual: 
C0 121|190|187|69|26|204|148|6|44|98|80|229|177|87|62|67|145|127|149|47|105|36|85|172|193|61|63|182|123|83|78|7|66|161|160|37|124|2|118|29|241|75|73|20|136|163|180|195|95|178|197|200|126|255|181|24|183|156|151|99|88|84|238|68|146|74|237|94|202|10|49|176|39|71|50|30|41|254|128|40|250|15|19|155|248|191|196|9|147|201|142|207|222|52|31|138|211|77|253|107|76|242|125|186|60|4|137|42|23|33|236|46|210|0|113|56|1|225|102|132|246|165|119|86|38|214|90|159|203|139|8|89|130|103|116|150|205|233|215|55|79|16|164|143|91|133|219|5|48|11|174|154|221|220|230|152|45|243|213|134|92|232|188|131|185|35|141|65|206|117|247|27|64|166|109|245|192|70|216|18|104|184|111|3|223|115|235|108|167|51|240|34|54|179|43|14|194|249|168|96|25|81|17|59|112|252|224|93|72|32|12|231|28|100|58|227|189|162|171|21|53|199|114|212|239|158|170|198|144|209|129|22|97|244|13|218|120|234|228|153|169|106|173|217|122|226|82|140|135|57|157|208|251|101|110|175|
Overall Best: 0.8883 Generation: 26
==================
    Best individual after 30 generations
    computed in 3,908.2790 seconds
    1415 elements out of 1593 correct.
    emerged in generation 26
    with fitness 0.8883
==================

