Starting evolution...

Generation 0
Average: 0.8854 Best: 0.9002
Best Individual: 
C0 195|117|181|193|250|114|77|251|208|201|37|235|42|231|125|112|172|211|237|35|149|203|19|83|90|206|89|210|39|96|236|230|42|60|104|183|43|120|69|147|84|237|45|74|80|179|71|6|175|229|84|16|119|206|216|3|5|57|3|27|1|116|220|112|217|108|90|52|140|13|95|20|163|240|61|111|63|106|108|253|193|185|44|52|11|87|124|184|186|34|94|235|152|99|193|162|139|130|92|235|183|123|197|9|14|54|194|67|147|18|6|245|194|253|12|133|244|3|160|194|130|233|98|192|83|107|54|212|233|65|238|45|155|12|130|41|125|37|43|76|198|25|93|144|211|188|22|132|184|104|44|177|82|73|104|106|12|109|235|69|59|107|20|77|169|133|84|22|39|96|188|176|105|96|206|191|28|39|235|202|20|165|59|53|224|178|43|54|109|26|176|128|73|168|85|96|72|217|191|85|137|78|180|123|169|128|234|86|206|170|209|227|128|66|80|56|189|239|1|78|147|84|175|18|132|189|14|46|126|38|96|142|155|212|157|34|7|81|216|210|115|62|27|96|14|64|196|63|168|1|79|100|229|220|243|108|
Overall Best: 0.9002 Generation: 0

Generation 1
Average: 0.8881 Best: 0.9027
Best Individual: 
C0 234|38|79|207|172|161|176|90|205|37|212|127|117|154|177|178|39|181|164|55|244|45|238|96|18|25|81|17|180|121|154|146|225|45|116|228|194|88|103|151|238|117|161|47|28|89|108|66|4|96|4|112|8|183|195|133|232|210|212|44|73|213|44|192|224|161|238|29|217|142|2|69|122|173|36|18|186|86|125|220|26|123|222|34|169|60|227|97|165|187|195|121|55|112|79|61|234|214|251|120|40|197|248|210|236|170|231|106|61|166|64|155|217|76|159|255|148|193|74|39|185|88|234|106|48|246|40|163|38|143|82|123|138|210|37|27|177|176|217|162|105|74|209|135|130|86|98|191|80|63|226|33|25|254|138|10|240|169|7|129|4|183|166|142|164|15|63|1|229|33|71|12|177|5|88|238|108|172|172|36|109|107|164|136|104|86|134|41|58|253|59|92|193|151|189|174|182|54|67|236|219|147|173|247|202|128|59|244|59|105|242|4|69|176|86|63|151|172|136|93|138|68|144|193|44|13|66|14|190|14|122|187|170|55|195|184|1|3|21|251|163|151|132|173|225|72|192|62|234|67|253|129|165|203|127|150|
Overall Best: 0.9027 Generation: 1

Generation 2
Average: 0.8902 Best: 0.9040
Best Individual: 
C0 195|117|181|193|250|114|77|251|208|201|37|235|42|231|125|112|245|131|225|193|53|133|84|55|143|142|148|244|38|95|69|5|251|162|203|133|163|93|210|22|216|208|211|62|133|107|190|245|75|241|248|226|202|213|250|241|8|160|206|102|222|186|220|112|217|108|90|52|140|13|95|221|163|177|61|111|63|106|108|253|50|185|44|140|11|87|124|184|186|34|94|235|152|99|193|162|139|130|92|235|86|123|197|9|14|54|194|67|147|95|212|109|194|62|12|133|244|3|160|194|130|233|98|192|83|107|54|227|233|65|238|45|155|12|130|41|125|37|43|76|198|25|163|144|211|188|138|132|184|104|44|177|82|81|104|106|12|109|235|238|152|98|125|132|93|85|42|125|39|92|188|176|105|169|206|191|28|39|235|202|20|177|59|53|224|178|43|54|109|26|176|128|73|168|247|96|72|199|104|155|137|186|180|123|63|128|234|86|141|170|209|227|128|80|80|56|189|239|1|78|147|84|175|184|132|238|14|46|49|38|96|142|155|212|157|34|7|76|216|210|115|62|27|96|14|64|196|215|168|1|79|100|229|220|243|108|
Overall Best: 0.9040 Generation: 2

Generation 3
Average: 0.8925 Best: 0.9052
Best Individual: 
C0 184|101|98|254|13|202|137|225|68|214|241|106|226|67|136|36|90|141|119|193|53|208|84|55|143|142|148|244|38|95|69|5|251|162|203|133|163|93|210|22|216|208|211|62|133|107|190|245|75|251|248|226|202|213|250|241|8|160|206|102|222|186|220|112|217|108|90|52|140|13|95|221|163|177|61|111|63|106|108|253|15|185|44|140|11|71|124|184|186|34|94|235|152|99|193|162|139|130|92|235|86|123|197|9|14|54|194|67|147|95|212|109|194|62|12|133|244|70|160|84|238|233|98|227|83|107|54|227|233|65|238|10|155|12|130|41|125|246|210|76|198|25|163|144|211|188|138|132|184|80|44|177|82|81|104|106|12|109|235|238|152|98|125|132|9|85|42|128|39|92|188|176|105|169|206|191|28|39|235|129|192|177|17|53|224|178|43|54|109|26|176|128|73|168|247|96|72|58|233|195|249|143|207|118|184|92|77|202|156|211|50|173|4|197|33|28|48|154|221|237|94|179|147|145|102|166|121|155|34|24|138|207|22|221|139|188|25|185|103|85|41|251|166|135|39|89|188|208|65|84|102|204|191|5|149|13|
Overall Best: 0.9052 Generation: 3

Generation 4
Average: 0.8931 Best: 0.9077
Best Individual: 
C0 115|129|219|9|4|182|15|220|223|5|187|120|69|3|100|125|234|232|69|61|131|60|14|9|57|119|249|108|9|202|243|94|122|97|151|19|13|20|196|176|106|236|117|15|29|157|31|33|31|72|105|209|168|179|52|133|232|210|212|44|73|213|44|192|224|161|238|29|173|142|2|69|122|142|36|18|186|86|125|220|26|123|94|34|169|60|227|97|165|144|195|121|55|112|79|125|221|194|79|120|40|197|248|210|236|231|231|106|61|166|64|60|217|76|159|79|223|193|74|39|185|88|234|106|255|246|74|163|16|168|82|123|138|210|37|27|177|94|155|162|8|171|70|142|130|86|98|191|80|63|226|33|202|241|138|10|241|169|7|15|4|183|19|148|164|15|238|1|244|33|155|120|177|95|88|238|168|172|46|56|109|251|164|201|104|86|120|138|61|12|9|125|117|66|174|13|196|53|12|26|20|70|179|92|130|39|122|253|95|144|250|230|184|30|113|180|78|227|55|236|160|77|206|80|69|77|40|67|172|107|155|8|223|42|117|195|87|162|31|139|77|234|171|36|191|202|249|106|3|130|225|34|144|74|61|166|
Overall Best: 0.9077 Generation: 4

Generation 5
Average: 0.8942 Best: 0.9109
Best Individual: 
C0 168|38|68|130|172|106|106|96|27|88|120|146|46|213|176|48|24|54|209|16|84|95|41|15|193|161|249|224|80|251|167|56|116|52|130|96|207|64|245|11|145|115|223|33|177|62|65|164|78|127|243|173|171|9|50|75|72|228|107|180|221|113|2|61|99|217|127|165|194|217|28|192|168|173|36|54|57|86|125|220|105|232|5|34|169|60|227|97|165|143|170|121|55|112|245|61|48|114|251|13|251|197|248|210|15|170|231|106|87|212|64|155|217|76|159|152|101|138|74|162|185|171|189|106|48|15|40|163|55|54|7|123|249|210|77|145|177|176|77|65|105|203|209|135|130|86|167|191|179|63|1|51|70|254|211|98|232|24|7|129|4|204|155|142|164|228|238|210|229|33|71|4|7|95|88|238|220|172|46|193|245|10|152|16|216|240|165|65|62|92|22|190|48|145|4|206|97|67|41|156|184|204|156|247|202|128|197|244|10|105|242|4|69|176|86|63|135|172|136|93|138|255|144|110|111|242|66|135|6|206|68|187|170|171|195|184|1|3|21|102|163|235|132|173|225|72|192|62|234|97|183|199|165|93|127|248|
Overall Best: 0.9109 Generation: 5

Generation 6
Average: 0.8965 Best: 0.9090
Best Individual: 
C0 70|101|52|46|220|145|131|225|174|187|247|106|208|145|231|78|245|131|66|193|1|118|84|139|143|29|234|92|38|95|69|115|42|80|104|92|153|120|69|147|170|237|45|74|136|179|71|6|127|229|84|202|119|213|250|241|8|160|58|227|221|113|2|61|99|217|12|165|194|217|28|192|168|173|226|54|57|86|125|220|105|89|5|34|169|60|227|97|165|227|170|121|55|112|245|61|48|114|251|212|74|197|123|27|127|54|194|67|4|95|6|221|194|253|12|133|53|3|160|11|130|203|168|183|25|107|192|121|233|130|238|45|155|12|185|41|87|142|43|76|198|233|174|33|211|188|73|205|184|104|44|177|82|81|104|84|44|32|9|177|207|234|125|132|93|85|42|125|210|108|65|224|159|104|88|204|43|245|152|186|206|97|146|179|11|71|213|33|148|149|151|34|199|123|172|234|188|112|95|1|20|70|179|92|108|39|122|253|95|144|250|230|32|30|113|180|78|227|55|15|160|32|206|80|69|77|40|67|172|107|155|8|223|42|117|195|87|162|31|84|77|51|118|135|133|119|200|82|65|84|102|33|55|251|141|13|
Overall Best: 0.9109 Generation: 5

Generation 7
Average: 0.8966 Best: 0.9052
Best Individual: 
C0 1|201|192|216|202|169|100|180|130|24|144|65|138|244|29|182|128|12|146|254|137|14|43|205|43|138|143|163|142|31|182|97|124|157|130|96|121|144|245|154|36|79|14|54|177|62|248|65|72|148|55|53|136|226|209|230|71|60|228|27|1|129|134|210|90|46|40|3|163|184|126|25|71|172|93|80|26|116|143|126|52|43|147|51|211|63|126|47|125|194|34|172|169|11|175|107|125|114|184|13|84|144|50|40|185|155|231|13|28|179|255|155|217|18|159|134|148|193|74|162|185|88|111|106|48|103|40|233|38|253|7|123|235|210|92|145|177|86|85|238|105|98|209|135|58|86|98|49|80|63|226|33|25|254|138|249|240|167|7|226|6|162|166|142|164|15|63|1|158|33|71|203|177|83|9|209|108|172|172|110|109|50|14|136|91|86|196|124|10|253|252|92|158|88|189|174|182|43|0|236|219|235|173|247|35|232|105|78|254|246|208|254|76|65|194|248|211|205|116|54|152|89|238|27|141|166|32|37|98|135|113|245|27|40|58|92|139|208|101|14|232|247|104|247|147|202|220|132|242|139|186|118|93|106|173|169|
Overall Best: 0.9109 Generation: 5

Generation 8
Average: 0.8967 Best: 0.9096
Best Individual: 
C0 72|38|190|130|172|106|191|172|158|88|78|146|145|179|176|48|24|54|209|16|84|225|41|15|193|161|249|224|80|251|167|56|116|52|115|96|207|120|245|11|145|115|223|33|34|163|65|117|78|22|88|64|171|9|50|75|25|184|107|180|76|192|193|51|21|7|109|184|140|13|139|39|163|177|61|236|30|82|7|25|193|185|44|55|11|87|124|217|101|34|208|238|231|99|193|134|226|167|19|235|172|62|87|236|14|54|194|186|147|95|6|221|194|253|12|133|244|3|171|194|130|249|43|183|25|107|54|161|170|130|238|170|155|12|220|41|87|142|43|76|198|25|32|144|120|188|73|132|184|104|44|177|82|38|104|84|44|32|145|10|207|98|125|238|93|85|96|182|201|44|65|224|110|104|169|204|43|245|92|190|206|159|45|61|110|128|44|229|105|241|251|109|121|0|103|151|139|167|181|254|131|194|233|5|107|160|94|103|188|172|170|82|56|32|139|63|164|81|136|93|138|216|144|110|111|242|66|63|6|206|68|149|15|171|69|184|1|3|21|236|163|235|132|173|225|72|192|247|234|19|183|199|53|93|127|248|
Overall Best: 0.9109 Generation: 5

Generation 9
Average: 0.8955 Best: 0.9115
Best Individual: 
C0 72|38|190|130|172|59|191|85|158|88|78|146|145|213|37|48|24|54|209|16|84|151|41|15|193|161|249|224|78|171|167|56|116|52|130|111|207|120|245|11|145|115|223|33|34|62|65|229|78|246|88|64|171|9|50|92|72|246|107|180|76|192|220|149|21|7|109|9|140|13|189|39|47|177|61|236|249|101|190|143|55|156|84|1|159|191|95|184|186|151|94|235|152|99|178|162|137|130|92|235|86|163|197|16|14|145|122|67|147|154|212|255|170|237|39|210|243|210|109|84|238|46|98|227|83|107|54|115|233|65|238|10|155|42|116|41|207|94|104|76|198|161|163|144|211|188|138|197|184|16|44|177|82|81|104|106|12|136|235|219|147|116|141|132|9|172|42|128|229|33|71|4|125|38|59|192|220|172|196|150|245|148|152|16|216|240|95|65|62|92|22|105|48|207|4|206|73|67|41|156|184|204|156|119|202|128|197|13|10|76|242|4|69|231|139|63|164|81|199|93|47|255|81|110|111|242|66|135|6|206|68|244|15|171|195|184|1|3|21|102|163|235|166|173|225|72|192|247|234|19|183|199|78|93|127|194|
Overall Best: 0.9115 Generation: 9

Generation 10
Average: 0.8957 Best: 0.9109
Best Individual: 
C0 72|38|190|130|172|59|191|85|158|88|78|146|145|213|37|48|24|81|209|16|84|151|41|36|193|161|249|224|78|171|167|56|116|160|130|111|207|120|245|11|145|115|223|33|34|164|65|229|78|246|88|64|171|9|50|92|72|246|107|180|76|192|220|149|21|7|109|9|140|13|189|39|47|177|61|236|89|101|190|143|49|156|84|1|159|191|95|136|186|151|94|235|152|99|178|162|137|130|92|235|86|163|197|16|14|145|122|67|147|154|79|255|170|237|39|210|243|210|133|84|238|46|98|227|83|189|54|231|233|65|238|10|155|42|116|41|207|94|168|76|198|161|163|144|211|130|88|132|102|80|141|109|82|81|104|106|12|109|235|146|118|168|34|132|9|85|42|128|231|92|188|176|88|105|136|184|28|39|74|233|192|177|187|53|224|178|43|54|198|26|99|146|112|168|52|96|182|128|233|195|74|147|82|168|18|47|59|165|59|46|26|73|113|55|190|63|37|172|185|61|244|132|28|145|102|40|177|54|69|51|200|183|22|221|139|177|191|185|103|85|41|251|134|173|225|72|192|247|234|19|183|199|78|93|127|194|
Overall Best: 0.9115 Generation: 9

Generation 11
Average: 0.8956 Best: 0.9134
Best Individual: 
C0 72|38|190|130|172|131|191|85|158|88|78|146|145|213|37|48|24|81|209|16|84|151|41|36|193|161|249|224|78|171|167|56|116|160|130|111|207|120|245|11|145|94|223|33|34|164|65|229|78|246|88|64|171|9|50|92|4|246|107|180|76|192|220|10|21|7|109|9|140|13|189|39|47|177|61|236|6|101|209|143|49|156|216|6|159|191|95|136|186|151|94|235|152|99|178|162|131|130|92|235|86|163|197|16|14|224|122|67|147|154|79|255|170|237|39|210|243|72|133|84|238|46|98|227|83|189|54|231|233|65|238|10|155|101|116|41|207|94|168|76|198|161|163|144|211|130|88|132|102|136|141|109|227|81|104|106|12|27|235|146|118|168|34|132|9|85|42|128|231|92|33|176|88|105|136|184|28|39|74|233|192|177|187|58|224|178|43|54|198|26|99|146|112|168|52|96|182|128|233|195|74|147|82|168|214|47|59|15|59|46|26|73|113|55|190|63|37|172|178|61|244|132|28|145|102|40|177|54|69|51|98|156|57|221|139|177|191|185|103|85|41|251|134|173|225|72|192|42|234|19|0|199|78|93|127|34|
Overall Best: 0.9134 Generation: 11

Generation 12
Average: 0.8963 Best: 0.9140
Best Individual: 
C0 236|116|230|222|77|106|226|46|172|60|38|97|48|159|178|165|219|110|97|83|121|224|41|36|193|161|249|224|78|171|167|56|116|160|130|111|207|120|245|11|145|94|223|34|34|164|65|229|78|250|166|64|171|9|50|92|4|246|110|180|76|192|220|10|21|7|109|9|137|13|189|39|47|177|61|236|6|101|209|143|58|156|216|6|159|191|95|136|186|151|94|235|152|99|178|162|131|130|92|27|86|163|197|16|14|224|122|67|147|154|79|255|170|237|80|210|243|72|133|84|238|66|66|150|200|29|17|115|233|159|75|10|155|12|195|129|147|140|210|148|144|12|163|144|211|188|138|132|184|162|44|177|246|64|11|82|205|29|159|81|178|135|178|32|20|65|14|237|90|143|53|83|2|7|222|14|119|51|47|151|199|75|102|174|88|31|181|155|235|189|82|124|96|223|59|218|59|102|85|193|14|193|75|166|183|44|105|78|254|137|194|254|16|65|173|248|211|205|116|230|133|111|68|89|133|128|121|38|15|79|240|64|120|148|103|180|88|208|85|14|226|247|70|205|105|202|126|191|180|163|38|49|71|234|196|60|
Overall Best: 0.9140 Generation: 12

Generation 13
Average: 0.8978 Best: 0.9121
Best Individual: 
C0 72|38|190|201|172|59|191|85|108|88|133|146|145|213|234|48|24|81|209|16|84|151|28|36|193|161|249|133|108|171|18|12|116|4|58|111|83|120|214|11|145|115|223|190|102|164|65|229|78|246|88|64|171|128|50|72|72|246|238|180|169|192|220|149|21|7|109|40|4|99|189|39|47|177|61|216|89|105|190|212|49|156|229|1|12|188|95|136|186|151|20|41|152|99|178|162|211|59|165|164|37|116|19|102|193|111|165|61|202|134|3|210|250|34|97|9|78|166|124|207|238|233|98|227|83|189|217|231|233|65|139|10|155|89|116|41|207|94|168|76|198|161|163|144|211|130|88|147|102|136|161|109|227|81|104|106|12|184|235|254|70|111|34|132|9|85|42|108|231|92|33|176|88|105|136|114|28|39|74|233|192|177|187|58|224|27|62|54|198|62|99|146|112|168|52|113|182|128|233|195|74|21|147|168|214|208|59|15|59|46|26|73|113|55|190|252|122|21|178|89|1|132|28|145|102|40|177|54|69|51|98|194|224|221|45|181|191|254|103|85|41|251|134|173|39|72|192|42|234|240|0|199|78|93|127|34|
Overall Best: 0.9140 Generation: 12

Generation 14
Average: 0.9002 Best: 0.9127
Best Individual: 
C0 238|6|27|216|250|182|15|220|223|22|187|124|69|143|178|247|234|232|97|61|131|60|237|251|143|227|234|182|38|95|127|169|141|80|104|92|190|207|69|240|186|237|45|74|136|179|71|6|131|169|88|64|171|189|42|238|113|160|152|104|215|234|180|165|90|62|125|117|10|91|24|120|166|255|61|236|78|101|213|42|3|156|84|1|159|191|11|184|186|151|94|235|152|85|178|162|137|130|92|20|86|163|197|181|14|145|122|67|147|95|56|221|194|253|232|222|132|176|53|194|237|249|36|99|25|107|54|161|32|130|238|230|155|12|220|112|102|152|131|76|71|25|32|8|120|188|73|132|69|82|44|177|102|38|104|11|44|92|247|69|207|98|125|238|107|85|188|100|243|122|155|241|110|173|224|41|43|245|84|190|206|7|202|111|195|211|203|24|130|38|150|159|177|243|193|232|77|122|191|9|46|199|223|215|156|182|240|64|133|149|146|100|13|122|33|211|144|140|166|73|94|56|183|21|215|102|195|177|60|132|79|195|167|199|45|181|108|233|144|250|117|29|209|4|253|146|173|132|243|222|30|233|179|238|137|160|
Overall Best: 0.9140 Generation: 12

Generation 15
Average: 0.9002 Best: 0.9109
Best Individual: 
C0 238|175|125|50|202|81|227|57|41|32|78|146|145|252|176|53|24|67|197|83|121|130|236|36|213|161|249|15|78|171|152|56|116|181|130|111|207|120|245|11|145|94|189|34|34|164|140|229|78|250|166|160|171|80|50|92|4|246|110|180|15|192|220|175|21|46|109|9|137|162|189|244|47|52|52|236|6|101|209|143|58|156|216|6|159|191|10|96|186|151|94|235|152|99|178|162|131|130|92|27|86|99|197|16|14|224|162|67|147|100|79|255|170|16|39|210|157|72|133|84|238|66|185|150|181|29|125|115|233|11|75|10|155|12|195|129|147|140|203|148|144|12|163|144|211|188|242|66|243|123|44|35|246|255|11|82|100|29|159|81|207|98|34|132|9|85|42|108|231|92|37|242|88|149|136|114|28|39|74|233|192|177|187|238|83|27|62|54|198|62|99|146|112|168|52|113|182|128|47|195|74|21|147|168|214|208|59|15|59|46|236|24|113|55|190|252|122|21|178|89|1|132|183|62|215|102|195|177|224|107|41|132|59|199|45|0|108|140|144|250|117|29|129|219|32|119|173|148|243|125|30|176|179|202|215|238|
Overall Best: 0.9140 Generation: 12

Generation 16
Average: 0.8998 Best: 0.9134
Best Individual: 
C0 45|238|230|9|234|36|15|145|223|204|187|120|69|6|134|117|26|110|12|148|131|60|230|166|163|29|234|92|38|95|205|151|251|227|17|186|153|120|67|240|186|237|45|99|193|105|71|123|131|169|88|64|171|189|25|238|143|160|80|104|215|234|180|154|95|28|125|26|108|112|24|146|53|255|122|236|78|12|182|241|113|92|144|40|136|112|7|184|249|155|235|235|134|99|178|133|73|58|12|103|86|150|197|254|163|156|194|191|18|130|95|161|254|152|54|9|78|5|22|113|183|136|84|149|71|162|100|246|129|39|55|69|62|162|96|202|57|249|197|1|180|253|143|121|195|155|212|229|176|124|207|188|95|107|226|233|205|199|158|144|115|21|47|55|27|236|32|107|180|43|36|177|153|101|1|4|193|85|195|49|14|188|102|164|39|83|93|178|136|143|35|136|73|242|176|55|49|167|196|140|66|188|199|24|8|104|43|136|95|228|250|39|122|22|244|175|57|227|134|89|160|196|230|96|69|54|190|67|72|107|117|96|245|42|204|254|87|221|31|62|77|51|48|198|133|119|167|203|234|173|225|34|105|0|210|155|
Overall Best: 0.9140 Generation: 12

Generation 17
Average: 0.8995 Best: 0.9102
Best Individual: 
C0 183|172|3|197|250|81|59|229|103|202|78|146|145|179|176|53|24|190|10|220|161|246|41|15|193|112|102|224|80|127|167|171|140|165|3|151|207|241|81|11|145|115|242|131|34|163|234|117|232|152|88|145|62|101|92|76|11|168|208|109|48|155|196|164|166|141|212|59|140|4|235|88|163|177|28|239|113|118|53|47|193|93|63|7|154|63|201|168|101|79|202|25|43|230|234|102|13|107|104|62|128|131|106|209|2|222|14|221|188|156|46|18|9|93|54|231|196|89|81|196|211|126|84|58|245|162|65|129|169|113|213|213|62|38|105|223|208|139|8|191|102|253|226|141|168|27|154|156|11|173|100|188|62|234|101|34|251|33|186|122|216|245|241|153|62|85|42|128|121|190|11|176|138|182|136|184|28|1|125|223|233|177|88|242|194|178|151|210|198|26|99|146|250|168|52|110|237|128|157|189|74|147|22|168|214|47|59|173|95|46|26|73|26|55|190|63|211|172|178|243|78|132|182|145|102|40|103|54|34|51|98|156|57|221|38|177|191|185|232|85|92|251|120|29|225|72|85|42|234|19|211|199|159|194|3|174|
Overall Best: 0.9140 Generation: 12

Generation 18
Average: 0.9000 Best: 0.9115
Best Individual: 
C0 72|38|190|201|172|59|196|8|108|16|80|134|145|213|234|48|24|248|179|16|167|123|141|36|193|149|249|138|166|171|18|12|116|10|127|26|66|75|245|11|22|196|223|162|37|214|65|144|78|40|215|64|238|31|50|92|83|246|208|180|76|21|47|10|21|7|5|90|111|15|108|115|47|177|92|236|6|101|209|143|49|204|216|178|159|191|38|136|186|194|94|144|178|99|156|234|131|130|92|152|137|242|236|30|14|253|122|238|147|233|79|80|224|237|39|131|126|161|245|84|238|46|98|116|83|144|54|231|231|87|238|226|155|101|57|41|142|94|93|76|180|130|196|155|142|130|67|226|97|148|125|109|227|47|92|106|12|27|118|146|16|168|129|132|112|80|42|128|133|160|197|170|6|150|227|251|8|239|117|37|174|86|34|88|152|157|119|208|166|169|76|44|171|145|4|174|98|177|227|103|250|131|220|64|58|88|134|89|4|233|12|247|69|106|139|243|164|196|151|93|152|236|238|143|46|98|222|80|69|51|98|116|224|221|45|181|153|254|119|85|41|251|134|173|185|72|30|42|156|240|0|26|78|63|127|34|
Overall Best: 0.9140 Generation: 12

Generation 19
Average: 0.9014 Best: 0.9121
Best Individual: 
C0 44|11|22|216|202|81|164|147|25|32|78|146|145|179|176|149|40|184|135|186|14|162|41|2|193|161|38|224|82|127|50|56|140|165|93|28|9|32|86|11|88|115|74|163|95|163|234|117|78|152|88|247|62|220|92|76|11|137|123|213|48|155|203|209|236|126|62|148|32|16|1|26|46|177|44|220|147|17|106|122|252|250|200|225|211|67|232|19|224|42|80|218|240|65|145|81|211|167|35|79|37|187|103|30|246|253|122|109|105|233|64|255|40|237|66|131|126|29|57|84|238|10|98|125|83|189|54|231|12|87|119|15|155|101|116|41|195|94|93|99|247|101|163|49|7|130|169|116|97|136|141|109|227|47|104|106|12|27|145|69|16|168|6|214|112|153|236|114|55|95|197|170|6|25|17|114|81|212|74|209|192|177|187|236|224|148|85|54|45|117|99|198|88|168|52|96|182|35|83|220|74|21|147|168|14|22|59|47|16|58|26|73|113|192|92|81|175|172|178|89|1|8|14|145|114|60|253|72|113|107|155|113|45|69|82|253|205|1|115|211|77|51|169|144|95|126|176|82|245|70|33|67|179|242|137|169|
Overall Best: 0.9140 Generation: 12

Generation 20
Average: 0.9027 Best: 0.9146
Best Individual: 
C0 238|175|27|239|202|81|227|147|41|61|78|146|93|179|220|48|24|67|226|160|161|58|142|15|14|253|170|222|80|141|167|96|15|56|115|152|207|120|102|11|149|207|223|211|179|22|65|117|120|22|29|230|6|10|116|92|199|246|138|120|48|252|173|51|111|115|48|9|140|171|208|164|66|177|225|96|78|248|172|55|217|206|172|103|98|143|171|79|182|151|237|60|48|4|178|201|137|69|92|97|78|163|195|62|14|145|122|78|164|100|227|131|93|237|39|101|225|121|101|244|145|136|68|43|161|118|17|186|233|189|75|94|212|67|114|3|44|113|44|200|198|12|163|144|211|47|151|132|22|35|149|58|246|81|104|106|24|109|25|11|215|252|107|231|246|85|42|128|139|226|64|176|46|53|206|48|83|125|121|6|168|250|88|83|229|85|54|146|230|90|90|60|177|47|247|232|107|251|83|111|46|47|246|152|165|171|240|218|133|243|254|223|136|122|209|162|160|57|182|92|165|52|31|239|192|102|195|228|181|165|250|241|219|199|45|0|4|95|144|253|117|29|129|70|32|129|173|238|0|125|158|24|47|202|16|32|
Overall Best: 0.9146 Generation: 20

Generation 21
Average: 0.9020 Best: 0.9121
Best Individual: 
C0 44|9|22|199|202|81|164|16|227|32|68|166|243|179|176|53|84|170|10|187|161|246|41|2|193|156|53|224|82|127|50|56|140|165|134|64|50|117|86|203|145|115|242|163|34|163|234|156|78|152|88|247|14|83|92|80|11|137|161|99|48|151|203|253|236|126|62|152|32|16|1|26|69|177|44|32|223|17|206|122|252|250|33|93|211|67|232|19|224|42|80|159|240|65|38|81|102|167|101|79|37|103|103|30|246|253|122|109|105|233|81|181|40|237|178|131|126|29|57|194|145|74|36|222|255|231|178|11|255|56|238|230|92|69|116|41|167|94|54|16|198|127|17|37|7|130|88|71|231|136|141|109|110|234|237|121|128|56|227|209|109|156|201|153|62|85|20|66|118|133|169|224|5|235|229|194|68|238|249|234|90|130|115|62|195|182|122|24|130|133|195|184|177|196|156|7|77|122|191|228|64|78|223|63|6|63|240|128|133|153|146|128|90|106|93|211|51|87|120|30|154|56|114|28|86|168|79|177|60|12|180|185|81|230|93|206|108|137|221|110|129|29|129|4|207|146|173|132|209|70|33|67|179|242|137|169|
Overall Best: 0.9146 Generation: 20

Generation 22
Average: 0.9006 Best: 0.9140
Best Individual: 
C0 183|172|54|197|116|81|177|229|59|63|78|146|46|179|176|0|24|190|10|138|161|246|149|226|193|160|130|22|120|127|33|167|224|165|176|151|207|90|81|11|145|115|203|131|34|163|116|117|232|152|88|145|62|153|92|76|240|167|208|64|48|155|196|164|166|180|212|59|140|4|235|75|163|177|28|254|126|204|190|247|153|26|152|1|186|231|95|204|186|151|20|25|152|99|178|69|211|145|165|164|37|92|19|201|183|111|89|136|192|134|3|210|98|34|43|9|211|251|228|253|14|233|98|193|83|232|144|231|36|65|139|122|77|89|133|3|207|96|68|175|136|161|191|219|211|213|88|143|39|136|241|101|227|5|252|11|57|151|66|15|207|110|245|238|93|85|27|100|108|44|147|56|107|227|11|75|42|13|111|182|32|183|119|118|179|218|102|96|121|20|193|239|126|246|185|209|249|224|123|195|129|205|230|46|205|189|155|129|192|211|158|173|190|199|18|25|137|170|132|64|67|247|6|87|186|156|119|179|68|170|200|167|131|221|38|153|13|185|232|85|20|36|27|248|225|72|85|71|234|19|211|199|159|194|3|174|
Overall Best: 0.9146 Generation: 20

Generation 23
Average: 0.9016 Best: 0.9127
Best Individual: 
C0 58|11|22|112|139|81|164|147|25|76|60|146|145|179|195|131|233|67|241|244|150|106|163|238|193|229|53|177|82|119|50|56|26|165|38|64|132|117|238|15|98|115|242|10|209|163|76|187|30|40|252|64|238|9|50|226|52|206|42|180|235|223|143|161|94|150|109|7|5|116|19|220|199|102|39|236|30|40|47|133|143|28|161|96|59|87|54|94|101|1|130|238|122|154|193|72|123|165|128|58|176|200|221|236|140|145|122|124|56|212|124|42|194|253|232|222|152|154|215|194|103|249|98|117|83|189|38|24|12|87|107|15|155|170|116|75|195|94|93|99|198|101|202|149|7|130|167|226|97|136|141|109|19|47|255|106|12|27|145|69|168|82|92|238|173|124|47|100|172|44|109|241|138|173|58|114|81|228|74|209|174|177|187|236|224|74|85|31|45|117|99|198|178|168|52|214|188|35|22|203|74|246|234|168|11|57|155|47|16|58|43|239|113|192|173|81|120|220|169|89|1|8|189|145|242|60|253|99|113|107|155|113|163|141|110|21|205|120|115|211|77|51|169|144|217|126|176|82|118|195|33|67|230|242|249|169|
Overall Best: 0.9146 Generation: 20

Generation 24
Average: 0.9004 Best: 0.9140
Best Individual: 
C0 58|11|22|112|139|81|164|147|87|76|60|146|145|179|38|8|233|32|241|244|150|106|163|238|193|229|53|177|82|135|50|56|26|165|38|64|132|117|238|15|98|115|242|10|209|226|90|187|30|122|252|64|238|9|50|226|52|206|18|180|235|223|143|161|94|150|109|7|5|116|19|220|199|102|39|236|30|40|47|133|143|28|161|96|59|87|54|94|147|1|130|238|122|154|193|72|123|165|128|64|176|200|221|54|140|145|122|124|56|212|124|42|194|253|232|222|152|154|215|194|103|249|98|117|83|189|38|24|12|180|107|15|155|170|116|152|147|221|93|99|198|101|202|149|7|62|167|226|97|157|141|109|19|47|99|106|12|27|145|69|168|82|92|238|173|124|47|100|172|54|143|241|138|173|58|114|81|228|74|108|1|177|187|236|224|74|85|31|158|117|99|198|178|168|52|214|188|35|22|203|42|246|101|168|11|57|75|47|16|9|43|239|113|192|173|81|120|220|8|89|1|8|189|145|242|60|253|99|113|107|155|113|163|141|110|21|205|120|115|211|77|51|169|144|217|126|176|82|118|195|33|67|230|242|249|169|
Overall Best: 0.9146 Generation: 20

Generation 25
Average: 0.9011 Best: 0.9190
Best Individual: 
C0 208|9|22|216|202|81|210|41|97|32|249|166|118|179|153|53|24|184|211|187|161|116|255|162|4|31|38|214|82|127|50|210|85|113|236|64|9|32|86|145|68|241|124|163|34|76|115|68|234|20|23|145|115|18|92|76|11|255|123|213|158|14|151|162|43|62|62|148|32|16|1|169|217|177|44|220|147|17|161|122|243|108|36|79|223|196|95|204|186|137|20|25|152|99|178|162|12|145|165|164|72|30|19|201|183|111|89|182|192|51|3|210|98|34|43|109|112|67|44|163|195|233|98|193|83|232|144|217|36|65|139|213|77|89|133|3|70|96|48|175|189|216|191|121|211|213|88|143|39|136|241|101|227|5|252|179|12|194|71|254|61|103|173|247|130|72|53|7|231|92|33|176|235|105|67|114|28|98|74|233|237|177|156|47|238|27|43|190|15|183|250|24|112|168|82|232|130|122|168|9|79|76|20|215|244|182|120|172|133|235|146|73|26|238|112|63|211|102|160|36|94|56|51|196|253|168|79|177|60|237|64|67|81|199|11|206|37|137|244|110|129|106|217|235|174|85|32|132|209|70|33|246|224|242|210|169|
Overall Best: 0.9190 Generation: 25

Generation 26
Average: 0.9007 Best: 0.9140
Best Individual: 
C0 208|57|22|216|208|81|164|41|77|32|249|166|118|179|153|53|24|184|211|187|161|116|70|191|4|31|87|214|82|159|50|56|140|113|236|64|9|32|86|11|190|241|124|163|34|76|234|68|234|145|23|145|62|18|92|76|11|255|123|213|158|155|203|162|43|62|62|148|226|16|87|169|217|177|44|220|147|255|161|122|16|108|36|79|63|196|95|204|224|228|80|93|240|206|92|81|135|90|35|138|88|108|191|5|246|253|122|189|105|233|64|124|40|237|66|17|126|95|57|84|238|232|227|140|83|189|54|231|2|87|85|15|161|101|140|41|195|94|239|99|247|93|163|49|235|130|186|116|113|253|183|109|246|47|255|142|12|100|86|69|168|82|165|99|231|237|47|214|23|137|109|241|138|173|58|114|28|98|74|233|192|177|156|224|72|27|43|190|15|183|49|24|112|168|135|232|166|122|168|9|79|61|207|215|244|182|120|253|133|235|146|73|26|55|61|63|211|102|160|36|94|56|51|196|158|4|79|177|60|237|64|67|81|199|11|152|37|137|244|110|129|106|217|235|41|88|32|132|209|70|33|246|224|242|210|169|
Overall Best: 0.9190 Generation: 25

Generation 27
Average: 0.9011 Best: 0.9153
Best Individual: 
C0 108|38|190|111|172|155|57|183|7|207|144|157|145|209|7|19|172|176|179|228|169|151|234|93|193|149|60|130|57|160|71|56|140|165|38|28|21|41|86|11|172|115|213|163|95|191|234|117|78|17|162|77|9|122|92|178|11|73|161|62|171|190|195|214|236|13|59|78|201|113|149|97|244|87|61|79|99|196|55|142|77|74|200|129|211|145|96|19|108|42|80|125|240|206|145|21|135|169|30|10|220|186|90|193|246|253|122|58|128|233|243|20|94|223|204|17|251|42|88|195|238|29|98|230|83|189|25|231|12|133|107|15|142|170|116|1|92|94|125|99|198|101|163|37|7|130|214|226|97|16|141|109|19|47|255|106|227|47|198|108|35|107|118|238|192|250|174|121|167|242|9|121|149|193|136|77|134|39|74|60|31|91|147|58|224|123|205|54|198|62|122|146|118|208|199|28|99|58|37|139|74|203|96|74|214|81|70|15|92|161|145|49|161|112|144|94|243|32|66|196|176|100|106|172|168|235|177|127|1|215|98|104|77|30|66|102|153|254|164|65|243|157|17|162|180|72|105|221|11|133|99|160|218|243|232|34|
Overall Best: 0.9190 Generation: 25

Generation 28
Average: 0.9002 Best: 0.9146
Best Individual: 
C0 108|38|190|111|172|134|245|183|7|207|144|157|206|209|234|161|235|176|179|228|169|98|234|93|193|149|60|42|82|127|64|210|85|113|236|110|9|32|86|145|85|252|124|163|34|254|115|43|78|17|162|34|12|122|92|131|11|73|161|62|171|190|38|72|236|13|59|78|201|113|167|205|244|87|61|79|99|196|55|142|77|74|101|126|211|145|96|19|108|42|183|3|240|206|145|21|135|169|23|10|220|108|21|15|246|253|7|58|17|233|64|255|165|223|204|17|251|42|24|195|238|151|98|230|83|189|38|231|12|133|107|15|155|170|116|1|92|94|93|99|198|101|163|37|7|231|214|226|97|128|141|109|19|73|255|106|227|47|198|71|247|98|125|238|192|250|80|116|167|163|9|121|149|193|136|77|134|39|74|173|31|91|187|58|224|123|183|54|198|62|122|146|28|208|117|28|99|58|37|139|74|203|96|74|214|81|98|15|92|161|145|49|161|112|144|94|243|32|66|169|188|100|106|46|168|109|177|127|69|160|98|104|61|30|66|102|153|254|164|65|243|33|17|162|180|72|105|221|11|38|99|160|218|243|232|34|
Overall Best: 0.9190 Generation: 25

Generation 29
Average: 0.9004 Best: 0.9146
Best Individual: 
C0 120|58|190|36|173|85|211|78|7|235|26|38|46|151|220|48|219|252|238|160|185|60|122|15|150|92|56|171|80|56|160|156|15|100|115|152|168|130|181|11|163|4|223|56|179|43|65|117|14|44|29|230|35|10|116|164|84|144|227|33|48|216|226|51|7|115|48|9|32|16|135|18|69|77|56|49|223|42|206|233|24|206|172|126|51|201|171|79|244|151|237|192|204|11|178|177|227|69|92|171|123|76|195|176|70|145|122|176|164|104|231|131|93|237|206|101|54|79|27|42|130|254|172|177|16|61|69|11|46|221|73|28|217|69|95|214|74|8|210|218|104|92|32|8|6|169|237|153|228|168|191|177|19|55|187|78|145|167|181|109|35|93|189|228|192|250|184|26|167|99|157|224|163|26|206|4|226|161|121|60|219|73|88|15|66|96|54|146|230|90|79|97|179|243|254|232|235|251|19|115|156|61|33|245|61|62|245|54|133|243|220|223|179|218|48|192|199|58|182|92|1|231|107|62|193|203|97|254|224|107|194|5|59|246|94|227|248|140|247|204|149|83|215|234|32|119|142|8|127|236|30|217|179|170|127|180|
Overall Best: 0.9190 Generation: 25
==================
    Best individual after 30 generations
    computed in 4,851.1870 seconds
    1464 elements out of 1593 correct.
    emerged in generation 25
    with fitness 0.9190
==================

