Starting evolution...

Generation 0
Average: 0.8636 Best: 0.8901
Best Individual: 
C0 149|1|2|3|4|136|225|175|179|226|251|160|12|97|14|168|16|249|185|34|199|21|22|176|210|78|228|47|80|227|30|31|253|255|140|105|36|173|38|208|247|186|42|43|201|182|96|66|48|59|91|6|52|146|170|195|124|155|58|49|215|90|56|63|217|246|233|254|99|69|70|71|72|230|204|75|76|15|25|79|120|81|234|67|84|40|87|86|88|28|61|177|92|93|156|94|252|198|236|147|119|190|102|103|104|154|106|129|108|9|166|111|224|44|114|193|116|117|118|73|89|98|122|165|62|23|126|127|205|0|130|121|132|133|134|135|95|137|138|181|145|141|142|143|68|152|53|178|107|17|77|19|151|171|128|24|45|55|158|231|11|161|162|163|164|183|110|203|150|8|139|153|18|238|174|85|240|50|20|169|180|51|112|60|184|13|65|235|188|189|101|191|192|115|194|109|196|197|172|35|200|241|202|159|74|144|206|207|39|209|239|211|212|213|214|167|216|64|218|219|220|221|57|223|148|33|157|29|83|229|54|32|232|27|82|187|222|237|125|131|10|113|242|243|244|245|41|37|248|5|250|7|46|123|26|100|
Overall Best: 0.8901 Generation: 0

Generation 1
Average: 0.8726 Best: 0.8914
Best Individual: 
C0 0|21|180|173|98|231|160|222|137|12|10|11|216|226|26|15|16|77|65|4|126|62|55|224|239|58|228|27|28|29|249|31|38|33|103|81|36|37|151|39|40|7|170|96|130|195|80|152|92|49|120|51|71|53|73|131|56|57|50|138|9|201|193|63|64|179|66|172|204|207|145|229|72|18|74|75|108|17|41|234|230|202|252|212|225|85|76|149|52|158|90|254|192|167|35|95|223|144|19|182|100|101|198|23|104|132|106|107|177|44|199|150|112|113|69|168|47|117|118|82|235|68|185|178|124|125|217|127|143|129|87|162|181|133|135|244|136|25|200|139|86|255|142|24|114|70|146|147|94|14|128|141|116|153|154|109|115|250|183|159|155|176|22|163|67|122|60|34|5|169|197|236|164|3|110|157|161|46|13|54|205|59|134|123|184|221|174|187|188|189|190|191|105|111|194|45|196|227|148|83|42|140|102|48|171|206|89|99|43|209|210|211|253|213|1|215|30|214|218|219|78|88|220|208|2|84|156|61|20|121|203|246|232|233|93|243|6|237|238|166|240|241|242|8|79|245|119|247|248|165|175|251|186|32|91|97|
Overall Best: 0.8914 Generation: 1

Generation 2
Average: 0.8770 Best: 0.8977
Best Individual: 
C0 0|46|69|173|185|5|160|222|137|14|155|240|124|41|26|15|16|77|165|133|247|59|159|172|113|235|228|27|28|199|221|43|38|33|162|81|36|213|151|153|111|217|197|242|108|234|132|249|192|13|120|51|71|53|48|22|56|11|50|161|9|61|250|63|206|179|76|224|204|104|145|85|72|95|74|75|130|17|226|19|84|198|82|212|181|167|177|186|216|29|66|91|92|103|94|25|208|79|98|254|143|126|42|131|3|67|123|150|227|107|106|193|112|60|37|89|169|117|118|252|110|121|45|49|52|205|87|127|128|129|214|203|231|73|2|244|136|18|175|34|90|144|142|24|114|70|146|147|35|149|100|180|47|68|154|125|115|225|218|55|44|138|101|219|164|65|166|139|236|116|170|62|141|189|174|195|176|21|178|93|57|10|86|183|158|152|248|80|188|184|229|148|157|31|194|58|196|134|191|105|202|140|102|83|39|64|119|99|40|209|210|237|253|187|1|215|211|7|182|163|78|88|220|223|135|230|156|201|20|171|255|246|232|233|54|243|6|30|238|239|109|241|96|8|23|245|168|190|122|4|200|251|12|32|207|97|
Overall Best: 0.8977 Generation: 2

Generation 3
Average: 0.8804 Best: 0.8989
Best Individual: 
C0 161|72|148|32|121|39|117|128|101|96|241|162|99|111|14|3|105|83|229|172|62|238|58|163|145|85|102|52|30|170|141|80|38|24|1|228|249|49|56|204|192|41|42|236|179|45|46|47|226|25|4|69|150|137|11|118|115|116|22|0|60|232|37|160|194|134|139|67|68|165|218|71|61|97|221|75|178|124|140|79|95|9|182|216|19|155|92|189|88|20|247|213|86|223|94|84|224|26|206|8|222|89|21|103|104|254|237|234|108|157|66|7|112|251|114|82|144|244|176|122|63|73|16|127|77|100|168|123|43|203|252|107|132|173|29|211|50|197|225|81|255|23|217|233|59|2|207|147|156|149|231|151|190|153|18|175|174|246|158|131|70|185|248|240|125|199|171|200|64|202|136|143|215|90|126|193|196|177|53|31|57|91|129|34|184|13|15|212|188|113|154|191|235|180|138|195|187|166|198|87|219|27|169|186|5|17|48|142|208|167|106|230|76|205|214|35|135|209|93|55|220|181|227|51|44|183|28|120|159|110|239|130|78|36|253|40|12|242|98|6|201|250|54|243|10|245|74|119|146|65|210|109|152|33|164|133|
Overall Best: 0.8989 Generation: 3

Generation 4
Average: 0.8821 Best: 0.8964
Best Individual: 
C0 85|66|135|229|4|9|154|31|162|179|143|124|13|168|152|242|53|17|122|182|42|173|93|150|228|22|74|243|174|111|178|193|32|161|24|12|26|210|38|37|40|129|29|43|185|86|50|47|148|76|19|72|15|108|246|71|239|117|212|59|175|190|176|21|127|195|196|67|61|180|70|234|245|57|94|64|36|244|78|35|73|205|81|95|144|114|248|39|28|177|90|52|92|89|102|96|231|218|48|222|157|189|91|0|104|149|54|69|55|109|136|51|112|240|172|233|232|224|227|49|160|121|163|225|247|171|126|60|8|18|194|84|83|133|251|216|200|137|237|128|120|221|142|65|241|145|146|252|79|186|82|203|14|153|151|25|156|206|131|118|113|23|80|6|164|165|220|167|33|169|170|56|119|106|63|208|99|41|158|166|181|88|226|58|184|75|3|5|188|138|105|235|192|155|254|183|236|223|46|199|207|201|213|255|139|116|98|2|7|209|197|87|44|130|62|147|45|217|159|134|214|202|110|97|141|198|123|211|101|103|230|140|132|77|34|253|30|107|238|187|219|1|100|68|11|249|191|27|10|16|250|125|204|115|215|20|
Overall Best: 0.8989 Generation: 3

Generation 5
Average: 0.8816 Best: 0.8977
Best Individual: 
C0 149|249|129|119|204|200|238|23|42|103|91|50|12|15|175|187|241|243|176|195|178|199|152|163|136|134|191|234|28|160|229|67|38|62|162|111|148|233|61|159|107|180|237|97|44|116|124|47|99|105|54|181|88|65|14|113|51|57|246|125|9|239|10|182|139|137|232|4|22|131|245|221|43|190|135|150|130|46|41|133|5|198|155|212|32|167|177|197|216|143|236|117|52|168|94|95|31|141|98|254|144|126|29|255|3|80|106|75|227|35|123|193|112|40|45|83|56|205|224|108|140|208|37|115|128|202|20|127|250|74|77|76|222|21|120|17|89|92|84|153|93|79|82|185|207|71|146|154|192|36|194|102|161|156|59|27|118|225|158|203|138|122|72|231|251|58|132|166|223|81|170|174|49|109|184|87|2|96|53|121|68|25|179|183|247|78|173|240|165|70|226|24|211|157|69|90|196|73|189|253|172|201|151|7|213|86|169|11|215|209|210|85|244|206|214|104|63|217|248|219|220|188|100|34|6|0|252|186|110|164|18|218|1|147|171|235|242|55|228|39|64|142|33|8|48|101|66|16|13|145|19|30|60|230|26|114|
Overall Best: 0.8989 Generation: 3

Generation 6
Average: 0.8816 Best: 0.8983
Best Individual: 
C0 31|47|129|119|204|200|160|23|42|103|91|246|12|15|175|187|241|10|176|195|6|99|152|163|136|134|202|234|28|8|229|50|38|133|162|155|148|233|239|159|107|180|237|97|44|206|132|249|199|13|208|69|71|118|48|22|25|11|67|161|59|61|243|63|158|179|33|224|113|104|188|85|72|17|65|9|130|95|34|20|86|198|111|19|32|167|177|197|216|143|236|117|52|193|94|46|149|141|98|254|144|126|29|255|3|80|106|75|227|35|123|168|112|40|45|83|51|205|4|108|140|178|37|115|128|191|62|127|250|74|77|76|222|21|120|190|89|92|84|153|93|79|82|185|207|88|170|154|192|36|194|102|125|156|150|146|135|225|139|203|138|122|43|231|251|58|124|166|223|81|27|174|49|109|184|87|2|96|53|121|68|56|137|183|247|78|173|240|165|70|226|24|211|157|181|90|196|73|189|253|172|201|151|7|213|5|169|215|57|209|210|221|244|116|214|131|182|217|248|212|220|245|100|238|54|0|252|186|110|164|18|218|1|147|171|235|242|55|228|39|64|142|232|41|14|101|66|16|105|145|219|30|60|230|26|114|
Overall Best: 0.8989 Generation: 3

Generation 7
Average: 0.8834 Best: 0.9014
Best Individual: 
C0 135|38|198|31|36|3|109|137|35|150|68|11|80|13|44|218|93|34|70|19|46|208|84|253|174|25|108|210|4|227|30|73|173|254|132|126|18|76|65|56|96|23|171|175|97|119|53|57|196|130|95|10|234|183|180|55|51|105|6|39|15|158|62|181|161|237|185|67|88|239|106|59|236|147|49|193|179|157|222|138|177|164|213|252|223|230|5|77|189|89|241|231|170|43|94|91|203|139|116|99|204|101|228|103|246|117|72|229|159|60|110|111|152|195|45|115|63|141|160|114|214|192|122|176|124|100|251|243|128|90|127|209|162|219|153|21|136|112|167|212|151|40|22|186|233|245|16|240|104|149|69|123|2|235|190|26|134|85|197|131|14|216|7|58|202|92|87|165|168|255|75|250|146|20|207|144|172|83|191|178|42|113|166|145|211|78|169|187|50|118|125|41|121|188|232|199|155|66|33|48|200|224|102|163|221|71|217|206|98|17|32|201|247|143|226|37|86|79|29|1|156|182|215|52|154|244|220|47|54|12|133|129|24|0|9|61|238|148|120|74|64|142|242|205|27|107|8|28|248|249|81|184|225|140|194|82|
Overall Best: 0.9014 Generation: 7

Generation 8
Average: 0.8818 Best: 0.9071
Best Individual: 
C0 234|151|86|2|250|224|201|170|31|232|218|176|127|117|133|96|206|116|204|228|130|42|22|29|156|59|56|114|68|27|67|169|183|39|4|219|187|53|121|165|10|125|61|238|80|50|126|95|71|129|166|177|193|46|255|163|149|140|217|33|108|195|70|145|7|30|184|48|85|115|223|105|36|99|161|148|49|77|194|43|62|9|254|11|134|152|106|210|103|136|90|98|41|81|94|243|154|200|190|64|21|239|104|0|139|118|63|112|37|132|175|244|185|240|172|107|5|207|198|124|6|192|208|20|83|84|73|159|222|122|237|171|229|160|79|178|28|141|215|225|188|199|47|14|245|66|128|235|213|167|60|137|216|179|168|155|113|180|75|97|144|91|196|236|57|231|25|23|226|135|26|138|88|251|221|101|100|82|15|93|109|89|51|131|189|87|227|212|157|182|162|76|181|58|3|191|202|197|74|24|174|38|16|18|252|44|102|120|146|205|119|13|1|34|17|72|173|253|92|242|147|40|65|241|110|211|153|54|19|111|35|246|247|78|142|52|220|230|55|158|150|233|123|209|45|32|143|69|248|249|8|164|214|12|203|186|
Overall Best: 0.9071 Generation: 8

Generation 9
Average: 0.8811 Best: 0.8939
Best Individual: 
C0 234|151|177|2|250|224|201|170|31|232|244|176|127|117|133|96|206|18|204|77|130|42|102|29|156|59|56|114|68|27|67|169|183|39|1|219|75|20|121|94|10|125|196|238|80|40|126|203|71|120|166|86|193|46|237|198|149|140|25|33|108|195|70|145|73|30|184|83|252|115|211|159|36|99|161|148|49|228|194|43|62|9|254|45|16|152|106|164|103|136|90|98|57|81|165|243|154|235|190|64|21|76|104|0|139|118|63|112|37|132|175|218|51|240|172|107|5|207|212|124|6|192|12|53|48|84|7|105|222|122|146|171|229|160|79|178|28|141|215|225|188|199|47|14|72|66|128|200|213|167|60|137|216|179|50|155|113|180|187|97|144|91|61|236|41|231|217|23|13|135|26|138|88|251|221|101|100|82|15|93|109|89|185|131|189|87|227|163|157|182|162|119|181|58|3|191|202|197|74|24|174|38|19|44|85|116|248|129|255|22|239|226|4|158|17|245|173|253|92|242|147|168|65|241|110|223|153|54|134|111|35|246|247|78|142|52|220|230|55|34|150|233|123|208|11|32|143|69|209|205|8|210|214|249|95|186|
Overall Best: 0.9071 Generation: 8

Generation 10
Average: 0.8810 Best: 0.8996
Best Individual: 
C0 101|120|151|122|167|13|117|172|214|109|24|15|177|82|176|65|185|35|179|64|124|18|8|220|105|7|97|69|114|238|197|80|104|157|57|17|240|53|223|30|46|50|29|225|43|195|144|181|182|165|173|51|28|221|58|94|219|168|245|127|118|252|4|63|205|152|78|170|59|249|216|20|135|22|92|112|160|116|38|224|189|227|207|136|85|100|163|107|48|237|90|229|47|243|91|161|234|70|131|6|5|239|49|26|2|39|84|67|164|209|74|242|40|132|175|186|241|235|247|19|166|110|171|208|230|149|246|55|1|76|202|75|95|126|31|233|206|203|204|178|140|187|142|52|133|36|139|21|79|37|87|16|62|153|88|231|232|143|73|113|137|71|33|210|254|193|99|244|44|60|9|180|192|115|174|169|200|23|125|106|145|198|119|183|184|155|211|150|72|56|102|191|146|162|148|228|215|10|188|54|41|129|25|251|32|248|81|3|138|255|250|217|66|213|159|154|68|141|34|147|236|199|218|121|42|222|0|98|196|103|77|253|134|27|83|212|156|89|130|11|61|194|86|201|123|12|158|226|128|190|14|111|108|45|96|93|
Overall Best: 0.9071 Generation: 8

Generation 11
Average: 0.8810 Best: 0.8958
Best Individual: 
C0 234|10|159|181|233|43|27|0|70|251|92|80|177|125|133|3|111|36|186|128|14|8|175|229|100|33|113|66|41|118|69|242|67|145|178|214|9|17|65|172|208|220|132|38|7|144|49|60|210|218|225|106|52|160|243|55|74|47|12|82|107|136|198|126|114|193|236|78|68|162|157|22|37|59|5|250|163|75|215|176|171|134|91|72|120|254|138|153|88|165|140|131|73|199|11|142|244|94|222|109|99|123|18|228|148|248|15|173|104|252|23|137|139|161|28|143|129|156|115|61|110|121|195|168|42|26|231|201|207|90|127|209|83|21|1|219|253|147|224|237|247|56|182|34|149|58|146|112|240|64|101|102|235|185|184|164|204|117|71|169|211|194|216|154|87|227|16|85|50|170|223|84|238|13|103|239|29|54|4|119|2|135|255|141|79|183|155|76|174|217|40|191|81|206|46|212|32|30|6|24|179|105|166|232|249|45|19|245|51|150|96|152|62|98|31|203|190|226|108|93|241|124|86|25|158|187|63|151|202|180|167|97|197|20|130|122|39|230|188|89|116|95|213|205|44|57|192|196|35|189|246|200|48|221|77|53|
Overall Best: 0.9071 Generation: 8

Generation 12
Average: 0.8804 Best: 0.8964
Best Individual: 
C0 18|230|228|66|219|243|221|15|42|199|62|41|8|128|151|254|137|80|224|203|64|110|178|183|188|72|5|215|239|204|247|164|225|195|77|180|90|234|132|89|17|56|99|242|85|145|46|44|35|49|244|10|192|240|83|159|127|78|95|184|118|212|177|98|22|160|156|112|55|196|76|253|108|40|4|162|60|116|79|122|163|227|150|136|233|133|47|81|205|139|158|91|94|217|92|37|146|86|113|117|100|30|73|59|218|206|169|207|135|126|53|88|194|167|13|187|97|75|241|123|220|51|87|14|6|24|67|211|103|115|65|210|231|171|2|155|202|173|213|28|39|185|223|186|12|25|120|154|134|23|141|252|21|1|11|216|71|232|153|9|157|140|20|131|200|68|148|34|36|182|129|102|238|109|193|250|69|101|209|121|125|32|29|3|190|111|0|63|201|106|236|143|198|138|168|175|16|114|189|251|226|166|152|48|38|191|96|248|172|179|176|165|235|61|214|170|19|142|208|45|119|104|222|124|181|33|57|147|255|84|107|174|27|229|54|93|197|130|43|246|74|58|161|70|82|7|237|50|105|245|31|26|144|149|52|249|
Overall Best: 0.9071 Generation: 8

Generation 13
Average: 0.8817 Best: 0.8933
Best Individual: 
C0 41|62|70|198|86|75|145|5|31|17|20|89|206|164|81|96|221|224|223|77|157|39|120|84|181|107|130|219|200|82|174|80|239|109|232|46|149|242|0|1|203|38|170|252|141|234|106|44|55|49|244|8|192|240|73|202|40|78|243|235|19|42|177|98|22|160|156|112|196|210|172|253|108|216|103|162|60|116|79|95|163|227|150|136|233|254|138|153|142|165|140|131|83|199|11|88|225|94|222|178|104|99|18|228|148|248|15|59|45|37|23|113|139|111|28|179|129|236|115|61|67|215|195|168|72|26|231|201|207|90|127|209|12|21|76|183|97|147|208|237|247|184|182|56|27|58|146|175|193|64|101|119|176|185|118|124|204|117|71|169|250|194|173|154|87|134|16|85|50|122|3|229|33|13|4|110|29|54|36|102|2|135|255|238|121|66|9|217|105|14|74|52|211|125|69|114|159|47|51|92|6|126|220|218|212|132|167|161|100|251|189|226|213|158|93|245|7|171|133|197|152|30|65|241|10|128|155|43|48|180|35|246|188|25|91|151|137|230|53|249|34|144|123|32|205|57|143|68|187|190|63|191|214|24|166|186|
Overall Best: 0.9071 Generation: 8

Generation 14
Average: 0.8807 Best: 0.8964
Best Individual: 
C0 174|7|73|218|193|118|237|34|150|171|117|101|13|136|91|147|185|121|64|51|49|186|57|3|214|122|110|120|168|244|245|162|196|254|207|164|14|44|84|229|75|83|220|43|215|213|225|182|160|151|96|142|42|156|236|129|65|93|176|60|163|82|56|111|233|212|33|177|35|18|228|77|249|178|222|70|97|8|230|203|61|190|175|66|85|140|243|238|47|62|201|146|126|68|152|29|63|5|224|109|246|173|2|137|165|4|139|11|52|24|134|253|130|48|10|78|76|98|208|32|223|0|234|81|169|38|143|108|144|92|39|195|199|15|226|20|28|50|86|102|138|192|106|219|79|187|248|154|209|206|167|252|21|1|17|216|135|232|153|89|133|71|179|131|155|242|227|55|132|141|128|200|74|181|170|158|113|9|125|166|53|198|37|183|184|119|211|36|72|12|23|231|105|204|67|217|80|58|180|6|54|124|94|46|189|104|210|116|103|27|69|251|240|112|95|90|247|40|157|16|123|115|25|239|107|59|221|188|202|241|41|26|148|161|19|205|255|149|235|127|114|45|194|31|191|22|145|250|159|30|99|88|172|87|197|100|
Overall Best: 0.9071 Generation: 8

Generation 15
Average: 0.8795 Best: 0.9083
Best Individual: 
C0 162|29|177|207|182|43|230|71|5|136|129|234|179|33|228|143|15|93|178|41|145|217|252|98|214|209|70|64|24|195|67|23|221|77|1|17|72|116|109|20|174|181|80|238|69|40|128|203|186|103|36|254|55|210|237|11|2|206|94|176|149|161|199|168|44|192|104|14|117|118|8|79|194|219|57|62|208|100|156|159|191|246|95|242|90|133|32|81|152|223|66|115|166|229|96|85|97|126|121|27|50|76|138|225|244|46|28|112|37|132|175|218|51|240|172|142|158|131|255|189|198|4|60|233|48|35|7|68|222|122|146|171|16|160|30|75|232|141|215|120|107|151|63|235|42|78|140|157|213|167|134|169|216|19|6|155|144|250|187|52|113|91|61|84|196|108|88|212|22|86|53|119|170|251|137|153|211|201|87|200|185|92|9|220|21|124|227|163|204|139|148|38|135|125|3|193|202|12|74|106|180|83|190|164|236|45|248|105|89|224|239|65|150|165|13|245|173|253|10|26|147|54|31|231|110|49|101|58|226|59|102|184|34|183|249|25|114|130|47|127|56|82|0|247|188|205|99|18|243|111|154|241|123|39|197|73|
Overall Best: 0.9083 Generation: 15

Generation 16
Average: 0.8805 Best: 0.9027
Best Individual: 
C0 162|29|177|207|182|43|230|71|5|136|204|234|179|33|228|143|15|93|178|224|145|217|252|98|214|209|70|64|61|195|67|23|221|77|1|227|72|116|109|20|174|181|80|238|69|40|128|203|118|103|36|254|55|210|237|11|2|44|94|176|149|161|199|168|206|192|131|14|117|186|170|79|194|110|57|62|208|100|156|159|191|246|95|242|90|133|32|220|152|223|66|115|6|229|96|85|97|126|121|27|50|193|148|225|244|46|28|112|37|132|175|218|51|240|172|166|167|104|255|243|198|163|60|233|48|35|7|68|222|122|146|171|16|160|102|75|232|141|215|120|107|151|63|235|42|78|140|157|213|158|134|169|216|19|142|155|144|250|187|52|113|91|24|84|59|108|88|212|22|129|53|119|8|251|137|153|211|201|87|45|185|92|9|82|21|124|17|4|86|139|138|38|135|125|3|76|202|12|74|106|180|83|190|164|236|200|248|219|89|41|239|65|150|165|13|245|173|253|10|26|147|54|31|231|105|49|101|58|226|196|30|184|34|183|249|25|114|130|47|127|56|81|0|247|188|205|99|18|189|111|154|241|123|39|197|73|
Overall Best: 0.9083 Generation: 15

Generation 17
Average: 0.8810 Best: 0.8989
Best Individual: 
C0 232|176|41|245|28|190|201|195|42|119|37|220|177|183|253|43|100|151|155|69|1|88|186|75|122|29|81|5|241|169|196|140|219|136|149|109|255|78|65|242|101|35|250|38|231|239|160|44|91|49|193|129|96|187|83|159|6|111|243|72|224|34|9|98|168|172|12|112|40|175|76|188|228|11|4|8|7|143|79|94|97|227|114|192|233|254|95|130|142|165|133|89|52|248|173|162|99|153|197|148|191|163|56|132|67|53|63|54|194|150|210|158|71|217|18|206|222|16|51|61|203|74|15|93|179|240|110|251|146|230|161|134|180|48|102|127|135|92|36|208|13|117|121|3|31|164|237|21|141|189|235|226|124|105|33|225|24|252|214|115|215|45|202|234|14|57|113|139|82|200|221|167|184|170|246|60|20|211|212|199|47|64|59|223|204|77|238|68|85|145|198|207|229|154|185|144|181|107|10|236|87|19|118|80|66|104|205|213|171|108|46|0|84|128|30|86|2|152|216|27|106|58|178|209|70|55|17|218|125|90|249|103|131|25|182|247|32|62|39|120|50|137|23|174|126|157|26|123|73|156|22|147|116|244|138|166|
Overall Best: 0.9083 Generation: 15

Generation 18
Average: 0.8816 Best: 0.8977
Best Individual: 
C0 115|135|252|60|247|43|230|71|5|136|204|86|179|33|27|143|15|93|241|224|145|217|177|98|165|209|70|64|61|195|67|23|221|210|92|227|72|116|49|20|174|181|77|238|69|40|128|203|118|103|233|254|55|80|111|11|2|44|94|176|149|161|199|168|206|192|151|249|6|240|90|13|172|173|4|8|7|170|79|243|97|66|150|1|215|129|138|101|100|166|201|251|248|82|162|235|198|132|83|31|184|160|213|137|214|219|139|141|32|46|226|57|25|48|255|38|45|99|24|186|212|35|154|81|120|196|62|106|102|144|122|105|54|12|50|3|28|180|113|153|39|17|232|228|19|63|29|197|65|76|87|26|119|185|108|10|200|133|189|95|171|41|142|147|131|18|134|51|220|52|104|89|207|30|182|158|0|218|78|229|91|202|216|205|59|157|107|73|121|117|159|231|21|112|34|222|178|237|155|130|53|156|187|42|253|124|68|242|109|148|85|22|169|37|96|127|188|74|56|164|234|183|36|88|211|110|208|190|191|14|125|225|16|58|175|245|146|152|9|84|163|123|194|193|75|114|140|250|244|167|126|236|223|239|246|47|
Overall Best: 0.9083 Generation: 15

Generation 19
Average: 0.8824 Best: 0.9002
Best Individual: 
C0 116|56|210|238|140|136|209|18|112|172|11|50|177|73|55|190|110|61|64|161|20|36|251|98|241|203|80|24|127|162|245|145|77|254|111|252|25|104|227|1|109|200|166|45|217|103|0|182|94|71|167|123|100|129|69|128|234|93|32|179|99|67|207|168|206|160|131|14|229|223|44|38|57|169|194|62|208|214|156|159|216|246|95|242|158|133|176|220|152|186|30|21|163|117|48|85|97|188|34|27|47|193|78|225|244|46|28|221|37|66|175|218|51|240|143|189|219|170|228|84|198|6|60|58|226|35|7|89|149|122|146|92|16|185|102|75|232|141|215|120|142|151|63|2|42|148|39|157|213|90|196|178|191|236|65|9|230|250|187|52|113|91|247|243|59|3|88|212|22|174|53|119|8|126|137|153|96|135|87|70|192|171|155|82|115|195|17|204|86|139|138|233|201|125|108|76|202|12|74|199|180|83|197|164|19|154|248|29|68|41|239|107|150|165|13|124|173|253|10|26|147|54|31|231|105|49|101|79|211|134|33|184|121|183|249|4|114|144|132|72|222|130|15|205|118|40|235|5|224|81|23|181|237|106|255|43|
Overall Best: 0.9083 Generation: 15

Generation 20
Average: 0.8815 Best: 0.8983
Best Individual: 
C0 241|88|220|36|19|144|173|119|120|31|161|16|130|77|126|67|35|108|49|71|150|96|198|81|179|214|51|75|15|196|12|138|147|86|45|110|195|249|245|201|210|84|99|79|177|3|25|125|43|238|152|153|123|69|240|68|83|255|166|178|228|47|131|197|193|229|203|205|180|94|74|28|92|235|170|176|172|221|190|127|72|188|50|85|226|118|239|129|102|209|111|98|6|217|139|116|10|107|183|53|112|165|225|181|29|162|254|17|14|207|230|218|33|61|2|202|78|246|211|38|0|213|20|7|42|5|113|215|135|9|32|91|73|160|132|182|106|141|171|227|40|174|44|60|149|248|140|48|4|167|18|66|216|46|65|89|185|194|64|23|97|253|54|114|117|222|58|212|242|41|169|27|136|95|137|101|105|199|157|168|109|104|100|159|93|87|57|62|250|115|148|90|124|80|219|243|163|133|30|237|37|192|164|122|34|26|70|231|251|121|76|8|21|236|155|233|11|244|223|204|151|191|103|145|146|200|252|189|175|22|24|56|232|142|55|39|128|59|184|224|134|206|13|156|208|143|63|52|187|82|186|247|154|234|1|158|
Overall Best: 0.9083 Generation: 15

Generation 21
Average: 0.8815 Best: 0.8958
Best Individual: 
C0 162|154|146|139|23|164|61|167|123|57|8|70|96|201|3|205|183|5|181|114|106|50|43|192|25|75|29|133|73|253|78|51|180|168|217|42|12|171|86|54|144|39|31|203|237|234|156|69|9|214|151|195|191|188|176|129|16|161|243|17|230|88|83|166|110|160|94|196|109|119|121|81|213|40|99|148|7|190|124|32|111|170|174|47|254|93|34|182|118|19|178|218|11|77|97|223|209|85|90|116|246|242|185|137|172|248|28|247|37|149|175|159|53|76|127|18|80|235|49|251|30|4|117|233|21|136|177|252|46|228|238|169|143|24|226|20|55|67|179|102|13|249|208|202|138|140|68|198|22|44|239|245|131|173|59|35|108|150|71|207|64|215|112|163|36|184|126|38|33|0|135|145|107|58|142|200|165|41|65|210|66|206|244|250|219|189|48|27|60|224|56|82|91|52|193|216|211|98|236|130|15|197|199|122|157|115|89|241|232|221|128|141|113|63|153|134|74|95|225|79|1|186|104|152|240|187|147|231|87|92|6|120|26|194|220|222|45|103|62|212|204|155|2|14|10|105|101|158|100|125|132|72|229|255|84|227|
Overall Best: 0.9083 Generation: 15

Generation 22
Average: 0.8827 Best: 0.8983
Best Individual: 
C0 230|229|72|183|223|43|139|231|5|136|177|105|86|79|17|190|246|16|32|201|168|83|156|224|147|100|70|146|61|166|3|204|94|116|160|227|237|130|187|206|174|14|176|109|33|40|76|203|202|103|97|255|42|80|144|11|180|131|182|110|149|161|2|181|220|41|148|192|205|29|90|81|213|185|99|235|7|114|124|89|117|170|111|129|254|93|34|96|118|175|178|159|145|56|125|62|63|50|152|253|31|12|162|225|242|18|28|121|191|214|84|37|119|240|8|248|188|164|195|251|138|4|23|233|49|26|78|252|46|228|238|169|143|24|226|88|55|67|179|102|13|249|208|25|30|140|68|198|22|44|239|245|134|173|59|35|108|150|71|207|64|215|112|163|232|184|126|38|69|0|135|158|107|58|142|197|165|74|65|210|66|54|244|250|219|189|48|27|60|196|77|82|91|52|193|216|211|98|236|154|15|200|199|122|157|115|123|241|36|221|128|141|1|209|153|53|217|95|120|85|57|172|133|247|194|167|39|21|87|92|6|137|234|171|73|222|75|113|9|212|51|243|186|155|10|19|101|127|45|151|20|106|132|47|104|218|
Overall Best: 0.9083 Generation: 15

Generation 23
Average: 0.8805 Best: 0.8977
Best Individual: 
C0 170|82|154|159|3|246|153|93|74|1|253|208|228|102|15|162|57|176|26|72|163|131|195|134|215|71|137|12|139|140|126|124|233|69|55|177|122|45|212|198|64|47|184|23|35|244|173|145|75|188|25|178|21|127|194|193|68|65|31|181|183|222|234|42|106|192|179|50|166|255|77|96|147|130|7|160|237|100|116|19|85|225|95|169|43|207|120|186|81|235|191|209|105|229|157|90|239|252|98|136|14|161|138|210|221|18|28|118|204|103|175|243|29|144|172|114|158|156|107|52|230|48|60|199|242|22|143|99|46|92|37|70|227|123|146|20|11|128|5|218|51|249|0|245|9|187|251|226|58|63|220|148|216|10|129|59|185|214|97|109|53|6|113|164|66|40|189|94|30|219|61|190|88|115|86|38|155|32|250|41|4|62|224|197|152|142|205|73|27|168|87|8|54|171|44|16|182|2|223|117|196|132|83|236|241|201|231|174|206|167|36|76|151|34|254|211|84|133|180|108|240|165|33|80|24|135|141|111|110|39|119|89|67|213|248|13|202|149|79|232|203|17|125|78|200|101|104|49|150|217|247|91|56|238|121|112|
Overall Best: 0.9083 Generation: 15

Generation 24
Average: 0.8792 Best: 0.8914
Best Individual: 
C0 90|133|183|82|218|240|200|8|101|3|128|230|176|24|203|108|118|117|23|205|149|55|13|31|28|209|49|221|144|140|155|173|0|69|151|177|42|89|169|30|64|47|160|220|196|99|67|145|165|132|154|178|9|127|167|71|98|53|206|181|113|79|94|233|191|192|104|18|238|213|179|227|122|252|7|62|237|100|208|186|85|246|95|39|83|207|32|114|11|235|66|115|105|229|123|81|36|126|88|166|14|76|50|225|172|138|217|212|204|59|175|243|75|19|194|46|236|68|120|184|134|4|180|27|111|22|143|244|247|135|242|20|41|92|234|70|231|33|5|241|93|77|60|245|116|187|248|29|65|211|210|119|57|232|170|193|163|157|146|106|35|188|124|197|142|96|153|80|139|148|195|201|107|136|198|12|159|199|255|141|48|6|131|250|239|44|182|40|161|52|56|84|171|150|219|152|45|2|156|223|109|87|63|51|253|72|58|17|1|37|34|158|73|215|86|164|112|185|102|174|226|21|16|121|38|26|129|125|216|25|189|43|15|249|254|110|228|224|130|147|137|54|78|61|251|74|214|91|162|222|10|168|202|97|103|190|
Overall Best: 0.9083 Generation: 15

Generation 25
Average: 0.8796 Best: 0.9002
Best Individual: 
C0 230|185|53|144|236|61|101|37|176|224|85|178|66|204|124|223|89|179|14|22|95|191|81|165|93|221|7|104|23|92|111|76|45|32|226|250|161|195|30|62|158|102|243|42|146|18|209|215|127|255|182|1|55|131|28|174|246|193|10|51|227|244|151|74|108|145|119|17|175|87|13|82|189|162|94|163|41|56|218|134|222|35|6|238|71|69|114|128|49|168|25|172|132|217|239|133|64|91|11|16|249|99|57|47|186|46|115|5|139|40|229|251|86|8|72|203|83|196|235|29|252|194|130|43|36|228|100|206|48|88|105|171|199|125|180|197|70|138|147|75|155|170|33|97|54|188|219|201|15|148|90|187|241|2|58|67|214|240|96|21|205|156|149|190|117|121|78|216|80|181|12|207|136|77|137|164|153|123|177|154|103|59|253|3|4|84|118|211|150|143|107|192|60|120|167|160|106|0|79|237|27|220|200|122|152|210|169|242|98|20|129|135|245|232|247|116|24|184|126|202|63|254|39|183|140|159|68|208|231|65|9|112|173|213|212|113|141|198|31|109|34|142|38|233|73|225|52|50|248|234|19|110|44|26|157|166|
Overall Best: 0.9083 Generation: 15

Generation 26
Average: 0.8804 Best: 0.8952
Best Individual: 
C0 162|155|174|134|74|113|33|62|144|88|161|131|178|204|92|28|195|1|228|12|216|7|227|193|4|51|240|14|160|246|5|78|108|39|210|142|150|182|186|181|82|120|87|46|143|53|67|145|198|27|128|91|173|109|191|115|41|225|111|176|22|71|163|102|171|119|242|124|55|236|94|47|56|19|89|25|31|100|38|136|148|140|95|156|93|69|114|45|164|168|126|172|132|60|239|3|64|152|11|247|235|99|241|80|106|255|221|146|139|218|65|251|196|226|203|72|2|86|112|151|252|18|243|9|194|199|223|205|219|68|48|26|202|125|0|197|32|206|147|75|158|6|167|97|30|212|201|138|15|222|207|98|57|103|58|63|49|90|79|21|179|238|42|190|61|121|23|8|35|229|36|215|29|77|137|73|153|217|177|105|76|209|43|133|214|84|118|17|183|253|107|192|154|185|66|250|149|117|96|237|70|10|200|122|110|44|169|104|187|20|129|85|249|188|213|116|24|184|54|83|159|127|34|40|231|175|232|208|230|123|130|189|157|233|254|13|220|248|52|244|224|234|37|166|59|135|170|50|245|165|101|16|81|180|211|141|
Overall Best: 0.9083 Generation: 15

Generation 27
Average: 0.8817 Best: 0.8977
Best Individual: 
C0 84|77|149|29|187|144|83|53|117|238|193|209|234|126|88|228|195|5|70|247|48|31|157|192|75|241|194|146|73|110|78|95|50|116|255|222|12|98|86|158|178|112|74|203|39|46|235|134|44|214|65|153|201|135|28|129|179|190|186|101|55|9|6|160|33|166|205|122|239|108|212|230|174|210|132|220|0|148|106|61|177|26|145|111|167|93|118|20|22|139|251|57|15|81|103|185|63|168|165|17|94|64|138|68|87|176|152|14|254|124|92|191|221|218|223|240|196|127|40|243|2|76|62|32|156|204|35|170|54|202|131|211|16|47|13|67|242|172|121|49|217|253|246|58|97|147|37|244|233|96|225|38|216|91|232|248|181|183|151|56|227|23|159|107|89|171|115|42|85|109|36|136|21|120|128|143|119|208|79|41|66|206|141|215|219|154|249|27|60|224|199|82|173|71|164|180|25|24|80|169|162|133|125|19|182|197|137|113|34|237|198|99|231|150|130|8|175|123|10|184|69|189|3|236|43|52|114|200|18|245|104|140|161|90|11|100|213|250|59|226|4|155|30|207|252|7|142|1|163|105|102|72|229|51|188|45|
Overall Best: 0.9083 Generation: 15

Generation 28
Average: 0.8835 Best: 0.9002
Best Individual: 
C0 199|216|187|130|76|228|162|14|192|100|243|234|204|83|221|175|77|103|219|81|151|191|218|11|1|238|134|12|4|72|40|127|92|35|168|209|23|236|91|149|242|239|206|90|152|17|178|25|227|7|129|80|208|124|220|61|177|113|188|217|62|254|56|99|196|44|67|47|70|179|33|82|214|6|109|96|15|190|229|78|157|38|174|252|142|233|34|182|161|19|20|194|64|28|181|89|118|42|172|115|246|186|97|73|210|140|160|249|158|156|106|10|105|137|8|57|139|164|0|251|138|183|111|52|79|26|205|128|98|235|3|176|143|24|226|88|55|54|122|195|13|45|224|110|30|18|68|198|22|245|232|185|247|102|253|166|255|150|71|46|108|27|112|163|165|184|126|213|69|50|173|104|59|58|250|170|159|74|65|117|51|29|189|107|123|131|154|148|223|93|121|222|36|101|32|169|212|9|87|5|86|39|135|116|141|120|48|211|241|180|244|94|95|145|49|201|144|63|132|248|147|215|202|85|31|114|230|16|153|155|193|37|167|200|197|171|231|207|203|60|240|237|133|66|41|75|125|2|84|136|119|225|53|21|146|43|
Overall Best: 0.9083 Generation: 15

Generation 29
Average: 0.8809 Best: 0.8952
Best Individual: 
C0 84|77|149|29|187|88|83|111|117|238|193|204|133|126|144|228|195|241|70|247|43|21|127|192|75|5|194|137|73|110|76|10|50|116|255|115|12|98|86|158|217|112|74|211|20|46|152|134|55|214|65|153|197|135|224|57|179|176|161|101|131|9|6|45|146|166|205|122|203|62|212|230|174|210|132|220|0|148|106|22|177|26|145|53|167|93|118|39|61|139|222|232|15|81|103|185|63|168|202|17|94|246|138|68|87|173|140|14|254|124|92|189|164|235|223|239|196|157|40|243|2|78|47|32|156|209|35|170|125|165|44|240|16|108|13|67|242|172|121|49|178|253|64|58|97|147|37|244|233|96|225|42|216|91|90|248|163|183|82|56|227|23|159|107|89|171|11|38|85|109|36|136|31|120|128|143|119|208|79|41|66|206|141|236|219|150|249|4|60|130|199|151|190|48|221|180|25|24|80|169|162|234|54|19|182|201|33|113|34|237|198|99|231|154|28|8|175|123|251|184|69|191|3|215|71|52|114|200|18|245|104|218|186|129|95|100|213|250|59|30|27|155|226|207|252|7|142|1|181|105|102|72|229|51|188|160|
Overall Best: 0.9083 Generation: 15
==================
    Best individual after 30 generations
    computed in 4,336.9410 seconds
    1447 elements out of 1593 correct.
    emerged in generation 15
    with fitness 0.9083
==================

