Starting evolution...

Generation 0
Average: 0.6362 Best: 0.7188
Best Individual: 
C0 110|125|37|129|91|150|228|2|136|193|149|174|167|100|44|104|50|119|126|65|117|73|91|2|141|175|22|40|210|149|119|45|222|119|49|88|181|73|118|144|88|173|20|247|210|36|11|30|237|28|192|180|180|67|227|123|112|184|110|25|9|198|150|45|148|31|16|170|83|58|198|254|175|170|11|20|122|194|70|134|75|194|128|193|241|74|57|197|211|72|221|153|94|42|126|53|9|42|130|196|252|11|228|208|249|141|180|169|59|251|241|231|164|42|54|150|54|2|61|192|140|163|57|182|18|141|163|97|227|20|119|77|95|169|218|4|19|22|180|88|18|203|49|9|187|239|241|18|160|144|105|111|129|186|14|246|96|214|15|35|60|171|172|67|66|7|187|179|93|201|135|11|101|107|16|46|163|194|150|99|57|236|118|64|103|174|177|78|40|165|213|221|40|218|138|64|242|8|222|2|29|15|43|134|62|152|150|76|230|205|88|234|255|119|63|147|184|131|137|70|193|55|200|184|132|180|66|240|248|185|108|65|16|137|17|57|209|23|31|130|245|94|125|86|64|198|232|131|237|36|156|116|42|135|110|184|
Overall Best: 0.7188 Generation: 0

Generation 1
Average: 0.6596 Best: 0.7018
Best Individual: 
C0 110|51|37|129|91|150|228|2|136|193|199|174|167|100|44|104|50|119|203|65|117|73|91|2|141|175|22|40|210|149|119|45|222|119|49|88|181|60|118|144|88|173|20|247|210|249|11|30|166|28|192|180|180|67|227|123|112|184|110|25|9|198|150|45|140|31|155|227|83|58|198|254|175|251|11|20|122|91|70|134|75|194|128|9|18|212|100|190|183|27|218|160|105|151|17|176|74|170|139|141|176|225|162|59|113|198|226|136|218|29|34|156|214|103|63|233|27|118|234|194|104|132|101|117|99|237|12|216|61|82|150|135|21|66|49|224|241|17|242|206|90|157|204|56|167|39|172|3|215|76|133|14|226|90|201|61|166|252|64|201|248|58|72|231|224|56|47|186|201|45|213|199|25|29|192|171|237|173|118|35|137|153|107|185|159|205|191|232|223|152|157|98|250|159|158|197|231|228|76|150|102|90|173|79|124|152|150|76|230|205|88|234|87|42|63|147|184|131|137|70|193|55|200|184|132|180|66|240|248|185|108|65|16|137|17|57|209|23|31|130|245|94|75|86|64|134|17|131|237|36|29|116|42|135|120|184|
Overall Best: 0.7188 Generation: 0

Generation 2
Average: 0.6645 Best: 0.7131
Best Individual: 
C0 81|180|185|230|104|19|4|12|151|133|57|190|205|184|133|160|162|59|44|108|44|1|6|225|177|49|249|126|15|146|129|216|30|210|222|75|75|222|36|14|157|45|176|217|28|112|68|27|147|136|160|28|197|231|99|99|18|233|252|250|35|187|232|77|197|135|83|87|240|207|133|118|89|84|255|76|185|245|224|178|211|75|48|26|39|201|164|211|118|168|95|147|232|41|89|6|237|51|0|133|20|6|84|204|53|13|235|159|238|224|141|189|231|187|190|152|156|113|141|81|212|141|250|44|165|3|224|90|177|43|39|22|144|17|101|174|140|164|37|48|1|219|191|193|11|200|150|219|17|14|146|34|89|32|176|73|213|180|236|194|19|181|232|96|197|192|168|187|195|179|43|251|238|53|227|75|150|202|111|68|186|230|178|222|111|4|225|140|220|42|97|139|239|41|158|51|77|81|229|77|76|6|221|34|154|6|198|57|159|14|24|91|224|48|249|93|21|149|120|239|83|236|14|161|78|15|230|132|151|78|61|50|56|37|91|63|93|18|18|57|212|36|225|123|237|11|172|14|105|63|5|100|171|172|140|6|
Overall Best: 0.7188 Generation: 0

Generation 3
Average: 0.6805 Best: 0.7320
Best Individual: 
C0 81|180|185|230|104|19|98|12|151|133|57|190|205|110|133|160|162|59|44|108|44|1|6|225|177|49|249|126|92|146|129|216|184|210|222|75|75|222|36|116|157|45|176|217|28|112|68|27|147|136|250|28|197|231|99|99|18|233|252|250|35|187|232|3|197|135|83|87|240|207|133|118|197|84|255|76|185|245|74|178|211|75|48|26|39|201|164|236|118|168|15|147|232|41|89|6|190|51|0|1|20|6|84|204|53|13|235|159|238|158|141|189|231|187|148|56|156|113|141|81|212|141|250|44|165|3|224|90|114|43|39|22|144|17|101|174|140|172|37|48|1|219|191|193|11|200|150|219|17|14|146|34|89|32|176|73|213|180|236|194|19|197|232|96|197|192|168|187|195|179|43|251|238|53|227|75|150|202|111|68|186|230|178|222|111|4|209|140|220|42|97|139|239|127|158|51|77|81|229|77|76|6|221|34|154|6|198|57|159|14|24|160|224|48|249|93|21|149|120|239|231|236|14|161|78|15|230|132|151|78|61|50|186|37|91|63|163|18|18|57|222|36|225|180|237|11|172|14|105|63|153|100|171|172|140|6|
Overall Best: 0.7320 Generation: 3

Generation 4
Average: 0.6888 Best: 0.7476
Best Individual: 
C0 81|180|185|230|104|19|98|12|151|100|57|190|205|110|133|160|15|59|44|108|44|1|6|225|177|49|249|126|92|53|129|216|184|210|222|75|75|222|36|116|157|45|176|217|28|112|68|27|147|136|250|28|197|231|214|99|155|199|252|250|35|187|232|3|197|135|248|87|240|149|133|118|197|84|255|76|144|245|74|178|211|75|48|26|39|201|164|236|118|168|15|61|232|41|89|6|190|51|0|108|20|6|84|204|53|13|235|159|238|158|141|189|231|187|148|56|156|113|141|81|212|141|250|44|165|3|224|90|114|43|39|22|120|17|101|174|140|172|22|48|1|245|191|193|11|200|150|56|217|14|27|34|89|32|176|73|213|48|236|194|19|44|21|96|197|192|168|187|195|179|43|251|238|53|227|131|150|202|111|68|186|230|178|222|96|4|209|140|220|42|97|139|239|127|158|127|77|81|229|77|76|36|221|34|154|6|198|224|159|14|24|160|224|48|249|93|21|149|120|239|231|236|14|161|78|15|230|132|151|78|4|50|186|37|223|63|163|18|18|57|222|36|225|180|237|11|172|14|105|63|153|36|171|147|157|6|
Overall Best: 0.7476 Generation: 4

Generation 5
Average: 0.6898 Best: 0.7451
Best Individual: 
C0 81|180|185|230|104|19|250|12|151|100|57|190|205|110|133|160|15|59|44|108|44|1|6|225|177|49|216|126|92|53|129|216|184|210|222|75|75|158|36|116|157|45|176|217|28|112|68|27|147|136|250|28|197|231|214|99|155|199|252|250|35|187|232|3|152|135|248|87|240|149|217|118|197|84|255|76|144|245|74|178|211|75|48|26|39|64|164|236|118|127|86|61|232|41|89|6|190|51|0|108|20|6|189|204|53|13|235|71|160|158|152|189|231|187|113|56|156|113|146|81|212|141|250|44|165|3|224|90|114|43|39|22|120|17|101|174|140|172|22|14|1|245|116|193|11|200|150|56|217|14|27|34|89|32|176|73|213|48|236|194|19|26|21|96|197|192|168|89|195|179|43|251|238|53|227|131|150|202|111|68|186|230|178|222|96|4|209|140|220|42|97|139|239|127|158|127|77|81|229|77|76|36|221|34|154|6|198|224|159|14|24|160|224|48|249|93|129|149|184|239|231|236|14|161|78|180|230|132|151|184|4|50|10|37|44|63|163|18|18|57|222|129|56|40|237|11|172|14|105|137|238|36|171|147|157|6|
Overall Best: 0.7476 Generation: 4

Generation 6
Average: 0.6950 Best: 0.7514
Best Individual: 
C0 162|240|237|230|104|19|192|105|50|36|237|45|110|196|101|67|191|110|62|3|179|244|131|81|173|58|17|155|119|147|47|107|138|89|240|243|9|189|40|40|180|43|109|224|205|160|206|133|216|159|18|89|21|41|245|108|158|94|56|166|97|76|107|35|171|189|234|248|143|46|178|58|178|129|63|188|246|86|233|115|90|116|190|149|241|38|121|42|79|236|204|56|91|225|197|232|40|138|54|159|2|167|77|201|184|220|2|169|11|205|147|203|172|211|150|6|240|38|176|181|202|56|72|96|238|113|91|121|17|95|108|159|97|73|8|191|119|18|184|253|212|203|104|53|51|4|225|22|195|0|233|199|86|241|127|36|109|190|199|81|116|177|252|157|21|57|138|77|108|127|167|244|188|187|157|101|69|195|56|15|249|194|9|139|59|183|131|193|143|80|128|53|228|244|242|164|2|32|69|152|15|63|221|91|95|208|39|57|159|3|24|160|224|48|249|93|21|86|120|110|231|236|14|161|78|15|230|228|151|78|61|50|41|36|91|63|163|76|18|57|222|36|225|180|237|11|172|14|105|133|153|190|171|172|140|150|
Overall Best: 0.7514 Generation: 6

Generation 7
Average: 0.7027 Best: 0.7489
Best Individual: 
C0 81|196|185|230|104|19|250|12|151|100|57|190|205|110|133|160|15|59|44|108|2|1|6|116|177|49|110|126|92|53|22|216|184|210|222|75|75|158|36|116|157|45|176|217|28|112|68|27|147|136|250|28|197|231|214|99|155|199|243|250|35|187|232|3|226|192|248|87|240|80|217|118|197|84|255|76|144|245|74|178|211|75|48|235|39|64|164|236|118|127|150|61|232|78|89|6|190|51|0|108|20|6|33|204|53|13|235|71|4|97|218|189|231|187|113|56|156|113|46|160|212|141|250|44|165|3|224|90|114|43|39|22|122|17|101|174|140|172|22|14|1|245|116|197|11|236|150|56|217|14|27|34|89|32|176|73|213|48|236|194|19|26|21|96|187|192|168|89|138|179|43|251|238|102|227|131|150|202|111|68|186|230|252|222|96|90|125|180|37|218|97|182|239|41|158|51|77|81|136|123|76|6|221|207|154|6|198|187|159|14|24|143|205|78|249|93|55|149|184|239|231|236|14|161|78|180|230|132|151|78|61|50|57|37|209|63|163|18|18|57|222|36|225|180|237|198|172|14|105|63|153|100|171|172|246|6|
Overall Best: 0.7514 Generation: 6

Generation 8
Average: 0.7040 Best: 0.7495
Best Individual: 
C0 81|180|185|248|104|19|250|12|151|100|57|190|89|110|133|33|15|59|44|108|96|1|6|225|177|49|216|126|182|228|129|106|110|210|222|75|75|158|2|172|157|45|176|217|224|112|204|27|147|136|250|28|197|231|214|50|155|199|75|250|87|46|175|226|228|184|83|87|142|232|38|57|89|178|84|70|112|100|224|87|211|75|176|26|39|201|244|211|90|168|223|147|177|41|89|6|217|51|246|133|20|6|96|23|193|13|235|120|238|224|114|189|231|187|190|152|228|122|87|162|212|141|250|163|165|3|224|90|45|133|24|22|159|17|101|174|140|172|22|252|1|245|116|193|11|200|57|56|217|14|140|34|89|32|176|73|231|48|236|194|19|158|21|96|197|192|168|89|195|179|43|251|0|53|227|131|150|252|201|68|173|28|178|222|249|4|209|140|220|42|43|139|239|127|168|127|77|81|229|77|146|36|221|34|154|6|198|224|198|14|24|160|224|48|249|93|165|149|184|239|231|236|14|161|78|180|230|132|151|184|190|166|10|189|44|63|163|18|228|57|222|129|208|40|237|11|172|14|105|184|238|36|215|147|157|172|
Overall Best: 0.7514 Generation: 6

Generation 9
Average: 0.7047 Best: 0.7495
Best Individual: 
C0 81|180|185|248|104|19|250|12|151|100|57|190|89|110|133|33|15|59|44|108|96|1|6|225|177|49|216|126|182|228|129|106|110|210|222|75|75|158|2|172|157|45|176|217|224|112|204|27|147|136|78|28|197|227|214|60|108|199|75|250|87|46|175|57|228|184|83|87|142|232|38|127|89|178|84|70|112|100|224|230|211|75|176|26|39|43|244|211|90|168|223|147|177|41|89|6|217|51|246|133|118|6|254|23|193|13|235|47|238|224|114|189|231|187|190|152|228|122|87|162|216|79|250|199|165|3|224|90|45|133|24|22|159|17|101|174|140|28|22|252|189|245|116|193|11|200|57|56|217|14|140|34|89|32|176|73|231|48|236|194|150|158|21|96|197|192|168|89|195|179|48|251|0|7|227|131|150|252|201|68|173|28|178|222|249|4|209|140|220|42|43|139|239|127|168|127|77|81|229|77|216|7|221|34|154|6|198|224|198|14|24|241|224|48|249|93|165|149|184|239|231|236|14|44|78|180|230|59|151|184|190|166|10|189|44|143|163|18|228|57|19|129|208|177|237|11|172|14|105|184|238|36|215|147|157|172|
Overall Best: 0.7514 Generation: 6

Generation 10
Average: 0.7070 Best: 0.7615
Best Individual: 
C0 162|1|69|230|104|19|192|183|145|12|237|45|110|196|101|67|225|110|181|3|179|244|131|81|173|58|17|155|119|191|194|107|138|80|217|243|230|189|82|40|207|7|109|97|205|165|234|254|6|104|157|142|60|176|45|3|20|131|120|247|82|14|175|76|108|184|55|49|25|192|47|61|233|2|153|164|156|221|78|8|25|14|254|87|50|206|129|36|225|105|205|51|141|72|121|185|31|83|138|105|74|97|94|238|160|119|168|169|108|178|165|184|233|199|150|131|189|118|6|11|223|242|158|94|6|186|146|167|24|105|170|137|224|212|244|72|237|187|166|144|228|220|30|75|38|232|164|48|99|94|139|105|159|253|131|11|66|212|80|119|106|181|201|170|197|79|38|187|68|133|43|202|238|222|44|119|75|159|111|64|186|12|9|139|59|117|131|79|184|80|128|189|79|33|242|164|2|32|69|152|15|63|221|155|95|208|39|166|159|249|24|160|224|48|249|173|216|86|205|110|231|236|14|161|78|85|230|228|151|78|128|196|41|36|91|63|216|76|87|57|172|229|58|180|130|11|172|148|105|53|153|190|171|98|140|162|
Overall Best: 0.7615 Generation: 10

Generation 11
Average: 0.7082 Best: 0.7520
Best Individual: 
C0 162|1|69|230|104|19|192|183|145|12|237|45|110|241|101|67|225|110|181|3|179|244|131|81|173|58|17|155|119|191|194|107|138|80|8|243|230|131|82|40|207|7|109|97|114|165|234|254|6|104|157|142|60|176|45|3|20|131|120|247|82|82|107|76|108|184|55|19|104|232|253|202|197|160|248|4|141|245|49|178|211|75|48|26|39|201|164|236|77|168|15|149|104|73|86|11|80|109|12|244|51|160|214|220|2|35|41|196|48|11|236|70|118|220|1|116|162|88|223|245|7|244|112|4|49|168|160|163|120|191|214|113|229|34|153|223|46|114|111|48|1|121|92|193|98|200|79|190|17|14|146|34|89|158|176|149|136|49|113|89|185|165|232|96|197|53|170|235|68|133|43|202|238|207|44|119|75|159|111|64|186|12|9|139|59|117|131|79|211|80|128|60|170|126|242|164|2|32|69|152|15|63|221|155|95|208|39|134|159|249|24|160|224|48|249|173|216|86|205|110|231|236|14|161|78|85|230|228|151|98|128|1|41|36|91|60|216|76|87|57|172|229|115|180|130|1|172|148|105|53|63|190|252|98|140|162|
Overall Best: 0.7615 Generation: 10

Generation 12
Average: 0.7054 Best: 0.7458
Best Individual: 
C0 118|238|81|129|149|176|156|12|82|201|208|252|205|184|50|206|162|59|187|80|44|1|78|84|90|49|249|90|76|181|101|216|30|137|43|75|161|54|36|212|233|201|164|214|99|112|68|242|147|171|160|28|154|231|243|99|85|233|252|118|35|187|116|77|236|217|83|87|240|232|191|193|114|80|134|76|185|189|64|73|136|200|161|57|222|201|123|146|125|14|95|227|144|147|71|24|249|158|0|18|51|167|91|138|169|13|120|79|238|158|27|200|144|187|85|2|156|113|67|41|212|182|250|97|165|3|224|90|187|43|159|223|120|161|78|233|17|172|200|69|1|111|155|143|51|210|117|245|195|230|95|199|220|113|95|99|191|110|37|38|18|17|101|245|29|46|10|56|209|241|228|96|61|62|177|164|141|50|149|40|252|106|122|31|41|211|45|197|24|123|210|105|210|138|38|111|197|228|169|150|102|6|173|3|34|152|93|201|229|139|24|160|224|48|249|182|165|149|71|239|231|85|14|161|78|230|98|157|214|237|87|72|29|41|40|107|55|35|121|208|228|9|100|138|20|126|223|187|200|63|5|100|171|21|163|117|
Overall Best: 0.7615 Generation: 10

Generation 13
Average: 0.7065 Best: 0.7514
Best Individual: 
C0 81|142|185|230|238|19|250|146|151|53|145|193|133|110|182|103|87|59|91|27|2|227|6|75|177|172|249|13|249|181|101|216|30|137|118|75|161|217|36|12|157|45|5|62|54|112|242|200|148|136|250|235|78|231|79|44|155|241|211|250|221|187|104|3|195|4|26|61|35|121|133|42|197|7|122|76|230|105|49|247|173|75|3|100|192|175|164|109|225|31|81|238|232|41|89|152|60|27|86|243|13|64|239|180|224|174|37|159|8|199|245|165|48|16|247|161|215|230|122|137|2|113|212|82|20|81|255|141|15|228|48|151|219|230|41|15|138|216|42|160|77|57|163|187|150|114|43|19|42|68|125|248|154|36|164|143|238|92|220|23|202|56|80|109|169|242|40|185|225|193|174|193|136|63|58|105|83|28|83|107|39|176|224|39|50|57|25|54|43|2|96|139|90|127|111|187|63|203|29|231|146|42|174|34|90|6|198|213|102|139|51|160|17|48|249|20|43|149|184|239|231|236|14|49|78|180|39|241|37|184|190|188|10|66|235|15|93|181|18|57|32|73|200|78|119|7|172|14|59|36|238|58|172|183|157|237|
Overall Best: 0.7615 Generation: 10

Generation 14
Average: 0.7117 Best: 0.7514
Best Individual: 
C0 81|142|185|230|238|19|250|146|151|53|145|193|133|110|182|103|87|59|91|27|2|227|6|75|177|116|249|13|249|181|15|216|30|137|118|75|161|217|18|12|157|45|5|62|54|112|242|200|148|136|250|108|43|231|78|44|155|241|211|250|221|187|104|3|195|4|26|61|35|121|133|42|197|197|122|76|230|105|49|247|173|75|3|100|192|135|164|223|225|31|81|238|232|41|89|111|60|27|86|243|197|64|239|142|203|174|37|48|8|199|245|165|48|16|247|161|215|230|122|137|2|195|212|82|20|81|255|141|15|228|48|151|219|230|41|15|138|216|42|160|83|57|163|187|150|114|43|19|42|68|125|248|154|36|164|143|238|92|220|23|202|56|80|109|169|245|40|185|225|193|90|193|136|63|58|105|83|28|102|107|39|176|224|39|50|57|25|54|43|2|96|139|161|127|66|187|63|203|29|231|80|42|174|34|146|6|198|213|102|139|51|160|17|48|249|20|43|149|202|239|231|236|14|49|78|180|39|241|37|184|190|188|10|66|235|15|93|181|18|57|32|73|200|78|119|7|172|14|59|36|238|58|172|183|157|237|
Overall Best: 0.7615 Generation: 10

Generation 15
Average: 0.7117 Best: 0.7646
Best Individual: 
C0 81|142|185|230|238|104|250|146|34|53|145|193|133|110|182|103|87|59|91|27|2|227|6|75|177|116|249|13|249|181|15|216|30|137|118|75|161|217|165|12|157|45|5|62|54|112|242|78|148|136|150|108|43|231|78|44|155|241|211|250|221|177|104|3|195|4|26|61|35|121|133|42|197|197|122|76|230|105|49|247|173|75|3|100|202|135|164|223|225|31|81|238|232|41|234|111|60|27|86|243|197|64|239|142|203|174|37|48|8|199|245|165|213|16|247|161|215|230|122|137|2|195|212|82|20|81|255|141|15|228|48|151|219|230|41|15|138|216|42|160|83|57|163|187|150|114|43|142|42|68|125|248|154|22|164|143|238|92|220|41|202|56|80|212|169|245|40|185|225|193|90|193|136|63|145|105|83|28|102|107|39|176|115|39|50|57|25|54|43|2|96|139|161|127|66|187|63|203|29|231|80|42|174|34|146|6|198|213|102|139|51|160|17|48|249|20|43|149|202|239|231|236|14|49|78|180|39|241|37|184|190|188|10|66|235|15|93|181|18|57|32|73|200|78|119|7|172|14|59|36|238|58|172|183|157|51|
Overall Best: 0.7646 Generation: 15

Generation 16
Average: 0.7146 Best: 0.7589
Best Individual: 
C0 81|11|43|143|245|19|235|12|241|161|37|190|205|110|133|33|15|59|138|108|238|1|77|168|177|49|213|155|119|115|194|107|35|80|27|105|230|131|146|204|207|249|109|51|80|165|5|197|6|104|159|142|60|176|45|3|20|131|195|247|82|100|158|76|100|184|55|219|255|232|253|202|31|160|248|219|141|243|49|43|211|75|48|238|39|204|164|236|235|86|15|149|67|73|58|11|80|109|12|244|51|47|214|220|2|35|41|196|208|11|234|25|118|46|37|89|162|109|223|245|113|244|142|218|49|146|167|163|16|212|39|22|144|17|101|114|100|165|51|36|87|30|213|93|210|49|161|39|213|79|183|113|134|32|176|89|213|38|93|30|46|181|90|163|244|152|222|52|131|168|177|65|160|157|5|104|91|159|217|77|59|173|79|222|246|227|194|238|36|123|72|248|137|116|193|57|170|228|208|158|129|55|204|64|126|243|12|157|59|23|135|183|82|239|207|93|21|108|242|51|136|71|14|13|159|108|230|218|97|78|94|135|158|10|244|53|18|172|108|115|48|36|225|180|108|187|222|14|105|89|153|206|171|147|225|92|
Overall Best: 0.7646 Generation: 15

Generation 17
Average: 0.7167 Best: 0.7608
Best Individual: 
C0 81|11|43|76|245|19|147|12|107|161|37|190|205|110|133|33|15|59|138|108|238|1|77|168|177|49|213|155|119|115|69|107|35|80|27|105|230|131|146|204|189|174|109|51|80|165|5|112|6|104|159|142|60|176|45|3|27|131|195|247|82|100|158|209|100|184|55|219|255|232|80|202|31|160|248|219|141|243|49|43|211|75|48|195|39|204|164|236|235|86|15|149|67|173|58|11|80|106|12|244|51|47|205|220|2|35|41|196|208|11|234|25|118|46|78|89|162|109|223|245|113|244|142|218|49|146|226|163|16|212|39|22|144|17|101|114|100|165|51|225|77|5|134|247|167|114|54|200|6|95|107|88|109|105|47|204|244|86|58|59|124|178|219|105|236|152|222|52|116|168|177|65|160|157|5|104|91|159|217|20|59|173|79|222|246|227|194|238|36|123|72|248|137|116|193|57|170|228|208|158|129|55|204|221|219|243|12|157|59|23|135|183|82|239|207|93|21|108|242|51|136|71|14|13|159|108|230|218|97|78|9|135|158|10|244|53|18|172|108|115|219|36|225|180|108|187|222|14|105|89|153|206|171|147|225|92|
Overall Best: 0.7646 Generation: 15

Generation 18
Average: 0.7189 Best: 0.7721
Best Individual: 
C0 56|127|81|142|167|9|156|12|76|201|35|17|205|177|133|92|238|69|78|45|139|1|78|230|90|49|249|33|193|107|73|216|71|216|218|164|134|158|198|154|20|209|176|54|103|144|168|89|141|196|148|168|156|108|28|71|94|115|1|77|52|50|61|103|119|91|245|154|160|208|200|39|25|148|35|237|159|43|227|164|5|225|225|12|167|107|242|144|190|119|171|138|33|6|126|171|146|250|144|18|241|167|136|180|169|13|120|79|238|193|27|194|144|149|85|2|156|113|89|76|118|167|167|72|144|170|213|171|18|212|39|22|97|201|101|114|100|191|91|205|189|30|116|118|11|240|152|132|217|14|154|95|7|97|179|186|8|98|236|41|236|158|201|96|188|198|212|155|95|51|69|191|204|246|144|31|25|132|11|117|173|28|223|248|122|211|194|14|84|123|73|248|161|100|66|187|63|203|124|231|193|42|174|34|146|6|198|213|225|214|24|66|0|33|146|41|241|91|80|78|0|114|14|228|78|251|91|149|133|207|39|213|28|23|91|15|93|222|136|14|212|224|225|64|177|17|99|227|143|63|210|100|171|145|80|78|
Overall Best: 0.7721 Generation: 18

Generation 19
Average: 0.7200 Best: 0.7615
Best Individual: 
C0 56|121|81|142|167|9|156|12|76|201|35|17|205|177|133|92|238|69|78|45|139|1|78|230|90|49|249|33|193|177|73|216|71|216|218|164|134|158|198|154|20|209|176|54|103|144|168|89|141|196|148|45|156|108|28|71|94|115|1|77|52|50|61|103|119|91|245|154|160|208|200|39|25|132|35|237|159|43|227|164|58|225|225|12|167|107|242|144|190|36|171|138|33|6|126|171|146|250|144|18|241|167|136|125|169|13|120|79|238|193|27|194|144|149|85|181|156|113|89|76|118|167|167|72|144|170|213|171|18|212|39|22|97|201|101|114|100|191|91|205|189|30|116|93|11|240|152|132|203|14|154|95|7|97|21|186|8|98|236|41|236|158|201|96|188|198|212|155|95|51|69|191|204|246|144|31|25|132|11|117|173|28|223|248|122|211|194|14|84|123|73|248|161|185|66|187|63|203|124|231|193|193|174|34|245|6|161|213|225|214|24|66|0|33|146|41|241|91|80|78|0|114|14|228|78|153|91|81|133|207|39|213|28|23|203|15|93|222|43|14|212|224|225|64|177|108|99|227|143|63|210|100|171|62|80|116|
Overall Best: 0.7721 Generation: 18

Generation 20
Average: 0.7204 Best: 0.7615
Best Individual: 
C0 56|121|81|142|167|9|156|12|76|201|35|17|205|177|133|92|238|69|78|45|139|1|78|230|90|49|249|33|193|177|73|221|71|216|218|164|204|158|198|154|20|209|176|54|103|144|5|70|227|119|159|213|60|247|88|3|20|131|195|222|82|177|158|172|129|184|55|123|255|232|211|76|31|33|44|79|182|177|171|43|92|75|225|12|75|107|242|144|190|36|151|138|33|6|126|171|146|245|140|18|82|167|136|125|169|13|120|79|238|193|27|194|144|149|85|181|156|113|42|76|179|167|82|72|144|170|213|171|18|237|39|22|97|201|101|114|100|191|91|205|189|30|116|93|11|240|9|132|203|14|154|95|7|97|21|186|8|98|236|41|236|158|201|96|188|198|212|155|95|167|69|191|204|246|144|31|25|118|11|117|173|28|223|248|122|211|194|14|84|119|73|248|7|185|66|187|63|203|124|231|193|58|174|34|245|6|161|213|225|68|24|66|0|33|146|41|241|91|80|133|0|114|14|228|78|153|91|81|133|207|39|213|28|23|115|15|232|222|164|89|212|224|225|64|177|108|99|227|143|63|210|100|171|62|80|116|
Overall Best: 0.7721 Generation: 18

Generation 21
Average: 0.7208 Best: 0.7589
Best Individual: 
C0 56|121|81|142|167|9|156|12|171|201|35|17|205|177|133|92|238|69|78|45|134|1|78|230|90|49|249|33|193|118|73|221|71|216|218|164|204|158|198|154|20|209|176|54|103|144|5|70|227|119|159|8|60|247|88|3|20|131|195|222|82|41|158|172|129|184|67|123|255|232|211|76|31|33|44|79|121|177|171|200|92|75|225|211|105|107|242|144|190|36|151|138|33|211|126|171|146|245|140|18|82|167|136|125|94|13|120|79|238|193|27|20|144|149|85|171|156|113|42|76|179|118|82|72|144|170|213|171|111|237|39|22|97|201|101|114|100|191|91|205|124|30|116|93|11|240|9|132|6|14|154|95|116|97|21|216|8|98|236|41|236|158|201|101|188|198|212|155|95|94|108|243|48|182|80|175|39|181|201|17|25|66|122|235|67|85|106|197|24|123|50|53|252|47|244|245|10|228|169|163|128|58|174|34|245|6|161|213|225|68|231|66|0|33|146|41|241|91|80|133|22|218|14|163|78|153|91|81|133|207|39|213|28|23|115|15|232|222|164|89|212|224|234|64|177|108|99|227|143|63|210|100|171|201|80|116|
Overall Best: 0.7721 Generation: 18

Generation 22
Average: 0.7232 Best: 0.7627
Best Individual: 
C0 138|129|81|142|167|9|156|12|171|201|35|17|71|177|133|92|238|69|78|45|134|1|78|230|90|49|249|33|193|118|73|221|71|216|218|164|204|158|6|154|20|209|176|54|115|144|5|161|227|119|159|8|60|247|200|3|20|153|175|222|82|41|158|172|129|184|67|123|255|232|211|76|31|33|44|79|121|177|171|200|92|75|225|211|18|107|242|144|190|36|151|138|225|107|126|143|146|245|140|18|82|167|136|125|94|13|17|37|238|193|27|20|144|149|85|171|156|113|42|76|179|118|82|72|144|170|213|171|111|237|39|22|97|201|101|114|100|191|91|205|124|30|116|93|11|240|9|132|6|14|154|95|116|97|21|216|8|98|236|41|236|158|201|101|188|198|212|129|95|94|108|243|48|182|80|175|39|181|223|17|130|66|122|235|67|85|106|197|24|123|50|53|252|47|244|245|10|228|169|163|128|58|174|34|245|29|161|213|225|68|92|66|0|33|146|41|241|91|69|133|22|218|14|163|241|153|91|81|133|207|39|213|28|23|115|15|232|222|164|89|212|99|13|64|143|108|99|25|143|63|210|100|171|201|80|116|
Overall Best: 0.7721 Generation: 18

Generation 23
Average: 0.7214 Best: 0.7659
Best Individual: 
C0 56|127|81|182|167|176|159|12|76|201|3|17|49|177|133|92|238|69|78|6|139|74|78|230|210|112|249|244|93|107|143|120|71|216|36|223|134|158|2|154|20|209|82|54|125|137|168|89|141|196|148|13|166|108|28|71|16|229|154|225|148|213|241|103|53|246|188|237|160|208|68|39|198|148|212|237|224|43|82|100|86|88|207|12|134|107|65|93|175|151|171|138|242|6|9|33|225|161|144|176|55|81|162|26|160|92|168|31|165|24|165|158|151|246|62|7|54|118|6|81|232|242|255|33|144|68|224|202|231|43|54|22|144|75|40|37|174|216|110|160|203|5|201|187|183|248|74|134|71|14|154|95|7|80|156|73|8|128|236|31|92|158|55|227|94|192|212|155|66|51|46|119|204|196|188|31|201|178|11|199|173|28|192|50|79|78|194|69|84|123|54|72|166|188|193|72|231|6|208|143|221|55|204|213|150|140|51|157|157|215|78|159|92|54|247|81|21|149|120|222|183|72|14|23|13|251|200|161|133|119|39|199|28|23|139|48|42|222|227|14|212|224|78|20|177|17|99|227|143|240|210|100|159|190|80|172|
Overall Best: 0.7721 Generation: 18

Generation 24
Average: 0.7178 Best: 0.7659
Best Individual: 
C0 56|127|81|182|167|176|159|12|76|201|3|17|49|177|133|92|238|69|78|6|139|74|78|230|210|112|249|33|198|107|73|120|71|216|145|223|2|158|2|154|66|209|68|54|254|45|157|120|141|196|148|13|156|241|28|71|16|13|154|225|23|15|241|103|119|91|245|237|194|208|110|39|181|199|212|237|224|43|82|215|153|190|172|152|134|107|65|68|190|151|45|138|217|6|9|33|96|161|144|18|130|81|139|26|160|92|41|31|216|24|77|158|151|246|62|44|28|118|100|120|94|242|255|33|144|33|224|202|231|43|54|22|144|17|2|160|27|191|149|225|77|5|129|247|251|114|28|200|71|14|154|95|55|97|197|35|11|128|236|41|92|158|55|227|188|192|212|4|92|51|129|69|204|193|188|31|201|16|11|117|173|28|192|27|84|78|194|69|84|148|54|72|13|188|193|72|231|6|78|125|213|55|204|213|143|140|12|157|72|23|78|159|233|54|247|149|21|149|120|139|183|72|14|23|13|251|28|161|133|119|39|199|28|23|139|48|42|222|227|14|212|224|78|20|177|17|99|227|143|240|19|100|159|190|80|172|
Overall Best: 0.7721 Generation: 18

Generation 25
Average: 0.7239 Best: 0.7583
Best Individual: 
C0 45|54|173|158|167|176|226|12|76|201|131|17|49|177|178|9|238|69|78|152|139|74|78|230|249|67|249|244|93|107|143|120|71|216|36|223|134|158|2|37|20|199|176|78|103|144|5|64|6|119|159|196|60|186|185|3|176|7|161|222|82|33|158|172|129|184|112|2|255|232|211|76|31|157|44|79|182|29|248|43|92|75|225|12|75|234|242|144|88|36|107|138|123|6|126|29|146|245|140|18|172|167|136|125|169|173|120|79|148|193|27|237|184|149|85|181|156|122|34|76|221|62|82|72|144|232|254|208|18|237|39|22|144|75|81|37|102|216|244|165|203|5|201|187|5|248|171|134|71|14|154|95|7|80|156|16|8|128|236|31|92|41|55|73|94|192|212|248|66|51|46|119|204|196|188|31|201|178|11|199|173|28|192|50|79|78|194|69|84|123|54|72|166|188|193|187|184|137|167|142|73|42|174|34|254|6|126|113|223|139|40|160|195|138|249|20|112|149|202|239|19|172|246|13|61|186|32|218|108|78|144|250|152|10|42|225|102|172|108|198|217|36|167|245|2|205|190|227|78|157|210|13|120|77|80|78|
Overall Best: 0.7721 Generation: 18

Generation 26
Average: 0.7210 Best: 0.7546
Best Individual: 
C0 56|127|131|33|167|176|159|12|76|143|3|160|205|213|133|151|238|69|78|65|139|74|78|230|210|112|249|244|103|107|143|120|128|216|69|223|134|158|2|154|46|68|82|54|164|6|241|89|141|196|148|231|227|108|201|71|16|218|154|225|4|132|241|103|119|89|156|12|35|145|90|42|197|55|254|21|230|105|49|40|173|248|3|236|76|74|164|36|225|161|12|147|82|22|203|49|31|149|237|144|74|46|157|238|6|161|33|78|229|167|229|186|151|0|136|99|54|180|50|81|205|242|42|219|106|87|135|62|116|43|54|22|144|17|2|160|73|151|89|58|77|5|129|24|137|114|28|200|71|14|154|77|7|97|179|35|8|128|236|55|92|158|55|131|188|192|212|45|92|249|129|114|204|253|104|31|201|71|59|117|173|28|135|50|79|78|13|69|84|123|54|72|166|222|193|72|231|6|30|125|226|55|204|84|150|140|51|67|63|23|78|159|197|192|247|186|96|218|111|1|231|128|221|91|109|106|91|242|72|8|66|135|242|243|144|172|18|18|20|198|94|82|225|180|177|189|47|227|230|63|210|100|198|190|80|250|
Overall Best: 0.7721 Generation: 18

Generation 27
Average: 0.7184 Best: 0.7583
Best Individual: 
C0 56|127|81|182|104|176|159|12|76|201|227|17|49|177|133|92|238|69|78|252|139|74|78|230|210|112|249|73|198|107|73|120|71|224|235|5|2|158|2|154|199|209|68|54|254|45|6|120|141|94|148|13|156|241|28|71|16|187|154|89|23|173|241|103|119|91|245|241|50|208|110|39|181|199|212|230|224|83|82|215|33|190|172|152|159|107|85|68|190|151|252|183|217|6|9|33|96|83|144|18|130|81|139|26|5|199|211|31|216|24|77|158|93|246|62|44|25|118|100|120|94|242|20|12|144|33|193|188|183|43|210|22|144|17|2|160|27|191|149|225|77|253|129|155|251|114|28|200|71|14|154|95|212|97|197|64|11|128|236|41|92|230|55|227|188|192|212|4|92|51|129|174|80|193|202|31|32|16|92|117|150|28|126|27|84|40|194|69|84|17|54|72|13|118|193|96|231|6|107|125|213|55|101|216|143|140|12|157|72|23|86|159|233|54|247|202|21|149|206|139|171|72|14|23|13|251|28|161|133|119|180|199|28|23|139|48|42|222|227|14|140|224|78|47|177|17|99|5|143|240|180|100|159|190|80|227|
Overall Best: 0.7721 Generation: 18

Generation 28
Average: 0.7133 Best: 0.7690
Best Individual: 
C0 227|108|81|97|167|9|156|12|206|75|35|17|71|177|1|92|238|69|78|45|134|1|57|230|90|49|252|33|193|110|93|172|195|9|119|164|143|158|71|154|65|83|176|54|121|31|168|89|122|187|231|71|60|247|88|195|186|210|245|222|192|177|158|168|124|184|156|86|35|4|185|42|198|242|84|21|39|105|201|188|86|96|207|12|134|222|65|134|36|6|18|214|242|47|9|33|225|126|176|106|55|81|162|185|36|67|168|31|165|24|165|158|72|246|62|136|54|42|6|81|232|242|255|60|210|68|224|110|46|43|54|22|144|82|40|37|49|153|110|160|203|38|15|187|167|114|246|67|217|210|154|95|15|50|190|73|1|159|236|150|51|96|14|227|188|192|57|155|202|51|46|149|28|166|188|63|89|64|43|216|173|145|145|21|35|78|106|152|176|216|210|53|252|133|224|53|120|30|169|207|128|63|56|16|40|29|161|213|178|133|232|230|32|120|146|69|241|91|69|38|115|218|14|163|241|5|91|145|118|214|39|213|28|201|52|149|232|235|62|89|212|99|203|231|143|108|99|25|208|63|39|7|171|201|80|116|
Overall Best: 0.7721 Generation: 18

Generation 29
Average: 0.7141 Best: 0.7589
Best Individual: 
C0 45|54|173|158|167|176|114|12|76|116|63|17|49|177|178|160|238|69|83|152|139|74|78|230|182|62|144|94|111|174|249|107|28|210|150|143|53|178|178|40|207|3|253|220|205|165|54|86|133|192|147|142|246|150|118|72|40|241|244|250|129|8|104|84|49|37|26|61|165|162|9|226|176|223|101|239|230|60|49|247|38|95|27|100|202|178|164|186|225|105|12|180|90|188|107|169|57|149|237|178|150|13|51|253|72|20|168|167|108|73|87|51|151|53|176|218|57|162|223|220|39|49|149|187|86|88|160|129|197|239|80|231|68|153|101|73|71|31|149|170|47|178|136|114|22|114|194|152|17|4|157|132|98|32|174|241|118|88|135|3|236|158|55|32|188|146|212|155|95|33|138|188|204|196|97|31|10|178|11|199|173|28|192|50|79|78|194|69|84|39|54|96|166|188|193|187|184|222|152|142|73|84|71|34|226|6|126|180|248|175|40|160|98|138|249|8|112|149|202|239|19|172|179|213|93|186|65|218|108|13|144|250|225|254|169|171|159|172|108|198|104|36|167|245|2|119|186|227|78|157|179|13|26|77|80|78|
Overall Best: 0.7721 Generation: 18
==================
    Best individual after 30 generations
    computed in 3,235.4210 seconds
    1230 elements out of 1593 correct.
    emerged in generation 18
    with fitness 0.7721
==================

