Starting evolution...

Generation 0
Average: 0.8810 Best: 0.8996
Best Individual: 
C0 123|247|92|145|98|1|197|182|186|190|204|105|183|161|49|60|243|7|138|201|78|152|190|89|193|93|195|211|49|5|22|241|15|148|85|39|239|88|54|167|28|74|43|7|79|79|254|92|20|149|178|146|59|28|22|120|45|235|126|131|46|204|96|159|176|95|122|89|127|69|160|194|120|190|95|212|71|113|233|176|182|76|43|56|198|124|244|142|15|0|223|170|142|47|148|233|101|147|208|167|203|200|200|64|211|204|37|117|113|233|49|54|190|199|130|230|43|117|227|205|251|45|220|4|76|112|230|102|98|149|246|74|48|71|204|78|102|148|16|162|183|13|53|36|113|34|181|73|209|133|53|108|48|84|209|54|79|39|230|0|251|174|91|206|88|82|155|61|25|120|65|227|87|115|128|44|121|215|124|76|38|211|163|242|46|157|100|168|205|57|168|78|198|21|160|7|50|177|171|241|61|49|101|133|104|31|9|247|49|229|209|46|163|93|28|203|147|165|153|154|239|23|39|59|5|43|77|43|28|175|234|144|130|28|242|207|151|203|181|228|43|52|195|185|40|90|219|15|49|242|55|119|170|49|229|216|
Overall Best: 0.8996 Generation: 0

Generation 1
Average: 0.8843 Best: 0.9033
Best Individual: 
C0 141|193|70|208|113|89|173|68|44|194|49|117|155|63|80|207|8|40|106|123|233|172|5|100|96|208|6|47|67|209|19|185|73|125|70|191|250|117|36|99|218|14|248|199|163|126|143|212|91|32|102|139|218|91|121|213|128|36|242|237|20|11|15|9|25|245|214|62|251|180|93|86|160|203|134|238|130|216|135|112|173|182|178|119|158|227|87|147|37|53|251|127|83|96|10|168|58|102|195|32|87|116|154|150|145|231|174|58|33|63|3|191|228|96|195|56|50|123|64|194|76|143|71|84|236|108|144|74|115|61|174|51|46|176|179|33|173|56|81|170|53|143|43|18|247|138|180|61|124|147|221|238|88|133|15|176|116|149|103|233|243|220|63|93|215|184|136|58|94|76|24|10|135|161|134|39|0|124|145|52|30|188|116|238|2|40|75|3|131|11|161|45|131|168|136|150|1|104|166|168|230|79|111|218|108|247|67|174|127|120|227|161|126|212|184|112|106|115|44|158|92|250|11|253|227|1|187|248|234|185|140|207|182|77|197|148|138|76|182|8|229|134|126|74|33|110|225|203|167|199|28|156|197|14|52|109|
Overall Best: 0.9033 Generation: 1

Generation 2
Average: 0.8864 Best: 0.9071
Best Individual: 
C0 123|247|92|145|98|1|197|8|186|190|204|105|183|161|118|60|243|7|138|180|78|152|224|93|193|93|195|95|49|5|22|241|15|148|85|39|239|152|253|167|28|74|43|7|53|79|254|92|20|149|178|146|58|28|117|217|227|235|126|131|46|204|96|159|176|95|122|89|127|69|43|117|120|190|95|212|71|61|233|203|88|76|43|78|198|211|94|142|15|0|223|170|142|47|79|233|101|147|208|214|174|131|189|84|59|236|193|66|196|247|235|33|135|152|204|31|177|242|114|208|102|165|160|217|108|169|228|223|219|239|73|77|28|146|127|150|164|25|254|80|18|144|0|240|246|202|74|23|26|36|125|234|233|209|239|126|72|214|61|52|229|139|241|200|182|29|70|80|223|6|206|12|96|94|230|212|193|33|81|83|196|240|42|157|182|168|59|63|72|252|24|61|177|146|99|145|83|168|34|144|179|96|109|43|75|33|96|174|176|176|205|123|49|82|218|143|18|213|104|44|143|12|202|250|65|191|15|153|28|199|234|144|130|28|5|207|224|203|181|228|103|97|195|198|40|90|219|15|201|242|55|119|86|49|229|216|
Overall Best: 0.9071 Generation: 2

Generation 3
Average: 0.8880 Best: 0.9040
Best Individual: 
C0 141|193|70|208|113|89|173|68|44|162|32|117|155|63|80|207|176|40|58|65|233|172|5|100|96|184|6|47|67|34|19|185|73|125|70|191|250|117|36|15|218|14|248|199|163|126|143|212|91|32|102|139|218|91|121|213|128|36|242|237|20|11|15|9|25|245|214|62|153|180|93|86|160|203|134|238|130|216|135|112|173|182|178|119|138|227|87|147|37|53|251|43|83|96|10|168|58|102|219|196|232|161|4|193|204|85|181|231|212|106|76|53|107|77|41|152|200|94|150|106|126|190|150|9|150|143|77|146|96|173|158|129|56|109|62|96|12|61|87|192|132|68|90|78|123|192|100|118|176|150|199|85|132|108|14|13|214|183|155|245|29|177|212|25|223|86|246|46|12|112|29|151|205|24|30|25|165|127|251|234|135|223|195|161|158|173|254|179|239|207|1|252|82|117|86|93|35|92|204|198|2|228|217|91|114|45|145|117|40|96|152|99|84|192|130|63|250|77|132|57|89|188|167|210|110|205|85|166|49|250|146|247|251|239|197|236|138|76|182|8|229|13|126|74|33|111|225|203|37|199|56|156|197|14|5|177|
Overall Best: 0.9071 Generation: 2

Generation 4
Average: 0.8907 Best: 0.9058
Best Individual: 
C0 123|247|9|145|98|1|197|182|101|118|204|78|50|161|74|60|243|132|138|201|78|152|190|89|76|1|102|211|49|78|22|241|15|148|85|249|239|129|54|167|103|74|43|7|135|79|60|92|4|223|178|146|59|28|22|120|45|235|126|131|46|204|96|159|176|95|122|89|127|1|160|194|120|121|95|61|71|113|215|176|126|76|168|56|198|124|244|142|15|0|223|78|142|47|112|233|87|147|208|167|203|200|42|64|211|116|37|149|113|233|49|54|30|160|68|230|43|117|227|205|251|45|9|210|76|203|95|169|124|144|92|210|85|187|107|172|147|231|68|201|220|197|199|69|34|175|171|87|164|213|3|102|11|5|99|203|247|171|158|6|41|33|223|184|230|96|48|171|62|59|27|91|218|252|157|242|233|156|131|167|10|176|177|149|96|124|78|5|133|20|241|227|139|189|11|106|120|87|40|177|157|98|223|39|110|153|52|165|40|234|156|147|51|238|196|124|111|135|9|174|24|41|129|45|65|97|191|21|90|98|170|201|27|65|0|180|223|74|181|228|189|10|195|185|40|217|178|15|49|242|55|119|148|49|0|216|
Overall Best: 0.9071 Generation: 2

Generation 5
Average: 0.8922 Best: 0.9046
Best Individual: 
C0 123|247|43|145|98|1|197|8|92|190|204|170|183|161|118|60|243|7|138|58|78|152|224|93|193|93|195|95|49|5|22|241|15|148|85|39|140|174|253|167|28|74|208|160|53|79|254|172|133|149|152|146|58|28|41|217|227|235|57|140|46|204|161|159|176|95|205|89|127|69|160|194|120|16|95|145|246|94|233|176|182|131|211|56|174|152|244|142|15|0|223|78|147|47|112|233|101|147|208|167|203|200|22|64|211|204|37|149|113|94|49|54|190|83|130|230|43|117|227|76|251|32|220|37|76|203|99|116|98|149|246|2|48|176|150|78|49|148|6|162|183|13|53|36|113|34|181|73|209|89|58|107|48|84|26|27|79|39|223|45|251|174|91|155|88|90|160|61|25|120|65|227|87|115|128|223|121|215|124|177|38|211|38|242|46|48|134|168|55|51|231|23|7|58|40|137|1|104|166|71|5|217|113|186|173|134|36|141|76|47|220|57|14|68|195|243|252|12|139|225|47|12|202|17|65|191|15|153|28|199|47|144|130|28|5|129|224|203|74|228|103|97|195|198|203|90|234|15|201|84|55|246|86|49|229|216|
Overall Best: 0.9071 Generation: 2

Generation 6
Average: 0.8919 Best: 0.9058
Best Individual: 
C0 174|116|113|0|55|49|153|11|169|150|123|215|128|63|103|104|95|78|178|7|31|195|112|232|159|13|196|93|252|181|65|27|186|109|78|163|23|54|115|41|19|15|245|176|88|36|141|177|48|136|135|171|51|168|232|183|134|233|138|62|37|11|221|164|253|168|220|242|74|55|254|6|254|241|226|57|150|142|244|129|173|50|43|205|216|227|19|19|99|247|24|228|23|236|90|18|226|88|200|196|232|161|3|18|212|85|221|95|92|144|149|70|49|77|198|152|200|36|38|214|70|128|113|250|172|187|163|11|20|175|155|210|85|209|251|172|15|231|213|201|220|175|165|236|34|175|45|87|246|103|3|102|11|5|99|76|125|160|26|135|57|200|161|148|170|153|145|116|236|80|160|14|99|179|51|216|225|182|158|97|173|189|71|4|225|207|131|132|224|234|234|82|130|78|99|177|190|143|215|203|40|23|245|30|80|68|170|32|41|57|34|140|132|253|178|108|46|125|174|20|165|249|66|248|134|155|99|92|173|217|159|235|203|134|87|161|10|4|132|220|130|209|171|49|253|100|50|233|111|144|160|218|213|64|182|185|
Overall Best: 0.9071 Generation: 2

Generation 7
Average: 0.8941 Best: 0.9071
Best Individual: 
C0 123|247|52|145|41|25|197|63|170|190|204|206|250|161|118|112|80|127|138|180|33|152|7|93|159|93|195|177|145|199|22|241|15|69|85|129|189|120|89|206|174|74|82|15|221|35|87|238|117|27|12|240|234|244|123|30|173|201|131|48|3|177|136|227|145|117|211|110|53|195|65|132|185|247|237|199|213|254|5|65|45|66|45|95|238|221|155|187|132|25|105|5|184|60|235|36|20|86|8|111|245|142|226|109|181|227|210|67|114|144|149|135|49|77|41|152|200|36|150|162|70|128|107|250|172|89|163|11|212|169|92|210|85|209|236|17|47|231|38|201|220|22|165|241|34|133|45|50|246|213|71|102|11|131|99|76|125|27|26|135|57|113|112|148|170|153|145|116|236|80|90|14|99|179|51|216|175|161|124|76|38|211|163|242|87|125|78|5|138|111|16|227|139|189|24|67|120|236|40|80|157|98|223|76|110|153|52|143|40|234|156|147|51|104|196|124|111|28|9|174|239|241|39|8|5|43|6|43|186|208|234|144|221|226|229|170|224|203|55|228|103|52|195|137|40|124|219|15|201|242|246|119|94|159|47|216|
Overall Best: 0.9071 Generation: 2

Generation 8
Average: 0.8935 Best: 0.9090
Best Individual: 
C0 123|247|92|129|98|19|197|42|128|190|204|55|183|7|118|60|243|7|121|180|230|152|136|35|129|36|196|9|31|181|65|126|186|38|78|176|89|54|235|41|154|15|245|176|88|36|39|177|48|70|135|171|229|168|232|210|222|24|130|62|155|47|94|53|253|115|220|77|74|50|25|6|254|75|226|93|208|142|3|129|102|50|78|205|216|227|242|19|99|247|24|121|133|236|90|10|204|86|172|140|232|161|34|18|207|85|171|167|215|144|149|160|183|103|41|195|235|36|150|214|70|160|113|101|172|126|163|31|212|13|172|252|209|209|251|33|95|243|81|167|126|230|43|21|239|138|29|61|124|147|3|102|11|5|99|76|125|160|163|123|57|200|161|38|170|212|119|116|123|133|82|14|239|179|237|216|242|182|16|52|30|177|116|238|195|29|75|3|131|11|252|155|131|33|187|150|31|104|133|168|230|181|71|218|128|80|141|117|4|120|127|234|126|92|225|112|106|68|101|158|156|194|11|253|227|102|170|251|234|185|219|146|156|67|76|83|97|19|64|168|33|156|31|190|4|195|169|29|2|217|183|119|86|49|229|144|
Overall Best: 0.9090 Generation: 8

Generation 9
Average: 0.8937 Best: 0.9065
Best Individual: 
C0 123|247|92|129|184|19|197|42|128|190|204|55|183|7|118|60|243|7|180|180|230|152|136|35|129|36|196|9|31|181|65|126|186|38|78|176|254|54|235|41|132|15|35|176|88|36|39|177|48|220|135|171|229|168|232|210|222|24|130|62|155|47|94|53|253|90|220|77|143|50|25|6|254|75|226|93|208|142|3|129|102|50|78|205|216|227|242|19|99|247|24|121|133|236|90|10|204|86|172|74|243|161|34|18|207|85|171|167|215|144|149|160|35|103|41|195|235|36|150|214|70|160|113|101|172|126|163|31|212|13|172|252|209|209|216|33|204|243|81|167|126|230|43|21|239|138|29|61|124|147|3|102|124|5|99|76|125|160|163|72|57|200|65|38|170|212|119|116|123|133|82|5|239|179|30|216|242|182|16|52|30|177|116|238|195|29|75|3|131|11|252|155|131|33|187|150|31|206|149|168|230|181|229|218|128|80|141|117|4|120|127|234|101|92|121|112|106|68|101|160|156|194|11|253|227|102|170|251|234|185|219|146|156|67|76|83|97|19|64|168|33|156|31|190|4|195|169|29|2|217|183|119|86|215|229|144|
Overall Best: 0.9090 Generation: 8

Generation 10
Average: 0.8944 Best: 0.9071
Best Individual: 
C0 123|57|65|145|65|223|197|63|170|190|204|206|30|161|118|112|80|127|138|180|33|152|7|93|159|170|195|177|145|199|215|241|15|113|85|129|189|120|178|206|174|74|82|15|221|3|87|238|117|144|12|116|234|244|2|30|173|212|131|48|3|177|136|50|145|92|211|110|135|195|65|132|185|247|237|199|213|189|5|65|45|66|45|17|238|221|155|238|69|147|105|102|184|60|235|19|20|86|218|111|23|142|117|109|181|227|9|136|114|144|149|135|83|77|41|152|200|36|219|162|131|121|107|250|172|89|163|44|212|169|92|210|85|193|236|17|47|231|65|201|220|22|165|241|133|133|184|28|246|213|31|112|11|131|99|76|125|42|26|135|57|113|112|97|170|153|145|116|232|80|90|14|99|245|51|128|175|161|77|76|38|211|95|242|87|125|78|5|138|111|16|227|119|96|24|67|120|236|40|80|117|98|223|76|110|153|52|28|40|234|156|78|51|104|233|124|239|28|9|174|239|92|39|8|5|121|6|43|186|208|234|144|221|226|229|16|230|203|55|228|103|52|195|137|40|124|219|66|201|242|246|119|130|159|47|216|
Overall Best: 0.9090 Generation: 8

Generation 11
Average: 0.8950 Best: 0.9090
Best Individual: 
C0 123|247|52|193|41|180|5|63|170|190|204|206|250|233|118|125|243|95|121|180|230|152|136|35|129|36|196|9|31|67|146|245|186|38|78|176|89|54|235|41|186|15|245|226|88|36|39|177|48|70|135|171|229|168|232|210|222|208|130|62|155|47|94|53|253|115|57|77|74|50|25|6|254|75|226|93|208|142|236|129|102|50|78|205|113|65|242|146|249|247|24|121|133|236|90|111|8|86|172|140|232|161|94|105|243|85|171|167|215|144|149|160|183|103|224|189|191|235|150|34|70|124|113|101|172|99|163|31|212|13|172|210|22|209|231|179|215|84|84|130|220|175|165|236|31|175|237|87|57|41|220|4|11|120|64|106|125|172|26|135|57|42|161|148|170|153|2|192|236|80|86|63|135|179|51|216|98|77|230|97|173|189|71|4|225|57|131|132|112|234|234|103|130|33|187|2|20|104|133|168|230|181|71|218|86|230|141|160|141|25|127|234|126|92|225|81|106|68|101|192|75|194|11|173|227|102|170|251|234|185|219|146|156|67|76|83|97|19|85|228|103|52|195|137|40|5|70|161|201|242|246|119|94|159|47|216|
Overall Best: 0.9090 Generation: 8

Generation 12
Average: 0.8956 Best: 0.9090
Best Individual: 
C0 54|239|165|46|12|148|50|228|178|69|90|172|68|97|124|94|85|20|202|186|249|243|31|95|192|13|62|235|169|103|65|126|239|221|4|108|241|54|37|184|225|219|21|250|205|126|60|92|123|131|37|134|11|61|105|120|162|235|93|160|131|29|86|206|58|172|134|46|28|30|1|194|120|16|199|151|130|161|97|112|173|182|178|32|121|227|184|99|66|53|251|139|83|248|10|168|173|102|41|63|161|213|4|193|204|85|181|231|212|226|76|101|181|85|126|152|92|94|236|106|143|176|122|3|52|143|181|88|212|220|92|198|209|217|107|40|147|173|213|201|220|175|165|236|36|175|45|87|57|41|229|4|11|120|64|106|125|117|26|68|179|200|161|148|170|153|44|116|236|80|82|240|46|179|95|112|225|54|16|148|34|113|45|91|19|40|64|189|131|251|161|155|211|58|91|48|31|209|50|30|244|139|97|193|145|90|33|28|74|152|243|52|235|224|88|0|146|206|116|158|173|250|70|115|130|1|187|248|253|185|200|164|68|67|145|103|135|41|218|102|33|156|31|190|167|187|231|29|2|217|124|34|162|228|238|199|
Overall Best: 0.9090 Generation: 8

Generation 13
Average: 0.8958 Best: 0.9127
Best Individual: 
C0 241|116|62|222|33|183|153|11|75|150|123|150|156|123|78|104|113|78|178|7|243|195|90|138|94|180|64|74|147|222|197|232|201|5|255|12|142|63|220|239|167|160|73|237|221|165|208|10|0|127|12|200|161|3|35|6|136|44|63|63|116|56|179|227|145|126|254|181|33|1|163|194|120|219|95|61|203|161|55|211|177|198|48|157|238|111|255|187|242|246|236|228|19|236|90|97|36|88|127|252|233|161|61|93|212|85|221|200|148|225|126|5|86|77|198|152|62|36|69|214|53|189|113|250|172|136|161|11|20|175|181|252|209|102|251|33|147|231|145|201|96|175|236|241|106|175|45|82|170|231|43|102|131|103|99|76|125|160|160|123|207|234|128|60|143|161|79|22|25|171|111|193|109|13|72|90|42|173|8|180|70|185|163|109|71|157|74|109|190|216|14|250|183|24|69|112|31|179|36|16|195|25|247|240|105|27|33|52|63|145|190|52|126|215|39|207|134|128|38|65|139|250|189|185|227|166|187|12|127|185|140|35|156|168|60|62|130|77|64|87|167|144|242|190|253|75|66|239|2|206|26|143|85|64|13|135|
Overall Best: 0.9127 Generation: 13

Generation 14
Average: 0.8956 Best: 0.9090
Best Individual: 
C0 54|239|70|205|12|148|193|228|20|69|143|86|94|64|124|246|85|20|202|147|183|88|31|231|192|13|62|38|15|233|65|126|135|83|131|108|86|161|178|206|174|229|133|15|28|81|87|238|117|249|12|116|234|244|2|47|162|235|126|225|221|204|250|50|176|71|30|133|88|40|195|73|120|121|95|193|47|155|230|50|23|130|43|25|241|8|156|147|138|110|64|46|85|180|47|165|58|217|128|131|1|113|205|194|75|214|241|115|32|93|143|120|183|172|127|152|116|231|217|214|70|145|77|65|99|168|163|31|212|172|92|129|27|119|209|44|124|114|114|46|172|115|107|83|107|114|45|222|206|22|158|102|11|129|224|76|125|188|130|130|57|200|161|148|203|153|44|94|236|103|82|214|162|179|107|216|121|54|143|165|34|23|163|200|181|9|185|199|137|145|14|245|36|165|91|224|31|179|147|30|244|139|247|193|145|254|33|28|115|152|243|52|235|189|235|0|125|206|116|158|173|250|70|115|130|1|187|248|32|185|131|164|156|67|58|223|135|131|218|102|202|156|168|74|167|187|66|29|2|121|186|167|252|125|88|199|
Overall Best: 0.9127 Generation: 13

Generation 15
Average: 0.8965 Best: 0.9102
Best Individual: 
C0 0|96|10|210|90|25|197|41|124|190|204|68|183|11|214|244|238|78|178|43|31|57|94|232|175|13|131|220|237|122|65|220|186|199|33|222|239|132|28|197|80|157|173|12|83|3|241|92|4|155|154|85|125|150|22|120|128|133|197|91|174|11|48|128|42|76|146|180|134|246|234|88|254|5|58|23|89|9|230|67|69|176|168|147|145|156|46|183|80|102|150|228|37|100|100|239|34|56|62|140|45|214|202|18|84|46|87|147|236|237|163|44|84|135|161|44|248|153|239|236|94|129|136|66|65|220|32|187|172|47|47|129|177|119|209|44|2|114|231|46|172|115|107|83|7|114|78|2|161|231|239|132|249|238|216|54|169|178|111|209|12|190|94|156|232|98|47|94|252|238|164|83|170|239|119|64|242|133|165|139|71|80|218|17|158|238|14|215|162|196|2|194|237|89|86|64|50|223|221|133|179|96|109|43|234|163|101|83|116|108|222|123|49|230|219|143|185|211|104|161|63|121|201|136|63|50|15|149|28|115|34|205|50|134|5|85|242|251|181|219|115|52|111|236|159|124|219|15|201|242|42|119|209|245|158|153|
Overall Best: 0.9127 Generation: 13

Generation 16
Average: 0.8954 Best: 0.9127
Best Individual: 
C0 0|96|10|210|90|172|197|41|124|17|204|68|183|11|214|244|238|78|178|43|31|57|94|154|175|13|131|75|237|142|65|220|186|199|33|222|239|132|28|197|80|157|173|12|83|3|241|92|4|160|154|85|125|150|22|120|128|133|197|91|174|11|48|128|42|76|146|180|134|246|234|88|254|5|5|23|89|9|230|67|69|176|168|147|145|156|46|183|80|102|150|228|37|100|100|239|23|56|62|140|45|214|202|18|84|46|87|147|236|237|163|44|84|135|161|44|248|153|239|236|94|129|136|13|65|220|32|187|172|47|47|129|177|119|209|44|2|114|231|46|172|115|107|83|7|114|78|2|161|231|239|132|249|238|216|54|74|178|111|209|12|190|94|156|232|98|47|5|7|97|164|83|170|239|119|64|242|133|165|139|71|225|218|17|158|238|14|215|162|196|2|194|237|101|86|64|50|223|253|133|179|96|109|43|234|163|59|83|116|108|222|123|49|230|219|143|69|177|104|161|63|121|201|136|63|50|15|149|28|115|34|205|50|134|5|85|242|251|181|219|115|52|111|236|159|203|219|15|201|224|42|119|209|245|158|153|
Overall Best: 0.9127 Generation: 13

Generation 17
Average: 0.8963 Best: 0.9058
Best Individual: 
C0 123|105|113|51|64|49|236|202|249|150|180|14|128|177|128|12|95|109|178|188|101|5|173|232|159|95|66|193|143|181|46|27|139|124|78|106|69|54|4|41|19|186|240|109|27|239|151|177|48|172|135|172|51|168|40|183|234|18|187|93|37|69|157|164|253|172|134|46|28|30|50|194|120|16|102|41|176|161|219|80|173|22|178|32|121|227|184|99|250|205|251|139|83|248|10|68|95|86|123|8|1|240|51|237|9|22|87|246|96|237|85|179|215|62|211|43|248|121|239|18|94|71|10|84|225|220|239|59|31|109|77|129|177|63|209|156|216|114|11|243|57|192|107|13|107|153|78|64|161|231|231|132|136|166|220|49|197|86|63|62|164|190|219|156|232|98|3|121|59|112|44|14|99|245|141|128|47|138|155|76|38|136|95|242|55|177|191|67|138|169|62|182|250|179|241|67|130|236|180|80|117|216|223|76|110|153|52|224|173|79|222|78|51|104|233|51|236|226|233|57|89|229|146|217|39|56|170|251|149|4|140|37|86|25|76|228|171|19|223|137|180|10|195|149|27|96|231|65|49|34|118|119|173|198|228|99|
Overall Best: 0.9127 Generation: 13

Generation 18
Average: 0.8969 Best: 0.9077
Best Individual: 
C0 212|81|113|96|140|49|238|202|167|150|180|14|128|202|71|12|115|78|178|95|101|5|173|232|159|192|66|122|143|181|46|27|139|185|228|106|69|54|4|41|19|186|36|109|27|239|191|177|48|172|57|172|51|168|40|240|21|18|138|216|37|69|187|164|253|172|134|46|28|77|50|194|120|16|102|134|164|161|219|112|126|151|104|181|216|227|182|151|99|45|175|226|133|107|154|216|84|86|138|172|166|116|2|72|145|183|132|37|33|63|178|220|239|30|195|56|126|178|160|97|228|148|40|153|2|80|66|60|174|46|191|88|80|196|65|224|66|116|247|170|126|162|15|241|133|230|184|251|246|61|2|142|58|206|239|198|125|42|105|135|124|208|252|97|170|153|145|116|182|80|207|14|75|245|141|128|47|5|204|76|38|125|95|242|177|177|191|67|138|145|62|227|12|179|24|67|130|236|180|80|117|99|121|76|110|153|239|180|173|79|222|78|51|104|181|73|166|226|233|167|89|229|30|217|39|56|170|251|149|4|140|37|86|25|76|223|20|27|223|137|180|179|195|149|27|226|188|21|112|28|55|33|63|249|130|30|
Overall Best: 0.9127 Generation: 13

Generation 19
Average: 0.8964 Best: 0.9077
Best Individual: 
C0 123|140|113|21|227|45|161|66|41|12|180|46|2|63|48|104|175|12|178|116|110|121|146|15|98|118|82|93|252|181|133|241|37|78|154|92|234|59|115|109|19|158|245|176|36|152|30|102|133|225|250|58|235|28|223|15|82|197|178|221|54|29|239|206|228|210|43|36|65|250|185|165|209|149|243|240|143|42|60|124|57|202|250|128|5|160|136|161|69|138|95|43|50|252|35|146|83|167|195|131|87|88|2|72|145|38|132|165|124|55|75|203|105|30|195|85|229|208|160|97|76|76|92|112|108|34|66|241|67|46|156|88|204|163|53|40|100|243|149|170|75|200|48|241|201|133|184|28|246|70|31|142|11|206|243|198|65|101|26|135|243|113|38|97|90|153|145|71|188|80|154|101|140|3|246|128|47|161|155|76|38|136|143|242|61|180|28|67|40|169|62|64|86|7|31|80|1|218|212|109|230|71|253|127|215|92|93|183|134|127|47|19|135|70|35|34|164|112|81|197|73|10|18|166|146|57|35|89|252|101|143|195|6|54|158|220|161|9|142|195|41|10|217|93|228|235|208|21|147|67|46|33|63|179|130|229|
Overall Best: 0.9127 Generation: 13

Generation 20
Average: 0.8966 Best: 0.9090
Best Individual: 
C0 115|3|113|21|213|127|153|66|41|12|180|214|2|52|149|187|175|12|178|39|7|5|1|176|73|13|230|125|8|181|163|241|30|78|76|89|234|54|115|209|19|25|245|176|36|239|172|102|37|225|7|58|235|28|223|15|82|54|146|221|89|235|11|206|228|100|43|111|65|106|185|165|209|149|243|240|143|137|60|124|57|101|90|128|5|160|136|161|146|102|207|183|58|193|56|147|162|233|172|66|1|125|69|114|207|131|87|246|176|118|111|179|84|62|161|29|97|113|239|183|94|158|10|177|121|220|239|170|84|148|86|129|29|43|23|156|210|114|132|221|57|115|30|83|59|153|83|194|161|231|250|50|11|166|64|145|125|68|26|135|118|42|161|89|47|153|117|197|123|40|13|154|170|162|119|116|189|161|155|76|38|136|143|242|16|180|180|67|138|121|62|227|250|186|31|80|218|218|212|75|230|235|108|62|204|92|157|10|134|127|47|100|135|70|35|34|82|112|81|169|215|10|202|166|146|191|175|89|252|220|254|195|38|133|158|106|161|9|126|76|30|84|217|60|35|235|186|21|147|140|46|33|63|249|130|30|
Overall Best: 0.9127 Generation: 13

Generation 21
Average: 0.8962 Best: 0.9115
Best Individual: 
C0 123|14|113|204|64|126|236|66|169|17|27|224|183|11|214|244|238|248|178|161|31|57|91|70|175|89|131|75|237|7|65|220|186|78|33|194|79|14|144|197|152|157|173|102|83|3|241|92|4|160|154|85|121|150|152|119|128|133|8|91|39|11|6|149|106|76|146|194|134|246|234|52|72|5|156|23|89|254|114|231|128|112|168|147|145|156|46|53|80|102|150|228|37|100|23|18|124|56|49|242|45|214|79|18|242|46|11|147|236|237|163|44|84|145|161|44|248|253|144|236|224|129|120|249|102|220|32|187|172|47|47|129|177|207|209|49|2|114|231|56|172|115|107|83|97|9|36|2|250|192|239|132|249|238|216|54|74|78|111|209|12|223|94|192|165|98|233|5|45|97|164|61|158|243|119|64|133|133|165|155|10|32|218|216|158|204|14|215|120|13|2|194|187|101|119|64|50|230|77|133|179|96|109|43|234|163|59|231|123|108|103|123|49|230|219|209|69|170|104|161|85|121|201|136|224|50|193|216|28|212|34|135|50|134|87|85|242|251|181|228|75|44|251|11|20|124|220|135|64|128|52|76|214|2|228|77|
Overall Best: 0.9127 Generation: 13

Generation 22
Average: 0.8962 Best: 0.9109
Best Individual: 
C0 115|3|125|21|213|127|153|66|41|12|180|214|2|52|149|187|160|12|185|39|7|5|1|176|73|13|230|125|58|181|163|241|30|78|76|89|234|235|24|209|56|25|71|176|149|239|172|149|37|185|7|58|235|28|223|15|123|54|146|221|89|235|11|126|234|100|43|111|65|106|185|165|209|149|243|240|94|137|60|157|57|101|90|128|5|160|53|161|146|102|207|183|58|159|26|147|162|233|172|66|1|125|69|114|207|131|87|246|176|118|111|179|84|62|161|29|97|113|239|92|94|17|10|177|121|220|239|170|84|148|187|129|29|43|23|156|210|114|132|221|57|115|30|83|59|153|83|194|161|231|182|61|11|166|64|145|125|68|26|135|143|42|161|89|47|174|117|197|123|40|13|154|170|162|119|116|189|208|155|76|38|136|143|242|16|180|180|67|138|121|57|227|250|186|31|80|218|218|175|75|230|235|108|62|204|92|157|37|134|127|47|100|135|70|35|34|82|39|81|169|215|10|246|166|146|191|175|89|252|220|254|195|38|133|158|106|233|9|126|76|30|58|217|60|35|235|186|21|230|140|46|33|63|249|130|30|
Overall Best: 0.9127 Generation: 13

Generation 23
Average: 0.8981 Best: 0.9065
Best Individual: 
C0 115|3|125|21|213|75|71|66|41|12|180|214|2|240|149|187|175|12|80|39|188|5|1|176|65|13|230|125|149|181|163|241|30|78|76|65|234|235|26|209|56|79|246|167|221|3|169|238|163|11|139|68|241|244|40|180|234|18|138|157|120|138|157|184|253|172|192|21|28|30|173|154|17|149|243|144|69|137|60|123|59|101|90|128|5|160|136|161|66|102|207|99|58|159|26|147|162|233|109|225|93|125|69|192|207|131|87|246|176|173|111|179|16|73|161|29|97|113|239|183|94|158|10|85|121|220|239|170|84|90|247|146|29|43|23|11|210|114|132|221|197|115|30|236|59|153|83|194|161|231|250|50|172|166|64|145|125|68|26|135|143|88|161|89|47|174|117|197|215|40|184|154|170|162|119|116|189|161|155|76|38|136|143|242|16|180|180|67|138|121|220|227|250|186|31|80|218|16|175|75|230|235|108|62|204|92|157|37|134|152|47|87|135|70|236|143|13|125|81|169|155|10|201|92|133|50|64|57|28|115|225|195|198|54|158|220|161|86|90|220|217|94|245|49|236|102|228|233|197|78|46|158|19|249|104|30|
Overall Best: 0.9127 Generation: 13

Generation 24
Average: 0.8972 Best: 0.9071
Best Individual: 
C0 242|144|34|174|64|174|28|118|28|12|39|14|2|63|48|124|189|78|82|170|193|231|84|146|210|9|171|219|196|148|65|27|70|124|78|106|69|143|11|103|19|26|36|109|207|62|144|177|48|172|135|74|51|2|141|245|157|50|127|75|138|45|157|98|208|167|175|242|118|10|62|181|153|142|200|128|199|235|229|205|12|0|243|120|216|30|90|151|175|87|47|122|18|193|69|221|223|92|248|164|16|88|157|72|145|38|123|165|124|55|75|81|6|232|195|194|229|16|109|92|76|76|10|112|70|34|85|239|67|46|156|206|204|163|53|238|100|15|149|49|93|58|48|241|124|133|184|98|246|240|245|142|11|206|243|198|164|101|254|135|243|113|175|76|90|153|145|71|48|80|210|42|140|3|82|128|69|161|155|203|241|42|86|174|46|226|96|95|248|54|183|97|51|195|185|46|179|54|204|210|7|143|12|168|96|56|245|142|146|54|208|120|203|180|97|196|170|77|189|56|89|242|66|167|98|47|127|138|149|28|114|40|86|193|76|137|135|19|165|181|106|231|195|225|40|239|188|21|155|128|245|19|8|137|23|216|
Overall Best: 0.9127 Generation: 13

Generation 25
Average: 0.8963 Best: 0.9171
Best Individual: 
C0 242|144|65|174|64|174|28|118|28|12|39|14|2|63|48|124|189|78|82|170|193|231|84|146|210|9|7|219|196|192|195|184|104|124|78|106|69|185|171|106|19|186|164|109|207|62|144|177|48|172|135|74|168|57|141|226|157|50|127|75|14|45|101|98|208|167|175|242|118|10|62|102|153|142|200|201|187|235|229|141|12|0|75|120|216|171|90|69|222|162|47|71|18|139|199|221|110|92|248|164|236|88|157|72|145|38|123|165|124|135|75|81|6|232|195|194|229|20|59|172|147|204|121|93|65|220|193|104|115|134|77|41|177|63|162|21|59|82|145|18|176|192|107|13|129|153|85|64|161|231|150|132|32|191|220|12|197|86|63|240|164|138|219|119|183|153|145|172|188|57|251|251|2|148|183|130|80|230|155|76|216|136|95|242|99|177|8|160|138|246|70|227|12|7|227|67|142|188|117|238|63|197|129|42|171|56|245|223|146|54|62|120|203|218|97|196|170|77|189|56|89|242|44|167|98|129|127|81|149|43|114|40|86|193|76|137|135|19|165|181|106|231|175|225|40|239|188|21|155|17|129|19|42|137|28|108|
Overall Best: 0.9171 Generation: 25

Generation 26
Average: 0.8953 Best: 0.9115
Best Individual: 
C0 242|144|65|174|64|174|0|118|28|12|39|14|2|63|48|124|189|78|82|170|193|231|84|146|210|9|7|117|196|192|195|184|104|100|78|106|69|185|171|106|19|186|164|109|207|62|144|177|48|62|135|223|79|57|141|226|157|50|127|75|14|45|101|98|208|167|175|242|118|10|62|102|153|48|200|201|187|183|229|141|12|0|103|120|216|171|90|234|222|162|47|71|18|139|199|221|110|92|248|164|236|214|219|72|145|38|206|165|124|135|75|81|6|232|195|194|229|33|59|172|147|204|121|93|65|220|193|121|24|134|77|41|177|221|75|21|59|82|145|18|176|192|107|13|129|153|85|64|161|231|150|132|32|191|220|12|197|86|201|240|164|138|219|164|183|153|145|172|188|57|251|93|25|148|183|130|80|230|155|76|216|136|95|68|99|177|8|160|138|246|70|227|12|7|227|67|142|188|117|238|63|197|129|42|171|56|245|223|146|54|62|120|203|218|97|196|170|77|189|56|89|242|44|167|143|129|127|81|149|43|114|40|86|193|76|137|135|199|165|181|106|231|175|225|40|239|208|21|155|17|129|19|42|137|28|108|
Overall Best: 0.9171 Generation: 25

Generation 27
Average: 0.8960 Best: 0.9109
Best Individual: 
C0 0|56|10|248|7|202|84|41|70|224|7|213|222|11|25|22|83|78|178|43|22|242|62|189|113|29|78|66|99|176|36|126|171|189|16|231|110|161|178|152|103|99|61|217|245|29|89|195|207|82|115|237|235|208|206|78|82|59|148|254|59|63|11|20|228|179|237|233|62|75|185|165|95|239|236|117|221|128|141|87|126|192|124|181|121|223|182|138|122|45|175|226|133|107|154|8|53|86|192|179|85|116|195|24|145|189|106|37|152|158|178|220|239|49|195|56|126|178|160|97|195|148|157|153|2|2|231|1|174|46|106|187|80|196|62|143|38|178|231|84|98|95|93|241|89|14|74|230|170|233|43|181|11|125|239|198|141|101|189|165|165|213|76|97|14|174|145|175|172|188|90|101|162|157|183|188|90|184|21|138|251|136|198|242|87|227|28|190|225|169|62|64|89|219|135|80|200|86|212|111|72|237|221|5|204|92|166|10|29|125|47|209|176|92|178|34|227|222|49|169|30|246|164|166|238|104|175|242|252|220|254|186|38|147|158|213|93|9|126|76|30|54|217|156|35|67|131|192|220|66|79|33|209|232|238|157|
Overall Best: 0.9171 Generation: 25

Generation 28
Average: 0.8970 Best: 0.9096
Best Individual: 
C0 144|96|10|238|7|202|73|114|124|176|7|117|222|52|0|145|83|78|178|218|6|57|249|5|102|180|6|110|82|12|111|56|255|182|80|147|39|219|244|7|21|81|228|22|210|170|172|102|133|225|7|104|113|97|245|15|222|229|178|221|19|163|11|206|107|140|146|84|65|106|176|171|209|224|99|240|143|135|28|251|57|141|196|88|148|34|13|193|41|40|145|16|152|219|86|63|162|45|172|66|1|193|34|114|201|87|120|53|26|118|35|179|147|62|161|59|97|90|67|123|13|158|10|177|32|220|248|170|84|90|86|4|50|8|169|11|210|92|132|221|197|115|30|236|59|234|226|194|161|114|230|50|172|166|64|145|125|68|26|135|5|93|161|213|191|174|117|197|123|152|2|101|170|242|119|116|121|161|154|76|38|136|143|242|16|10|180|67|138|152|199|227|96|83|31|111|80|93|175|75|230|235|186|62|204|225|62|192|35|186|206|23|41|88|253|73|250|42|201|21|244|181|95|167|179|175|16|52|230|158|119|95|0|182|5|58|234|251|235|219|115|244|241|145|4|20|6|15|201|123|118|136|209|176|151|115|
Overall Best: 0.9171 Generation: 25

Generation 29
Average: 0.8981 Best: 0.9146
Best Individual: 
C0 115|193|70|158|192|39|19|177|220|164|168|161|81|11|137|22|83|78|178|43|22|57|62|142|113|29|45|31|99|176|36|126|171|5|16|231|122|14|240|197|152|41|5|11|117|172|40|177|48|172|135|92|224|254|180|183|242|186|52|225|196|102|17|165|116|231|124|189|219|100|123|200|199|32|68|226|179|59|93|132|183|44|2|70|145|81|124|113|68|102|94|75|37|100|234|239|238|56|62|114|45|124|195|24|145|189|40|37|83|158|178|1|239|49|195|56|126|178|160|183|163|148|105|153|232|206|66|1|174|46|106|174|80|196|62|99|38|130|231|172|191|74|30|79|59|6|83|109|161|231|250|60|11|239|120|160|125|86|26|201|145|141|122|191|47|153|109|197|215|71|184|154|180|162|1|194|189|82|54|231|221|136|143|185|157|207|220|213|248|210|228|222|234|95|125|46|113|54|204|59|7|143|83|167|150|68|208|139|244|128|150|129|216|35|19|108|46|212|99|33|111|154|57|134|57|197|139|136|240|253|159|142|141|192|77|104|200|109|220|137|206|10|146|187|136|216|49|129|168|199|7|173|159|61|81|12|
Overall Best: 0.9171 Generation: 25
==================
    Best individual after 30 generations
    computed in 4,512.9170 seconds
    1461 elements out of 1593 correct.
    emerged in generation 25
    with fitness 0.9171
==================

