Starting evolution...

Generation 0
Average: 0.9060 Best: 0.9134
Best Individual: 
C0 168|192|237|155|181|90|101|7|184|247|137|39|12|170|44|172|16|17|102|240|110|21|22|175|24|25|26|124|28|29|8|167|251|238|34|139|224|128|104|180|60|41|42|43|47|18|79|14|186|32|11|160|52|120|216|227|56|130|58|59|66|131|117|50|199|65|210|53|68|156|70|67|72|217|1|75|188|77|78|30|80|212|143|83|235|99|225|87|150|63|232|91|135|93|94|13|95|97|219|85|100|74|132|152|38|84|106|126|108|109|20|111|112|113|114|133|121|62|214|119|147|116|166|123|226|125|45|127|190|129|57|61|243|245|162|86|136|54|138|98|208|141|118|187|46|250|146|2|228|149|89|151|103|148|154|3|220|169|158|55|248|161|183|201|164|165|122|31|27|252|96|171|178|36|174|23|176|177|73|5|234|213|182|134|49|185|48|179|76|189|37|191|145|193|194|195|196|197|198|64|200|33|82|203|10|205|4|207|140|209|115|211|81|206|69|215|163|15|218|35|233|221|242|223|173|71|51|159|153|229|230|231|202|142|6|105|236|40|204|239|19|241|107|157|244|0|246|9|144|249|92|88|222|253|254|255|
Overall Best: 0.9134 Generation: 0

Generation 1
Average: 0.9059 Best: 0.9115
Best Individual: 
C0 219|96|44|3|161|5|6|123|33|1|239|189|243|249|27|134|144|217|101|19|20|122|22|152|24|105|26|237|253|9|143|148|32|60|132|75|34|37|11|186|238|67|207|43|38|126|103|202|206|223|89|254|52|106|102|55|153|241|87|80|212|4|62|63|93|65|77|41|196|185|10|73|155|71|56|35|76|83|81|14|70|156|39|25|15|213|252|58|66|179|250|174|158|118|57|95|29|203|98|111|119|199|92|131|104|195|53|187|136|85|110|2|68|113|114|115|234|61|97|88|50|200|180|169|100|12|74|47|86|7|129|48|211|109|233|135|13|137|138|18|140|141|142|30|16|145|146|64|31|162|150|147|201|0|154|40|120|157|127|247|149|117|175|163|235|82|107|167|159|151|218|182|172|244|72|166|176|177|178|108|21|181|54|94|168|69|171|133|183|42|116|191|192|190|194|124|139|184|227|130|164|90|251|165|204|221|46|45|208|209|173|36|78|193|214|215|216|79|170|160|220|59|222|49|91|225|226|8|228|229|230|231|232|99|198|84|236|246|210|205|240|188|242|125|224|28|23|197|248|121|112|51|128|245|17|255|
Overall Best: 0.9134 Generation: 0

Generation 2
Average: 0.9065 Best: 0.9140
Best Individual: 
C0 0|1|170|177|137|153|25|66|178|165|14|11|220|233|197|203|222|69|2|205|250|237|22|23|24|145|46|27|49|131|30|182|32|151|120|35|36|50|38|106|40|134|231|115|150|45|154|159|124|148|142|92|52|5|244|164|48|57|228|47|33|41|19|63|64|139|67|7|21|215|147|108|85|10|125|75|103|62|163|218|80|77|87|130|190|81|86|114|245|89|34|91|51|96|94|173|12|243|98|99|119|118|192|223|248|105|6|141|187|56|198|111|101|113|88|252|156|117|61|127|249|78|122|17|167|212|76|9|132|79|83|29|123|60|59|135|73|199|138|4|140|107|70|53|13|204|26|232|176|149|193|201|126|90|146|55|224|71|128|208|160|161|221|72|213|129|166|195|168|169|144|171|172|43|174|175|207|42|58|82|102|181|15|183|28|185|186|236|184|246|44|112|180|84|194|143|196|179|110|93|158|133|202|189|121|16|206|37|3|209|18|136|216|155|97|251|227|31|74|235|191|162|255|152|238|211|116|8|214|229|230|100|188|226|234|219|200|68|109|239|54|253|242|65|240|95|217|247|104|157|20|225|210|241|254|39|
Overall Best: 0.9140 Generation: 2

Generation 3
Average: 0.9073 Best: 0.9190
Best Individual: 
C0 47|70|198|77|159|163|41|234|137|204|28|233|148|86|211|238|16|228|18|164|20|7|73|23|136|112|15|178|66|22|14|214|32|156|81|35|250|231|89|38|115|161|200|93|40|45|46|90|229|219|139|51|52|185|57|213|56|160|203|135|176|19|62|104|55|50|54|67|240|69|39|71|72|145|94|75|76|248|92|217|8|134|243|33|100|11|221|131|88|48|44|59|78|29|74|95|183|21|208|247|206|205|109|103|155|142|85|209|108|165|202|230|110|223|83|196|116|25|118|119|120|125|24|123|127|239|105|0|237|129|84|87|132|154|252|91|177|10|138|65|111|141|222|249|179|101|146|147|6|149|12|117|152|2|113|180|244|157|158|245|61|255|195|246|186|151|166|227|168|169|144|171|172|43|174|175|207|37|58|82|192|181|4|182|220|150|188|187|194|226|254|17|34|193|96|162|97|212|5|99|199|122|133|36|106|128|13|60|98|140|253|107|53|9|114|215|167|79|218|49|184|64|26|31|224|153|189|124|130|102|173|216|232|201|30|235|68|63|126|121|170|241|242|210|27|191|225|80|42|236|197|1|3|143|190|251|
Overall Best: 0.9190 Generation: 3

Generation 4
Average: 0.9076 Best: 0.9165
Best Individual: 
C0 123|193|83|3|197|254|99|19|84|165|116|11|91|166|117|159|121|179|82|61|65|13|132|183|199|107|1|90|240|252|139|46|113|104|36|112|89|216|151|39|56|2|255|100|78|160|168|47|17|149|50|248|217|212|220|24|4|57|88|101|125|171|52|202|176|45|66|70|154|79|128|6|55|63|25|200|80|146|87|167|37|244|26|20|23|247|209|251|214|208|148|221|177|198|243|98|96|141|126|111|119|93|223|180|33|30|68|28|136|178|110|54|196|32|114|115|234|237|131|58|144|75|241|169|67|12|74|210|86|81|129|48|127|215|153|135|231|137|207|18|140|134|133|195|16|145|43|64|31|162|150|40|108|0|250|147|106|163|211|236|143|62|175|157|235|77|228|188|173|205|227|120|172|14|72|181|10|229|122|29|60|34|253|184|192|118|233|124|161|76|71|138|42|51|194|92|21|249|164|245|191|239|174|85|152|102|142|97|44|49|219|156|38|213|22|109|155|170|218|7|186|130|5|230|103|105|226|59|15|73|189|185|8|222|9|224|35|204|238|201|41|95|242|94|187|158|246|203|232|206|53|225|190|182|69|27|
Overall Best: 0.9190 Generation: 3

Generation 5
Average: 0.9067 Best: 0.9121
Best Individual: 
C0 123|193|83|3|197|254|187|19|84|5|116|11|183|166|117|159|170|178|82|201|65|13|132|91|199|107|1|90|240|252|139|46|113|104|36|112|89|216|151|39|34|2|255|100|78|103|168|47|17|149|50|248|217|212|220|24|4|158|88|101|125|171|52|202|176|71|66|70|75|79|128|6|55|218|25|200|80|146|87|167|37|244|26|20|23|185|209|251|214|208|148|221|177|198|243|98|96|141|97|111|119|93|223|138|33|30|68|28|136|179|110|54|196|32|114|115|234|102|131|58|144|154|241|169|67|12|74|210|86|81|129|229|237|215|153|135|231|137|250|18|140|134|133|195|16|145|43|64|31|162|150|40|108|0|225|147|106|163|211|236|143|62|122|157|235|77|228|188|173|205|227|120|172|14|72|175|63|48|181|29|60|56|253|126|192|118|233|124|161|76|45|180|42|51|194|92|21|249|164|245|191|239|174|85|152|127|142|184|44|49|219|156|38|213|22|109|155|121|10|7|186|130|165|230|160|105|226|95|15|73|189|247|8|222|9|224|35|204|238|61|41|59|242|94|99|57|246|203|232|206|53|207|190|182|69|27|
Overall Best: 0.9190 Generation: 3

Generation 6
Average: 0.9071 Best: 0.9146
Best Individual: 
C0 190|104|182|4|132|75|89|116|8|140|84|34|230|163|170|59|85|178|118|152|155|88|22|133|165|151|1|5|191|254|83|24|121|240|35|10|105|125|91|39|95|99|44|117|107|220|46|50|197|158|47|38|52|73|90|53|123|109|246|2|187|189|7|202|176|71|66|70|101|79|204|6|55|218|25|200|108|146|87|167|37|244|26|20|23|141|209|251|214|208|148|221|177|198|80|245|96|185|97|111|119|93|223|138|33|131|68|28|136|179|233|54|196|32|114|115|234|102|30|58|144|154|241|169|67|12|40|210|86|72|129|229|236|78|153|135|231|217|250|188|100|134|248|195|16|145|43|64|31|162|150|74|243|0|225|147|106|103|211|237|143|62|113|157|235|42|228|18|173|205|227|120|172|14|203|175|63|48|181|29|60|56|253|126|192|17|161|124|110|76|45|180|77|27|194|92|21|249|164|222|69|239|174|166|255|49|51|252|238|160|212|13|184|61|19|36|3|122|127|112|65|81|242|168|41|186|98|213|201|11|94|128|82|199|130|171|232|193|206|215|142|226|207|137|57|149|156|9|15|219|224|183|247|139|159|216|
Overall Best: 0.9190 Generation: 3

Generation 7
Average: 0.9074 Best: 0.9146
Best Individual: 
C0 134|181|100|157|70|73|5|7|166|8|180|55|187|13|188|132|16|184|141|245|56|46|85|151|121|120|183|28|81|9|96|249|126|79|244|179|95|255|27|148|123|50|42|62|6|252|35|74|208|192|113|254|135|197|66|102|209|119|20|101|202|72|33|19|22|65|186|94|3|200|170|139|231|196|223|203|98|155|61|77|177|47|2|26|207|97|182|253|44|150|10|115|71|160|194|161|235|34|211|69|111|246|241|127|142|206|106|49|125|103|104|154|112|251|114|131|116|193|109|52|93|118|185|105|0|88|68|53|149|173|11|248|15|29|190|45|136|80|138|83|110|162|54|78|152|144|146|145|239|90|89|23|226|191|25|172|156|168|130|216|243|210|43|240|164|108|122|242|37|30|99|59|31|41|218|51|143|167|233|58|174|225|107|220|158|221|133|250|32|205|178|237|129|18|4|199|21|176|159|165|76|230|137|238|12|213|63|14|1|147|60|229|212|189|64|234|128|228|171|175|124|236|222|204|24|82|40|227|217|84|224|86|232|215|48|214|169|36|201|38|75|39|198|219|117|163|57|247|153|91|140|195|87|17|92|67|
Overall Best: 0.9190 Generation: 3

Generation 8
Average: 0.9065 Best: 0.9140
Best Individual: 
C0 107|138|53|144|198|253|34|83|251|112|86|169|185|246|103|238|150|135|177|105|43|140|159|145|104|219|109|56|208|6|55|141|72|157|60|48|205|116|146|134|16|88|197|21|222|163|242|228|245|155|113|243|85|233|24|81|167|172|20|139|227|160|29|235|73|65|186|59|117|2|67|137|45|249|223|203|232|231|199|30|217|147|76|25|28|12|82|17|126|79|194|129|237|87|224|42|183|58|54|106|181|74|132|152|84|164|95|189|178|33|218|22|9|171|130|158|121|161|213|119|5|252|166|174|7|125|154|207|1|201|57|108|127|115|19|75|214|153|200|98|148|77|118|187|46|250|210|202|110|149|89|244|51|90|204|31|156|136|36|96|122|68|3|195|38|61|184|39|0|124|44|196|50|212|111|175|190|37|182|120|193|47|32|162|165|234|168|240|71|69|254|4|11|151|10|15|41|97|91|70|230|8|66|241|221|128|13|78|176|62|123|143|40|248|114|192|188|216|180|49|133|64|26|215|170|209|94|239|179|102|173|100|247|93|255|142|14|63|226|23|92|229|206|52|27|191|225|80|220|236|131|99|101|211|35|18|
Overall Best: 0.9190 Generation: 3

Generation 9
Average: 0.9071 Best: 0.9159
Best Individual: 
C0 178|192|17|166|74|202|14|82|177|199|58|164|7|165|93|22|16|69|249|149|183|181|41|151|180|96|101|216|139|175|176|97|246|86|189|117|233|43|147|62|55|19|81|88|46|126|213|34|37|220|218|144|200|252|128|146|187|114|20|140|18|68|95|110|247|197|207|174|137|245|170|162|45|163|47|232|29|36|89|77|80|158|133|155|31|98|231|73|228|150|107|54|112|229|63|10|235|171|179|143|92|90|224|217|250|27|106|40|32|148|222|105|4|195|129|76|210|227|30|108|160|124|119|161|50|33|21|214|65|116|130|182|251|56|35|135|64|1|78|5|111|134|79|255|28|145|205|131|204|26|12|94|24|234|113|193|118|157|188|3|125|72|138|103|173|152|167|230|100|23|196|87|49|57|42|51|53|156|212|236|159|120|201|221|44|184|84|243|13|191|99|25|141|15|239|67|6|48|142|115|244|39|219|203|242|238|206|104|208|83|122|38|91|240|71|186|172|211|70|223|123|75|253|153|2|254|85|185|237|168|132|11|60|225|169|0|190|248|241|154|8|52|198|127|209|59|61|9|121|226|194|102|136|66|109|215|
Overall Best: 0.9190 Generation: 3

Generation 10
Average: 0.9075 Best: 0.9134
Best Individual: 
C0 107|68|224|144|203|253|98|171|251|241|86|146|185|147|229|238|153|135|39|28|189|37|220|106|104|219|87|80|124|6|55|109|172|186|60|199|205|31|96|16|178|173|53|33|200|0|91|69|245|218|208|5|187|233|24|81|167|29|204|92|118|160|52|240|17|168|66|112|252|54|14|113|72|141|213|232|246|21|176|122|181|94|111|99|23|164|254|8|214|242|78|222|177|195|169|117|2|183|65|85|116|74|132|30|38|84|215|134|223|67|155|133|9|230|130|158|121|161|126|119|115|127|166|174|7|125|180|250|82|201|57|101|43|244|64|75|110|170|197|34|227|73|48|70|46|1|42|25|152|149|89|231|51|90|3|79|156|136|36|129|105|138|20|249|190|61|139|207|148|145|137|196|50|212|76|175|97|114|142|120|193|47|32|162|165|234|58|184|210|228|108|4|11|151|10|19|41|221|243|45|202|198|157|59|12|128|13|194|44|140|77|188|35|248|62|93|143|216|154|103|235|15|26|95|209|150|123|239|179|102|88|100|191|192|255|182|159|63|226|237|217|49|206|163|27|247|225|18|71|236|131|83|22|211|40|56|
Overall Best: 0.9190 Generation: 3

Generation 11
Average: 0.9073 Best: 0.9140
Best Individual: 
C0 5|218|227|179|84|34|45|152|248|192|244|113|131|200|133|115|54|223|94|96|224|184|253|0|186|159|237|203|230|124|93|38|229|129|79|213|188|10|47|156|157|53|221|26|173|183|16|233|56|216|29|150|72|6|254|55|89|23|49|172|85|217|90|160|106|197|169|136|112|40|190|135|166|109|142|25|163|175|43|225|212|9|117|176|141|167|41|140|189|95|20|88|67|11|205|139|193|236|161|127|105|137|14|21|226|231|155|83|3|122|165|145|68|35|102|33|199|194|15|206|50|13|116|12|7|243|154|60|1|201|232|108|132|164|107|99|238|153|57|62|143|77|118|187|46|250|19|202|110|149|123|28|51|168|251|92|177|87|222|138|32|39|185|246|174|97|171|22|81|18|151|111|134|52|162|73|48|235|208|74|78|158|37|76|128|2|249|180|121|66|144|211|42|69|80|191|119|44|228|210|71|101|103|214|204|241|75|27|240|98|207|234|70|219|64|215|209|220|247|126|114|245|104|61|91|146|147|86|31|178|242|252|182|36|170|130|82|148|181|30|17|8|125|195|100|65|198|63|239|4|58|120|59|24|196|255|
Overall Best: 0.9190 Generation: 3

Generation 12
Average: 0.9085 Best: 0.9178
Best Individual: 
C0 234|206|239|96|91|223|253|41|166|9|45|51|27|191|150|84|157|56|6|28|21|252|128|106|197|219|188|254|69|129|67|109|29|186|92|199|32|79|182|224|178|173|53|33|222|0|200|181|174|63|68|5|187|233|24|81|18|172|134|40|195|7|160|240|17|168|66|112|37|54|39|184|151|35|250|8|137|55|148|122|116|94|111|74|23|164|80|232|214|226|180|114|228|86|19|209|165|171|210|230|95|87|237|127|50|97|44|104|142|99|119|130|123|236|47|255|11|202|83|194|161|102|61|82|31|110|62|143|48|241|85|1|204|131|30|185|132|20|146|145|89|121|88|65|246|108|4|249|141|149|3|100|179|251|217|147|238|34|60|229|77|208|73|58|107|136|117|59|201|124|159|196|46|156|72|25|101|211|220|76|193|75|118|90|183|177|152|105|189|205|138|218|227|140|163|15|125|64|71|242|57|212|10|135|221|113|13|170|176|38|12|42|115|248|169|192|235|52|98|49|133|175|26|16|198|70|78|243|144|36|225|216|153|207|2|213|190|43|162|167|139|126|244|154|215|158|203|103|231|93|120|155|22|245|247|14|
Overall Best: 0.9190 Generation: 3

Generation 13
Average: 0.9082 Best: 0.9146
Best Individual: 
C0 107|64|9|79|198|32|34|213|251|41|154|199|117|16|5|238|91|115|177|51|43|140|218|190|75|25|203|56|153|90|73|77|72|224|60|173|205|78|168|76|175|105|193|244|222|106|242|227|245|156|113|243|14|233|24|81|18|172|134|40|195|163|160|240|17|101|66|112|37|54|39|184|151|35|250|8|137|55|148|122|116|94|111|74|23|164|80|232|183|226|100|114|228|86|19|131|165|171|210|230|95|87|11|127|150|97|44|104|142|99|217|130|123|236|47|255|237|202|83|194|161|102|61|82|31|110|62|143|48|108|85|1|204|209|30|185|132|20|118|145|89|121|88|68|246|235|4|249|141|2|229|147|189|3|45|219|201|182|36|96|136|231|220|144|125|129|22|223|128|124|29|196|58|176|84|6|197|200|98|167|206|208|253|135|188|139|152|241|71|166|254|0|207|216|247|15|162|65|133|70|120|109|186|52|146|69|13|126|212|103|67|46|12|215|187|138|59|234|214|49|38|174|26|252|170|42|50|53|179|28|158|180|10|192|155|178|57|63|119|239|92|159|191|21|27|149|181|169|157|221|93|225|33|211|248|7|
Overall Best: 0.9190 Generation: 3

Generation 14
Average: 0.9074 Best: 0.9153
Best Individual: 
C0 107|64|133|79|198|32|61|139|251|41|154|199|117|16|5|238|91|115|109|51|43|237|218|215|75|15|203|56|96|90|73|10|72|224|60|173|205|78|168|48|175|105|193|244|153|149|13|169|245|156|113|243|183|233|196|162|18|172|134|40|17|163|160|240|38|101|66|185|44|212|39|186|59|35|250|8|137|55|148|122|116|94|111|74|23|164|80|232|14|208|100|146|228|86|19|131|165|171|210|230|95|126|11|127|150|97|70|104|12|99|217|130|138|236|47|255|140|46|83|254|161|207|34|82|31|110|62|143|147|108|85|1|157|65|30|112|132|20|118|145|89|121|88|234|189|235|4|249|141|2|0|76|246|3|45|219|247|182|52|222|136|231|220|144|125|129|22|213|128|124|29|24|58|176|84|6|197|200|98|114|36|226|253|135|103|223|152|241|71|180|194|229|102|120|201|49|81|209|9|37|191|177|174|206|167|211|242|87|178|188|221|202|142|63|248|123|151|68|53|25|195|184|26|69|170|42|50|214|179|28|158|166|77|192|155|54|57|190|119|239|92|159|216|21|27|106|181|227|204|67|93|225|33|252|187|7|
Overall Best: 0.9190 Generation: 3

Generation 15
Average: 0.9067 Best: 0.9140
Best Individual: 
C0 107|254|187|245|53|202|94|83|166|199|72|121|27|127|57|69|68|67|119|205|43|15|240|194|208|156|160|66|134|179|91|41|49|106|78|111|118|87|241|210|198|86|201|197|144|60|209|7|215|129|71|234|233|216|117|20|230|192|153|181|147|145|158|157|191|64|200|24|236|149|227|229|103|31|125|92|114|123|238|77|247|16|221|104|17|101|82|95|113|150|146|174|32|178|90|186|1|171|75|11|29|63|136|217|112|5|44|255|110|99|193|124|28|84|56|10|218|115|61|133|2|102|73|250|173|39|93|74|176|244|85|89|175|141|152|62|213|170|88|8|139|185|40|164|219|37|195|211|162|214|165|231|188|3|204|23|220|163|116|14|243|138|13|249|190|9|151|207|242|130|137|18|50|212|96|109|97|172|142|59|108|12|131|252|183|55|143|184|42|228|180|4|189|65|239|19|105|36|76|45|222|30|203|135|161|128|177|48|100|25|47|226|140|206|169|6|235|251|98|232|38|154|26|34|126|132|167|159|54|224|120|223|0|248|122|182|70|51|58|148|33|79|253|52|168|246|225|80|21|81|155|196|22|46|35|237|
Overall Best: 0.9190 Generation: 3

Generation 16
Average: 0.9072 Best: 0.9159
Best Individual: 
C0 166|121|182|140|6|210|151|244|190|130|58|164|59|4|243|111|26|194|160|149|184|204|82|49|56|233|248|47|221|9|229|90|225|203|133|39|100|19|94|155|252|189|65|224|27|186|125|72|180|124|123|238|34|43|197|152|102|237|230|5|79|249|227|45|77|156|187|110|154|91|54|195|250|165|11|24|113|73|89|169|30|55|163|7|147|242|41|114|146|12|107|85|192|42|93|88|50|126|81|188|60|3|214|219|28|35|153|177|241|178|139|105|223|254|208|234|74|142|23|108|122|116|240|201|144|16|159|217|31|25|231|103|253|8|207|48|33|216|84|172|228|18|179|202|129|78|99|205|86|174|87|17|143|92|220|67|127|44|246|199|131|235|161|57|101|61|193|120|29|104|46|70|52|117|150|206|115|22|62|218|98|15|171|183|212|80|32|181|132|36|76|64|158|185|213|232|175|97|162|118|239|176|63|135|236|128|255|196|68|167|148|137|168|10|38|215|136|14|69|138|198|75|211|106|83|51|20|13|1|251|71|209|21|112|95|200|66|109|191|0|96|245|226|134|173|2|157|40|119|145|53|37|170|222|247|141|
Overall Best: 0.9190 Generation: 3

Generation 17
Average: 0.9074 Best: 0.9140
Best Individual: 
C0 247|3|202|94|85|34|33|178|138|11|174|184|12|78|154|238|43|207|126|173|35|21|231|253|103|90|243|27|112|124|2|159|251|186|122|147|209|19|230|72|107|7|134|18|66|56|233|26|152|58|208|108|95|225|240|130|136|211|74|203|190|88|197|54|164|163|77|37|82|180|155|137|40|47|160|170|222|146|139|142|206|215|111|86|189|151|182|254|25|123|60|96|133|41|204|242|87|145|249|135|156|15|110|49|28|165|4|10|113|177|73|105|100|195|129|114|5|119|234|210|39|194|20|166|38|217|214|179|59|0|45|172|187|17|97|30|141|50|109|75|191|48|226|13|241|252|188|81|84|65|102|83|143|92|220|67|127|200|246|22|131|235|161|248|101|61|193|120|29|104|46|70|52|117|150|99|115|199|62|218|98|93|89|183|212|80|32|181|132|36|76|64|158|185|213|232|175|144|162|118|239|176|63|69|236|128|255|196|68|167|148|42|24|205|169|192|91|44|244|6|51|121|116|140|31|245|71|106|228|16|223|8|224|149|153|55|23|9|53|198|168|221|79|157|1|57|14|216|250|201|171|219|237|125|227|229|
Overall Best: 0.9190 Generation: 3

Generation 18
Average: 0.9076 Best: 0.9146
Best Individual: 
C0 82|121|182|134|34|92|216|69|249|9|49|37|28|100|189|109|255|175|193|64|139|219|245|15|44|159|25|20|157|111|129|239|208|60|176|86|167|180|241|30|165|178|32|10|99|186|149|72|206|124|131|238|102|43|172|152|6|237|26|103|161|190|227|45|123|98|187|110|71|125|54|195|130|132|11|24|128|12|89|56|155|55|213|7|67|242|101|150|146|79|35|85|192|171|93|233|50|126|81|153|158|200|214|204|59|41|188|80|94|246|27|181|218|248|22|234|13|142|23|108|163|116|240|29|144|16|88|42|148|140|231|115|254|52|207|48|33|151|113|197|228|18|179|191|166|78|184|65|39|174|87|114|53|230|217|61|68|250|127|229|77|135|73|133|107|5|95|51|201|36|212|196|46|156|17|19|194|235|220|4|199|75|169|90|183|177|160|105|252|117|138|185|14|147|122|244|91|205|3|145|57|66|221|225|243|96|84|224|58|38|203|137|168|247|223|215|136|97|232|76|198|236|211|106|83|120|47|74|1|251|162|209|21|112|154|8|62|164|202|0|210|104|226|253|173|2|63|40|119|118|143|31|170|222|70|141|
Overall Best: 0.9190 Generation: 3

Generation 19
Average: 0.9080 Best: 0.9153
Best Individual: 
C0 82|121|182|134|34|92|216|93|249|9|49|37|234|100|189|109|255|175|193|112|139|219|229|15|44|3|244|20|157|111|129|239|208|60|176|86|183|180|241|30|165|178|32|10|99|186|149|72|224|124|131|106|102|43|143|152|6|156|26|103|161|190|59|45|123|98|187|110|71|125|54|195|130|137|11|136|128|12|89|56|235|55|213|7|67|251|101|150|146|96|35|85|192|171|69|233|50|126|81|153|158|200|177|204|227|41|188|80|94|246|27|181|218|40|22|28|13|142|23|119|163|116|240|29|144|36|88|42|118|140|231|115|254|52|207|48|33|87|113|197|228|18|179|191|166|78|184|122|39|174|151|114|53|230|90|61|68|250|127|245|77|135|73|133|107|5|95|51|201|16|212|196|46|237|17|19|194|155|220|4|199|75|169|217|167|214|160|105|252|117|138|185|14|147|65|25|108|205|159|145|57|66|221|225|243|232|84|206|58|38|203|132|168|247|223|215|24|97|79|76|198|236|211|238|83|120|47|74|1|242|162|209|21|64|154|8|62|164|202|0|210|104|226|253|173|2|63|248|91|148|172|31|170|222|70|141|
Overall Best: 0.9190 Generation: 3

Generation 20
Average: 0.9088 Best: 0.9165
Best Individual: 
C0 4|179|96|160|104|144|59|79|173|222|244|150|130|199|190|92|163|77|194|70|113|221|34|100|118|27|23|40|46|64|90|203|95|33|54|20|166|73|36|185|157|165|97|214|135|124|84|53|102|188|3|121|61|99|11|125|142|72|164|217|28|192|120|156|15|110|75|51|117|252|211|251|140|68|254|119|131|239|56|128|49|138|231|35|67|19|154|209|224|193|196|235|13|108|126|133|237|175|57|6|58|32|30|137|132|253|101|98|93|172|208|241|149|186|41|81|78|18|112|152|24|195|181|42|5|187|83|245|86|177|219|62|55|174|45|180|47|10|158|114|25|255|151|162|191|220|225|178|38|141|228|60|216|230|103|145|111|197|240|71|168|161|248|129|207|29|155|1|107|44|238|176|212|105|232|74|31|12|115|210|123|88|226|223|91|227|127|242|65|17|85|0|182|205|94|159|215|9|122|80|189|116|213|198|170|171|167|184|37|243|218|143|247|183|134|234|106|249|202|147|14|69|246|109|66|16|236|136|169|50|63|22|39|146|43|139|2|8|82|201|229|233|89|204|7|26|250|76|52|200|148|153|87|206|48|21|
Overall Best: 0.9190 Generation: 3

Generation 21
Average: 0.9085 Best: 0.9165
Best Individual: 
C0 4|179|96|160|104|144|59|79|173|222|244|150|130|199|190|248|163|77|215|70|113|221|34|100|118|27|23|40|46|64|90|203|95|33|54|20|166|73|162|185|157|165|97|3|135|124|84|53|102|188|214|121|61|99|11|125|142|72|164|217|28|192|120|134|15|110|71|57|117|252|211|251|140|182|254|108|131|239|56|128|49|138|231|35|67|19|153|209|224|193|196|235|13|119|126|133|237|175|51|6|195|32|30|137|132|253|101|98|93|172|208|241|149|219|41|81|78|18|112|152|24|58|181|42|5|187|83|245|86|177|186|62|55|174|45|38|47|10|158|114|25|255|151|36|191|220|225|183|180|141|228|60|216|230|103|145|111|197|240|75|168|161|92|129|207|29|155|1|107|184|238|176|212|234|232|74|31|12|115|210|123|88|226|223|91|227|127|68|65|17|85|0|242|205|94|159|194|9|122|80|189|116|213|198|170|171|167|44|37|243|218|143|247|178|156|105|106|249|202|147|14|69|246|109|66|16|236|136|169|50|63|22|39|146|43|139|2|8|82|201|229|233|89|204|7|26|250|76|52|200|148|154|87|206|48|21|
Overall Best: 0.9190 Generation: 3

Generation 22
Average: 0.9089 Best: 0.9153
Best Individual: 
C0 4|179|107|160|90|144|168|166|56|222|73|231|77|114|75|23|79|190|234|37|245|120|98|43|185|109|106|226|95|184|53|182|211|209|193|154|0|244|17|42|239|14|103|123|6|162|16|248|214|121|191|119|91|2|175|242|36|111|20|157|40|218|255|225|126|194|54|11|176|10|61|85|104|118|180|99|232|5|173|128|50|138|150|35|220|19|250|51|208|205|196|235|78|163|15|59|237|33|254|127|192|32|113|137|67|195|88|34|93|172|224|241|201|186|100|86|216|18|64|253|24|139|181|97|199|125|83|30|246|92|112|62|140|174|132|57|47|252|28|105|25|146|151|102|3|124|45|178|167|141|228|60|94|230|153|101|247|72|116|129|183|49|110|12|81|29|70|1|227|130|238|117|212|164|131|74|31|71|177|210|41|96|63|223|58|152|206|48|65|207|251|149|203|68|89|159|215|9|122|80|115|76|243|198|170|171|38|217|169|145|158|143|136|84|134|197|189|156|202|147|165|219|8|27|66|46|236|221|108|161|155|22|39|187|142|13|69|213|82|233|229|133|249|204|7|26|44|240|52|200|148|55|87|135|188|21|
Overall Best: 0.9190 Generation: 3

Generation 23
Average: 0.9081 Best: 0.9153
Best Individual: 
C0 75|231|168|82|77|121|162|0|52|13|39|233|27|86|182|21|50|221|193|211|14|147|135|123|16|161|53|79|120|214|42|87|17|179|108|109|160|6|98|94|46|155|222|204|142|133|115|107|4|44|191|76|190|2|175|242|36|206|20|249|143|144|255|229|126|194|54|11|176|93|61|85|96|118|180|244|232|5|1|128|69|138|150|35|220|19|250|51|208|48|196|235|78|163|15|59|237|33|254|127|192|32|113|137|67|195|88|34|10|172|224|241|201|186|169|91|216|18|64|253|24|139|9|97|252|125|83|30|246|92|112|62|140|174|132|57|7|199|28|105|25|146|151|102|3|124|45|178|167|141|228|60|23|230|153|101|247|55|207|84|183|49|110|12|81|29|70|173|227|130|238|117|212|164|131|74|31|71|177|210|41|104|63|223|58|152|111|205|65|116|251|149|203|68|89|159|215|181|122|80|245|119|243|198|170|171|38|217|100|145|158|40|136|129|134|197|189|156|202|166|66|236|37|72|90|56|47|213|22|218|187|209|234|8|154|106|184|165|200|157|26|185|226|103|43|95|114|73|240|225|148|219|188|248|99|239|
Overall Best: 0.9190 Generation: 3

Generation 24
Average: 0.9076 Best: 0.9165
Best Individual: 
C0 173|179|112|12|31|40|213|138|48|95|148|228|111|238|113|24|42|8|139|192|193|78|25|15|44|3|244|20|128|79|129|239|208|60|249|86|33|180|241|30|146|199|134|204|150|6|61|53|158|188|197|166|232|253|176|132|142|105|121|251|163|189|120|169|5|127|34|71|117|36|4|217|140|28|254|108|212|104|56|46|49|175|231|35|155|19|153|209|70|226|237|55|13|119|240|133|17|67|51|126|195|94|185|137|125|135|101|98|110|227|76|191|177|219|41|74|85|88|174|152|230|58|233|1|54|187|83|235|161|149|186|62|131|255|45|38|107|10|190|114|206|214|200|220|57|145|91|170|84|167|250|90|147|151|64|252|136|234|9|211|21|215|130|73|122|183|164|248|242|182|162|123|118|32|224|81|203|144|100|97|246|222|27|172|160|47|229|77|141|216|196|205|223|0|156|68|194|124|96|80|89|116|59|198|115|171|65|245|37|29|165|143|247|178|23|72|106|11|202|184|159|69|103|109|66|92|236|16|210|50|63|22|39|157|43|225|2|14|82|201|93|168|243|99|7|181|102|18|52|221|218|154|87|26|75|207|
Overall Best: 0.9190 Generation: 3

Generation 25
Average: 0.9075 Best: 0.9146
Best Individual: 
C0 232|91|100|97|12|34|148|93|28|9|195|37|21|66|189|109|98|31|59|57|144|169|222|217|86|92|244|52|115|211|6|16|88|60|47|136|242|171|241|38|63|105|172|224|99|131|162|53|76|126|113|33|170|190|71|152|74|156|215|56|229|158|225|119|123|249|187|168|223|125|207|46|128|120|245|202|79|218|75|23|159|127|208|121|67|36|82|129|146|96|108|40|78|167|118|233|50|24|182|2|137|20|177|204|239|254|70|35|94|72|27|236|51|203|44|117|205|243|80|140|193|235|48|179|41|116|84|14|58|103|114|18|138|200|255|153|165|87|102|197|65|198|178|10|192|30|150|157|133|174|151|39|191|230|90|61|68|166|55|220|95|135|73|11|107|5|163|42|201|77|212|89|147|251|19|206|194|155|180|186|231|69|219|49|124|15|237|104|199|252|160|45|8|32|132|62|226|7|240|43|164|210|238|250|161|181|29|4|154|214|122|83|81|85|253|184|64|213|130|176|143|134|110|139|13|227|228|248|149|183|216|196|25|54|221|185|111|141|1|188|26|22|246|234|209|173|106|145|17|142|3|175|112|247|0|101|
Overall Best: 0.9190 Generation: 3

Generation 26
Average: 0.9081 Best: 0.9165
Best Individual: 
C0 164|236|112|56|160|90|168|143|37|34|170|175|91|87|12|149|29|119|171|14|118|238|176|147|36|79|240|93|155|111|18|142|43|135|202|169|167|66|241|30|92|105|32|178|207|186|233|57|101|40|15|48|247|81|121|71|218|189|152|154|75|136|255|61|123|98|187|4|94|125|54|231|183|132|254|246|45|203|89|113|162|55|185|134|208|85|16|191|228|103|65|248|199|182|1|5|21|210|77|11|127|2|130|139|83|102|239|177|122|6|179|209|184|41|204|174|151|13|97|106|156|53|234|20|67|194|244|42|173|220|117|35|131|52|19|107|33|211|28|180|26|23|59|86|78|215|128|70|133|126|27|206|217|230|192|161|138|250|44|46|229|17|3|212|62|188|84|51|201|144|108|80|172|237|249|69|22|235|197|110|153|196|49|200|222|39|7|99|74|157|166|252|60|165|242|150|95|10|181|245|50|141|243|109|146|104|38|224|58|8|137|64|47|9|223|163|190|205|198|124|115|76|216|158|116|0|232|63|148|214|226|225|213|31|253|68|96|114|82|227|219|145|120|88|129|73|193|251|221|100|159|140|25|195|24|72|
Overall Best: 0.9190 Generation: 3

Generation 27
Average: 0.9072 Best: 0.9153
Best Individual: 
C0 69|179|58|190|31|40|11|20|48|54|148|150|111|220|46|24|165|8|136|192|26|227|117|15|44|93|244|99|128|204|61|239|129|208|249|119|33|92|138|187|151|199|96|1|170|6|60|53|158|191|212|123|210|162|109|51|197|105|213|251|202|189|120|169|5|83|34|107|238|195|43|98|140|82|254|108|230|104|56|64|49|175|231|35|245|84|101|209|233|226|237|55|17|207|154|235|163|0|100|194|174|76|88|25|80|19|147|186|157|255|178|188|219|159|95|52|114|32|45|137|9|171|91|142|167|113|205|81|149|156|160|57|30|121|71|131|74|218|12|146|118|47|200|2|193|18|228|70|181|217|243|122|62|36|75|173|72|184|38|14|133|253|248|73|42|106|164|103|242|182|3|115|206|85|224|247|130|144|13|97|246|222|102|240|145|65|229|77|59|216|196|94|223|67|79|41|126|124|66|234|89|116|141|198|161|135|29|4|172|214|90|127|166|10|155|153|68|236|203|176|143|134|110|139|27|78|177|16|232|50|63|22|39|252|125|225|180|211|28|201|21|168|250|241|7|112|132|23|215|221|183|37|87|185|152|86|
Overall Best: 0.9190 Generation: 3

Generation 28
Average: 0.9072 Best: 0.9140
Best Individual: 
C0 69|179|58|190|31|40|11|20|48|54|148|150|111|220|46|24|165|8|136|192|26|227|117|15|0|93|244|230|128|204|61|239|95|208|249|119|251|92|138|187|151|199|96|1|170|6|60|23|158|191|212|123|210|162|109|246|197|105|213|29|202|189|120|169|5|83|228|167|238|195|43|98|140|82|254|27|99|104|56|64|49|175|231|35|245|84|101|209|233|144|237|55|17|207|154|235|163|44|100|114|21|76|88|25|80|19|147|186|157|255|178|188|219|159|113|52|194|32|45|137|9|171|91|142|107|129|205|81|172|156|160|57|30|121|71|131|74|218|12|146|118|47|28|2|193|18|34|70|181|217|243|122|115|36|75|173|72|184|38|14|133|253|229|73|42|106|164|103|242|182|3|62|206|85|224|247|130|41|13|97|51|222|102|240|145|65|248|77|59|216|196|94|223|67|79|226|126|124|66|234|89|116|141|198|161|135|33|4|149|214|90|127|166|10|155|153|68|236|203|176|143|134|110|139|108|78|177|16|232|50|63|22|39|252|125|225|180|211|200|201|174|168|250|241|7|112|132|53|215|221|183|37|87|185|152|86|
Overall Best: 0.9190 Generation: 3

Generation 29
Average: 0.9076 Best: 0.9153
Best Individual: 
C0 251|19|125|254|12|42|148|31|28|45|195|253|150|66|241|86|4|93|54|88|248|160|166|217|18|80|57|249|96|211|243|205|174|60|13|136|242|104|70|246|169|105|172|72|102|27|185|15|209|126|39|199|170|190|223|40|147|188|44|56|177|158|116|36|208|77|52|168|187|10|16|64|128|30|245|89|78|218|75|23|159|97|24|121|215|228|82|129|46|153|165|119|113|239|118|234|50|85|108|152|137|20|173|204|167|6|63|252|115|47|79|14|34|203|100|41|235|127|35|140|193|1|48|179|232|71|3|191|189|99|149|33|138|200|255|2|225|87|92|197|222|198|178|224|192|120|244|95|171|157|151|8|94|230|90|61|68|65|55|220|117|135|73|133|107|9|163|5|59|21|247|202|74|58|91|206|180|155|76|186|231|69|219|145|124|53|237|194|134|201|207|84|131|32|132|162|226|7|240|43|111|210|238|250|161|181|29|11|236|62|229|83|81|123|67|184|114|213|139|176|143|142|110|164|122|214|38|144|233|183|216|196|25|103|221|182|130|156|154|141|26|22|0|146|98|49|106|227|17|109|51|175|112|212|37|101|
Overall Best: 0.9190 Generation: 3
==================
    Best individual after 30 generations
    computed in 6,033.1040 seconds
    1464 elements out of 1593 correct.
    emerged in generation 3
    with fitness 0.9190
==================

