Starting evolution...

Generation 0
Average: 0.8784 Best: 0.8977
Best Individual: 
C0 23|39|80|182|4|136|6|249|24|9|34|11|12|173|16|121|160|17|42|19|54|151|242|177|228|18|26|117|110|237|180|22|70|144|193|35|88|37|93|139|40|223|234|90|240|255|46|197|45|165|30|38|76|53|191|55|56|57|58|138|60|8|124|224|31|133|66|67|68|172|167|71|72|112|253|13|154|254|78|94|202|97|184|83|84|85|86|87|36|89|61|91|65|164|189|27|209|10|98|99|174|227|216|181|166|212|106|178|226|92|28|111|135|113|114|115|107|147|118|119|120|232|122|123|62|125|126|127|128|129|130|131|132|109|134|73|5|186|250|74|149|141|142|215|33|145|248|95|140|148|150|21|230|103|52|175|156|81|158|196|201|29|218|203|163|49|104|219|168|169|155|171|48|176|100|170|77|0|192|179|50|157|3|183|20|185|251|187|79|210|190|82|116|153|194|195|51|47|198|199|64|161|59|152|204|208|206|207|205|96|188|211|108|213|214|143|102|217|162|32|220|221|222|41|63|225|246|101|43|229|137|231|15|233|14|235|236|25|238|239|44|241|1|243|244|245|2|247|146|7|159|105|252|200|75|69|
Overall Best: 0.8977 Generation: 0

Generation 1
Average: 0.8853 Best: 0.8977
Best Individual: 
C0 137|64|208|3|138|245|6|120|77|63|164|254|193|7|30|15|184|216|197|19|131|161|91|23|220|224|145|27|28|148|10|54|32|33|112|35|42|34|182|49|11|41|16|39|195|85|88|188|166|141|20|51|52|130|31|238|186|210|123|136|252|46|152|171|228|65|66|205|68|69|229|2|37|73|176|191|76|8|82|223|80|95|147|83|47|13|173|104|198|89|241|244|92|233|94|248|96|97|98|99|100|101|102|103|150|108|230|9|71|43|183|111|202|45|5|115|116|117|118|153|79|217|122|50|204|125|126|218|249|62|179|21|132|133|134|163|162|0|199|106|140|129|142|143|251|38|231|58|237|170|225|151|81|227|53|107|159|75|158|212|160|139|109|59|157|165|29|48|168|169|18|155|172|74|174|175|86|119|178|22|180|84|14|110|87|121|56|57|242|221|190|255|192|12|194|215|250|149|60|4|239|201|222|203|226|67|206|196|61|209|187|135|114|128|214|44|17|167|127|207|24|189|1|213|177|181|185|105|25|156|146|219|72|211|93|235|236|234|55|200|240|124|36|243|154|90|246|40|26|70|113|144|232|253|247|78|
Overall Best: 0.8977 Generation: 0

Generation 2
Average: 0.8886 Best: 0.9033
Best Individual: 
C0 0|140|47|139|11|138|6|102|83|182|55|4|252|216|14|28|254|188|130|206|227|161|125|44|24|247|54|116|168|111|150|135|153|57|120|231|187|240|132|173|40|163|214|39|64|162|26|193|205|253|115|171|56|74|167|10|52|237|201|97|60|61|62|63|232|234|212|80|37|211|224|98|17|73|219|84|246|34|78|3|146|65|82|235|176|85|8|156|226|22|194|91|92|127|94|15|96|59|19|110|51|122|134|103|104|119|106|175|108|157|99|29|69|113|114|223|239|117|46|23|27|50|121|123|208|147|76|70|198|13|18|131|190|133|49|42|143|251|160|172|7|244|137|215|174|192|210|89|72|151|5|33|31|32|154|77|87|109|12|159|30|217|45|101|88|238|166|2|95|169|185|209|144|242|165|248|75|177|178|179|180|181|79|183|184|67|90|245|148|189|158|53|145|93|36|195|196|197|43|9|41|58|1|170|107|48|38|207|124|220|136|255|66|213|199|105|128|71|218|68|118|221|222|100|21|225|20|126|228|229|204|86|200|233|149|230|236|81|202|191|203|241|16|243|141|186|164|25|155|249|112|142|250|152|35|129|
Overall Best: 0.9033 Generation: 2

Generation 3
Average: 0.8903 Best: 0.9033
Best Individual: 
C0 117|178|161|231|192|5|45|36|119|80|162|87|12|114|204|191|158|187|182|26|169|208|34|105|11|39|48|84|57|154|184|31|32|211|112|1|78|155|195|50|52|226|42|43|10|136|213|29|138|140|38|168|172|107|54|23|125|190|85|141|129|111|177|63|237|65|166|238|68|147|222|35|94|72|74|75|156|202|149|165|16|218|163|83|164|122|41|250|88|212|15|173|64|137|174|248|96|97|234|21|175|101|17|103|193|224|8|240|7|27|62|22|47|13|233|9|116|255|118|37|53|2|244|123|59|56|46|127|128|70|69|199|132|61|145|110|102|134|25|139|67|206|215|143|144|200|207|71|183|60|98|159|90|133|219|242|152|157|20|153|180|30|235|0|28|239|198|49|225|100|181|124|179|210|241|3|171|247|229|40|221|170|220|73|130|4|82|109|188|79|104|89|245|19|197|142|186|92|77|131|176|201|196|246|6|51|76|146|14|81|150|99|217|209|214|24|216|95|108|160|254|58|194|223|44|148|151|167|205|135|230|91|232|113|228|126|189|86|120|66|33|236|93|121|18|115|106|203|55|249|185|251|252|253|243|227|
Overall Best: 0.9033 Generation: 2

Generation 4
Average: 0.8901 Best: 0.9002
Best Individual: 
C0 0|75|2|183|162|84|6|39|113|169|253|117|118|145|115|34|30|248|66|106|36|171|22|68|108|56|190|112|222|209|50|236|101|245|149|126|196|67|81|175|24|1|64|61|42|166|152|28|41|49|251|140|177|53|15|12|55|57|11|137|60|188|123|33|173|195|210|148|158|235|155|125|72|227|224|254|161|21|116|52|203|63|107|47|5|32|59|215|99|220|70|76|92|93|187|35|89|83|20|129|157|48|150|103|160|105|18|45|208|43|85|19|206|98|219|16|133|122|163|119|120|179|27|3|124|230|146|127|37|228|130|131|90|244|4|13|136|239|138|139|142|141|121|143|144|86|165|109|232|201|221|80|17|153|128|132|87|223|95|233|211|216|218|184|243|212|9|46|168|44|170|154|198|249|25|79|205|178|97|180|94|156|185|26|147|151|186|234|241|73|38|191|77|193|164|58|255|102|192|199|200|100|202|252|135|197|159|88|114|29|229|167|7|96|23|250|189|194|111|204|214|78|8|40|74|31|226|104|51|207|176|54|82|237|240|69|182|231|238|62|217|213|242|174|14|134|246|247|110|65|71|172|225|10|91|181|
Overall Best: 0.9033 Generation: 2

Generation 5
Average: 0.8897 Best: 0.9014
Best Individual: 
C0 35|1|76|137|163|94|199|236|8|119|10|156|102|86|18|79|19|253|6|116|134|213|133|206|195|189|113|130|149|242|81|241|90|225|152|59|52|186|77|14|142|219|17|161|122|29|47|97|214|96|50|202|63|36|200|93|75|66|145|190|208|98|231|254|23|30|179|64|85|245|74|183|182|176|55|68|34|169|129|25|42|229|125|148|107|78|223|121|89|252|168|175|27|65|239|91|135|147|103|92|37|160|112|136|100|155|32|87|108|56|72|71|166|250|5|67|244|185|118|9|120|178|144|53|22|44|60|180|159|104|228|131|132|151|153|177|58|157|138|146|38|141|84|218|46|154|127|4|69|170|150|16|2|7|21|232|196|106|191|128|248|192|227|226|212|188|198|105|201|235|99|40|101|49|174|0|45|28|197|251|220|181|83|11|165|140|48|194|111|171|243|62|70|193|187|143|184|61|230|234|172|73|41|203|204|205|215|247|115|95|210|211|31|237|123|88|126|3|167|139|51|221|110|20|224|124|255|117|12|164|24|217|173|233|209|15|82|114|238|43|222|57|109|33|80|216|246|207|158|249|26|162|240|39|54|13|
Overall Best: 0.9033 Generation: 2

Generation 6
Average: 0.8907 Best: 0.9077
Best Individual: 
C0 172|101|138|54|89|192|132|235|115|134|163|201|63|155|151|0|6|18|69|148|64|253|241|177|26|15|175|164|129|153|247|2|75|70|60|114|162|47|217|207|38|227|106|84|13|46|94|103|205|208|232|12|237|30|50|206|135|178|10|49|5|251|195|213|220|65|176|74|184|199|173|144|249|62|31|37|100|156|152|131|165|81|107|234|33|66|118|87|189|109|43|145|125|17|154|230|96|44|128|97|14|67|113|86|130|140|53|171|34|61|41|111|211|36|24|240|42|55|25|56|242|117|78|11|238|58|95|52|255|57|7|91|193|200|236|123|83|137|159|139|254|27|142|143|174|39|82|79|22|20|150|9|191|105|228|157|72|45|158|1|160|80|141|112|4|219|202|133|59|226|181|124|179|197|76|3|121|231|186|40|108|170|204|190|21|28|187|127|223|71|93|196|73|19|252|215|244|92|77|250|149|239|224|246|222|51|85|146|212|166|16|99|126|209|48|29|68|147|221|180|198|136|161|23|116|98|214|102|218|229|32|194|210|233|183|203|167|216|88|119|104|110|188|35|182|185|168|169|248|120|225|90|245|243|122|8|
Overall Best: 0.9077 Generation: 6

Generation 7
Average: 0.8926 Best: 0.9052
Best Individual: 
C0 23|77|65|245|53|177|97|180|255|217|108|246|3|207|137|156|178|89|13|125|161|54|106|254|142|15|90|28|167|10|209|78|206|244|24|231|61|237|208|111|56|85|71|43|195|253|30|155|16|83|46|31|189|5|7|172|152|79|48|144|103|36|45|50|98|130|213|2|58|9|224|158|127|124|148|66|126|226|26|225|212|169|22|87|70|68|247|133|4|252|44|80|215|14|139|41|92|75|86|193|191|81|176|240|221|11|119|19|159|196|136|57|96|113|117|105|192|219|82|242|107|147|122|35|163|145|202|223|18|129|112|210|63|227|236|135|20|160|200|168|104|141|228|102|37|229|216|60|33|29|40|21|188|249|232|101|134|17|211|190|27|55|38|32|166|74|143|164|184|131|128|238|72|47|114|52|94|0|76|179|67|199|173|183|88|8|182|187|243|69|181|235|218|153|149|222|121|6|205|42|151|51|146|100|204|110|115|12|123|132|116|186|251|84|59|154|203|1|34|64|234|109|194|95|62|138|174|248|239|49|73|220|233|93|170|150|140|185|197|201|162|91|198|171|165|39|118|214|157|25|175|120|250|99|241|230|
Overall Best: 0.9077 Generation: 6

Generation 8
Average: 0.8923 Best: 0.9058
Best Individual: 
C0 241|96|210|121|149|122|145|54|192|35|24|110|160|1|82|240|75|189|94|166|77|125|30|74|165|148|102|231|4|42|17|66|199|81|156|190|214|255|19|137|254|236|85|10|8|162|86|130|124|39|97|223|141|93|208|109|63|101|213|161|169|50|202|113|64|98|128|237|242|245|198|183|182|176|72|68|73|52|152|25|13|196|108|47|107|78|58|23|195|252|168|127|27|65|49|91|135|232|234|250|37|142|6|28|100|53|32|87|186|56|55|71|133|33|5|67|244|185|118|9|120|178|34|155|200|44|89|119|159|104|228|131|132|151|153|177|197|157|2|219|217|18|84|218|46|92|188|181|79|170|150|105|144|7|21|129|229|106|191|3|248|147|59|226|112|175|51|16|201|235|99|40|163|239|69|0|45|136|174|251|154|134|83|11|29|140|48|194|111|171|61|62|203|193|187|143|184|243|230|103|172|227|41|70|207|205|215|247|115|95|60|211|31|80|123|88|126|225|167|139|238|221|180|20|224|164|116|117|12|212|179|222|173|233|209|15|138|114|90|43|38|57|22|220|36|216|246|204|158|249|26|14|146|206|76|253|
Overall Best: 0.9077 Generation: 6

Generation 9
Average: 0.8924 Best: 0.9077
Best Individual: 
C0 184|148|195|154|149|205|145|220|152|101|56|132|157|113|54|70|136|235|159|50|95|108|30|26|182|47|134|7|191|197|238|66|199|96|234|190|39|116|226|135|161|103|181|76|8|240|86|143|171|233|97|58|9|99|208|63|36|194|59|150|151|133|60|92|176|248|212|3|242|40|83|49|144|196|231|68|45|169|104|25|73|140|232|4|120|78|201|0|89|46|177|122|244|105|128|172|178|141|53|61|37|110|139|75|100|204|32|87|21|180|173|138|175|1|109|119|131|117|11|94|107|147|17|35|163|98|202|223|18|129|153|210|213|42|236|243|20|160|200|254|218|115|229|142|252|65|80|166|29|69|219|88|77|72|6|67|118|179|185|221|188|125|93|19|225|82|228|112|211|62|38|245|156|183|168|187|34|85|13|247|227|102|51|2|222|189|23|251|239|164|28|90|10|192|186|106|241|250|230|198|91|170|41|216|5|127|44|214|193|14|155|79|114|237|111|16|126|84|167|206|52|174|207|64|224|124|255|162|12|55|24|217|81|123|209|15|215|31|74|43|165|57|22|130|71|203|246|121|158|249|27|137|146|48|33|253|
Overall Best: 0.9077 Generation: 6

Generation 10
Average: 0.8914 Best: 0.9033
Best Individual: 
C0 74|121|63|91|105|99|236|155|151|194|208|214|73|55|94|128|162|103|184|82|228|104|79|21|39|185|43|210|107|27|158|72|90|33|192|19|124|247|181|66|78|132|146|217|30|98|68|250|176|142|150|34|32|149|36|165|96|135|252|75|152|202|50|126|84|65|166|156|37|4|231|118|14|114|237|241|138|111|242|87|183|28|161|168|76|122|41|188|218|23|127|85|64|137|5|130|52|189|1|198|186|101|93|95|46|229|8|240|207|56|200|71|133|13|144|220|116|245|10|253|190|26|160|81|223|119|35|191|204|49|9|141|148|131|44|212|216|108|25|53|67|125|213|169|100|246|89|17|199|102|209|113|92|234|195|7|6|157|255|153|248|147|59|226|112|175|51|254|201|70|177|40|163|239|203|0|45|18|174|251|154|134|83|11|29|140|48|106|193|171|61|172|69|58|187|235|57|243|230|129|62|227|2|136|3|205|215|16|115|244|60|211|31|80|123|38|159|173|167|139|238|221|180|20|88|164|42|117|12|110|179|222|225|233|24|15|178|249|145|47|224|54|22|170|232|109|196|219|120|143|206|182|86|77|97|197|
Overall Best: 0.9077 Generation: 6

Generation 11
Average: 0.8902 Best: 0.9021
Best Individual: 
C0 95|201|14|87|89|255|206|254|39|239|232|33|55|47|27|198|65|208|125|221|45|114|59|26|115|118|62|126|106|246|176|38|194|237|235|251|242|169|11|52|92|163|77|248|7|42|224|73|233|172|157|66|83|102|180|22|179|203|177|178|219|133|234|110|67|145|217|3|71|182|227|140|161|132|74|231|134|244|122|15|143|236|253|86|204|30|44|32|187|174|6|167|35|57|24|31|215|49|120|112|93|238|152|185|91|80|43|186|111|250|212|229|96|113|117|81|144|5|82|64|216|147|70|50|46|137|202|223|18|128|193|210|200|220|4|135|20|160|155|53|101|141|69|99|153|36|107|103|252|29|40|188|21|249|98|104|124|165|211|190|209|108|146|156|205|207|105|226|9|192|129|151|127|28|119|225|94|0|76|8|189|173|1|183|130|12|184|139|245|228|181|68|218|37|149|222|213|41|175|195|13|51|48|100|79|17|34|97|123|58|23|19|56|84|131|154|16|85|247|54|158|136|121|166|191|148|214|170|60|75|116|150|197|240|162|243|142|230|241|171|164|63|168|199|2|10|196|90|138|61|88|159|78|72|25|109|
Overall Best: 0.9077 Generation: 6

Generation 12
Average: 0.8918 Best: 0.9040
Best Individual: 
C0 45|60|211|121|159|223|31|115|39|59|79|234|9|33|252|40|200|208|149|93|0|206|175|225|105|162|195|88|226|123|176|86|202|51|186|97|140|152|11|220|219|91|65|165|242|117|43|205|189|100|56|73|177|53|180|22|173|120|77|34|98|94|212|62|196|16|66|14|29|199|21|6|251|172|113|84|213|106|25|145|48|164|160|119|151|87|179|58|181|24|240|67|194|153|161|61|101|47|122|42|2|182|82|147|236|246|150|232|125|174|69|143|112|193|187|124|197|41|81|178|248|8|15|52|170|20|168|72|37|235|49|144|129|137|75|109|23|76|89|207|4|218|192|74|83|95|10|163|221|63|146|185|250|241|238|239|253|128|134|50|254|96|90|191|108|157|111|46|30|255|7|154|227|18|80|166|139|64|118|237|38|126|136|167|36|135|133|245|54|27|190|198|155|3|12|222|19|68|233|132|78|244|214|228|229|184|215|247|92|171|103|148|169|209|1|28|201|141|13|156|57|55|70|17|116|85|5|102|142|204|32|224|210|231|183|203|188|216|71|138|104|110|217|35|107|249|230|99|158|114|26|44|127|243|131|130|
Overall Best: 0.9077 Generation: 6

Generation 13
Average: 0.8925 Best: 0.9040
Best Individual: 
C0 45|60|176|121|159|223|31|115|39|59|79|234|9|33|252|40|200|208|149|93|0|206|175|225|43|162|195|226|88|123|211|86|202|51|186|54|48|152|11|220|219|91|65|165|242|117|105|205|189|106|56|73|177|53|180|22|173|120|77|34|98|94|212|62|196|71|66|14|29|199|21|6|251|172|113|84|213|100|25|145|140|101|237|119|151|102|179|50|181|24|240|67|194|63|161|244|164|7|122|42|2|182|82|147|236|246|155|232|231|174|69|143|112|193|187|124|201|41|81|178|248|245|15|52|170|20|168|72|37|235|49|144|129|137|75|109|23|76|89|207|4|218|192|85|83|95|10|163|221|153|146|185|250|241|238|191|253|128|134|58|254|96|90|239|108|157|111|46|30|255|47|154|227|18|80|166|139|64|118|160|38|126|136|167|16|135|133|8|5|27|190|204|150|3|12|222|57|68|233|132|78|61|214|103|229|184|215|247|92|171|228|148|169|209|1|99|197|141|13|156|19|55|70|17|116|74|97|198|142|87|32|224|210|125|183|203|188|216|131|138|104|110|217|35|107|249|230|28|158|114|26|44|127|243|36|130|
Overall Best: 0.9077 Generation: 6

Generation 14
Average: 0.8938 Best: 0.9058
Best Individual: 
C0 245|83|211|121|246|155|20|92|54|59|74|209|8|0|247|40|200|208|237|93|79|96|3|2|184|67|195|88|226|123|84|86|63|44|186|97|140|9|52|220|207|91|65|161|134|255|118|139|196|136|69|14|1|35|175|232|23|120|183|87|49|94|169|168|178|187|66|22|29|56|21|6|47|172|27|228|234|64|227|145|111|164|160|119|30|233|251|61|156|33|70|82|147|254|252|198|205|179|26|239|141|13|176|72|221|146|114|19|15|219|43|129|51|98|231|142|42|238|125|174|242|244|135|11|46|194|182|58|159|101|193|236|105|181|213|243|173|170|217|189|41|203|143|218|4|28|107|199|113|157|37|89|144|7|77|162|229|106|191|132|124|206|154|253|36|80|48|75|78|117|99|128|25|148|202|190|45|38|163|149|165|167|100|152|201|151|76|137|39|171|112|62|223|248|126|127|210|95|34|240|68|73|212|158|85|57|215|133|115|71|10|197|214|90|177|31|102|225|103|104|55|60|108|17|116|50|5|131|153|204|32|224|12|16|24|18|188|216|250|150|235|110|53|180|81|249|230|241|192|138|222|166|122|109|185|130|
Overall Best: 0.9077 Generation: 6

Generation 15
Average: 0.8933 Best: 0.9058
Best Individual: 
C0 246|71|30|121|75|74|87|62|237|215|23|108|153|94|82|179|252|32|93|245|209|96|72|119|162|177|113|7|140|133|6|202|90|132|50|243|232|205|43|225|165|238|58|80|250|138|144|220|195|8|76|55|106|198|49|151|131|172|33|249|159|60|39|126|85|226|99|146|158|52|38|200|112|217|34|63|125|167|24|184|175|170|210|182|186|117|77|36|152|111|135|100|129|21|20|228|240|69|78|185|31|147|5|28|59|180|176|174|213|56|130|123|211|161|194|109|145|255|97|9|19|127|193|88|15|166|116|188|10|104|91|219|73|173|160|149|11|208|218|221|13|197|84|2|241|183|107|192|79|157|141|110|48|41|233|253|229|150|57|3|124|207|12|14|98|189|247|16|201|235|148|40|163|169|95|137|26|251|214|181|154|25|83|67|206|230|244|143|105|171|231|54|223|155|187|37|89|29|120|128|68|227|61|70|190|45|35|51|115|164|168|42|118|65|0|142|102|122|239|139|212|236|224|66|53|17|242|196|103|81|156|222|136|18|92|86|203|248|101|234|254|191|22|4|199|216|46|204|64|134|44|178|1|114|47|27|
Overall Best: 0.9077 Generation: 6

Generation 16
Average: 0.8934 Best: 0.9077
Best Individual: 
C0 194|71|30|121|75|74|87|62|237|215|23|108|153|182|69|179|252|196|93|175|209|96|72|119|162|177|113|7|140|133|6|202|66|132|50|243|232|205|43|225|165|229|58|80|250|117|144|220|195|8|76|55|102|255|49|151|242|172|33|249|159|60|39|126|85|226|99|146|158|92|38|200|68|217|34|63|125|167|13|184|245|170|210|94|186|138|77|36|152|219|135|100|120|21|160|228|240|82|78|185|114|147|5|28|171|180|176|174|213|56|130|123|211|161|246|109|145|198|97|9|19|127|31|88|14|166|251|188|227|104|101|111|73|173|20|149|11|208|218|221|24|197|84|2|241|183|107|22|79|40|141|110|48|41|233|253|238|150|57|3|124|207|142|15|98|189|247|16|201|235|148|157|163|169|95|137|26|116|129|216|65|25|83|67|206|230|244|143|105|59|231|54|223|155|187|37|89|42|214|128|112|10|61|70|190|45|35|51|115|164|168|29|118|154|0|12|106|86|239|139|212|236|224|90|53|17|131|32|134|81|156|222|4|18|52|122|203|248|91|234|254|191|192|136|199|181|46|204|64|103|44|178|1|193|47|27|
Overall Best: 0.9077 Generation: 6

Generation 17
Average: 0.8920 Best: 0.9040
Best Individual: 
C0 86|17|113|8|134|123|31|230|95|248|220|51|13|228|54|1|183|147|119|15|30|73|190|143|171|178|70|234|229|197|122|66|174|96|102|255|222|72|60|22|168|63|212|11|69|5|117|80|48|59|195|156|166|126|184|176|206|202|6|161|205|49|165|52|2|98|200|237|162|89|64|77|4|232|150|191|125|56|148|58|244|253|182|186|141|38|128|215|240|172|241|124|32|65|203|91|135|127|112|46|41|192|131|115|10|9|120|154|225|181|239|43|79|217|19|39|50|93|136|144|53|26|20|194|157|44|78|236|110|164|82|169|90|152|160|106|189|61|81|104|173|180|201|199|92|103|145|163|100|108|187|170|33|250|35|167|208|7|75|23|107|227|40|218|142|137|68|204|140|133|16|207|111|130|47|29|223|243|238|118|99|105|153|109|139|211|94|88|57|245|198|254|18|252|209|28|224|219|226|146|242|87|42|159|214|179|231|247|193|62|175|55|74|251|85|83|116|84|210|221|216|3|155|76|235|34|246|24|121|138|97|188|158|213|185|45|177|151|12|67|249|196|27|149|114|132|14|37|101|21|36|0|25|71|129|233|
Overall Best: 0.9077 Generation: 6

Generation 18
Average: 0.8925 Best: 0.9071
Best Individual: 
C0 28|114|205|74|4|78|243|197|168|68|45|146|236|116|8|141|56|9|41|202|244|48|24|191|0|66|49|179|92|115|165|61|22|237|40|12|71|16|140|2|234|3|166|157|113|32|95|90|130|23|182|59|154|126|214|21|102|137|162|6|5|255|112|125|64|31|240|199|152|98|161|233|203|176|228|103|85|232|167|10|77|43|108|230|223|231|84|63|248|169|211|196|67|172|147|160|97|15|194|46|215|20|235|123|148|224|251|11|225|105|57|53|219|193|129|39|190|122|128|138|143|26|89|136|186|254|192|206|198|65|245|51|132|70|252|106|135|117|81|37|91|100|201|216|13|177|150|139|121|241|189|208|76|250|35|188|131|7|75|54|184|227|174|142|79|145|104|1|253|133|185|29|151|249|47|73|217|107|238|44|218|181|38|163|178|164|36|118|239|82|60|62|18|171|209|88|153|149|226|180|242|87|221|109|183|127|110|195|111|86|212|55|83|213|173|96|42|94|207|144|159|119|19|52|187|34|246|30|200|69|50|220|247|124|72|210|33|158|58|80|17|175|99|25|155|156|93|204|14|27|120|222|170|134|229|101|
Overall Best: 0.9077 Generation: 6

Generation 19
Average: 0.8911 Best: 0.9096
Best Individual: 
C0 73|208|153|114|194|177|112|251|23|129|36|167|72|30|183|243|119|32|28|145|175|122|93|238|121|94|12|255|133|236|46|100|20|75|61|156|71|49|88|47|230|8|157|5|17|169|99|240|83|244|97|253|68|140|50|76|163|59|67|22|117|48|132|144|213|231|109|2|56|234|66|124|162|171|127|178|193|31|161|245|216|181|107|130|102|128|96|87|95|160|131|53|116|62|91|15|139|212|202|106|204|159|113|210|0|70|54|223|11|180|92|211|24|34|77|69|101|209|218|248|227|143|51|80|40|141|190|42|10|16|148|217|44|198|79|179|246|137|63|89|74|229|206|228|203|39|26|123|86|14|195|118|78|155|168|170|154|65|158|182|188|147|6|64|4|55|173|150|136|84|9|1|37|185|214|126|90|57|221|45|115|186|247|29|200|224|13|207|239|82|81|3|18|146|38|43|241|219|226|197|149|142|199|252|222|41|172|85|225|249|250|191|111|98|135|138|232|151|125|33|166|27|233|205|21|152|120|52|105|103|164|108|215|110|242|235|196|254|174|104|165|189|192|25|7|58|220|176|184|60|201|237|19|35|134|187|
Overall Best: 0.9096 Generation: 19

Generation 20
Average: 0.8928 Best: 0.9058
Best Individual: 
C0 62|138|247|24|34|174|111|29|212|203|227|47|197|161|244|233|236|215|80|171|92|88|205|16|151|11|253|66|217|156|9|136|187|232|113|31|117|61|48|103|186|40|164|191|250|130|172|75|134|25|101|78|245|208|241|198|165|185|221|201|163|238|145|125|0|132|225|1|74|5|119|170|69|176|153|32|178|52|106|254|77|116|108|179|126|146|105|167|248|180|235|177|129|65|95|91|102|199|37|110|86|83|183|160|249|14|81|124|224|58|120|76|210|54|144|137|19|94|42|229|53|26|82|159|246|3|194|112|38|157|188|33|59|175|96|128|189|84|168|10|139|28|70|162|60|220|21|206|219|68|143|71|213|15|216|169|36|7|100|35|97|166|192|99|142|223|104|214|131|45|155|154|2|140|12|109|147|243|230|195|228|181|87|63|49|57|85|127|193|107|209|44|196|50|115|4|211|152|173|73|242|20|93|22|18|207|231|226|89|255|252|55|56|251|158|135|72|39|67|98|239|79|118|46|27|204|218|30|200|182|190|240|8|234|90|23|13|122|41|6|43|237|149|64|17|133|121|123|150|148|114|184|141|202|222|51|
Overall Best: 0.9096 Generation: 19

Generation 21
Average: 0.8917 Best: 0.9027
Best Individual: 
C0 50|233|219|168|212|120|20|28|177|10|136|104|122|252|8|145|105|220|144|60|179|91|148|149|193|133|87|217|160|166|123|218|251|54|62|199|229|197|75|207|157|127|48|234|79|176|227|159|171|3|76|9|156|110|185|93|34|236|151|164|47|126|247|26|81|118|96|70|131|57|38|67|206|161|88|194|130|71|254|209|58|19|239|162|64|216|215|99|117|30|90|108|124|140|255|150|147|224|231|152|89|23|134|24|2|25|169|202|173|12|237|153|181|77|65|146|92|200|137|17|29|45|139|100|107|241|116|46|121|242|125|191|235|119|95|102|56|141|14|244|61|165|187|195|82|44|42|32|113|59|98|208|129|94|221|1|189|85|240|103|33|84|51|214|36|74|158|238|111|86|230|73|83|6|154|41|204|7|22|63|210|37|226|178|246|40|180|13|186|155|232|182|203|106|43|243|175|170|68|196|53|201|192|72|132|250|80|245|142|249|66|39|174|18|15|115|69|114|248|109|135|0|5|16|225|97|228|253|31|138|4|21|55|52|184|205|213|188|222|172|128|11|49|27|163|198|183|211|143|112|35|101|78|190|223|167|
Overall Best: 0.9096 Generation: 19

Generation 22
Average: 0.8929 Best: 0.9021
Best Individual: 
C0 20|122|177|141|96|73|155|8|59|74|25|253|173|93|221|149|168|144|109|234|120|83|64|34|208|40|252|124|103|236|213|152|237|202|132|181|17|98|246|118|67|41|90|46|113|50|86|244|119|176|49|151|12|121|9|142|2|196|4|147|57|11|245|5|189|179|138|117|15|3|79|68|206|161|125|156|130|71|183|209|58|0|180|162|84|216|219|99|65|229|62|224|33|140|255|150|240|108|174|170|89|23|102|53|134|31|241|127|194|78|230|159|6|51|63|231|182|105|133|228|153|36|13|249|220|44|81|112|115|94|188|165|215|129|35|251|95|207|247|48|158|164|69|66|123|87|39|210|217|104|139|223|106|76|45|200|254|30|22|52|131|243|56|198|116|42|163|214|238|148|16|97|14|185|227|101|70|43|28|233|218|135|128|226|250|100|19|82|239|205|32|193|110|146|38|29|72|154|54|199|175|126|37|195|157|187|1|204|80|88|75|169|172|160|248|10|85|136|212|197|111|55|203|60|18|178|24|225|21|145|167|26|91|77|61|7|232|184|47|107|191|171|222|137|242|166|190|143|192|92|27|186|114|235|201|211|
Overall Best: 0.9096 Generation: 19

Generation 23
Average: 0.8927 Best: 0.9071
Best Individual: 
C0 40|56|202|141|197|111|244|250|103|88|49|65|43|75|180|145|106|205|101|116|98|203|87|130|208|115|134|117|9|238|69|214|247|78|172|160|137|24|62|227|10|232|191|222|254|48|33|68|51|161|58|151|163|114|174|11|165|123|61|215|16|236|245|125|249|25|225|1|74|5|119|154|186|176|0|157|149|211|50|64|77|121|108|219|126|146|105|246|196|235|153|177|129|253|57|91|102|132|12|110|59|83|178|194|2|47|81|124|224|37|120|212|179|54|144|136|19|94|210|229|195|26|209|30|167|3|118|112|38|32|188|241|86|175|152|128|189|84|168|187|139|206|70|162|60|220|21|90|42|164|143|173|20|15|216|169|36|7|89|35|185|166|192|99|142|223|171|31|131|45|155|46|14|96|97|109|147|243|230|53|228|181|80|63|184|95|85|127|193|107|82|44|248|217|113|4|52|207|200|73|170|213|255|22|18|66|231|226|100|93|252|55|140|251|158|135|72|23|67|148|242|79|138|239|27|204|218|159|71|182|190|240|8|234|28|198|13|122|41|6|104|237|183|76|39|34|133|156|29|92|221|150|233|199|201|17|
Overall Best: 0.9096 Generation: 19

Generation 24
Average: 0.8926 Best: 0.9058
Best Individual: 
C0 148|172|4|43|212|51|252|197|100|15|230|155|208|82|8|10|118|133|103|157|204|188|240|185|69|66|49|180|122|238|251|91|29|145|170|193|46|190|241|87|144|79|161|174|195|214|115|200|203|209|68|50|52|165|88|207|121|220|138|244|233|127|143|30|3|229|139|6|183|107|56|94|12|231|83|189|178|60|106|9|160|96|61|48|26|114|191|28|250|175|86|166|223|135|45|31|33|109|95|92|254|186|255|130|40|62|181|234|236|141|164|163|11|110|205|67|42|217|152|59|224|53|34|202|123|77|105|58|98|167|16|41|184|136|179|32|132|13|221|90|117|239|23|84|156|21|171|168|19|74|235|169|245|93|147|2|187|24|177|71|85|75|216|108|20|73|158|222|228|47|247|248|243|176|227|253|25|192|162|173|218|210|54|215|213|151|246|211|0|111|57|140|112|126|226|63|102|198|142|18|237|201|72|55|116|99|81|5|97|128|89|199|137|249|37|124|219|206|22|120|131|119|242|196|1|113|225|70|104|35|76|182|36|38|146|7|232|150|154|80|17|65|159|39|149|125|129|44|14|27|194|78|64|134|153|101|
Overall Best: 0.9096 Generation: 19

Generation 25
Average: 0.8930 Best: 0.9058
Best Individual: 
C0 148|172|4|43|212|253|252|243|100|54|96|48|64|56|8|10|118|191|103|157|204|188|240|185|69|66|187|180|122|238|222|91|29|145|170|193|46|190|241|87|144|58|161|174|129|214|115|109|203|209|198|50|52|219|88|207|242|220|138|244|221|127|9|30|3|229|139|6|183|113|82|94|12|231|176|189|178|60|106|143|160|230|61|155|26|18|70|28|250|175|110|166|223|135|45|31|33|200|95|92|254|186|255|130|40|62|181|234|236|141|164|163|11|86|205|67|42|217|152|59|224|53|34|202|123|77|105|79|98|167|16|41|184|136|150|32|132|13|233|90|117|239|23|84|156|21|171|168|19|74|235|169|245|93|147|2|49|101|177|71|85|75|216|108|20|73|158|251|228|47|247|248|97|83|227|51|25|192|162|173|218|210|15|215|213|151|246|211|0|111|57|140|112|126|226|63|102|68|142|114|237|201|72|55|116|99|81|5|197|128|89|199|137|249|37|124|165|206|22|120|131|119|121|196|1|107|225|133|104|35|76|182|36|38|146|7|232|179|154|80|17|65|159|39|149|125|195|44|14|27|194|78|208|134|153|24|
Overall Best: 0.9096 Generation: 19

Generation 26
Average: 0.8926 Best: 0.9083
Best Individual: 
C0 100|155|243|234|108|11|153|251|176|23|115|118|228|122|209|2|72|133|93|167|61|22|59|230|106|111|173|41|66|197|201|205|252|96|60|217|8|141|242|138|161|103|73|119|159|240|97|192|129|249|237|172|180|65|44|210|101|213|86|15|99|187|20|50|232|53|244|235|1|5|165|32|102|67|42|56|46|174|58|71|148|177|121|68|52|123|36|182|225|253|238|12|223|171|157|254|158|236|146|21|208|17|130|104|91|220|30|166|154|19|92|28|64|79|195|250|194|26|94|77|246|112|45|105|10|193|196|215|156|4|48|168|38|184|188|39|35|63|75|199|219|202|132|191|164|134|127|13|241|125|189|18|136|160|16|143|178|88|175|7|74|147|6|211|98|55|183|69|51|84|169|162|37|185|214|126|203|57|233|54|95|113|247|222|200|224|248|150|239|82|81|3|218|34|144|163|207|216|0|70|186|170|87|27|25|198|83|255|204|117|33|221|120|31|47|116|89|128|135|62|9|107|24|231|179|226|29|181|14|78|76|109|151|137|80|149|139|229|131|124|145|206|142|90|140|114|49|152|40|190|212|245|85|43|110|227|
Overall Best: 0.9096 Generation: 19

Generation 27
Average: 0.8929 Best: 0.9077
Best Individual: 
C0 181|57|156|116|241|144|13|62|163|217|115|28|61|192|229|9|72|133|93|96|6|225|240|102|69|66|191|27|122|238|194|91|235|89|49|193|218|190|95|36|195|200|73|232|204|45|48|174|255|249|141|80|55|65|81|210|94|251|86|119|164|82|20|182|24|136|60|29|114|5|199|237|207|39|172|180|252|77|110|177|98|157|22|176|11|2|26|151|244|216|7|123|35|78|120|161|187|209|92|188|228|21|38|4|236|63|117|154|202|56|32|67|231|219|131|128|59|87|71|186|168|111|208|51|83|201|125|14|34|68|148|223|3|198|79|243|75|137|173|145|74|18|206|227|1|205|149|135|222|118|58|127|146|160|16|226|189|221|126|103|121|84|212|214|99|31|158|130|134|52|230|153|33|254|108|184|70|17|211|233|46|44|246|40|250|107|100|213|239|42|0|101|155|106|112|104|47|147|23|224|215|124|167|43|88|41|196|138|19|179|170|169|105|203|30|220|132|129|166|162|12|109|15|242|50|54|76|165|37|152|113|183|247|140|253|159|175|25|10|150|139|234|185|90|142|197|178|171|8|53|143|245|85|248|97|64|
Overall Best: 0.9096 Generation: 19

Generation 28
Average: 0.8915 Best: 0.9071
Best Individual: 
C0 227|57|156|113|241|144|13|62|163|217|115|63|61|192|229|9|72|244|93|1|6|225|240|102|69|66|145|27|202|238|213|91|235|89|49|135|46|190|95|58|195|200|73|232|65|45|48|42|36|249|141|23|80|204|81|210|94|196|86|189|164|82|20|182|24|136|100|29|114|5|199|83|112|39|172|211|252|77|110|177|98|155|22|176|11|242|26|151|137|16|7|123|35|34|120|161|187|105|92|15|228|21|152|127|193|59|117|239|174|56|32|67|231|219|131|128|19|87|71|139|247|111|208|51|237|184|214|148|31|173|157|223|3|198|108|243|246|133|68|251|74|18|206|47|96|0|149|44|222|118|188|181|146|178|216|40|119|221|126|103|2|84|212|171|99|78|158|38|134|52|230|153|33|254|50|150|70|43|180|142|218|236|116|226|253|197|79|170|154|122|97|101|14|106|207|104|17|191|55|224|215|124|167|4|88|41|147|60|28|179|250|169|209|203|30|220|132|129|166|85|12|109|255|121|138|130|76|165|37|54|75|183|168|140|194|159|175|25|10|201|186|234|185|90|233|107|160|125|8|53|143|245|162|248|205|64|
Overall Best: 0.9096 Generation: 19

Generation 29
Average: 0.8925 Best: 0.9065
Best Individual: 
C0 125|231|237|5|239|189|181|246|236|212|96|220|175|152|33|10|94|16|1|129|214|124|244|140|132|114|215|180|183|41|60|56|11|145|49|193|228|156|241|12|144|82|137|101|86|160|54|109|203|253|198|50|52|213|80|188|143|71|254|172|196|255|248|165|168|31|226|2|250|38|63|32|162|233|206|108|249|26|161|245|61|39|95|221|210|128|163|25|107|121|171|7|211|62|186|197|110|123|81|106|19|47|157|177|100|209|111|138|84|200|76|224|15|13|93|44|68|149|238|130|227|65|122|170|59|141|153|207|23|46|102|155|119|131|79|184|142|67|240|89|74|223|127|66|190|191|45|36|251|14|229|174|58|22|99|230|133|69|115|117|91|147|6|64|88|55|173|85|252|204|159|97|3|185|118|169|146|90|28|17|51|135|87|205|126|30|0|75|148|105|225|35|164|103|27|104|98|92|179|150|4|8|73|216|43|232|166|20|192|78|187|199|116|242|37|243|222|176|34|120|136|182|201|42|219|83|235|40|70|167|112|29|158|18|48|178|202|218|154|113|151|77|247|72|217|139|53|21|57|234|194|9|208|134|195|24|
Overall Best: 0.9096 Generation: 19
==================
    Best individual after 30 generations
    computed in 4,693.6970 seconds
    1449 elements out of 1593 correct.
    emerged in generation 19
    with fitness 0.9096
==================

