Starting evolution...

Generation 0
Average: 0.7778 Best: 0.8311
Best Individual: 
C0 0|182|2|81|76|138|83|195|105|49|176|11|53|43|148|15|48|17|82|19|20|12|198|109|142|25|237|27|152|161|156|31|122|134|165|35|36|177|206|39|147|100|42|250|44|45|232|140|60|88|50|6|16|224|54|123|56|57|52|59|241|248|149|114|64|65|66|67|68|69|70|71|72|73|74|253|166|77|78|79|80|180|234|178|189|85|86|157|249|90|159|91|211|203|223|136|96|97|98|239|41|101|26|87|155|8|255|107|200|116|110|111|112|113|120|151|163|117|192|119|106|150|220|51|145|125|102|61|128|129|130|191|168|46|33|135|95|185|5|139|47|141|227|143|144|124|127|126|14|225|121|190|7|153|154|104|186|181|158|30|160|21|162|175|164|3|179|167|32|62|146|171|172|173|93|23|10|89|131|209|84|4|1|183|184|137|29|193|188|34|246|9|201|187|194|204|103|230|22|199|202|118|108|229|94|205|28|254|208|196|210|92|75|214|63|215|58|217|235|219|132|221|197|216|207|37|226|24|228|115|222|231|133|233|18|218|236|170|238|99|40|38|242|243|244|245|174|247|240|55|13|251|252|212|169|213|
Overall Best: 0.8311 Generation: 0

Generation 1
Average: 0.7951 Best: 0.8336
Best Individual: 
C0 100|182|2|81|76|89|83|204|105|44|176|11|53|166|14|226|144|17|82|19|20|108|22|109|102|25|177|174|152|7|156|31|23|33|165|35|36|237|206|39|125|171|42|250|49|45|232|47|60|88|50|146|187|130|197|143|56|57|52|59|241|248|225|114|64|51|66|67|68|107|70|71|72|73|74|253|193|77|78|79|149|84|234|9|194|85|86|34|153|124|159|91|211|246|249|95|96|30|186|239|41|101|26|87|104|8|255|69|200|116|110|111|103|113|230|151|163|117|192|119|137|121|231|106|127|227|142|210|228|6|175|131|132|133|134|141|150|4|138|139|154|202|126|123|48|90|21|147|148|80|136|203|145|184|178|155|98|167|158|97|164|199|0|181|160|62|43|122|168|217|170|162|172|173|27|224|63|1|140|179|180|92|5|183|223|185|37|16|129|157|190|191|54|209|189|55|32|120|198|161|238|208|12|229|94|201|28|254|118|196|61|65|75|214|10|215|58|3|235|219|112|221|205|216|207|29|15|24|128|115|222|220|46|233|18|188|236|218|135|99|40|38|242|243|244|245|93|247|240|195|13|251|252|212|169|213|
Overall Best: 0.8336 Generation: 1

Generation 2
Average: 0.8054 Best: 0.8431
Best Individual: 
C0 137|91|2|81|76|138|49|105|174|83|176|11|224|43|148|15|17|60|82|19|229|12|22|190|142|108|237|74|54|161|156|31|122|182|112|90|4|196|206|42|14|100|145|250|44|189|46|188|64|149|18|95|30|53|240|215|80|140|152|59|241|248|209|114|48|65|129|67|1|69|103|71|72|77|92|253|166|73|199|79|56|180|234|5|27|85|86|157|104|35|249|123|211|203|89|136|96|47|98|239|41|101|26|88|155|139|255|107|200|57|146|111|165|113|45|151|214|117|192|119|106|121|220|51|143|125|102|61|0|66|84|75|195|158|33|135|6|20|131|8|23|238|227|34|202|153|127|126|147|50|150|109|7|124|154|159|94|181|141|16|160|21|162|175|118|3|183|167|32|62|110|171|172|9|93|235|10|201|178|87|130|36|228|179|184|185|68|63|193|39|173|128|223|252|194|246|70|29|198|230|144|37|217|28|186|205|177|207|208|251|231|120|232|163|97|134|132|25|116|219|58|221|197|216|254|78|226|24|164|115|222|210|133|233|225|218|236|170|191|99|40|38|242|243|244|245|168|247|52|55|13|204|187|212|169|213|
Overall Best: 0.8431 Generation: 2

Generation 3
Average: 0.8141 Best: 0.8449
Best Individual: 
C0 100|5|2|81|76|29|155|184|105|1|176|11|53|17|14|226|144|99|62|19|47|102|22|109|164|231|177|174|152|158|91|31|23|126|165|35|36|237|206|39|125|171|61|250|49|45|120|20|60|88|113|146|187|181|197|143|56|57|230|241|59|248|92|114|209|51|21|67|68|107|70|71|72|73|74|253|193|77|78|154|199|52|234|9|84|85|86|79|153|124|159|156|221|246|196|95|96|30|186|239|41|101|26|3|122|8|255|69|200|116|110|111|203|50|204|151|185|117|192|119|137|121|25|157|127|148|142|210|228|6|175|4|132|33|134|141|128|131|118|139|34|202|133|123|48|90|66|147|227|80|235|103|145|18|217|191|229|213|167|240|166|106|224|136|89|251|112|223|218|129|205|0|212|189|138|44|108|190|173|208|180|236|182|214|130|63|162|16|169|168|64|15|140|43|163|195|160|188|198|161|238|98|12|97|94|201|216|254|27|28|83|178|75|183|10|215|58|87|150|219|104|211|170|172|207|32|42|24|249|115|222|220|46|233|38|232|225|149|135|37|40|55|242|243|244|245|93|247|54|194|13|82|252|179|65|7|
Overall Best: 0.8449 Generation: 3

Generation 4
Average: 0.8087 Best: 0.8362
Best Individual: 
C0 195|167|2|248|76|138|237|98|255|149|176|165|224|178|64|15|26|8|82|249|229|230|85|190|121|108|206|215|50|161|94|18|122|140|151|90|200|196|147|42|239|55|213|97|123|225|3|47|158|49|205|51|44|23|73|24|209|91|228|204|111|61|177|11|106|4|250|222|33|132|70|12|110|7|114|75|232|186|35|254|189|103|112|83|170|175|101|216|128|22|208|13|207|235|16|211|160|144|197|181|193|210|133|169|68|5|80|201|241|150|25|240|104|226|148|154|116|117|102|242|146|139|217|21|135|57|66|179|233|219|212|162|88|188|134|28|136|100|89|84|253|45|166|65|31|252|113|220|171|172|214|182|137|153|231|53|156|157|245|20|109|236|159|152|126|107|71|155|6|19|168|125|41|218|174|164|29|96|0|183|40|36|77|145|184|72|9|63|30|142|173|48|223|124|194|246|143|37|198|105|17|10|38|59|180|54|27|81|34|251|43|14|234|87|120|60|69|192|129|58|244|221|93|79|32|78|202|74|163|115|130|56|118|247|238|199|92|46|191|227|67|187|185|243|86|141|95|39|131|52|127|203|99|62|1|119|
Overall Best: 0.8449 Generation: 3

Generation 5
Average: 0.8135 Best: 0.8500
Best Individual: 
C0 227|222|44|191|52|182|232|139|8|145|168|41|95|254|179|244|12|46|113|92|126|235|160|166|177|185|155|40|75|10|50|79|6|250|13|73|230|38|141|137|101|144|102|180|107|45|135|77|237|94|111|90|100|118|98|68|236|57|162|164|219|61|7|33|64|51|16|67|39|151|70|121|72|63|190|96|223|2|78|173|149|80|4|9|194|85|171|186|32|148|159|91|161|246|231|71|23|3|93|25|18|47|99|103|221|198|241|212|49|74|54|131|112|105|22|169|43|28|248|110|120|195|53|176|124|125|181|128|220|154|114|62|132|133|76|5|249|82|27|234|140|209|152|88|239|158|224|142|127|84|150|89|146|214|178|83|208|167|156|97|81|157|116|17|86|200|210|122|136|65|170|35|172|19|69|87|238|30|58|201|37|211|247|245|184|215|1|217|11|115|134|104|175|226|106|189|196|240|242|20|21|119|163|117|197|56|204|165|14|218|29|31|129|48|130|36|216|59|34|203|143|174|225|202|187|60|199|26|123|109|193|228|253|233|24|138|0|188|55|205|15|183|229|243|108|192|42|206|251|153|207|66|147|252|213|255|
Overall Best: 0.8500 Generation: 5

Generation 6
Average: 0.8165 Best: 0.8594
Best Individual: 
C0 156|179|81|130|240|148|155|46|237|182|164|69|85|75|115|58|120|191|246|3|47|228|209|146|129|139|131|188|14|39|33|49|222|181|145|11|221|109|71|106|229|80|9|133|107|111|101|79|119|83|187|45|167|17|23|42|235|87|24|234|94|40|141|238|178|51|125|16|147|243|98|166|27|73|248|206|8|0|92|245|32|100|19|214|84|210|208|193|31|247|180|52|2|50|223|54|20|134|140|197|41|138|136|185|48|183|38|189|59|97|110|217|190|113|230|151|124|168|254|99|150|227|231|123|132|226|215|127|63|241|195|25|28|192|77|236|30|137|64|34|153|102|74|6|203|114|60|90|36|116|4|255|202|149|186|56|194|242|108|159|37|68|44|165|211|158|105|239|26|86|162|205|66|170|161|199|176|251|95|43|126|89|15|118|184|93|72|253|152|204|12|144|53|78|171|55|220|224|173|218|201|177|163|70|103|143|225|13|198|233|88|135|172|157|174|82|91|142|21|200|1|18|67|29|175|213|112|216|62|160|7|76|232|65|250|122|244|212|252|196|10|154|249|61|121|35|117|22|96|128|57|104|169|5|207|219|
Overall Best: 0.8594 Generation: 6

Generation 7
Average: 0.8167 Best: 0.8468
Best Individual: 
C0 156|179|81|130|240|148|155|177|237|182|164|127|85|202|115|58|120|191|72|3|31|228|209|194|129|139|131|188|14|39|33|49|149|181|75|11|221|57|71|106|229|80|9|16|107|111|101|79|119|83|187|45|167|17|23|42|235|87|24|234|94|40|141|238|63|51|65|86|147|243|98|166|27|73|248|206|8|0|92|245|32|100|19|168|84|210|208|137|47|247|180|52|132|50|227|54|20|134|140|197|41|138|136|185|48|183|38|189|59|97|110|217|190|113|230|151|124|214|254|99|150|78|231|123|2|226|215|69|178|250|195|25|28|192|77|236|30|193|64|34|153|102|74|6|203|114|60|90|36|116|4|241|145|222|186|56|146|242|108|159|37|68|44|165|211|158|105|239|26|5|162|205|216|170|161|199|176|251|95|43|126|89|15|118|184|93|246|91|152|204|12|144|53|223|171|55|220|224|173|218|201|46|163|70|103|143|225|13|198|233|88|135|172|157|174|82|253|142|21|200|1|18|67|29|175|213|112|66|62|160|7|76|232|125|255|122|244|212|252|196|10|154|249|61|121|35|117|22|96|128|109|104|169|133|207|219|
Overall Best: 0.8594 Generation: 6

Generation 8
Average: 0.8123 Best: 0.8475
Best Individual: 
C0 146|179|34|130|126|93|155|177|237|182|164|127|85|202|161|58|120|191|72|3|65|228|209|62|205|139|131|188|153|224|33|108|149|89|75|11|246|57|71|12|229|80|9|16|168|111|252|79|119|83|187|45|167|17|23|91|235|159|24|64|152|40|141|238|63|51|21|86|147|204|98|166|26|113|248|118|70|0|92|216|218|116|19|186|84|162|208|193|47|247|180|52|82|50|54|227|20|173|140|197|41|138|136|185|233|183|38|189|59|25|236|255|103|114|230|151|124|4|254|99|211|78|28|144|6|226|222|42|35|231|7|160|102|135|31|110|112|137|125|81|13|223|171|143|105|60|74|220|107|172|214|8|122|215|196|46|156|90|115|87|109|207|77|253|150|165|157|27|170|97|240|129|245|44|49|61|133|22|178|43|210|181|76|206|251|148|244|201|56|243|106|123|73|250|53|232|199|39|134|145|69|94|175|217|190|192|68|14|18|195|225|2|100|5|219|132|158|142|239|200|1|198|67|29|163|213|30|66|194|203|48|15|55|234|241|32|221|212|101|36|10|154|249|242|121|95|117|184|96|128|37|104|169|176|88|174|
Overall Best: 0.8594 Generation: 6

Generation 9
Average: 0.8142 Best: 0.8449
Best Individual: 
C0 15|187|20|67|242|18|204|236|87|61|44|250|211|65|92|90|143|75|222|155|114|184|146|14|159|129|131|162|193|141|33|148|120|98|154|11|25|180|78|84|21|41|9|133|150|206|115|79|35|53|238|228|58|5|113|81|205|216|26|76|102|7|10|190|80|23|223|112|86|69|158|212|234|147|241|127|167|2|151|186|194|183|12|157|246|123|152|235|91|36|251|82|124|37|94|28|202|224|217|31|97|138|220|160|110|134|17|45|230|85|197|208|8|104|252|164|200|38|140|191|153|221|101|171|182|95|99|207|173|34|1|6|111|132|63|247|136|219|248|239|52|176|181|93|144|237|109|165|51|71|161|125|118|0|72|126|117|231|56|201|42|100|4|32|39|249|89|254|166|55|170|96|40|57|116|244|59|189|107|225|169|245|232|77|174|145|209|108|103|139|227|74|66|119|130|70|196|240|210|60|105|64|163|156|215|47|199|128|185|218|29|243|142|48|13|214|54|46|30|233|19|43|195|198|122|203|22|83|16|175|62|177|49|226|188|106|172|149|3|135|168|27|229|88|253|192|178|179|73|50|121|137|68|24|213|255|
Overall Best: 0.8594 Generation: 6

Generation 10
Average: 0.8155 Best: 0.8449
Best Individual: 
C0 181|38|2|66|34|10|239|222|190|120|128|185|177|18|14|15|234|122|149|96|93|61|163|137|84|73|235|110|153|126|242|31|11|101|226|244|43|98|115|87|230|21|42|44|111|45|228|160|16|156|79|103|206|9|54|56|77|71|20|184|62|125|39|92|57|193|220|173|112|147|172|114|188|213|139|97|144|4|78|212|3|224|26|36|46|169|162|48|134|37|129|102|205|22|100|211|246|221|202|35|6|70|67|53|238|5|143|146|13|131|109|240|104|90|195|50|116|197|154|7|132|164|24|231|83|187|250|136|209|47|19|150|192|95|117|28|0|232|89|171|17|86|142|168|127|219|243|249|210|214|179|229|253|1|119|99|76|157|245|41|191|236|140|189|25|130|64|81|166|58|69|75|201|27|55|155|255|194|108|218|241|133|199|107|59|74|186|68|33|135|23|203|151|63|227|49|161|198|51|105|207|121|178|8|252|247|145|141|217|233|29|159|174|72|254|215|106|60|80|88|180|170|225|223|65|52|12|216|167|148|196|208|200|32|138|182|30|124|123|248|237|251|118|94|40|158|85|165|183|204|91|113|175|82|176|152|
Overall Best: 0.8594 Generation: 6

Generation 11
Average: 0.8177 Best: 0.8374
Best Individual: 
C0 133|66|122|235|139|238|95|124|135|20|149|62|165|171|249|26|83|34|243|94|195|61|8|60|42|111|231|109|242|12|113|136|11|86|37|93|152|25|145|87|196|3|201|44|6|211|192|193|181|75|140|103|67|9|31|91|221|115|226|209|222|182|63|92|57|158|220|234|246|174|172|114|254|71|82|97|219|134|78|212|5|179|102|77|199|169|162|248|39|170|100|217|45|38|48|205|107|22|164|40|73|244|65|53|239|80|228|59|241|131|151|148|255|90|130|29|116|197|88|106|232|227|218|229|210|240|250|19|96|15|50|46|101|175|89|154|187|144|126|190|125|156|166|119|1|163|168|185|183|167|214|43|188|17|159|137|79|200|54|128|150|7|55|99|176|177|224|21|173|155|10|236|180|72|215|233|198|36|33|13|223|85|118|143|237|32|191|28|194|112|184|207|74|52|14|252|64|47|204|216|160|35|98|225|247|120|68|189|23|208|253|110|129|153|4|178|117|142|49|203|16|41|121|70|24|245|58|141|105|81|146|104|2|69|76|138|0|18|123|84|230|202|213|132|251|186|51|27|30|161|147|157|108|56|127|206|
Overall Best: 0.8594 Generation: 6

Generation 12
Average: 0.8159 Best: 0.8443
Best Individual: 
C0 181|34|2|83|235|88|71|32|190|120|36|185|130|64|105|210|145|148|149|135|214|75|234|179|242|111|68|14|154|79|206|228|6|161|151|147|152|223|229|1|193|93|58|112|212|45|86|113|95|110|10|20|103|9|54|91|169|23|121|53|244|191|62|184|0|87|209|117|196|122|24|98|55|102|48|97|221|217|96|119|80|224|26|74|114|77|115|72|225|125|160|127|205|22|230|211|166|82|182|35|183|70|100|231|73|5|238|140|241|131|13|249|104|90|157|176|116|197|132|66|7|164|28|118|194|187|250|153|233|243|40|150|178|43|163|4|207|232|167|156|253|143|142|65|33|139|168|31|248|146|218|162|133|85|106|78|76|199|245|208|198|236|126|15|92|51|11|44|57|42|47|171|60|27|3|67|29|56|226|251|159|17|246|107|94|222|186|237|203|172|216|239|170|134|19|49|8|195|155|213|21|177|128|252|204|247|200|141|192|81|37|61|84|173|254|215|189|137|144|25|219|109|69|18|129|52|108|180|89|38|50|220|138|41|240|16|30|124|123|136|12|188|99|59|46|158|174|165|202|63|39|201|175|227|101|255|
Overall Best: 0.8594 Generation: 6

Generation 13
Average: 0.8176 Best: 0.8519
Best Individual: 
C0 100|66|179|235|255|31|95|154|75|196|243|62|140|9|1|182|83|220|149|96|93|34|145|233|26|43|161|198|116|109|50|67|32|250|112|73|230|148|37|137|135|6|102|195|186|160|222|227|72|183|46|90|105|171|238|89|78|232|162|251|215|219|205|94|0|98|61|172|146|151|152|92|223|97|108|194|88|111|236|139|142|39|115|28|8|167|206|121|138|164|218|199|80|209|11|225|178|19|176|143|24|224|2|126|184|53|21|22|144|127|77|107|91|131|221|68|118|86|16|33|48|65|133|106|79|63|56|240|165|169|229|45|239|208|130|124|228|204|163|42|81|246|110|190|175|114|192|3|54|120|85|153|7|4|134|252|17|36|70|241|242|193|248|122|41|44|207|23|197|237|170|157|234|244|216|57|20|254|214|188|113|203|150|191|155|25|249|213|147|168|101|29|74|52|14|212|64|47|128|58|185|35|158|231|247|13|181|189|156|180|253|71|129|125|159|87|245|200|49|5|211|10|55|60|177|117|59|141|136|119|187|217|174|69|38|12|210|18|76|84|103|202|104|132|123|201|51|27|30|173|166|15|82|40|226|99|
Overall Best: 0.8594 Generation: 6

Generation 14
Average: 0.8197 Best: 0.8512
Best Individual: 
C0 131|180|122|46|139|133|62|24|178|76|68|159|173|15|209|56|229|244|202|112|179|235|232|140|43|108|120|250|165|163|247|102|161|255|101|198|69|88|0|50|116|64|245|81|239|170|9|143|225|109|113|51|66|199|228|127|169|41|96|237|111|130|21|217|106|212|92|144|136|100|54|160|83|7|241|72|45|193|222|61|218|107|35|252|138|238|216|98|128|214|110|152|79|20|172|211|204|73|93|104|233|99|197|118|192|201|95|6|29|190|154|240|37|146|164|203|221|1|12|223|254|208|196|30|175|207|19|134|114|150|49|27|14|105|28|182|115|215|16|84|234|248|155|65|135|52|230|18|200|8|39|121|224|181|77|242|156|157|125|74|47|38|219|148|10|124|36|40|44|142|187|191|153|13|91|183|158|213|123|32|226|59|53|176|17|57|137|25|48|167|80|4|166|71|34|26|210|231|246|126|162|194|206|60|151|2|55|86|243|117|141|145|78|67|205|85|31|87|184|23|129|168|70|227|171|119|220|174|177|103|185|132|75|195|236|33|189|5|251|42|89|253|249|90|3|188|147|186|82|11|22|94|63|97|58|149|
Overall Best: 0.8594 Generation: 6

Generation 15
Average: 0.8170 Best: 0.8550
Best Individual: 
C0 131|180|215|46|139|133|62|24|8|76|68|159|173|15|146|56|229|82|202|135|179|235|232|140|43|108|120|114|165|163|49|102|161|255|101|198|69|88|0|50|116|64|245|81|239|170|9|39|225|109|113|51|66|166|96|127|152|41|228|237|111|130|21|217|45|212|92|144|136|100|54|160|83|7|241|74|106|193|222|61|218|107|35|252|138|238|216|98|181|214|110|169|79|20|172|211|204|12|93|104|233|99|197|118|192|199|95|6|29|190|154|240|37|209|164|203|221|1|73|243|254|208|38|30|175|207|19|196|250|78|125|27|67|105|28|182|115|122|16|84|32|248|155|65|112|52|230|219|200|178|143|121|224|128|77|242|156|157|247|72|47|134|18|148|10|124|36|40|44|167|132|191|153|13|91|183|158|213|123|234|226|59|53|176|17|57|137|25|48|142|80|4|201|71|34|26|210|231|246|126|162|194|86|60|151|2|55|206|223|117|141|145|150|14|205|85|31|87|184|23|129|168|70|227|171|119|220|174|177|103|185|187|75|195|236|33|189|5|251|42|89|253|249|90|3|188|147|186|244|11|22|94|63|97|58|149|
Overall Best: 0.8594 Generation: 6

Generation 16
Average: 0.8170 Best: 0.8537
Best Individual: 
C0 80|180|236|46|139|133|62|24|8|76|68|159|215|15|146|56|50|82|202|4|179|235|106|140|43|108|120|114|165|163|49|102|161|255|101|198|69|88|0|229|116|64|245|81|239|170|99|39|225|174|113|51|19|166|96|127|152|41|228|237|111|103|21|70|45|212|92|144|136|100|54|160|231|7|241|74|232|193|222|61|218|123|233|125|138|238|216|98|105|214|110|169|79|20|172|211|204|12|93|104|35|9|197|118|192|199|95|6|29|190|154|240|37|209|164|203|221|1|73|243|254|208|48|30|14|207|132|196|250|78|252|27|67|181|28|182|115|122|16|84|32|248|155|171|112|52|230|219|200|178|143|121|224|128|77|242|156|157|247|72|47|134|18|148|57|124|36|40|44|167|195|191|153|13|91|183|158|213|107|234|226|59|23|176|17|10|137|25|38|142|131|135|201|71|34|26|210|83|246|126|162|194|86|60|151|2|55|206|223|117|141|145|150|175|205|85|58|87|184|53|129|168|217|227|65|119|220|109|177|130|185|187|75|66|173|33|189|5|251|42|89|253|249|90|3|188|147|186|244|11|22|94|63|97|31|149|
Overall Best: 0.8594 Generation: 6

Generation 17
Average: 0.8196 Best: 0.8550
Best Individual: 
C0 80|180|236|46|139|133|62|160|8|76|68|159|215|224|120|56|50|82|202|4|179|235|106|140|43|108|146|175|165|163|49|102|0|255|101|198|69|88|161|229|116|64|245|81|239|170|99|39|225|174|113|51|19|166|96|127|33|103|70|237|111|41|155|228|45|212|92|144|136|100|54|24|231|5|241|74|232|138|222|61|218|123|233|125|193|238|216|98|105|214|110|169|79|20|172|117|86|254|93|104|250|9|197|118|192|199|95|6|29|190|154|240|37|209|164|203|221|65|73|243|12|208|48|194|14|207|132|196|35|78|252|27|67|181|28|182|115|122|16|84|32|248|63|171|244|52|230|219|77|178|119|121|15|128|200|242|156|157|247|72|47|134|18|148|57|124|36|40|44|167|195|191|153|13|91|183|158|213|107|234|226|59|23|176|17|10|137|25|38|142|131|135|201|71|34|26|210|83|246|126|162|30|204|60|151|2|55|206|223|211|141|145|150|114|205|85|58|87|184|53|129|168|217|227|1|143|220|109|177|130|185|187|75|66|173|152|189|7|251|42|89|253|249|90|3|188|147|186|112|11|22|94|21|97|31|149|
Overall Best: 0.8594 Generation: 6

Generation 18
Average: 0.8173 Best: 0.8431
Best Individual: 
C0 36|180|236|46|139|133|170|160|8|76|68|159|215|224|120|56|50|251|202|234|210|235|106|140|43|108|146|175|165|163|49|102|0|255|101|198|69|88|161|229|116|64|245|14|239|143|241|39|231|174|113|51|19|166|96|127|33|103|196|237|111|181|155|80|45|153|92|144|136|100|124|24|225|5|99|74|232|138|172|61|218|123|233|125|193|238|216|98|105|214|110|169|79|20|222|117|86|254|93|104|32|9|197|118|192|199|95|6|29|190|154|240|37|209|164|203|221|158|73|243|12|208|48|194|57|207|132|70|35|78|252|27|67|41|28|182|94|122|16|84|250|248|63|171|244|52|230|219|71|178|119|121|15|128|200|242|156|157|247|1|47|134|246|148|81|54|228|40|44|167|195|191|212|13|91|183|65|213|107|4|226|59|23|176|17|10|30|25|109|142|131|135|201|77|34|26|179|83|129|60|162|137|204|126|151|18|55|206|223|211|141|145|150|114|205|85|58|87|184|53|2|168|217|227|72|62|220|38|177|130|185|187|75|66|173|152|189|7|82|42|89|253|249|90|3|188|147|186|112|11|22|115|21|97|31|149|
Overall Best: 0.8594 Generation: 6

Generation 19
Average: 0.8134 Best: 0.8506
Best Individual: 
C0 176|198|76|175|243|180|169|136|8|1|68|11|38|206|162|6|155|191|117|242|31|139|71|81|66|10|112|105|255|221|55|220|147|80|75|239|170|0|178|151|37|45|28|100|145|5|252|78|165|210|73|103|201|195|158|69|226|59|228|106|135|217|25|123|138|215|57|190|4|122|132|96|189|211|42|251|185|62|205|173|12|224|240|50|241|98|232|9|248|110|200|127|61|238|182|16|52|97|72|254|86|41|65|126|114|23|21|83|34|156|36|107|90|48|121|131|84|58|244|235|133|149|247|171|79|234|27|141|60|101|77|150|246|125|54|13|134|177|166|43|51|161|160|227|17|49|229|203|143|24|249|237|137|179|208|245|184|128|95|14|35|193|119|154|188|18|159|99|82|19|92|146|46|32|118|89|197|183|129|218|250|253|157|153|63|199|56|15|230|186|148|115|116|67|187|93|202|144|181|91|26|85|213|152|222|29|214|236|102|108|216|225|174|104|212|207|231|87|64|111|209|168|194|2|204|30|140|113|120|130|164|3|47|7|22|33|109|70|192|88|196|163|39|233|219|172|20|142|40|53|44|94|223|74|167|124|
Overall Best: 0.8594 Generation: 6

Generation 20
Average: 0.8132 Best: 0.8512
Best Individual: 
C0 77|230|121|219|85|211|151|193|75|114|152|63|84|245|33|72|184|125|35|69|46|156|191|237|104|140|144|154|17|79|180|228|162|137|147|132|145|131|215|182|60|8|96|81|239|170|9|102|224|109|113|171|222|218|221|2|80|30|173|100|207|57|187|4|92|11|120|244|210|112|58|13|94|175|88|39|87|163|233|204|167|32|169|83|18|89|174|150|128|168|41|27|249|197|55|1|107|106|246|250|195|189|142|37|229|44|3|111|172|76|225|240|194|67|183|24|129|65|235|161|53|45|208|34|99|243|54|149|192|82|190|253|110|216|186|0|14|213|43|103|251|52|166|86|26|248|48|59|143|138|205|198|21|153|16|201|135|49|241|122|116|56|23|62|15|252|242|25|231|206|217|108|71|19|212|51|164|223|236|68|181|7|73|31|127|95|234|118|64|139|66|101|188|29|40|115|155|209|177|254|200|238|247|22|126|133|227|196|185|90|141|159|117|61|70|28|6|78|123|74|93|10|97|119|136|47|50|124|226|232|98|91|176|160|36|179|203|20|202|158|5|157|178|42|134|148|165|12|105|38|255|130|214|199|146|220|
Overall Best: 0.8594 Generation: 6

Generation 21
Average: 0.8123 Best: 0.8437
Best Individual: 
C0 77|230|225|68|85|211|151|170|15|246|152|63|84|194|168|19|184|174|35|69|1|156|191|237|104|140|129|154|93|79|239|228|162|137|26|132|145|74|215|182|60|8|96|81|41|193|91|102|46|109|113|171|222|218|221|2|80|30|173|100|207|219|187|4|92|11|120|244|210|112|58|13|94|175|88|39|7|163|233|204|167|32|169|83|50|89|125|150|128|33|180|27|249|197|55|54|14|106|114|250|195|189|142|37|229|44|3|111|172|76|121|240|201|67|183|24|144|17|235|161|53|45|208|117|99|243|224|149|192|82|190|253|110|216|186|0|107|213|43|103|251|52|166|86|147|248|101|59|143|138|205|198|21|153|71|245|135|49|241|122|116|56|23|62|75|252|242|25|231|206|217|108|16|72|212|51|157|223|236|133|181|87|178|31|127|95|234|118|64|139|66|48|188|29|40|115|155|209|28|254|200|203|247|22|126|57|227|196|185|90|141|159|34|61|70|177|6|78|123|131|65|10|97|119|136|47|18|124|226|232|98|9|176|160|36|179|238|20|202|158|5|164|73|42|134|148|165|12|105|38|255|130|214|199|146|220|
Overall Best: 0.8594 Generation: 6

Generation 22
Average: 0.8116 Best: 0.8449
Best Individual: 
C0 96|227|129|78|93|54|94|235|223|1|8|122|52|19|68|138|42|22|168|230|50|222|46|185|70|105|11|113|147|156|199|126|176|253|205|100|124|123|65|195|249|80|244|44|73|144|155|160|135|101|241|180|18|87|112|66|197|204|239|225|202|189|38|23|212|32|79|103|74|108|254|71|41|157|132|53|152|196|231|72|130|58|218|193|98|145|139|219|134|179|120|83|232|141|77|127|39|148|161|7|177|203|175|166|104|181|40|245|82|92|69|255|237|128|90|252|75|81|26|234|192|51|15|61|242|97|171|247|62|95|208|4|36|45|133|43|114|154|16|167|106|30|142|9|186|12|85|14|29|67|117|143|184|215|115|110|207|248|216|34|48|198|169|118|131|209|226|200|3|25|55|163|59|27|57|86|206|187|173|64|37|109|31|174|251|102|137|246|60|33|224|84|236|146|21|35|172|119|47|20|183|220|6|191|99|162|116|240|91|150|250|89|228|151|190|0|211|63|238|243|13|182|233|165|125|164|194|149|201|107|170|5|111|213|49|17|24|188|140|121|158|221|10|2|229|153|136|178|28|210|214|76|159|56|217|88|
Overall Best: 0.8594 Generation: 6

Generation 23
Average: 0.8074 Best: 0.8374
Best Individual: 
C0 199|227|184|182|148|144|62|215|107|223|126|38|33|165|19|246|100|72|151|195|193|166|216|41|103|74|90|35|145|94|76|46|118|146|175|127|161|170|43|191|65|54|206|164|133|233|8|89|49|3|152|51|36|22|218|245|61|30|204|98|48|13|139|150|217|12|24|183|234|155|58|105|225|222|190|203|221|99|156|213|75|92|211|140|130|121|207|27|158|56|114|171|202|187|4|251|6|34|79|115|67|181|82|197|172|14|196|53|134|40|208|255|37|129|214|96|247|226|23|91|120|198|93|112|235|95|47|7|153|124|219|10|143|147|210|228|85|108|189|71|109|250|173|230|59|117|110|243|138|192|205|32|241|104|200|163|125|178|88|177|237|229|188|162|154|106|31|128|78|252|111|5|44|160|86|101|80|179|45|50|242|68|254|232|136|238|137|212|60|224|180|239|201|26|157|70|240|123|81|176|18|102|113|231|220|167|186|132|248|55|159|83|84|141|236|52|20|0|169|73|63|168|253|119|64|25|116|209|16|77|174|244|57|135|29|97|131|249|185|42|17|15|122|21|149|87|66|39|1|69|142|2|11|28|194|9|
Overall Best: 0.8594 Generation: 6

Generation 24
Average: 0.8155 Best: 0.8493
Best Individual: 
C0 221|227|28|210|5|54|94|70|42|122|8|108|25|199|91|138|10|159|168|180|50|105|250|185|2|177|78|113|147|156|158|205|176|15|121|153|124|123|65|140|249|80|244|44|73|144|155|160|135|101|215|237|114|87|225|66|79|204|239|103|248|189|38|23|212|32|157|112|74|100|254|71|41|170|228|53|152|196|151|72|130|58|217|193|98|145|133|208|134|179|120|83|197|141|4|127|39|148|161|7|96|203|175|166|104|181|40|245|82|92|69|255|24|128|90|195|75|81|26|234|95|51|253|61|242|57|171|109|62|192|219|77|29|45|142|43|18|139|230|167|106|30|3|9|186|12|14|85|137|67|117|143|184|241|169|132|207|202|216|47|89|198|115|118|235|188|226|200|154|107|55|163|59|27|223|86|206|187|173|64|37|247|31|174|251|102|110|233|60|33|224|84|236|146|21|35|172|119|34|20|183|220|6|191|99|162|116|240|68|150|46|48|36|231|190|0|211|63|238|243|13|182|246|165|125|164|194|93|209|149|76|19|11|252|1|222|213|214|111|88|232|218|16|229|201|136|17|22|56|126|131|129|52|97|178|49|
Overall Best: 0.8594 Generation: 6

Generation 25
Average: 0.8123 Best: 0.8519
Best Individual: 
C0 12|191|156|80|197|252|148|10|41|15|75|44|163|161|131|100|198|254|88|139|14|102|227|248|36|245|107|52|103|78|144|62|239|71|167|195|137|187|129|157|177|11|218|146|192|154|33|97|223|135|189|204|0|136|130|220|158|221|170|180|99|87|162|5|212|39|181|236|123|106|182|112|171|19|207|183|175|60|160|111|206|110|225|55|226|42|127|121|217|76|222|77|142|82|219|23|69|56|211|50|244|240|185|216|58|18|120|124|169|1|152|24|93|210|200|40|235|37|193|79|173|48|2|153|228|253|22|114|174|95|20|232|17|159|242|96|251|73|122|16|116|108|155|113|243|6|250|117|168|72|57|128|89|29|231|202|46|229|186|233|98|101|166|70|237|30|53|66|147|43|119|34|26|194|68|74|32|61|3|64|249|49|151|188|190|54|126|150|90|208|27|215|201|8|172|67|21|83|165|4|109|86|205|104|179|9|140|247|209|196|118|63|35|31|213|105|176|25|59|164|51|238|138|145|91|92|199|230|246|132|184|214|65|45|84|141|255|234|85|149|224|13|125|241|134|94|178|115|38|81|47|143|133|203|7|28|
Overall Best: 0.8594 Generation: 6

Generation 26
Average: 0.8132 Best: 0.8531
Best Individual: 
C0 14|177|206|78|200|102|84|235|239|1|129|122|115|86|64|223|232|51|199|230|50|222|46|133|70|146|11|166|5|156|141|126|163|253|205|76|219|123|157|195|249|228|55|44|73|144|155|208|135|101|241|180|18|87|16|109|89|204|179|225|202|106|38|23|25|32|139|82|93|113|128|52|245|65|183|8|152|196|35|72|130|48|218|248|54|145|107|124|134|227|120|198|58|168|238|127|39|110|161|207|237|254|175|34|104|181|211|41|103|62|31|255|69|203|151|252|67|81|150|234|192|162|15|61|149|97|171|247|92|95|160|4|36|167|190|132|212|221|33|2|243|173|236|164|60|201|117|215|26|45|24|142|74|229|85|136|40|63|148|29|0|125|210|7|170|140|242|27|233|216|22|119|116|83|197|165|42|19|191|189|96|56|114|91|154|17|251|176|226|20|159|75|112|224|59|187|153|105|28|121|80|88|172|57|137|214|138|231|100|90|194|246|3|182|66|79|94|118|71|131|193|10|9|49|99|47|174|184|68|30|21|43|178|185|108|13|143|240|169|147|77|213|158|186|250|188|6|12|37|217|209|244|111|53|98|220|
Overall Best: 0.8594 Generation: 6

Generation 27
Average: 0.8165 Best: 0.8531
Best Individual: 
C0 14|177|206|78|200|102|84|235|239|1|129|122|115|86|64|223|232|51|199|230|50|222|46|133|70|146|11|166|5|156|141|126|163|253|205|76|219|123|157|195|9|228|55|44|73|144|155|208|135|101|241|180|18|87|16|109|89|204|179|53|202|106|38|23|25|189|139|250|93|113|128|52|245|65|183|8|152|196|35|2|97|48|218|248|54|145|107|124|21|227|120|198|58|168|238|127|39|110|161|207|237|98|175|34|210|181|211|41|103|62|31|255|69|243|151|252|67|81|150|234|192|162|15|61|149|130|171|247|92|95|160|4|36|114|190|132|212|221|33|72|203|173|236|174|60|201|117|215|26|45|24|142|74|229|85|136|40|63|28|29|0|125|104|7|170|140|242|27|233|216|22|119|116|83|197|165|42|19|191|32|96|56|167|158|154|17|251|176|226|20|159|75|13|224|59|246|153|105|148|121|80|88|172|57|137|214|30|231|100|90|194|187|3|182|66|79|94|118|71|131|193|10|249|49|99|47|164|184|68|138|134|43|178|185|108|112|143|240|169|147|77|213|91|186|82|188|6|12|37|217|209|244|111|225|254|220|
Overall Best: 0.8594 Generation: 6

Generation 28
Average: 0.8164 Best: 0.8475
Best Individual: 
C0 107|227|148|11|253|230|59|150|47|190|181|49|128|39|15|153|166|242|62|197|161|208|121|134|120|24|67|61|143|79|177|63|187|117|245|53|125|147|215|124|3|231|100|9|118|87|13|192|112|140|210|171|211|176|33|168|178|122|26|36|92|56|217|93|175|165|226|70|104|207|159|90|29|233|204|235|58|201|155|199|0|37|136|252|8|251|198|103|4|68|152|106|149|45|12|142|228|96|224|65|238|113|191|81|144|77|164|108|167|186|160|243|80|18|50|156|51|183|219|196|202|212|141|195|214|44|132|110|76|241|52|182|234|72|21|14|41|185|32|48|105|30|35|1|54|220|71|75|138|225|78|97|89|216|200|163|151|203|218|85|129|247|188|86|98|23|31|237|133|193|115|5|82|157|74|27|158|179|229|22|111|99|154|232|222|101|137|19|244|10|180|239|17|46|248|114|206|123|246|40|139|102|162|145|127|172|255|249|34|55|7|83|189|116|236|126|20|88|169|130|205|135|84|28|64|25|250|209|16|42|174|60|57|43|91|146|223|66|240|94|38|221|109|2|95|213|73|131|119|6|194|69|254|170|184|173|
Overall Best: 0.8594 Generation: 6

Generation 29
Average: 0.8105 Best: 0.8475
Best Individual: 
C0 107|227|74|11|253|230|59|150|94|190|181|49|128|111|15|153|204|242|62|197|161|208|121|134|43|24|67|61|143|79|177|63|187|117|245|53|125|147|215|124|80|231|100|9|118|87|13|192|112|140|210|171|250|176|33|45|178|122|26|36|92|170|217|93|175|248|160|70|104|207|159|90|29|233|166|235|58|201|155|222|0|37|136|196|8|251|198|103|4|68|152|106|149|168|12|142|228|96|224|65|238|113|191|81|144|77|164|25|167|186|226|243|3|18|50|156|51|183|219|252|72|212|141|174|214|44|132|110|76|241|52|182|234|202|21|14|41|185|32|193|105|30|35|1|54|220|71|75|138|225|78|97|89|216|200|163|151|203|218|85|129|247|188|86|98|23|31|237|133|48|115|5|46|157|158|27|148|179|229|22|39|84|154|232|199|101|137|19|244|10|180|239|17|82|165|120|206|123|246|40|139|102|162|145|127|172|255|249|34|55|7|83|189|116|236|126|20|88|169|130|205|135|99|28|64|108|211|209|16|42|195|60|57|114|91|146|223|66|240|47|38|221|109|2|95|213|73|131|119|6|194|69|254|56|184|173|
Overall Best: 0.8594 Generation: 6
==================
    Best individual after 30 generations
    computed in 3,450.5940 seconds
    1369 elements out of 1593 correct.
    emerged in generation 6
    with fitness 0.8594
==================

