Starting evolution...

Generation 0
Average: 0.8753 Best: 0.8945
Best Individual: 
C0 41|179|177|222|185|116|215|162|227|102|79|10|231|239|148|24|43|63|58|188|59|116|8|56|11|188|9|244|2|12|214|46|173|193|71|189|77|176|222|25|59|179|232|105|49|81|248|157|179|129|109|29|128|62|50|213|199|26|79|75|6|160|13|76|206|36|82|2|142|243|168|35|60|15|202|40|61|193|236|133|76|198|255|18|4|240|7|3|200|150|48|8|60|120|222|121|6|34|231|160|173|86|84|171|149|102|169|21|141|251|88|170|74|49|26|234|62|168|81|166|112|137|50|152|216|92|69|219|118|231|39|251|193|87|189|165|92|71|5|215|227|83|107|240|160|103|57|159|70|239|237|147|133|205|122|71|17|246|84|74|235|76|217|240|77|119|49|93|20|53|218|145|218|217|84|34|255|117|235|2|122|110|143|244|93|56|156|254|215|21|21|79|22|218|86|30|3|1|78|13|252|69|151|178|185|185|61|25|54|243|218|36|100|215|205|11|73|81|170|64|205|40|160|109|8|25|163|118|207|29|53|180|168|243|75|26|135|215|133|35|204|121|3|10|226|31|109|25|74|78|141|94|123|3|122|164|
Overall Best: 0.8945 Generation: 0

Generation 1
Average: 0.8803 Best: 0.8983
Best Individual: 
C0 250|245|115|130|252|180|153|140|95|178|48|136|73|56|52|13|237|175|110|54|132|161|81|119|236|16|86|246|237|232|97|205|43|148|12|11|95|240|205|24|41|59|23|183|180|179|252|10|234|70|38|174|70|113|128|155|100|172|149|9|136|145|42|88|156|166|37|176|94|36|225|112|30|81|175|31|166|63|20|188|98|223|171|91|21|152|190|67|10|14|107|252|55|34|100|245|48|86|228|171|58|117|121|178|25|198|85|44|8|135|76|189|10|229|10|106|15|170|202|63|120|95|201|218|253|243|38|129|231|149|151|209|134|195|89|238|38|104|228|195|102|162|30|23|177|64|180|126|107|241|157|156|9|216|225|177|5|29|120|236|231|12|76|33|216|50|6|121|45|209|237|219|183|38|219|40|97|215|80|61|55|34|250|7|23|54|64|215|36|148|55|74|87|30|185|251|251|252|185|125|241|131|156|232|215|145|174|196|182|37|174|243|75|66|126|161|62|116|36|101|240|195|37|13|172|55|97|201|171|134|132|215|127|240|249|246|242|228|203|160|133|100|24|15|33|42|75|215|62|194|199|50|29|62|74|143|
Overall Best: 0.8983 Generation: 1

Generation 2
Average: 0.8824 Best: 0.8952
Best Individual: 
C0 105|37|244|238|125|222|167|216|137|81|248|28|31|37|136|128|109|206|77|47|108|140|204|94|8|27|131|236|228|132|99|137|253|169|3|235|213|178|86|200|72|13|121|64|146|89|70|33|170|213|225|113|50|225|59|33|13|200|193|20|127|101|101|2|30|181|107|56|91|11|246|240|97|163|232|9|67|29|209|61|41|156|71|52|126|253|146|161|152|34|174|23|79|232|145|126|206|146|181|194|16|161|173|181|207|192|133|67|48|233|209|247|196|59|164|210|220|124|236|223|70|127|124|25|74|45|158|8|183|206|182|54|236|183|249|53|71|188|243|132|57|28|179|10|78|143|77|144|155|181|115|202|239|85|184|85|89|46|220|245|32|79|142|179|120|38|58|232|122|247|176|196|179|189|99|214|53|129|202|4|105|106|37|127|219|10|29|199|110|214|18|240|144|126|155|35|128|175|184|209|77|179|118|60|62|184|28|251|145|121|41|116|66|185|225|89|47|227|162|239|189|133|57|87|84|31|81|240|67|180|88|226|206|143|1|130|216|14|73|51|250|120|10|134|145|74|182|230|148|208|212|20|24|198|139|48|
Overall Best: 0.8983 Generation: 1

Generation 3
Average: 0.8850 Best: 0.9002
Best Individual: 
C0 105|37|244|234|125|13|97|2|129|46|173|185|228|199|163|189|35|204|121|244|108|221|81|188|94|177|28|70|211|3|74|34|189|38|90|77|39|231|207|38|32|5|12|135|178|253|170|253|140|92|11|90|223|112|17|129|62|25|48|133|44|236|146|182|15|196|11|17|177|161|251|76|1|37|12|22|26|143|167|129|229|98|9|88|80|173|238|25|132|14|121|212|93|46|43|4|41|158|57|221|204|142|173|181|207|192|174|67|48|193|209|247|196|59|164|210|62|1|49|223|65|163|197|25|24|45|158|140|153|206|182|72|236|183|110|53|139|188|28|21|57|28|163|10|78|120|173|145|155|181|115|202|239|208|184|85|192|46|96|245|32|79|222|31|120|38|58|105|122|247|231|196|178|201|99|214|156|129|202|31|105|212|37|127|219|10|29|199|110|214|18|240|144|63|155|35|135|175|234|209|77|110|82|60|62|153|8|251|33|121|41|116|66|185|225|89|241|227|162|113|91|133|141|87|84|31|41|240|101|35|21|226|206|143|1|40|216|255|108|51|250|120|10|134|66|74|182|230|148|208|212|20|70|198|139|48|
Overall Best: 0.9002 Generation: 3

Generation 4
Average: 0.8868 Best: 0.9014
Best Individual: 
C0 91|183|151|161|253|183|193|233|31|170|134|231|242|242|141|37|251|27|161|54|238|15|174|207|85|90|139|108|176|92|69|36|82|35|51|33|15|37|164|38|9|226|181|33|229|62|6|230|80|126|166|246|223|16|196|176|98|46|30|111|43|184|65|46|80|130|194|107|54|176|28|116|194|55|228|48|232|15|55|243|163|37|175|93|42|71|196|56|90|204|56|254|194|96|12|126|191|121|65|89|75|99|186|130|55|112|168|66|253|106|189|79|174|235|49|22|120|188|116|96|241|79|43|101|241|157|53|219|93|12|200|84|84|188|192|196|95|253|95|109|49|31|210|103|241|75|18|54|152|122|70|201|149|160|45|161|225|225|17|209|11|242|63|49|45|232|196|3|79|42|213|136|163|11|8|212|156|232|14|99|233|70|208|203|105|213|109|197|89|31|215|80|182|236|170|14|227|61|45|176|182|6|174|171|20|113|150|69|44|155|18|138|98|127|205|159|57|35|10|126|140|66|135|153|174|11|240|15|9|186|207|253|24|191|162|182|250|56|197|137|71|22|5|176|34|130|145|199|9|7|187|184|122|130|218|231|
Overall Best: 0.9014 Generation: 4

Generation 5
Average: 0.8864 Best: 0.9033
Best Individual: 
C0 244|179|212|56|193|133|168|195|179|38|122|118|47|238|206|230|108|237|174|151|63|88|40|120|176|233|60|135|19|223|180|12|250|239|172|112|142|93|203|162|170|30|99|93|43|184|3|133|71|58|171|15|222|197|13|139|253|67|248|4|150|211|242|83|98|243|24|39|49|200|220|208|37|106|170|61|214|123|56|69|235|49|9|192|251|81|238|25|160|230|121|217|93|46|43|4|41|158|231|89|75|99|186|130|55|112|168|156|165|160|217|149|103|158|114|73|202|170|180|7|136|255|141|149|186|157|153|219|93|12|200|84|84|188|116|196|95|197|95|109|49|78|210|103|241|75|18|54|152|122|70|201|195|212|45|161|225|164|17|209|59|242|63|49|1|227|196|3|79|42|213|136|163|11|8|212|156|13|14|184|233|215|208|203|105|213|109|197|200|165|39|231|198|30|171|150|112|176|91|66|158|19|213|51|99|88|207|228|159|193|103|221|232|212|249|113|60|111|144|171|36|24|41|144|153|49|89|197|225|176|224|132|102|48|128|9|158|63|18|159|185|63|144|168|22|50|89|125|87|38|142|117|127|174|134|4|
Overall Best: 0.9033 Generation: 5

Generation 6
Average: 0.8876 Best: 0.9046
Best Individual: 
C0 201|183|30|161|253|183|193|222|93|44|9|224|242|215|141|233|3|85|184|1|238|15|197|37|85|90|119|129|4|249|69|12|82|208|228|73|66|243|102|6|232|98|79|103|48|21|48|231|93|113|157|118|182|115|224|182|160|63|222|111|96|23|65|46|80|145|194|107|54|78|28|206|246|55|228|67|232|15|55|243|163|187|31|74|175|71|196|133|162|76|56|254|92|47|182|10|29|192|65|89|79|99|140|130|181|112|168|66|147|43|97|79|103|235|68|22|120|188|65|96|241|246|43|101|177|204|49|42|44|103|202|96|128|33|108|225|62|236|174|107|128|37|130|122|241|75|18|54|152|122|70|114|149|160|45|161|64|164|17|209|248|37|35|49|239|72|196|221|79|182|144|136|163|199|8|212|156|57|14|99|120|70|208|203|105|213|109|216|102|31|215|80|229|252|18|118|227|102|114|176|115|16|174|171|20|113|252|69|44|205|18|138|98|223|205|159|57|172|10|126|165|62|132|236|174|11|33|15|108|186|207|103|24|211|167|193|250|56|0|137|153|171|190|176|34|35|170|99|9|189|69|184|122|130|110|231|
Overall Best: 0.9046 Generation: 6

Generation 7
Average: 0.8880 Best: 0.9040
Best Individual: 
C0 91|89|209|161|29|144|81|222|31|129|81|231|71|224|110|37|193|85|161|1|235|238|14|102|85|90|206|240|176|232|97|76|43|109|12|85|95|240|205|212|41|18|205|238|180|253|252|20|234|70|119|174|69|113|227|110|100|172|191|6|129|145|42|88|156|166|37|132|12|228|62|79|11|195|71|210|122|184|219|177|249|27|38|112|82|101|239|188|47|86|212|228|105|80|18|35|45|97|165|178|104|247|178|137|191|197|64|116|161|74|47|213|77|226|72|82|234|131|226|209|254|32|191|117|153|181|205|129|231|94|179|125|32|88|78|238|38|219|228|195|154|74|30|82|177|64|180|135|216|169|157|156|9|51|21|4|5|29|4|236|254|91|155|33|216|50|6|138|55|209|190|158|183|38|13|221|97|187|8|61|137|34|242|7|23|54|96|191|198|43|220|217|8|30|31|251|172|5|185|76|183|131|88|219|253|145|95|196|182|37|174|243|241|66|113|101|62|116|36|116|240|195|37|13|51|196|33|15|63|186|207|253|209|191|80|16|250|120|214|138|153|181|82|198|171|231|157|6|9|7|187|184|214|130|218|231|
Overall Best: 0.9046 Generation: 6

Generation 8
Average: 0.8892 Best: 0.9071
Best Individual: 
C0 226|67|105|22|83|233|91|168|218|88|233|181|71|112|59|172|35|204|63|151|193|95|202|22|122|196|80|246|41|249|69|12|1|208|228|133|66|243|102|6|34|98|79|103|48|21|48|231|44|113|157|118|182|115|224|182|160|63|222|111|96|23|65|46|80|145|194|107|54|78|185|206|246|178|228|67|232|15|55|78|163|187|31|74|175|71|196|14|145|76|56|254|92|245|182|10|29|192|38|89|141|99|140|130|181|112|168|66|147|43|97|79|105|235|68|22|66|188|65|7|85|246|196|101|241|192|219|107|7|114|168|133|64|33|121|225|181|236|24|107|194|194|61|153|212|118|83|91|71|63|4|112|155|170|97|195|253|127|25|248|50|126|202|129|27|136|44|24|112|16|183|20|177|163|5|193|98|11|36|70|73|212|213|213|228|242|248|33|13|41|17|217|239|203|48|68|40|196|94|24|252|129|210|124|187|190|81|12|49|163|190|47|221|161|104|244|100|183|244|81|239|39|143|97|15|171|100|100|6|244|202|137|46|49|102|250|26|233|240|87|186|252|196|44|92|57|154|83|188|105|130|193|140|39|247|175|
Overall Best: 0.9071 Generation: 8

Generation 9
Average: 0.8893 Best: 0.9065
Best Individual: 
C0 91|89|209|161|29|144|81|203|31|129|81|70|71|224|110|150|193|85|162|1|71|238|14|102|85|90|206|240|176|232|93|70|43|109|12|93|47|240|205|212|41|18|238|238|180|74|139|74|250|70|119|174|178|113|227|110|215|172|66|6|129|145|167|122|156|166|37|132|12|228|62|79|11|64|71|210|122|184|219|177|249|27|38|112|82|101|239|188|47|86|212|1|229|80|18|239|45|97|165|178|104|247|178|137|191|220|64|116|161|20|44|213|77|226|72|82|234|131|226|174|254|32|191|182|153|181|205|129|231|133|179|112|32|88|78|159|38|219|228|195|154|74|193|82|177|64|216|135|216|35|157|176|9|51|21|4|5|100|4|236|229|91|75|33|216|50|94|138|55|146|190|158|183|38|13|111|97|187|8|107|137|151|242|7|23|54|96|191|198|99|220|217|154|30|31|251|172|5|180|141|183|131|88|219|253|145|95|104|182|37|174|243|241|80|113|101|62|116|36|116|240|195|37|13|51|196|33|15|63|19|207|253|209|191|80|16|250|120|214|138|153|161|82|198|240|231|157|6|9|7|187|184|214|238|218|231|
Overall Best: 0.9071 Generation: 8

Generation 10
Average: 0.8916 Best: 0.9071
Best Individual: 
C0 226|67|105|22|151|233|91|215|15|88|233|181|71|112|59|172|9|204|245|151|193|95|147|22|236|196|80|246|41|249|69|211|1|208|228|133|66|243|26|6|185|98|79|34|48|21|48|231|44|113|157|118|182|115|163|182|160|63|222|164|96|23|65|46|80|145|165|162|54|78|185|206|246|178|228|67|232|251|55|78|163|187|31|74|14|71|196|133|145|76|56|254|92|47|182|10|29|192|38|169|79|99|140|130|186|196|133|68|85|224|209|247|88|194|251|63|153|115|243|223|175|127|124|25|122|28|158|181|128|83|182|20|170|210|110|189|248|174|39|9|176|235|179|29|78|64|216|135|216|35|157|176|9|51|21|4|5|100|4|236|229|91|75|33|120|38|58|105|122|162|179|196|177|163|5|114|98|246|36|43|173|212|210|239|228|242|248|33|51|41|17|217|239|231|111|160|33|196|149|24|252|129|120|124|187|190|81|247|158|163|190|47|221|161|29|244|100|183|244|81|239|250|24|59|182|171|24|100|6|244|202|181|46|49|226|250|26|30|240|87|186|252|196|44|92|57|154|182|188|105|56|18|140|250|235|175|
Overall Best: 0.9071 Generation: 8

Generation 11
Average: 0.8917 Best: 0.9046
Best Individual: 
C0 226|67|105|22|151|233|91|215|15|88|233|181|71|112|59|172|9|204|245|151|193|95|147|22|236|196|80|246|41|249|69|211|1|208|228|133|66|243|26|31|185|98|79|34|48|21|48|231|44|113|157|178|182|251|163|182|160|63|222|164|96|23|65|46|9|145|58|162|54|78|241|206|246|178|228|67|232|251|55|78|163|187|31|74|14|82|196|13|145|76|56|254|92|47|182|10|29|192|38|169|79|99|140|130|186|196|133|68|85|224|209|247|88|194|251|63|153|115|192|223|175|127|124|25|122|28|158|181|128|83|223|20|170|210|110|189|248|174|39|9|176|235|179|29|78|64|216|135|216|35|157|203|9|51|54|4|5|100|4|236|229|91|75|33|120|38|58|105|122|162|179|196|177|165|5|114|98|246|36|70|73|212|213|213|44|242|248|33|13|41|17|217|194|203|48|93|40|208|11|24|252|129|210|124|6|203|81|33|49|75|190|47|221|161|28|244|232|183|244|81|239|156|143|97|15|171|100|100|227|244|202|210|46|49|151|250|26|233|148|122|82|252|85|31|92|69|154|83|188|105|56|18|140|250|235|175|
Overall Best: 0.9071 Generation: 8

Generation 12
Average: 0.8919 Best: 0.9040
Best Individual: 
C0 155|157|15|161|206|156|231|60|213|170|4|245|163|230|141|37|251|22|193|181|159|15|57|64|85|254|139|129|176|83|69|36|82|148|51|7|97|18|177|198|175|126|143|214|141|44|70|183|158|213|65|102|38|225|59|33|13|88|165|216|99|251|189|249|116|86|121|226|12|228|62|79|11|195|126|210|110|28|154|177|249|62|120|56|83|71|196|133|162|76|56|254|6|47|182|236|144|192|65|89|79|99|140|68|44|112|168|168|147|40|97|79|86|158|68|211|143|199|192|199|172|246|106|101|241|192|219|107|7|152|156|126|64|33|0|212|181|236|24|107|241|194|61|153|93|177|76|91|71|63|4|110|133|170|131|172|253|127|252|248|19|126|166|129|27|136|156|14|10|16|146|155|83|163|5|193|77|11|243|31|21|212|37|169|113|178|178|199|242|214|191|93|144|63|36|35|184|128|165|97|225|179|224|244|235|184|183|251|124|116|228|14|124|183|8|118|33|175|162|130|208|105|57|159|84|239|74|240|158|113|66|233|206|112|218|130|70|151|67|26|240|237|10|134|88|57|154|83|48|7|252|2|231|80|145|146|
Overall Best: 0.9071 Generation: 8

Generation 13
Average: 0.8911 Best: 0.9040
Best Individual: 
C0 91|125|195|161|29|144|81|203|109|100|81|70|67|197|110|150|193|209|162|117|71|238|14|102|85|90|206|69|176|232|93|245|43|109|12|93|47|240|205|212|41|70|220|238|247|74|139|74|250|70|119|174|178|191|25|179|215|172|10|6|129|19|167|231|156|166|37|95|198|228|62|79|11|62|243|104|161|168|219|109|9|27|38|39|82|165|239|186|47|206|212|7|45|80|18|239|45|97|165|178|104|247|178|137|191|118|41|116|161|20|94|213|77|226|72|35|183|131|226|174|254|170|82|182|153|65|205|129|231|56|179|44|32|88|78|61|38|219|228|195|23|74|192|82|177|56|113|126|164|60|205|202|219|102|206|161|19|144|198|209|126|105|5|42|223|72|237|222|79|42|248|183|164|129|84|16|45|25|106|46|59|207|240|166|84|14|132|98|174|227|245|183|63|143|178|23|119|103|159|123|74|26|118|157|16|180|209|132|46|119|35|28|189|69|114|67|21|35|14|126|109|66|153|95|138|217|172|162|9|186|28|49|24|106|21|73|223|56|197|152|71|22|89|174|149|218|89|147|24|7|23|3|12|184|33|231|
Overall Best: 0.9071 Generation: 8

Generation 14
Average: 0.8913 Best: 0.9046
Best Individual: 
C0 91|125|195|161|29|144|81|215|15|77|233|133|71|175|59|197|236|204|63|244|193|22|202|22|122|196|43|246|112|252|69|41|237|62|228|179|66|60|102|6|130|98|28|64|10|21|48|231|199|113|245|118|157|115|73|230|160|193|222|235|144|23|134|46|80|145|85|107|16|19|119|79|4|174|228|181|33|16|25|78|163|187|31|94|149|71|131|146|145|76|133|211|1|47|182|10|102|150|38|169|153|99|140|130|186|85|180|66|147|43|97|79|232|251|68|201|154|140|65|96|186|246|196|101|3|65|205|129|231|56|179|44|100|88|78|61|38|219|228|203|23|74|192|82|177|56|113|126|164|60|125|202|219|102|206|161|19|144|198|209|126|105|5|42|223|72|237|35|79|42|248|183|158|129|84|224|45|25|106|46|59|207|240|166|84|14|132|98|201|227|245|183|63|143|178|23|119|103|159|123|74|26|118|157|16|180|209|132|46|119|35|28|189|69|114|67|21|35|14|126|109|66|153|95|138|217|172|162|9|186|28|49|24|106|21|73|223|56|197|152|71|22|89|174|149|218|89|147|24|7|23|3|12|184|33|231|
Overall Best: 0.9071 Generation: 8

Generation 15
Average: 0.8937 Best: 0.9077
Best Individual: 
C0 91|98|195|161|29|144|81|203|31|100|81|165|67|224|9|150|125|209|162|41|79|88|14|102|199|90|129|69|176|232|50|245|43|109|12|93|47|240|205|212|16|18|238|129|180|74|178|32|250|55|119|174|178|143|227|110|122|172|66|110|128|111|167|179|187|85|249|204|233|11|254|240|97|163|230|172|163|233|222|182|184|156|211|52|233|253|38|161|236|63|29|23|79|62|186|92|72|146|225|194|177|182|165|41|207|8|133|240|139|160|23|49|202|237|244|63|220|30|243|91|140|39|124|25|122|28|158|213|128|151|112|20|201|160|110|189|248|203|247|153|213|28|55|116|200|56|178|145|155|181|96|195|28|151|130|85|89|101|121|249|149|158|192|31|148|93|48|147|8|162|11|183|164|129|20|52|45|25|132|131|59|103|240|73|84|14|132|40|174|227|160|126|63|143|178|173|119|103|159|123|74|26|118|46|16|134|209|48|46|119|35|28|72|69|114|67|21|35|14|126|5|66|153|95|138|217|157|162|9|186|28|49|24|236|245|80|223|56|197|132|137|22|127|68|149|218|233|147|24|7|23|3|214|184|37|231|
Overall Best: 0.9077 Generation: 15

Generation 16
Average: 0.8931 Best: 0.9046
Best Individual: 
C0 91|173|209|161|29|117|81|73|150|184|81|70|71|210|110|252|108|99|162|214|235|8|132|202|1|90|205|129|4|76|33|244|218|152|180|50|79|25|240|227|151|72|110|149|178|25|11|76|140|92|182|36|157|113|73|230|160|193|222|235|144|161|134|35|80|145|85|59|16|19|119|79|4|174|186|181|33|16|25|78|163|187|31|94|149|252|131|146|145|76|133|188|1|47|182|136|102|150|38|169|153|99|140|6|186|85|67|40|147|43|97|215|217|251|68|107|154|140|65|96|186|246|196|101|3|65|205|126|231|56|179|44|102|88|78|235|38|166|228|203|23|74|192|82|177|56|113|126|164|60|125|202|210|102|206|78|19|18|198|209|117|105|5|42|223|72|237|35|79|42|248|183|158|176|84|224|103|57|213|136|126|3|211|240|9|89|43|216|58|179|225|129|112|191|232|118|240|55|94|121|252|129|210|219|111|152|10|90|226|144|206|138|148|5|113|183|62|116|36|219|127|225|37|13|51|196|231|63|42|139|207|253|209|191|224|16|157|76|107|188|25|47|13|51|240|247|98|240|9|7|187|184|214|238|190|121|
Overall Best: 0.9077 Generation: 15

Generation 17
Average: 0.8937 Best: 0.9040
Best Individual: 
C0 152|67|105|118|151|233|91|215|199|227|233|68|76|101|59|172|201|204|57|5|193|65|209|94|86|196|251|206|41|219|69|252|90|145|112|94|66|243|36|93|177|124|79|99|62|89|210|103|74|185|123|118|171|115|224|182|160|193|78|96|196|23|15|46|80|145|165|107|218|239|238|206|33|174|228|67|65|211|22|78|54|115|165|74|217|178|218|220|203|179|133|254|44|47|176|10|139|56|22|83|79|99|140|182|186|95|168|222|244|43|97|67|103|235|112|106|127|108|65|96|186|46|196|101|64|192|219|151|18|161|121|133|64|2|121|225|181|61|191|129|194|194|140|105|212|7|31|91|237|102|4|58|52|170|245|195|147|1|213|30|13|128|44|41|27|1|183|24|112|68|164|46|212|163|102|3|98|57|213|99|143|14|146|193|153|242|123|70|160|41|17|217|239|224|231|68|40|69|94|251|199|167|210|17|187|197|81|252|9|67|190|47|161|26|28|149|3|183|167|81|190|39|24|59|32|157|24|229|6|244|10|249|46|5|149|250|26|242|151|163|53|116|196|44|92|213|43|83|56|219|56|153|215|90|155|175|
Overall Best: 0.9077 Generation: 15

Generation 18
Average: 0.8923 Best: 0.9014
Best Individual: 
C0 91|173|209|161|29|176|81|210|150|250|243|245|71|14|110|48|193|99|162|214|235|8|132|202|132|90|181|240|59|232|64|127|97|97|69|93|241|240|51|212|16|189|110|249|43|144|11|76|140|136|182|36|157|113|73|230|160|193|42|235|144|23|134|35|111|145|85|107|103|19|53|79|4|174|228|181|33|16|25|78|163|187|31|228|149|89|131|146|145|76|133|188|1|160|182|10|102|150|208|169|153|99|140|130|47|119|180|40|155|43|97|79|217|251|40|29|154|140|65|96|186|246|196|101|3|65|205|129|231|56|179|44|102|88|78|61|38|209|228|8|23|74|192|82|177|185|113|126|164|60|125|202|210|248|206|32|19|144|198|209|227|105|5|42|223|72|237|247|79|42|212|183|158|129|84|224|103|57|213|95|126|3|211|240|9|186|43|216|0|179|225|157|112|191|221|118|240|55|94|121|252|129|184|236|141|152|64|90|226|144|206|138|148|5|113|183|62|116|36|219|141|225|37|13|51|196|231|167|42|139|207|253|209|191|224|163|29|76|107|188|25|226|13|198|240|247|89|240|9|7|95|22|214|238|190|121|
Overall Best: 0.9077 Generation: 15

Generation 19
Average: 0.8932 Best: 0.9046
Best Individual: 
C0 8|20|166|161|29|33|81|26|232|203|81|70|95|224|37|27|193|99|162|98|235|171|41|102|207|78|38|126|76|232|50|105|43|109|12|93|158|195|134|61|34|78|79|83|4|21|132|179|168|49|157|229|172|191|227|14|122|116|49|6|129|145|167|185|156|166|245|132|99|200|62|79|74|51|178|57|122|148|55|13|169|236|169|201|245|71|37|133|145|84|133|234|41|185|182|10|6|164|144|169|79|62|116|106|135|217|117|225|76|208|56|101|103|235|5|117|143|90|196|96|186|53|196|9|175|192|219|151|18|122|207|44|64|160|131|125|181|236|24|54|70|166|98|224|84|27|83|133|71|145|167|112|155|170|192|24|253|158|177|248|15|216|191|28|9|136|170|138|215|65|190|158|183|26|13|68|240|187|8|243|167|101|48|36|27|242|248|181|160|9|49|217|34|100|168|104|216|105|142|73|211|149|144|133|48|72|36|151|14|209|41|69|191|163|168|68|32|216|49|116|240|195|37|64|51|61|64|15|6|10|74|190|81|191|80|149|203|120|72|138|254|162|82|198|139|231|157|106|149|143|36|28|220|195|0|57|
Overall Best: 0.9077 Generation: 15

Generation 20
Average: 0.8919 Best: 0.9096
Best Individual: 
C0 62|89|240|195|29|0|31|151|150|250|81|70|9|94|236|49|231|246|81|204|235|177|64|31|240|90|11|175|4|49|69|4|224|194|91|129|42|82|255|200|109|6|23|92|171|44|168|38|190|229|65|102|184|225|151|33|13|134|253|36|160|161|25|133|116|86|83|226|14|16|62|79|11|78|126|198|110|28|114|235|146|197|159|82|83|71|196|9|162|85|133|154|26|47|182|79|144|192|244|89|79|99|140|43|166|112|81|80|151|40|119|15|254|223|91|253|143|199|76|247|172|75|106|41|241|192|104|202|22|200|75|126|130|189|0|162|181|2|13|127|249|80|61|153|41|177|76|248|71|63|4|16|107|170|107|47|238|127|252|231|19|173|71|77|99|45|156|14|10|179|77|138|145|197|84|224|135|25|106|43|59|207|90|166|84|160|132|189|201|56|245|142|129|233|12|141|119|103|159|123|74|193|39|157|218|180|203|132|248|119|35|222|4|140|158|210|223|35|132|126|131|23|169|95|138|217|172|162|9|186|28|182|229|106|21|73|223|56|87|152|81|22|22|174|149|218|89|76|67|7|23|3|12|184|33|158|
Overall Best: 0.9096 Generation: 20

Generation 21
Average: 0.8932 Best: 0.9052
Best Individual: 
C0 62|89|240|161|48|0|31|151|26|250|136|180|71|224|246|186|231|55|81|8|235|109|64|138|240|90|161|175|4|211|69|4|98|194|91|129|155|27|255|200|20|6|23|184|171|44|168|18|106|102|65|102|46|112|152|33|13|200|253|36|193|46|25|249|39|86|83|226|14|16|62|79|11|78|126|198|110|243|55|133|249|50|65|82|161|71|137|133|162|85|56|154|148|47|182|56|144|75|142|169|242|99|178|129|186|145|67|40|66|43|97|10|217|182|177|63|165|24|65|217|65|246|196|101|3|65|205|20|8|56|205|131|102|72|55|235|38|125|228|203|64|74|192|82|123|124|85|126|164|172|125|202|228|102|171|78|19|35|83|209|145|105|5|128|223|72|216|35|79|79|248|183|158|176|84|224|77|65|160|216|120|1|102|169|63|221|81|70|160|219|17|217|239|224|150|225|40|60|143|22|199|167|210|17|187|197|64|29|155|67|190|20|221|239|113|140|50|223|23|153|133|226|37|40|51|196|237|86|63|233|11|250|61|63|75|19|101|76|41|159|182|161|82|198|102|239|216|86|157|7|187|29|214|213|222|158|
Overall Best: 0.9096 Generation: 20

Generation 22
Average: 0.8916 Best: 0.9077
Best Individual: 
C0 108|173|209|161|223|24|81|210|150|250|9|245|28|14|206|48|206|99|162|214|235|8|132|202|255|90|205|129|4|230|33|244|218|152|49|50|116|25|88|227|161|54|246|149|178|25|11|76|140|220|252|36|157|113|73|6|176|193|237|128|144|161|134|145|32|145|85|28|136|19|16|79|131|31|71|181|33|16|115|78|163|187|158|11|172|50|89|133|162|129|56|115|16|47|183|102|119|192|65|75|148|244|140|68|69|70|7|168|147|40|189|79|36|5|68|143|143|74|76|199|99|75|23|251|33|236|205|172|231|56|179|154|102|88|78|61|142|137|228|157|23|230|192|82|177|185|113|126|17|60|161|33|9|51|129|233|5|100|164|236|92|25|75|33|120|248|245|105|181|170|102|70|200|61|237|37|103|11|142|82|168|77|48|149|27|242|245|181|160|127|49|217|94|100|168|104|47|105|142|73|211|129|144|133|48|250|36|122|14|209|175|231|191|163|55|191|166|97|36|219|93|232|38|13|61|187|104|167|42|65|207|253|209|191|224|252|36|76|107|188|25|226|13|198|240|247|36|240|80|222|161|22|214|238|198|121|
Overall Best: 0.9096 Generation: 20

Generation 23
Average: 0.8915 Best: 0.9090
Best Individual: 
C0 62|89|224|195|29|195|245|151|150|250|81|70|9|94|236|49|231|216|81|167|235|122|64|31|240|127|11|87|4|49|59|4|224|194|91|129|42|223|81|208|109|6|23|92|171|99|168|38|190|229|65|102|184|120|151|33|13|134|253|36|160|161|25|133|116|86|83|226|14|161|62|79|11|78|28|214|110|28|114|104|146|197|159|82|83|71|196|9|162|85|133|154|26|47|182|79|159|192|236|89|79|99|140|43|166|112|31|80|151|119|119|15|254|201|78|253|190|199|76|181|172|75|106|41|241|26|104|202|22|200|75|126|130|189|0|162|181|2|13|241|249|64|203|153|41|177|121|248|71|63|4|16|107|251|107|210|72|127|252|231|19|173|71|190|99|45|120|14|10|179|77|138|145|197|84|58|101|25|106|164|59|154|90|166|84|225|132|189|201|96|245|142|129|233|12|142|119|103|159|17|146|193|39|91|221|76|86|203|248|119|35|222|4|140|158|40|223|131|132|239|131|23|235|95|138|217|199|162|9|186|54|182|229|240|21|73|223|56|35|239|81|22|22|174|149|208|89|76|55|7|23|3|12|34|33|108|
Overall Best: 0.9096 Generation: 20

Generation 24
Average: 0.8912 Best: 0.9046
Best Individual: 
C0 62|89|156|195|29|195|31|151|236|250|81|70|9|94|236|49|135|97|94|180|71|134|14|131|85|63|244|183|112|114|12|230|250|93|162|221|46|223|8|72|169|113|113|5|161|152|189|53|250|238|75|168|223|26|169|47|91|207|161|5|216|145|167|231|201|166|36|76|12|7|117|135|209|154|132|7|129|138|187|203|9|57|131|66|184|29|196|9|162|85|223|63|26|47|182|79|144|192|140|3|150|99|140|43|166|112|22|80|222|40|119|116|78|223|183|253|143|77|159|247|44|32|174|41|241|117|104|211|22|200|102|126|130|220|0|162|181|2|13|127|98|176|117|153|175|216|203|220|203|186|143|11|124|170|155|102|238|31|197|14|19|173|219|190|99|45|120|14|133|179|77|138|145|197|84|224|101|25|106|164|59|207|90|166|84|225|164|189|163|96|245|142|129|233|215|224|119|103|159|17|192|193|39|164|221|76|130|203|248|119|35|127|4|140|178|40|223|131|244|239|254|23|235|95|138|217|172|162|245|186|54|182|229|240|21|50|243|126|180|239|81|22|22|145|149|218|89|76|150|186|23|3|12|34|33|250|
Overall Best: 0.9096 Generation: 20

Generation 25
Average: 0.8922 Best: 0.9071
Best Individual: 
C0 109|183|86|132|29|47|133|203|41|243|81|133|10|177|237|92|193|99|162|76|235|134|14|131|85|63|244|183|112|114|12|230|250|230|162|221|70|223|8|72|64|113|218|227|161|152|189|53|250|238|75|166|223|26|169|47|91|207|161|5|131|145|167|203|201|166|75|95|102|7|117|135|211|154|243|161|129|168|219|29|9|253|131|75|82|29|64|188|5|146|204|221|121|80|43|249|66|62|165|106|25|45|129|108|31|147|64|116|161|84|37|175|86|148|176|35|197|12|236|174|254|56|1|11|212|154|200|248|231|242|179|125|27|171|86|179|73|94|73|241|197|213|61|5|56|69|121|90|71|63|45|16|62|171|107|109|72|127|252|252|229|152|71|190|99|38|154|18|1|24|109|136|219|225|237|245|8|11|77|202|65|77|121|149|27|168|179|189|238|127|133|22|43|184|199|124|253|181|184|41|89|239|153|133|48|112|127|122|209|119|168|182|8|28|12|11|184|72|14|84|113|143|181|22|253|89|10|205|89|152|74|178|70|191|104|129|250|171|133|43|38|206|82|68|240|164|52|228|114|207|216|192|195|186|236|27|
Overall Best: 0.9096 Generation: 20

Generation 26
Average: 0.8901 Best: 0.9033
Best Individual: 
C0 109|183|86|132|29|47|133|203|41|243|81|133|10|177|237|92|193|99|162|76|235|134|14|131|85|138|193|183|165|114|12|230|250|230|162|221|70|223|222|72|101|113|218|227|161|172|189|53|250|238|75|166|225|26|169|47|21|207|161|5|131|253|167|203|201|166|21|60|102|7|117|135|211|154|243|161|129|168|219|29|164|253|131|75|82|29|64|188|5|146|204|196|121|80|43|249|66|62|165|106|25|45|129|108|31|147|64|116|161|84|37|175|86|148|176|35|197|12|236|174|254|56|1|11|41|236|131|163|251|56|179|127|102|123|78|252|114|68|228|157|244|230|192|82|177|251|160|141|8|52|227|137|86|94|190|237|125|143|71|18|64|126|193|206|242|184|164|183|112|4|22|3|95|92|202|40|24|46|5|169|232|0|135|235|206|179|208|90|84|231|221|175|105|187|66|104|47|105|142|73|29|129|144|133|64|250|54|31|14|209|102|231|212|15|55|191|166|242|119|219|93|232|38|13|96|187|104|121|42|226|174|205|209|64|224|252|36|76|11|188|202|226|13|198|240|247|36|34|80|211|161|192|195|192|236|27|
Overall Best: 0.9096 Generation: 20

Generation 27
Average: 0.8913 Best: 0.9046
Best Individual: 
C0 97|158|98|117|29|144|164|108|15|222|233|89|48|181|59|197|94|45|66|142|149|161|75|146|207|195|38|126|76|232|162|184|119|109|12|38|158|120|134|144|194|48|79|126|51|143|65|136|190|92|65|86|138|118|151|33|135|134|37|197|62|188|25|133|213|188|250|105|14|103|62|229|11|62|126|103|111|28|220|235|146|197|144|49|74|71|64|188|5|41|204|81|79|80|18|249|75|97|165|241|104|53|129|108|31|147|231|116|161|84|37|100|86|176|253|244|186|98|236|111|254|229|30|11|212|205|201|210|43|33|107|189|27|37|86|179|20|160|138|154|249|42|218|153|56|69|121|208|71|163|244|16|62|171|107|109|105|244|252|54|19|230|181|77|99|251|235|33|10|89|253|84|145|115|84|43|240|95|193|67|59|118|90|166|84|160|132|152|201|56|168|142|27|231|12|141|135|253|52|191|74|193|39|183|218|180|203|17|94|178|106|215|221|227|2|14|32|254|7|82|125|89|197|213|244|192|114|143|169|94|227|198|217|177|224|171|157|243|79|1|22|156|35|51|122|218|156|58|230|128|210|146|131|89|33|243|
Overall Best: 0.9096 Generation: 20

Generation 28
Average: 0.8906 Best: 0.9058
Best Individual: 
C0 62|89|3|176|175|245|78|177|128|250|81|207|9|74|233|7|231|85|81|194|235|73|64|187|223|254|72|117|50|133|29|4|224|155|102|5|42|168|161|59|20|6|195|145|171|200|228|12|83|189|97|85|46|185|58|33|13|148|73|17|193|46|52|249|39|127|83|168|180|122|159|230|200|105|232|181|134|125|12|78|18|187|31|176|161|71|137|133|230|231|224|154|148|192|193|56|144|75|142|226|243|103|178|129|174|45|67|40|66|220|97|10|121|5|179|63|122|199|65|21|65|189|196|114|77|161|205|21|204|53|205|183|61|72|47|235|122|33|199|226|248|74|31|82|177|124|171|165|169|221|102|128|144|11|158|98|19|183|140|125|117|238|62|203|182|152|23|145|243|197|20|222|158|50|161|86|2|52|12|56|126|3|133|15|49|153|174|242|102|87|225|63|26|146|118|219|85|112|67|239|107|177|113|195|218|180|194|132|248|174|35|121|4|140|158|40|46|233|132|208|246|23|106|101|138|217|93|162|8|214|28|182|229|30|21|83|223|56|96|239|81|16|22|174|149|108|89|104|251|7|164|3|12|184|33|17|
Overall Best: 0.9096 Generation: 20

Generation 29
Average: 0.8922 Best: 0.9096
Best Individual: 
C0 91|63|39|117|91|144|221|27|15|44|137|75|3|181|83|183|94|204|251|114|149|161|132|202|83|90|177|96|228|186|198|187|41|91|195|244|84|240|49|209|120|18|238|238|15|56|208|138|249|70|157|140|61|36|161|110|254|200|24|197|180|145|208|187|141|72|37|23|72|79|43|93|209|84|28|239|33|28|220|235|146|197|144|49|105|71|64|188|5|41|204|81|79|80|18|249|25|97|57|59|104|212|129|108|31|147|231|116|161|84|37|100|86|176|253|244|186|179|236|111|254|229|30|11|212|205|201|210|184|33|107|222|27|37|86|140|112|5|239|226|248|74|31|82|177|103|167|211|184|60|174|102|144|11|110|98|19|183|126|14|117|66|62|203|65|59|23|7|243|107|20|156|158|32|161|160|2|189|12|123|24|3|211|15|196|153|174|242|238|87|226|17|99|54|5|129|206|2|83|192|192|56|219|104|116|220|132|225|33|199|78|142|221|35|234|138|56|82|218|82|146|75|169|112|5|97|172|66|146|48|28|49|106|106|21|73|223|111|82|249|79|175|131|222|149|218|89|69|24|233|23|199|54|235|33|87|
Overall Best: 0.9096 Generation: 20
==================
    Best individual after 30 generations
    computed in 4,336.1610 seconds
    1449 elements out of 1593 correct.
    emerged in generation 20
    with fitness 0.9096
==================

