Starting evolution...

Generation 0
Average: 0.9025 Best: 0.9165
Best Individual: 
C0 216|1|2|235|179|5|6|7|86|9|10|116|66|13|14|246|109|191|64|23|158|165|77|144|24|130|207|27|123|236|30|31|143|61|198|106|20|208|155|234|40|140|42|84|44|45|95|101|243|113|107|51|111|241|132|242|56|200|58|103|239|98|62|63|134|251|178|80|68|69|70|71|28|73|49|26|76|161|203|152|35|193|100|149|205|3|183|181|88|54|175|102|92|168|8|99|185|97|150|46|36|47|91|59|104|255|212|209|108|29|194|233|57|192|19|65|74|117|118|0|120|121|37|249|124|125|126|127|11|129|72|131|204|133|110|135|12|223|138|60|189|141|142|22|33|145|146|147|41|115|139|151|90|122|154|75|156|79|81|231|160|83|253|163|164|21|166|167|93|169|78|171|82|173|174|237|39|177|157|16|180|87|182|85|184|96|186|187|188|176|199|17|128|114|18|238|196|197|34|215|170|201|202|38|89|43|206|112|52|50|210|67|32|213|214|190|53|217|218|219|220|221|222|137|224|225|226|227|228|15|230|159|232|244|119|94|4|136|195|248|240|148|55|48|172|245|229|247|153|25|250|211|252|162|254|105|
Overall Best: 0.9165 Generation: 0

Generation 1
Average: 0.9033 Best: 0.9121
Best Individual: 
C0 0|1|115|237|4|144|180|168|8|21|213|228|146|162|149|42|253|54|221|243|20|197|231|23|189|200|65|130|22|106|226|31|182|33|118|17|59|157|91|39|219|41|78|43|232|240|37|47|48|49|50|51|250|53|89|55|56|57|58|190|60|61|62|123|12|122|75|211|68|151|111|2|72|73|74|107|76|236|46|10|80|156|108|209|248|85|204|87|116|63|126|38|92|79|133|28|96|97|124|99|100|103|252|148|199|230|160|242|82|254|218|158|112|3|114|251|170|117|88|119|163|121|129|193|244|125|147|127|176|94|27|161|192|220|120|135|235|137|138|246|90|210|113|143|70|35|64|24|34|14|150|238|196|153|154|32|101|208|136|98|29|134|201|188|164|181|187|167|7|36|216|171|247|173|174|44|128|177|178|234|202|81|172|66|16|159|186|166|69|6|184|191|145|93|194|195|11|169|198|152|179|142|205|105|52|139|206|207|110|83|141|165|212|132|71|215|67|239|77|227|229|84|222|223|9|225|19|104|86|45|185|203|25|233|175|183|109|224|95|217|214|131|155|15|140|241|13|245|30|249|40|26|102|18|5|255|
Overall Best: 0.9165 Generation: 0

Generation 2
Average: 0.9028 Best: 0.9102
Best Individual: 
C0 52|185|2|247|179|5|6|7|19|9|54|66|83|13|3|80|29|4|177|23|210|149|77|188|35|111|38|27|186|139|37|31|86|61|44|244|20|215|155|234|40|176|97|0|213|50|95|101|243|11|141|84|191|241|134|242|56|17|58|126|45|147|110|184|194|218|120|57|174|127|70|71|160|75|49|26|170|90|102|224|24|193|100|59|157|221|85|78|88|69|22|133|36|82|8|99|138|18|167|190|181|47|91|73|81|255|32|107|33|109|132|116|112|198|122|115|205|117|21|119|178|39|145|103|124|143|79|34|128|72|203|131|226|253|148|216|136|209|48|10|140|94|108|175|252|114|12|98|211|237|166|151|238|129|154|123|156|30|158|201|121|161|199|163|46|55|150|159|76|169|92|171|168|207|68|165|220|251|197|250|42|187|1|183|63|228|87|65|144|189|146|200|60|130|180|195|196|172|113|208|142|182|202|51|14|16|137|96|173|53|118|236|212|135|214|164|245|217|64|219|233|89|222|223|206|225|106|227|15|229|230|231|232|204|153|235|25|104|152|239|240|162|93|125|74|192|246|67|248|249|28|41|43|62|254|105|
Overall Best: 0.9165 Generation: 0

Generation 3
Average: 0.9033 Best: 0.9171
Best Individual: 
C0 249|143|237|236|229|234|92|93|58|41|10|212|12|13|250|15|190|17|18|185|38|108|22|202|117|47|226|141|124|81|30|25|111|4|34|94|90|186|29|39|32|164|42|187|49|52|106|135|131|61|50|51|45|235|254|84|85|87|242|177|210|128|48|119|206|56|127|192|62|65|171|71|80|100|1|162|253|175|209|224|78|59|86|115|179|69|170|137|99|122|107|244|97|101|232|230|150|136|46|214|66|72|36|24|0|33|166|180|112|239|110|243|220|113|201|218|20|19|228|132|149|121|153|123|88|125|21|248|5|129|2|31|63|53|14|139|251|163|147|144|194|191|103|204|169|67|146|138|76|9|238|151|152|89|27|91|199|196|158|43|160|161|75|168|116|165|73|28|133|102|77|213|74|155|193|26|40|68|130|104|44|221|208|183|11|219|83|207|188|203|16|174|252|23|157|148|114|197|198|156|200|205|70|189|96|140|54|6|64|246|37|211|126|118|35|215|216|79|223|98|167|55|222|182|172|8|247|225|195|109|82|159|142|7|184|240|3|241|105|95|173|60|233|217|227|245|57|178|231|181|120|134|145|176|154|255|
Overall Best: 0.9171 Generation: 3

Generation 4
Average: 0.9044 Best: 0.9184
Best Individual: 
C0 177|14|98|116|181|28|133|166|40|9|162|149|93|102|39|183|32|18|209|226|204|83|158|103|250|201|127|130|231|252|69|224|46|33|34|196|107|112|26|235|71|232|42|81|129|30|67|100|88|49|192|137|52|215|2|104|24|145|58|175|68|207|65|44|242|15|238|243|10|186|229|170|56|73|74|253|76|75|106|169|203|244|254|31|165|85|236|11|193|111|97|117|92|172|94|135|222|21|208|99|13|212|171|86|163|48|239|17|122|180|110|5|72|113|63|251|139|136|126|210|123|121|219|45|43|38|36|178|20|194|187|131|108|57|134|230|89|51|148|179|115|141|1|144|218|214|125|101|154|197|176|220|213|47|27|248|78|190|77|146|143|161|221|206|91|138|66|160|25|12|147|185|199|124|228|59|84|80|0|128|168|191|202|255|152|151|237|61|188|19|16|174|234|23|157|184|114|132|198|156|200|205|70|189|96|140|54|6|64|246|37|211|155|118|35|53|216|79|223|50|167|55|22|182|62|8|247|225|195|109|82|159|142|7|249|240|3|241|105|95|173|60|233|217|227|245|41|153|119|120|90|87|150|164|29|4|
Overall Best: 0.9184 Generation: 4

Generation 5
Average: 0.9036 Best: 0.9134
Best Individual: 
C0 177|14|10|116|181|28|133|166|40|9|162|149|93|254|39|183|32|18|129|226|204|83|63|234|250|201|127|130|231|252|69|224|46|33|34|196|107|153|26|235|71|232|42|81|209|30|67|100|88|49|192|137|52|215|2|37|24|145|58|175|68|207|65|144|242|15|238|243|98|186|179|19|56|73|74|253|76|75|106|91|203|244|102|31|165|85|236|11|193|111|97|117|92|172|94|135|222|21|208|99|13|212|171|86|163|48|239|17|122|180|110|5|72|217|158|251|139|136|126|210|123|121|219|45|43|38|36|178|20|194|187|131|108|57|134|230|89|51|148|229|115|141|47|44|218|214|125|101|154|8|176|220|146|1|27|248|78|190|77|213|143|161|221|206|169|138|66|160|25|12|147|185|199|124|228|59|84|80|0|128|168|191|202|255|152|151|237|61|188|170|16|174|103|23|157|184|114|132|198|156|54|205|70|189|96|140|200|6|64|246|104|211|155|118|35|53|216|79|223|50|167|55|22|182|62|197|247|225|195|109|82|159|142|7|233|240|3|241|105|95|173|60|249|113|227|245|41|112|119|120|90|87|150|164|29|4|
Overall Best: 0.9184 Generation: 4

Generation 6
Average: 0.9046 Best: 0.9109
Best Individual: 
C0 69|154|127|40|181|226|46|109|235|102|10|71|5|112|14|30|137|253|75|39|73|36|224|149|44|242|18|34|28|29|209|61|177|229|24|158|238|138|192|68|250|136|170|81|42|183|116|65|100|199|159|90|248|83|252|88|130|58|196|249|49|91|166|164|32|147|122|56|201|22|239|207|67|98|120|41|33|26|106|169|203|244|185|31|165|85|236|11|128|111|97|117|92|172|94|135|222|21|160|66|13|27|12|123|163|48|156|17|145|180|110|4|72|113|63|25|15|74|126|210|86|121|219|213|43|38|215|178|206|194|187|131|108|57|134|230|89|246|148|179|115|141|1|144|218|214|125|101|87|197|176|20|200|47|212|231|78|190|205|55|241|50|99|232|182|139|204|208|233|240|103|254|64|59|228|124|0|129|84|193|168|191|202|255|152|151|237|52|188|19|16|174|234|23|157|184|114|132|198|107|155|77|70|189|96|140|54|6|80|51|37|211|45|118|35|53|216|79|223|161|167|146|133|2|62|8|247|225|195|220|82|76|142|7|175|171|3|143|105|95|173|60|251|243|150|217|221|93|227|186|162|245|104|153|9|119|
Overall Best: 0.9184 Generation: 4

Generation 7
Average: 0.9045 Best: 0.9165
Best Individual: 
C0 81|209|101|141|223|140|219|47|254|171|199|77|12|93|163|120|155|17|166|226|167|92|25|145|196|96|217|229|67|216|211|168|116|113|177|135|121|201|79|97|50|115|9|242|87|172|241|206|202|160|187|11|58|63|34|230|235|247|99|112|10|195|178|110|70|62|18|27|240|190|82|13|175|38|94|151|73|88|21|15|71|32|86|162|105|2|170|137|20|122|224|244|35|54|180|232|150|142|46|214|66|72|234|251|0|33|118|4|59|239|153|243|220|197|8|102|5|19|207|132|130|204|78|14|192|125|213|203|85|129|69|31|30|53|91|236|41|95|233|237|212|191|119|143|144|114|146|249|89|43|238|61|136|189|205|75|64|51|181|231|49|161|154|28|76|194|228|159|253|164|60|147|80|48|193|26|123|68|149|109|44|221|208|57|138|156|83|45|188|248|16|174|252|23|157|148|250|111|227|98|200|84|210|24|133|169|152|184|117|246|37|131|39|165|104|106|55|90|56|179|65|108|124|107|40|225|255|198|100|134|29|1|185|158|139|222|36|176|6|52|128|183|182|42|22|127|173|7|215|245|3|126|218|103|74|186|
Overall Best: 0.9184 Generation: 4

Generation 8
Average: 0.9043 Best: 0.9140
Best Individual: 
C0 146|35|151|13|80|254|213|71|61|204|58|130|171|197|174|161|112|155|194|238|245|33|247|62|209|242|48|78|249|20|74|237|14|187|231|85|25|142|88|32|10|95|195|226|86|34|220|159|215|201|101|0|53|207|108|67|118|47|175|17|60|243|190|224|93|81|135|28|251|11|210|153|120|38|4|70|76|16|99|103|170|214|181|172|94|192|150|122|167|3|180|41|241|54|12|137|193|125|126|160|232|30|5|186|37|102|162|203|240|216|59|217|154|51|233|177|9|228|50|119|63|91|211|223|66|156|147|114|73|21|18|129|92|230|116|49|89|121|117|196|219|136|97|143|144|235|244|2|145|75|7|205|72|166|8|212|98|69|77|132|96|191|115|189|239|105|178|202|46|43|64|110|113|79|140|26|123|68|149|109|152|221|208|57|138|19|83|45|188|248|27|31|252|23|157|148|250|111|227|218|200|84|163|24|133|169|44|184|141|246|82|131|39|165|104|106|55|90|56|179|65|229|124|107|40|225|255|198|100|134|29|1|185|158|139|222|36|176|6|52|128|183|182|42|22|127|173|236|253|206|234|15|87|164|168|199|
Overall Best: 0.9184 Generation: 4

Generation 9
Average: 0.9039 Best: 0.9121
Best Individual: 
C0 177|219|10|188|181|172|165|164|40|9|162|29|161|254|12|183|32|234|156|8|7|136|251|51|250|41|239|84|91|249|5|77|131|195|150|151|229|76|67|235|175|142|42|81|11|30|68|95|221|28|185|223|52|36|102|37|171|192|6|252|49|117|217|65|182|147|122|56|201|22|197|207|227|33|58|45|63|26|106|126|212|244|98|31|189|85|236|62|48|134|97|110|92|243|94|17|141|21|160|66|13|153|24|123|163|128|157|79|145|180|39|228|72|113|47|25|15|74|169|210|253|121|108|213|93|38|215|96|205|194|50|130|54|133|120|230|144|18|148|179|222|115|1|89|218|73|187|101|87|127|176|20|200|43|203|191|78|190|206|99|241|14|211|232|178|139|204|83|233|174|103|90|109|248|57|124|0|129|116|88|168|231|202|255|152|3|237|61|214|170|16|27|64|23|80|184|114|225|198|247|111|59|70|193|149|53|186|143|75|240|104|55|107|118|173|86|226|135|224|166|167|138|105|242|216|132|137|155|159|46|34|238|140|119|146|158|209|196|69|112|100|60|71|246|245|199|82|35|220|19|2|154|208|44|125|4|
Overall Best: 0.9184 Generation: 4

Generation 10
Average: 0.9059 Best: 0.9146
Best Individual: 
C0 240|144|66|109|118|200|68|87|202|111|180|134|143|82|105|209|158|141|36|243|14|33|150|184|145|90|157|217|197|26|74|175|233|229|174|63|107|234|16|191|250|69|156|81|171|148|115|65|153|11|39|254|119|187|103|102|183|15|196|249|62|91|166|188|2|147|76|192|252|210|208|207|67|198|34|41|98|237|106|8|37|244|129|137|165|19|236|6|193|201|4|245|235|108|94|135|178|31|232|95|13|77|181|57|163|48|239|218|51|168|18|70|59|126|146|251|56|3|5|204|123|85|215|43|160|32|101|151|9|58|121|131|199|124|241|194|89|113|29|64|116|46|173|44|17|20|100|110|154|61|176|220|38|10|104|152|78|79|212|80|71|161|22|96|169|138|177|255|25|12|230|186|149|60|24|164|92|84|206|72|247|179|120|182|205|75|159|246|136|45|1|128|225|23|42|227|114|132|112|7|88|54|170|189|155|140|27|167|40|52|93|231|214|224|117|242|219|216|213|73|185|30|122|172|228|211|203|222|35|127|0|28|221|99|83|162|47|139|133|55|21|50|190|86|125|142|226|130|248|49|238|195|253|53|223|97|
Overall Best: 0.9184 Generation: 4

Generation 11
Average: 0.9049 Best: 0.9146
Best Individual: 
C0 24|191|145|190|73|88|6|93|195|59|33|71|122|50|61|135|28|199|160|164|107|34|64|247|90|96|188|54|89|171|237|150|151|133|37|112|152|97|178|229|105|78|41|25|244|236|55|183|123|248|125|245|246|192|27|148|17|65|38|227|120|129|153|0|126|201|194|163|193|69|187|60|185|186|16|85|146|77|200|223|80|4|13|106|204|66|243|213|94|231|32|110|15|181|233|215|238|58|165|102|104|242|250|240|51|119|62|14|169|206|109|249|44|212|86|53|36|134|209|132|130|46|131|103|108|2|214|177|253|142|140|42|121|47|155|70|11|147|30|10|75|225|114|52|211|111|144|228|115|43|166|202|221|189|154|175|156|48|234|251|137|161|232|239|5|49|91|29|116|127|57|101|23|217|174|113|224|167|208|158|207|230|182|218|20|184|74|72|39|222|79|99|117|98|173|198|139|205|76|210|19|255|252|83|149|170|92|118|179|162|235|254|84|168|9|226|197|176|31|159|138|40|100|219|56|143|180|8|82|21|136|3|81|241|203|87|216|26|63|1|67|157|220|18|35|12|128|141|22|95|172|196|7|124|68|45|
Overall Best: 0.9184 Generation: 4

Generation 12
Average: 0.9042 Best: 0.9159
Best Individual: 
C0 44|9|108|113|128|203|205|151|61|212|255|24|57|88|149|247|8|60|118|144|77|214|148|91|42|86|116|129|193|221|166|31|194|252|163|14|13|207|98|22|192|109|5|145|81|18|133|234|37|12|236|55|92|26|112|238|156|200|119|66|177|138|67|48|175|232|100|46|93|69|228|142|250|7|135|184|187|79|123|15|23|10|52|20|209|201|85|126|4|155|76|147|197|36|107|122|0|47|220|167|58|219|11|62|253|180|158|246|106|215|168|150|89|53|96|6|240|222|90|248|183|110|59|134|65|45|2|121|208|186|87|34|132|176|115|78|19|251|105|230|153|41|165|179|181|182|161|38|241|49|33|235|143|164|103|1|224|152|140|120|73|51|95|130|63|32|195|239|174|139|80|72|54|199|210|114|162|223|178|71|172|218|82|211|198|21|190|84|101|225|111|3|124|35|206|233|27|64|243|188|125|171|43|70|154|102|68|244|213|185|29|159|189|229|131|39|169|204|249|226|173|94|237|216|217|127|137|56|160|28|104|99|231|146|97|136|17|30|117|191|75|227|202|157|40|196|245|25|83|50|254|170|242|141|74|16|
Overall Best: 0.9184 Generation: 4

Generation 13
Average: 0.9038 Best: 0.9121
Best Individual: 
C0 145|49|175|235|7|200|70|93|34|215|196|210|94|231|229|177|45|220|238|51|100|38|248|141|191|170|90|228|208|209|74|143|151|224|131|85|102|165|127|117|12|95|157|11|138|3|140|50|2|89|150|149|158|118|132|18|155|26|65|0|60|4|125|163|99|169|84|130|121|225|212|183|133|81|136|92|242|232|176|8|28|193|246|83|58|205|135|219|20|190|91|168|218|153|184|69|253|214|78|221|39|25|202|103|161|72|61|57|112|52|245|55|63|251|164|107|199|139|179|21|146|180|108|59|126|166|160|244|128|230|119|114|187|37|43|56|36|148|73|6|147|13|5|96|53|233|115|129|67|255|162|237|30|98|240|48|188|33|16|46|197|211|195|201|10|97|62|42|19|75|111|41|192|23|79|87|47|223|239|249|247|86|88|24|124|77|207|216|172|198|152|142|213|71|32|101|54|35|243|252|109|171|186|189|64|105|167|122|17|1|14|159|120|27|137|31|123|204|106|226|173|222|15|44|154|185|178|217|80|241|104|234|82|236|66|9|144|206|194|203|156|113|181|22|174|250|40|29|227|182|110|134|76|116|68|254|
Overall Best: 0.9184 Generation: 4

Generation 14
Average: 0.9043 Best: 0.9153
Best Individual: 
C0 240|144|66|80|75|0|68|194|202|163|141|56|227|43|238|255|107|214|36|102|195|52|200|241|161|82|140|152|125|26|19|175|14|59|248|177|146|237|16|1|250|3|35|92|171|205|170|28|153|11|69|254|222|138|90|94|30|135|196|249|204|91|60|188|4|211|112|39|174|210|88|63|67|220|104|32|96|20|106|5|37|62|25|31|189|86|93|108|48|239|226|110|232|113|243|58|251|21|218|209|179|27|242|114|29|9|247|207|180|169|101|128|34|124|54|244|134|129|18|131|120|219|64|229|147|7|137|193|119|252|79|8|87|165|95|236|159|65|6|70|136|111|151|187|41|117|51|10|126|206|198|17|122|162|133|197|33|139|192|143|208|173|225|13|145|190|74|71|23|164|246|85|47|45|24|61|115|57|121|186|78|199|148|15|50|185|172|77|97|127|118|191|183|42|98|156|217|176|157|105|22|109|73|89|213|103|81|212|40|83|178|231|160|224|234|12|76|216|123|167|38|154|149|72|228|116|203|235|182|155|150|215|53|100|184|158|221|168|132|55|46|166|130|245|201|142|2|84|233|49|230|181|253|44|223|99|
Overall Best: 0.9184 Generation: 4

Generation 15
Average: 0.9040 Best: 0.9153
Best Individual: 
C0 139|38|211|84|168|89|165|140|123|25|70|179|112|236|147|234|113|1|183|247|7|162|115|23|88|130|143|133|99|119|137|219|167|172|200|30|185|37|20|95|116|135|42|171|149|229|43|74|177|61|81|76|52|194|5|114|203|145|3|215|69|26|237|155|242|15|17|85|19|41|92|66|254|100|136|198|121|169|106|60|59|79|244|193|196|73|14|142|107|217|53|173|40|28|35|87|243|57|226|80|10|71|210|108|214|231|220|36|153|176|249|97|154|104|158|120|241|32|101|212|144|48|197|16|127|13|175|252|222|186|134|132|47|18|218|230|21|22|188|103|29|125|195|86|151|12|109|201|94|45|166|129|160|83|63|192|156|181|34|191|163|49|78|170|46|213|161|9|124|190|11|102|239|216|248|246|4|111|233|55|227|255|199|206|232|205|82|221|157|245|187|54|90|235|31|228|93|238|209|50|180|164|182|208|184|174|98|150|202|240|223|96|75|6|27|225|68|189|224|204|67|138|24|152|62|77|0|128|64|110|56|117|141|58|146|131|51|126|251|178|65|8|148|39|159|122|118|250|253|105|2|91|33|44|207|72|
Overall Best: 0.9184 Generation: 4

Generation 16
Average: 0.9041 Best: 0.9140
Best Individual: 
C0 127|27|21|123|217|81|6|181|227|101|7|33|122|136|73|12|23|47|160|176|253|171|131|134|120|177|20|198|232|9|74|148|151|149|207|40|169|135|178|237|250|69|156|32|150|28|70|65|153|11|60|184|119|222|110|102|185|15|88|249|186|85|214|166|59|168|68|225|152|76|208|37|67|84|234|118|146|77|98|61|255|108|145|139|104|132|243|199|79|223|218|236|126|191|93|112|242|19|189|159|13|0|164|26|25|235|36|16|254|188|140|117|52|87|246|17|30|45|46|211|206|50|103|57|143|54|42|71|116|83|205|31|106|244|14|165|44|238|179|97|2|147|48|78|157|62|41|209|89|43|86|51|39|121|197|115|229|58|183|38|200|34|24|182|220|172|49|245|124|22|114|130|100|128|192|53|4|1|240|125|196|215|64|66|221|141|239|96|111|158|231|248|56|55|173|219|203|75|241|204|210|129|190|187|174|175|113|193|133|105|92|163|228|99|252|161|202|80|109|29|142|195|213|8|170|10|137|155|233|144|91|107|251|95|5|247|216|162|63|18|226|94|230|154|167|138|72|3|224|212|82|35|194|180|90|201|
Overall Best: 0.9184 Generation: 4

Generation 17
Average: 0.9036 Best: 0.9159
Best Individual: 
C0 166|225|178|172|236|209|244|254|94|191|182|95|123|120|101|81|180|118|61|159|114|136|251|54|122|228|239|38|83|57|202|121|147|111|102|74|127|177|214|176|165|80|156|55|130|30|152|148|248|96|185|66|181|211|247|192|210|227|253|252|4|238|28|93|12|131|11|128|15|208|174|215|129|243|63|45|146|27|3|65|34|237|79|0|132|141|59|193|104|78|135|85|249|18|88|53|16|188|109|231|8|22|7|230|87|17|234|220|124|155|103|138|153|158|164|194|199|203|106|40|140|14|108|213|62|2|68|5|84|144|26|162|240|223|33|216|217|10|56|221|60|97|160|142|112|24|206|163|115|43|52|1|71|189|67|175|197|48|75|76|137|161|195|47|86|49|20|151|116|218|107|21|23|42|198|19|224|167|226|6|207|143|229|89|91|184|154|72|39|173|246|99|117|98|222|235|139|205|145|36|69|255|64|187|149|46|50|70|179|232|170|126|171|190|9|250|241|168|44|233|186|133|25|113|134|90|31|119|219|212|58|245|92|201|13|157|110|105|242|82|35|51|169|200|150|32|196|125|73|37|77|100|41|183|204|29|
Overall Best: 0.9184 Generation: 4

Generation 18
Average: 0.9032 Best: 0.9178
Best Individual: 
C0 25|202|232|218|168|214|208|140|123|126|70|108|112|210|147|234|105|120|37|49|7|162|161|241|170|21|143|2|99|119|90|193|167|172|200|32|185|83|20|24|209|151|186|199|206|229|196|255|111|81|45|76|66|56|5|4|203|34|169|175|69|26|95|158|102|130|17|92|60|41|80|227|46|155|245|23|121|3|127|104|59|211|181|12|43|52|230|235|48|28|160|201|109|243|98|252|159|165|115|61|13|44|236|179|163|84|97|101|145|188|132|51|153|113|47|58|217|180|64|237|224|254|198|231|106|38|215|176|205|42|125|178|54|194|14|219|144|136|8|116|222|135|233|149|50|73|187|107|87|223|177|89|246|35|240|93|244|190|225|10|133|247|79|15|134|248|204|138|30|16|150|166|88|62|57|85|103|197|67|171|182|74|19|86|1|65|146|183|100|22|55|27|129|249|131|184|152|238|0|154|124|164|117|213|191|174|94|226|228|216|53|173|75|6|40|212|68|189|239|31|156|9|96|114|63|242|192|128|78|110|142|137|141|36|195|11|139|29|251|220|221|91|148|39|18|122|118|250|253|157|77|82|33|71|207|72|
Overall Best: 0.9184 Generation: 4

Generation 19
Average: 0.9040 Best: 0.9134
Best Individual: 
C0 166|225|81|172|40|209|248|254|181|67|111|95|75|223|4|216|150|178|61|193|234|126|101|127|255|139|233|30|238|227|118|158|109|103|56|24|105|217|87|35|171|54|11|63|149|167|88|121|182|51|34|136|94|201|123|99|165|43|253|252|251|80|70|71|12|131|42|46|15|204|174|215|129|74|55|45|114|208|145|66|185|120|79|241|97|221|59|226|104|28|135|138|86|116|1|53|16|188|147|191|244|22|7|159|47|17|176|220|124|154|192|10|153|52|177|194|212|85|69|232|247|14|26|8|62|2|25|5|164|144|230|115|157|38|134|82|76|93|141|151|60|108|160|142|112|218|0|240|162|189|236|186|125|13|78|175|197|72|48|84|18|161|57|202|146|49|113|239|170|89|107|237|23|156|211|19|117|198|90|155|207|143|213|243|91|184|83|249|39|173|206|122|224|132|246|21|205|163|3|36|169|250|50|196|130|128|64|199|179|195|235|65|210|190|9|6|96|168|29|148|228|229|68|20|102|231|31|119|219|137|58|41|92|152|33|98|110|133|242|214|106|222|27|200|183|32|187|37|73|180|77|100|245|44|140|203|
Overall Best: 0.9184 Generation: 4

Generation 20
Average: 0.9035 Best: 0.9121
Best Individual: 
C0 95|73|55|180|53|236|38|249|102|18|0|183|177|169|45|71|194|116|90|8|153|117|124|21|137|87|173|198|213|9|74|148|250|82|59|118|65|135|6|61|159|69|63|42|149|54|133|113|100|127|164|76|52|215|5|114|203|228|155|255|186|110|214|34|83|168|86|223|125|4|84|187|67|121|238|43|146|77|199|109|211|40|48|139|104|191|50|98|56|79|141|108|126|176|22|41|26|122|151|242|27|128|7|252|209|244|46|150|182|72|145|78|181|119|138|251|19|247|147|189|229|85|91|31|160|92|101|12|245|47|2|70|11|62|57|44|237|172|29|97|88|178|208|115|212|193|234|68|225|166|192|136|207|131|152|51|96|240|243|140|205|81|216|188|175|174|112|179|103|28|206|227|99|239|248|30|64|201|162|23|36|246|210|15|13|16|233|37|111|132|204|190|185|195|170|32|218|39|171|165|93|202|197|80|158|94|154|60|1|25|89|120|167|134|105|17|3|58|144|163|33|217|241|224|230|20|75|254|143|200|196|35|10|226|161|123|232|66|231|253|220|14|219|49|107|130|142|222|157|106|221|129|235|24|184|156|
Overall Best: 0.9184 Generation: 4

Generation 21
Average: 0.9025 Best: 0.9127
Best Individual: 
C0 177|251|195|159|76|244|95|147|152|112|162|114|221|132|75|250|71|78|83|8|122|222|102|186|3|22|53|31|13|63|208|40|143|137|19|73|185|156|249|238|126|80|66|164|94|205|116|138|194|51|90|154|92|14|9|121|60|239|64|153|128|245|233|210|136|62|25|79|85|119|167|124|29|179|34|89|10|28|93|41|24|229|145|0|69|191|211|140|48|58|141|113|37|105|163|252|23|192|12|61|197|213|21|109|111|84|189|212|96|219|165|180|108|201|97|220|161|235|209|198|88|117|15|193|106|38|33|176|44|42|50|178|54|248|11|99|144|20|103|91|72|6|169|149|173|227|187|1|87|55|254|5|216|35|240|242|253|36|230|127|2|45|101|236|218|46|215|246|206|100|150|166|81|7|107|223|160|255|67|171|182|74|77|86|139|65|146|183|224|125|104|247|129|207|131|184|115|30|39|181|217|172|16|32|158|110|133|142|231|27|168|4|237|155|57|130|175|118|228|98|59|135|243|200|43|174|204|232|151|68|26|123|225|199|52|214|148|157|47|196|203|202|188|170|234|18|17|134|56|82|226|70|49|190|120|241|
Overall Best: 0.9184 Generation: 4

Generation 22
Average: 0.9021 Best: 0.9096
Best Individual: 
C0 250|76|120|51|78|210|90|105|22|60|159|214|208|222|147|49|114|122|3|8|195|9|162|83|177|14|75|152|62|73|95|173|29|80|249|156|185|13|24|112|238|154|204|251|92|128|102|94|126|241|19|221|143|25|175|63|138|100|71|40|36|116|66|244|165|85|190|239|245|119|167|124|121|179|228|89|10|28|93|41|194|229|145|0|69|133|136|140|48|58|141|113|37|178|163|252|23|192|193|61|197|213|21|109|111|84|104|212|96|219|30|180|108|201|97|220|161|64|209|198|88|117|17|12|106|38|33|176|44|42|50|205|54|248|11|99|144|20|103|91|72|6|169|149|43|227|187|1|87|55|254|5|216|35|240|242|253|53|230|127|2|45|101|236|218|98|215|246|206|164|183|166|81|7|107|223|160|255|67|171|110|74|77|86|139|65|146|150|224|125|189|59|129|207|131|184|115|211|39|181|217|172|16|32|158|182|191|142|231|27|168|4|237|155|57|130|79|118|34|46|247|135|243|200|186|174|233|232|151|68|26|123|225|199|52|132|148|157|47|196|203|202|188|170|234|18|15|134|56|82|226|70|235|137|153|31|
Overall Best: 0.9184 Generation: 4

Generation 23
Average: 0.9029 Best: 0.9109
Best Individual: 
C0 95|148|55|180|218|144|157|202|196|137|207|177|152|253|128|229|154|220|193|8|153|233|0|227|125|172|67|198|245|53|224|23|232|82|59|171|65|135|236|217|169|69|29|178|149|71|221|250|116|140|15|76|105|215|223|88|188|228|74|36|38|42|162|189|249|199|190|32|201|136|63|255|102|94|225|99|146|77|155|254|170|90|186|139|104|174|158|195|13|79|87|108|126|213|22|41|200|122|160|246|27|45|242|252|78|60|46|150|182|165|147|96|181|51|26|251|101|243|167|34|54|85|120|93|21|164|19|62|16|58|2|133|11|33|57|44|18|30|237|191|240|84|35|48|47|173|66|179|56|61|192|130|81|214|141|175|123|168|9|75|187|156|4|124|28|97|119|107|25|12|238|10|143|138|208|103|1|241|206|73|185|205|40|112|3|219|117|121|37|52|184|230|100|226|43|163|115|161|118|210|235|129|239|166|50|248|247|6|64|209|5|204|111|114|203|17|72|176|110|98|80|86|92|49|127|91|145|83|68|197|39|109|113|14|234|183|194|131|134|231|20|89|151|7|211|216|142|222|159|106|132|70|31|24|244|212|
Overall Best: 0.9184 Generation: 4

Generation 24
Average: 0.9032 Best: 0.9102
Best Individual: 
C0 61|76|194|81|159|50|132|105|125|181|47|214|19|240|119|144|27|110|3|243|52|20|220|83|186|126|218|58|30|67|93|41|88|34|91|215|229|230|211|112|11|245|7|251|136|195|54|62|122|202|28|130|26|70|123|80|171|137|156|208|190|32|12|200|249|180|94|236|170|175|13|185|174|197|40|25|108|145|45|196|120|148|165|221|38|199|228|153|147|143|1|176|99|82|167|10|135|36|39|5|2|237|182|4|163|254|183|161|193|172|85|96|238|84|227|231|207|179|64|104|157|235|6|131|106|232|169|53|205|216|210|178|109|14|219|124|166|9|203|74|222|66|233|164|160|73|226|107|95|224|168|89|75|127|158|77|244|68|24|188|134|247|57|42|8|248|212|86|49|140|79|139|55|204|206|92|103|33|177|63|98|150|43|138|149|191|253|35|250|60|155|118|129|59|225|184|246|87|18|113|162|154|117|213|21|65|23|0|239|37|173|78|51|198|141|17|133|189|102|31|115|142|241|152|72|242|192|128|56|111|201|146|97|121|69|90|223|29|217|22|71|46|187|255|151|114|15|209|116|44|16|48|101|100|252|234|
Overall Best: 0.9184 Generation: 4

Generation 25
Average: 0.9040 Best: 0.9153
Best Individual: 
C0 15|141|170|53|172|128|5|248|152|14|113|114|135|192|32|28|187|124|205|8|38|10|251|186|34|148|108|121|165|125|11|65|242|97|122|191|176|19|151|150|246|80|0|164|47|2|207|188|13|235|120|154|92|227|200|127|143|12|198|167|111|222|233|126|26|168|212|159|181|133|29|109|208|160|193|89|239|102|123|74|23|254|31|62|69|33|9|225|67|161|41|78|76|243|66|83|163|59|3|130|48|42|224|194|94|45|79|136|157|174|132|60|85|195|202|144|236|22|64|16|98|142|228|201|112|52|215|244|178|61|50|221|145|252|219|155|27|81|1|73|44|6|229|149|220|91|146|234|182|104|210|51|49|35|190|240|75|238|230|70|90|71|101|217|218|138|197|216|30|100|36|166|171|250|226|223|237|169|249|173|87|214|179|86|84|96|183|95|137|54|129|63|7|213|255|21|184|206|139|116|211|162|46|253|158|43|25|117|231|68|209|4|72|24|57|131|119|175|177|88|204|180|156|93|241|203|199|105|39|99|189|147|140|55|153|115|40|37|77|196|58|56|82|103|245|107|247|134|20|185|18|118|106|110|17|232|
Overall Best: 0.9184 Generation: 4

Generation 26
Average: 0.9034 Best: 0.9165
Best Individual: 
C0 3|216|210|166|195|208|196|68|32|48|27|2|135|104|0|134|193|147|119|88|50|74|152|116|174|23|131|177|80|188|55|250|209|98|200|240|129|192|128|176|61|170|81|121|168|139|146|76|178|201|110|141|115|143|211|206|34|122|46|84|4|117|114|97|54|145|63|52|101|187|10|75|164|30|16|225|92|105|51|220|79|224|29|232|171|83|236|255|108|182|73|235|65|109|56|69|71|36|102|24|233|158|5|26|53|82|126|87|157|238|198|106|140|185|172|95|252|100|64|19|197|165|228|118|14|169|215|99|18|149|107|11|47|9|8|163|144|253|167|180|40|6|103|245|13|156|184|89|125|150|222|45|127|130|41|35|62|124|148|25|244|254|57|205|239|43|28|86|33|78|242|123|221|70|42|179|199|112|90|194|77|160|246|67|49|153|231|72|189|227|66|218|186|203|162|39|237|44|173|17|223|217|137|7|96|243|241|183|21|151|91|161|251|226|212|37|248|58|38|142|219|113|85|94|154|93|136|234|120|111|31|213|207|159|59|204|191|181|60|175|138|229|20|247|15|1|22|202|155|133|190|249|132|230|214|12|
Overall Best: 0.9184 Generation: 4

Generation 27
Average: 0.9044 Best: 0.9171
Best Individual: 
C0 53|67|156|131|126|80|234|171|35|86|84|179|239|72|136|216|170|68|223|105|193|205|147|64|250|162|219|58|163|23|183|111|88|34|18|215|229|54|182|112|6|245|7|149|214|90|248|33|59|190|98|81|125|57|128|164|202|107|22|161|8|43|83|254|108|119|180|20|38|120|189|76|150|85|191|213|129|224|253|46|15|210|237|199|97|36|247|240|113|140|160|201|230|14|94|114|103|42|145|188|101|175|78|96|1|155|192|173|251|124|203|13|151|74|158|235|60|49|195|10|252|11|196|70|231|146|181|66|92|227|246|89|200|51|82|139|144|118|152|159|222|218|209|47|2|12|26|177|153|141|242|178|238|56|91|93|244|4|63|61|176|41|243|236|116|249|102|138|50|5|208|166|77|168|212|154|121|167|143|115|87|184|110|204|142|134|44|211|45|32|17|27|62|30|220|73|169|137|24|228|186|52|25|130|106|29|16|37|207|187|148|65|217|123|55|194|0|104|71|48|95|127|132|99|185|226|206|79|3|31|117|255|225|39|221|122|40|133|69|28|174|233|198|165|197|21|172|135|19|232|100|75|157|109|9|241|
Overall Best: 0.9184 Generation: 4

Generation 28
Average: 0.9040 Best: 0.9140
Best Individual: 
C0 53|250|183|146|212|80|59|171|113|112|181|38|239|64|136|210|172|223|209|193|95|10|225|219|23|163|203|75|127|235|7|34|251|41|85|40|229|129|206|197|18|247|220|198|227|0|115|33|90|190|111|196|54|218|128|141|103|255|22|161|37|51|83|254|11|106|55|20|72|120|135|230|150|91|124|5|67|176|126|165|15|89|237|199|97|170|248|216|168|134|160|201|123|243|6|13|101|249|245|84|202|175|78|96|14|107|195|100|94|191|152|114|151|131|167|58|98|49|240|42|60|188|81|122|104|105|74|66|61|119|9|166|71|116|200|62|144|30|213|4|222|148|16|153|133|108|117|180|45|234|155|192|238|8|102|93|244|48|140|25|208|252|1|236|207|99|79|184|50|215|173|178|2|139|162|154|121|156|143|157|87|138|27|186|142|147|44|46|149|32|221|86|35|19|246|73|169|233|47|232|217|137|43|28|92|29|226|185|228|187|118|159|88|82|174|194|125|231|242|65|77|189|57|164|56|224|211|17|205|31|26|76|63|182|12|158|132|214|69|70|204|177|24|3|110|21|36|253|179|52|145|130|68|109|39|241|
Overall Best: 0.9184 Generation: 4

Generation 29
Average: 0.9027 Best: 0.9140
Best Individual: 
C0 15|64|99|22|92|128|58|220|156|254|225|90|189|224|180|95|113|4|46|8|105|208|155|203|34|207|125|89|88|153|210|145|163|120|146|234|74|214|199|131|126|114|241|193|83|67|250|239|242|3|158|94|76|18|177|111|229|160|219|166|107|104|222|45|255|191|175|228|196|182|211|36|49|63|78|252|42|173|80|7|57|109|245|162|141|24|134|136|161|103|240|54|106|17|20|59|121|253|43|130|75|115|223|84|100|170|14|33|73|184|171|13|151|81|190|235|41|176|195|65|150|82|237|122|179|212|28|101|60|47|9|96|86|123|188|62|144|30|132|127|72|148|16|97|200|108|117|143|5|85|19|192|238|56|102|93|164|48|21|137|209|217|1|236|147|249|79|138|183|140|154|178|133|139|218|66|70|50|116|118|246|124|167|38|244|232|44|159|149|32|221|27|35|157|87|12|169|233|119|52|61|25|51|2|248|29|226|185|205|187|247|112|204|168|55|194|0|231|243|129|77|11|68|165|37|6|206|91|23|31|26|98|201|39|186|251|40|227|69|197|174|181|198|10|71|213|172|135|142|53|152|230|202|110|215|216|
Overall Best: 0.9184 Generation: 4
==================
    Best individual after 30 generations
    computed in 5,336.0100 seconds
    1463 elements out of 1593 correct.
    emerged in generation 4
    with fitness 0.9184
==================

