Starting evolution...

Generation 0
Average: 0.5310 Best: 0.6635
Best Individual: 
C0 190|9|76|156|49|188|13|46|144|43|132|4|31|103|107|232|18|117|137|89|139|43|215|122|111|58|123|248|39|58|111|65|80|121|193|155|115|246|235|23|153|42|187|144|153|65|168|240|118|253|55|82|251|163|80|232|9|84|215|117|181|193|37|103|126|77|253|63|58|160|245|66|99|56|225|96|172|153|25|4|113|203|220|151|190|7|26|180|62|229|43|81|27|12|229|211|121|190|141|115|175|6|156|95|167|196|158|229|99|118|95|20|129|162|201|162|5|134|195|68|115|22|38|68|118|112|183|241|210|142|179|96|116|106|2|13|206|212|176|50|117|221|177|252|56|30|16|91|119|11|37|214|149|83|66|186|194|104|119|229|45|110|211|164|248|84|128|118|241|51|160|249|240|235|178|238|135|169|139|241|49|28|139|187|186|33|17|129|28|72|84|153|46|153|18|197|19|22|116|48|26|225|174|217|34|43|143|29|82|202|33|239|247|8|39|212|252|44|209|165|71|58|141|7|171|186|52|232|213|150|75|89|189|204|14|219|185|51|85|172|61|153|66|145|176|81|179|82|158|154|70|158|124|118|105|200|
Overall Best: 0.6635 Generation: 0

Generation 1
Average: 0.5523 Best: 0.6635
Best Individual: 
C0 190|9|76|156|49|188|13|46|144|43|132|4|31|103|107|232|18|117|137|89|139|43|215|122|111|58|123|248|39|58|111|65|80|121|193|155|115|246|235|23|153|42|187|144|153|65|168|240|118|253|55|82|251|163|80|232|9|84|215|117|181|193|37|103|126|7|253|63|58|160|245|66|99|56|225|96|172|153|25|4|113|173|220|151|190|7|26|180|62|229|43|81|27|11|229|211|121|190|141|115|175|6|156|95|237|196|158|229|99|118|95|20|129|162|201|162|5|134|195|68|115|22|38|68|176|112|183|241|210|142|179|21|116|106|2|13|206|212|176|50|117|221|177|252|56|48|16|91|119|11|37|214|149|83|66|186|194|202|119|229|45|110|211|164|248|84|186|118|241|51|127|249|240|235|178|238|135|51|139|241|49|28|139|187|186|33|17|6|28|72|84|153|46|153|18|197|19|22|116|48|26|225|174|217|58|43|143|29|82|202|33|30|247|8|39|212|252|244|209|165|48|58|141|111|171|186|39|232|213|150|75|89|189|204|14|219|185|51|85|165|61|153|66|145|176|81|179|4|158|154|70|158|124|118|105|200|
Overall Best: 0.6635 Generation: 0

Generation 2
Average: 0.5707 Best: 0.6798
Best Individual: 
C0 190|9|76|156|49|188|13|46|144|78|132|4|31|103|107|232|18|117|137|89|139|43|168|122|111|58|123|248|39|58|111|65|80|251|193|155|115|91|235|241|153|42|187|144|153|65|168|240|115|253|55|82|229|163|80|228|15|89|38|12|138|81|68|218|224|198|79|224|81|76|191|214|119|107|98|33|20|182|102|144|229|248|227|178|119|230|247|54|112|255|66|209|92|201|64|188|174|24|224|209|73|223|132|130|142|26|221|148|237|48|238|127|214|86|44|82|56|202|94|234|154|145|146|244|201|58|76|95|246|19|149|92|24|149|188|232|212|195|54|0|157|251|96|152|229|205|34|18|127|193|59|155|155|208|218|8|144|72|188|186|216|159|139|151|199|131|88|94|19|199|64|17|168|157|168|243|66|71|184|60|99|27|147|29|241|33|17|6|28|72|84|153|46|153|18|240|19|238|116|48|83|225|174|217|58|43|143|29|82|202|33|28|247|8|186|212|252|244|209|165|48|130|141|111|171|186|39|232|213|243|219|89|189|204|14|219|185|51|85|165|181|153|66|145|176|81|179|4|158|154|70|96|124|118|105|200|
Overall Best: 0.6798 Generation: 2

Generation 3
Average: 0.5730 Best: 0.6673
Best Individual: 
C0 190|6|76|156|49|188|13|46|144|43|132|4|218|103|107|232|18|117|133|89|139|43|215|122|111|58|123|51|240|58|111|65|80|121|193|155|115|89|106|174|231|109|221|28|82|138|67|231|123|213|161|199|3|55|89|150|102|2|133|44|57|211|6|118|117|47|57|73|191|23|29|14|25|241|95|198|195|7|220|38|17|144|175|202|245|7|73|155|66|138|59|195|63|77|103|31|196|94|187|103|173|178|69|104|250|198|158|253|34|27|74|75|234|189|157|118|196|81|35|17|103|200|146|208|154|62|178|241|210|142|179|96|91|106|2|13|103|212|176|50|170|86|177|252|56|107|16|222|119|11|37|214|149|83|132|37|194|104|119|121|165|110|211|164|248|202|181|118|241|51|160|249|240|235|178|34|135|169|139|241|53|28|38|187|186|33|17|129|28|72|84|153|46|153|18|197|19|22|48|123|66|225|174|217|34|43|143|252|82|202|33|239|150|8|39|182|252|250|209|165|71|58|141|7|171|186|52|238|213|150|75|198|189|204|198|219|185|51|85|172|111|153|201|145|176|81|179|82|142|154|222|158|114|118|105|253|
Overall Best: 0.6798 Generation: 2

Generation 4
Average: 0.5882 Best: 0.6660
Best Individual: 
C0 190|6|18|156|49|188|13|46|144|43|190|4|51|248|177|8|22|20|125|0|48|224|137|73|48|238|62|168|167|61|66|110|221|165|206|66|44|138|51|39|0|241|105|8|107|121|192|231|199|213|238|199|3|55|89|150|102|43|133|42|57|211|53|118|117|47|57|73|167|23|121|14|33|241|95|198|11|7|220|38|17|144|175|202|245|7|73|172|132|56|181|195|63|164|103|31|16|94|187|103|173|127|69|104|250|173|158|253|34|121|74|75|39|151|157|118|196|81|35|17|103|200|146|56|154|62|178|154|210|142|46|96|91|164|196|92|103|212|176|50|227|221|177|252|56|107|210|91|63|11|37|214|149|83|132|37|96|104|119|121|189|189|211|164|145|202|181|118|241|51|160|249|240|235|178|238|135|169|139|241|53|28|38|187|186|33|152|129|28|72|84|58|46|153|20|197|19|22|116|123|66|225|174|205|34|43|143|252|82|202|33|236|245|8|39|182|225|192|50|165|71|58|141|7|171|41|52|158|213|150|75|198|89|204|198|219|33|51|85|172|8|153|201|145|162|81|179|82|142|154|222|158|114|118|105|200|
Overall Best: 0.6798 Generation: 2

Generation 5
Average: 0.5965 Best: 0.6930
Best Individual: 
C0 190|9|166|156|49|188|13|161|144|78|132|29|31|103|107|232|18|117|22|89|139|43|4|75|187|58|143|248|103|58|111|65|80|251|193|155|115|91|235|241|128|42|187|131|142|65|131|240|12|128|55|82|251|163|80|232|186|111|215|117|181|193|37|16|126|47|113|63|58|204|186|239|99|56|225|96|172|153|25|4|113|173|220|151|190|7|26|180|62|229|43|240|27|11|229|211|59|190|217|88|175|222|156|95|237|155|158|187|32|198|95|20|129|162|201|162|5|18|159|62|148|22|38|68|176|249|183|146|61|142|179|21|159|209|2|187|206|212|185|89|247|203|213|72|253|42|206|111|143|80|4|223|167|214|116|33|162|19|31|93|19|175|49|66|84|68|26|137|111|245|185|26|146|232|3|84|54|29|187|225|190|46|103|191|177|91|118|159|167|31|159|195|115|62|173|85|122|38|178|105|190|166|196|105|235|198|45|209|70|13|87|103|234|139|73|133|68|19|220|162|218|244|194|157|53|30|132|111|79|231|173|14|208|243|94|188|134|96|32|152|225|29|5|168|24|174|172|176|150|18|141|46|104|124|105|200|
Overall Best: 0.6930 Generation: 5

Generation 6
Average: 0.6039 Best: 0.6930
Best Individual: 
C0 190|9|166|156|49|188|13|161|144|78|132|29|31|103|107|232|18|117|22|89|139|43|4|75|221|58|143|248|103|58|111|65|142|251|186|191|198|91|235|241|128|17|187|131|142|65|131|240|12|128|55|82|251|163|80|232|186|111|215|117|97|193|37|16|126|194|241|63|58|204|186|239|99|56|225|96|172|110|25|4|113|173|220|151|190|7|26|98|62|229|43|240|27|11|229|211|246|190|217|88|175|222|156|4|237|155|158|187|32|198|95|20|100|162|201|162|5|18|209|62|126|22|38|68|176|249|183|146|61|142|179|21|159|209|2|187|206|212|185|89|247|203|213|72|253|42|206|145|143|80|4|223|167|214|116|33|162|19|31|93|19|175|49|66|84|252|26|137|111|245|185|26|146|29|3|84|54|29|187|225|190|46|34|191|177|91|118|159|167|32|159|195|115|78|173|85|122|38|178|105|190|166|196|105|235|198|45|209|70|13|87|103|234|139|73|55|68|19|220|162|218|244|194|157|53|30|132|111|79|231|173|14|139|243|94|188|134|96|32|152|225|131|90|168|24|174|172|176|189|18|9|46|104|124|105|200|
Overall Best: 0.6930 Generation: 5

Generation 7
Average: 0.6049 Best: 0.6667
Best Individual: 
C0 190|11|166|156|49|188|13|161|144|78|132|29|31|103|107|148|18|117|22|89|139|43|4|75|221|58|143|63|103|58|233|65|142|251|186|191|45|91|235|241|128|17|187|131|142|65|131|240|12|128|55|176|251|163|80|232|186|111|215|117|97|193|37|16|126|194|221|63|6|204|186|239|99|56|225|106|172|110|25|4|113|173|220|59|190|7|141|98|62|229|52|240|136|45|229|211|246|19|217|88|175|222|156|4|237|155|201|187|32|198|95|20|100|162|201|216|5|18|209|62|227|22|38|68|176|249|183|146|61|142|179|21|159|209|2|187|206|212|185|89|247|203|213|72|253|42|206|145|143|80|4|223|167|214|116|33|162|19|31|93|19|175|49|66|84|252|26|137|111|245|185|26|146|141|180|84|18|29|187|225|190|46|52|191|177|91|118|159|167|32|159|195|115|149|173|53|122|38|178|105|190|166|3|105|235|198|45|209|70|13|87|238|234|139|73|55|24|19|220|162|218|244|194|157|53|30|132|111|79|231|98|14|139|243|94|188|134|96|32|152|225|131|90|168|24|94|172|176|189|18|9|46|104|124|105|200|
Overall Best: 0.6930 Generation: 5

Generation 8
Average: 0.6021 Best: 0.6610
Best Individual: 
C0 190|17|76|141|49|188|13|46|144|43|75|5|148|103|107|109|13|69|133|84|171|43|121|114|69|58|61|16|240|58|111|119|80|42|44|66|44|121|51|45|211|76|47|89|107|59|133|231|199|213|45|4|3|125|89|150|77|43|133|42|57|211|182|43|117|27|57|79|159|23|121|14|128|241|95|198|11|119|220|38|7|52|175|202|96|227|73|172|132|160|204|125|63|164|139|31|16|94|111|103|173|127|165|73|250|165|76|253|34|121|211|75|39|151|157|118|196|214|155|101|67|200|161|56|154|62|178|154|210|71|46|96|56|164|196|243|231|131|176|50|227|221|230|252|177|107|20|91|63|11|37|30|149|10|203|232|8|10|119|1|165|110|211|164|224|29|100|117|188|104|12|90|15|46|99|119|18|226|155|79|95|65|182|41|20|195|166|106|196|179|110|11|41|189|109|6|108|218|153|70|216|111|31|159|160|25|114|40|140|71|217|43|39|200|45|169|193|106|230|0|226|241|225|206|180|13|74|153|98|139|167|41|38|185|223|179|37|69|227|104|120|228|148|38|12|245|241|107|159|224|85|237|135|114|105|200|
Overall Best: 0.6930 Generation: 5

Generation 9
Average: 0.6093 Best: 0.6755
Best Individual: 
C0 177|183|158|181|188|234|128|156|232|15|46|94|115|248|10|8|32|197|178|141|176|136|117|37|214|115|229|124|167|83|120|110|169|6|197|12|44|252|51|2|27|231|105|121|233|34|119|204|52|216|153|82|76|80|152|180|134|123|152|119|121|109|155|252|248|214|11|22|181|149|219|155|74|25|244|162|134|193|39|182|124|73|249|11|242|213|92|138|247|173|225|216|0|33|198|92|206|112|70|222|135|74|7|222|164|80|134|10|59|42|18|210|52|185|251|70|253|6|78|223|193|116|26|147|81|62|32|15|77|173|246|23|95|188|30|53|172|148|119|156|251|216|120|40|56|102|44|98|119|11|103|214|26|247|132|37|96|104|119|241|7|75|211|164|145|139|181|118|241|51|160|249|240|235|173|238|223|40|139|241|53|237|38|187|186|151|152|7|92|72|84|30|46|153|20|197|109|22|172|85|66|225|174|67|219|43|143|252|82|14|33|236|69|8|15|175|128|14|237|165|41|58|23|7|67|202|17|58|234|108|4|8|217|89|23|229|170|58|152|95|8|153|201|145|152|81|179|82|142|154|176|158|114|193|28|165|
Overall Best: 0.6930 Generation: 5

Generation 10
Average: 0.6076 Best: 0.6780
Best Individual: 
C0 61|62|20|158|49|188|220|106|144|43|190|4|33|248|177|8|110|126|60|250|20|100|91|36|218|167|69|200|242|210|117|3|35|199|81|82|75|195|107|125|49|106|221|104|95|238|165|231|199|213|104|19|81|237|89|150|26|46|177|42|194|211|106|118|117|47|57|73|42|23|223|7|199|241|192|198|142|7|220|96|17|144|175|202|49|7|73|240|138|56|181|195|63|164|230|31|16|136|187|110|124|155|80|95|185|72|136|155|65|203|139|101|136|229|16|94|74|99|215|26|211|143|15|16|40|203|228|149|26|142|178|230|79|106|30|66|103|251|176|9|119|255|129|252|103|183|16|222|119|239|37|214|173|35|60|240|224|52|221|181|128|26|178|18|251|189|185|118|241|72|160|167|139|235|178|238|220|169|249|241|53|28|38|252|186|165|152|192|28|148|228|157|123|147|219|178|248|31|14|168|200|3|34|202|252|198|143|98|210|152|118|156|20|221|187|150|78|239|120|78|113|128|69|75|10|134|235|138|87|89|238|167|10|236|34|86|217|104|114|17|239|199|87|68|84|36|188|99|53|197|133|21|5|159|28|27|
Overall Best: 0.6930 Generation: 5

Generation 11
Average: 0.6082 Best: 0.6604
Best Individual: 
C0 190|54|76|37|49|145|220|106|144|43|190|4|33|189|177|8|110|126|60|250|20|100|91|36|218|167|69|200|71|210|117|3|35|199|81|82|75|195|107|125|49|106|221|227|95|238|165|231|199|213|104|19|81|237|89|150|26|46|177|42|194|211|106|101|117|47|57|73|42|23|223|7|199|241|192|198|19|7|220|96|17|144|175|202|49|7|52|240|138|131|181|195|63|164|230|31|16|136|187|110|124|155|80|95|185|72|136|155|65|203|139|101|136|229|16|94|195|99|215|26|211|143|15|16|40|203|228|149|26|142|178|96|71|238|141|42|103|212|203|127|225|251|96|152|7|205|34|114|222|193|173|0|25|83|132|37|194|104|119|53|179|110|211|224|248|202|181|250|129|96|121|154|240|56|132|172|135|48|24|167|81|239|106|55|225|125|233|2|49|62|140|153|46|76|158|190|236|20|35|69|215|160|62|1|188|169|118|232|64|141|58|138|84|163|171|151|32|86|227|106|252|225|133|132|7|202|108|162|41|108|174|86|141|89|23|229|170|247|244|123|8|134|201|35|152|81|179|82|74|154|222|96|114|118|115|253|
Overall Best: 0.6930 Generation: 5

Generation 12
Average: 0.6102 Best: 0.6736
Best Individual: 
C0 190|168|166|156|49|188|209|161|144|15|46|94|115|248|10|8|10|197|178|141|176|156|117|37|68|105|229|124|167|83|251|110|169|126|235|12|44|252|51|2|27|231|105|121|233|121|208|204|17|216|172|46|203|194|129|44|186|111|84|90|181|193|37|16|126|47|113|142|164|204|90|239|215|56|110|96|1|151|25|4|59|16|249|11|242|143|1|138|247|229|199|216|68|33|198|227|206|112|73|222|135|196|165|38|164|80|134|130|59|42|18|144|52|71|8|101|253|6|78|140|193|116|26|147|81|62|31|15|77|173|196|23|164|59|30|211|172|212|185|89|247|154|213|72|253|42|206|145|143|80|116|75|183|120|217|33|162|152|198|52|19|175|86|244|201|252|121|169|111|245|185|26|146|44|180|28|18|29|187|225|233|46|154|109|36|101|118|159|243|32|159|195|122|149|173|169|174|38|237|105|139|166|3|105|235|228|143|209|70|13|34|238|129|233|80|202|24|172|220|162|218|71|194|157|53|30|132|217|219|48|98|254|139|243|94|188|134|160|244|46|225|131|90|168|24|94|172|218|189|18|145|114|104|125|106|50|
Overall Best: 0.6930 Generation: 5

Generation 13
Average: 0.6093 Best: 0.6736
Best Individual: 
C0 190|168|166|156|49|188|209|161|144|15|46|94|115|248|10|8|10|197|178|164|176|39|117|37|208|226|229|124|167|83|251|119|169|126|235|12|44|252|51|2|27|231|105|121|233|164|208|204|17|216|172|46|124|194|129|44|186|111|84|90|181|125|37|16|126|47|113|142|164|204|90|239|215|56|110|96|1|126|25|4|59|75|249|11|242|143|1|230|247|229|118|216|220|33|133|227|206|112|73|222|135|196|165|38|164|80|134|130|59|42|157|144|52|71|8|205|253|6|78|140|193|116|26|147|81|62|31|15|77|173|196|23|182|59|30|211|148|180|185|89|247|154|213|72|253|42|206|145|143|80|50|75|183|120|217|33|162|152|198|52|19|175|86|244|201|247|121|169|233|245|10|26|146|44|180|28|18|47|187|225|233|46|154|109|36|101|118|159|243|32|159|195|122|149|173|169|174|38|237|105|139|166|3|105|235|33|143|209|70|13|34|238|129|233|80|202|24|172|151|162|218|71|194|157|53|30|132|217|219|48|98|254|139|9|191|188|134|160|244|46|225|131|90|168|24|94|172|218|189|18|145|114|104|125|106|50|
Overall Best: 0.6930 Generation: 5

Generation 14
Average: 0.6160 Best: 0.6817
Best Individual: 
C0 190|82|166|226|49|188|209|161|144|15|46|94|115|27|10|8|10|197|159|164|176|39|117|37|208|138|229|124|167|83|251|83|169|126|235|12|44|252|51|2|27|231|105|121|233|164|208|208|17|216|172|46|124|194|129|44|186|55|84|90|181|125|37|16|126|47|113|142|164|204|90|239|3|56|110|96|1|126|25|4|59|75|45|91|242|143|1|230|247|229|118|216|220|33|133|227|30|112|73|222|135|251|165|38|164|71|134|126|59|42|157|144|52|71|8|205|253|6|78|140|193|116|26|147|81|62|31|15|77|69|196|23|182|59|30|211|190|180|185|89|10|154|213|72|69|42|206|145|143|80|50|75|183|120|217|33|162|152|95|186|128|11|178|146|179|228|3|118|241|72|123|249|139|235|178|238|69|87|249|241|53|28|195|6|90|33|121|173|230|72|84|197|155|153|66|232|55|22|116|54|66|4|174|205|164|43|143|13|127|202|33|157|129|44|80|202|245|172|251|162|218|71|194|157|53|0|109|217|219|48|98|208|139|9|191|188|134|160|244|46|225|131|90|168|24|230|172|218|189|18|19|114|36|125|106|50|
Overall Best: 0.6930 Generation: 5

Generation 15
Average: 0.6174 Best: 0.6729
Best Individual: 
C0 144|17|97|141|49|94|13|137|145|100|75|5|228|103|178|250|229|124|111|245|227|247|43|132|44|58|123|16|178|237|111|119|188|108|44|66|44|228|51|45|144|245|22|8|253|93|0|240|66|128|55|33|251|163|80|232|232|5|58|117|181|163|216|16|126|47|113|63|164|96|200|239|7|183|167|125|137|231|25|4|219|146|25|151|126|19|245|162|123|99|23|70|22|25|175|220|152|218|240|230|244|243|52|253|247|165|184|63|11|236|169|221|103|165|247|149|143|80|247|84|148|138|105|5|128|208|166|40|184|218|113|39|228|121|145|45|251|186|223|10|184|64|190|193|125|88|146|187|108|254|167|234|42|188|244|242|68|232|206|181|128|11|178|9|213|163|181|219|241|224|124|214|157|235|178|238|212|243|70|58|93|81|38|187|67|33|140|253|3|151|188|254|89|141|20|14|183|232|172|155|66|225|244|67|219|43|24|252|89|202|94|75|245|189|174|206|202|111|94|251|104|174|25|157|245|252|37|59|44|36|100|41|226|243|171|243|133|88|106|1|225|29|29|15|147|37|179|82|89|246|164|131|109|114|105|200|
Overall Best: 0.6930 Generation: 5

Generation 16
Average: 0.6345 Best: 0.6792
Best Individual: 
C0 166|235|97|159|49|94|13|46|161|160|75|178|228|99|66|109|142|19|42|249|169|156|9|120|184|22|122|124|167|167|67|191|169|126|153|201|44|29|226|159|26|190|62|212|106|154|248|168|142|101|65|189|133|226|187|218|221|89|180|12|33|218|254|1|173|10|113|63|164|12|200|239|105|191|7|96|137|153|25|239|219|173|212|42|142|186|104|162|123|230|81|70|16|176|26|19|80|54|6|166|220|212|190|114|225|22|151|151|43|56|204|56|141|40|253|133|193|57|115|64|205|219|223|215|190|32|183|161|146|142|146|96|245|160|80|213|38|212|176|102|113|247|93|170|227|69|187|222|131|29|254|164|149|9|67|60|152|104|190|121|239|126|209|43|248|38|154|118|171|253|95|249|240|50|146|228|7|113|139|139|252|28|38|187|107|33|110|249|22|72|40|195|178|162|12|79|201|38|237|9|79|244|3|45|235|198|143|52|183|13|169|250|129|91|249|55|150|19|220|162|129|244|145|209|53|30|43|129|20|231|88|66|119|243|4|152|37|140|227|192|120|79|35|156|12|8|241|163|88|89|85|237|113|114|105|34|
Overall Best: 0.6930 Generation: 5

Generation 17
Average: 0.6329 Best: 0.6798
Best Individual: 
C0 190|82|166|226|49|188|209|161|17|15|46|94|193|104|10|163|10|197|159|164|176|209|117|37|58|138|229|124|167|83|251|83|169|126|183|109|44|252|51|2|27|231|105|57|233|164|208|208|17|216|45|189|110|146|28|240|221|168|105|12|56|218|11|1|98|81|245|155|216|84|80|195|213|250|17|191|163|173|100|72|176|65|52|40|58|179|83|113|227|188|73|146|199|28|93|182|69|67|85|132|124|155|80|229|36|226|114|202|125|203|139|34|136|165|247|149|143|236|247|84|148|202|105|5|77|131|239|40|103|218|113|39|228|121|145|71|251|186|223|66|184|64|190|193|125|88|146|187|108|254|167|234|42|188|244|242|68|156|206|24|128|11|178|9|213|163|181|219|241|224|124|214|157|235|178|110|212|243|162|58|93|81|38|187|67|33|140|155|3|151|188|254|89|88|20|14|194|232|172|155|72|179|244|67|219|43|24|252|89|217|94|75|245|189|174|206|202|111|94|251|91|174|25|157|245|215|37|59|44|69|100|41|226|243|171|243|133|202|106|191|130|230|29|15|147|37|179|82|89|2|164|131|109|114|105|14|
Overall Best: 0.6930 Generation: 5

Generation 18
Average: 0.6395 Best: 0.6911
Best Individual: 
C0 166|235|97|159|49|2|178|46|161|160|75|202|228|99|66|232|49|23|51|249|169|6|9|61|184|22|122|124|66|167|67|191|169|126|153|201|44|29|226|159|163|190|62|212|106|56|248|168|142|101|65|189|109|226|235|218|221|89|180|12|33|218|65|1|173|10|113|63|164|12|200|189|105|191|7|96|137|153|25|239|219|219|212|42|142|186|221|162|123|230|81|70|16|176|26|19|80|54|127|212|220|72|97|193|86|170|77|12|170|251|43|103|83|22|8|122|223|61|175|62|154|162|182|128|52|58|162|129|111|84|252|204|169|213|250|137|212|25|235|121|222|247|93|170|14|69|187|222|131|29|75|164|25|9|67|5|152|104|137|121|239|38|2|43|248|38|160|118|171|253|95|249|240|50|146|228|194|25|139|139|127|28|196|187|107|33|110|88|22|72|40|24|178|162|12|79|201|38|237|9|79|244|3|45|235|198|143|55|183|13|169|250|129|225|189|55|150|19|208|162|129|244|145|209|53|30|34|30|20|231|88|66|119|243|4|152|132|140|227|192|147|79|35|156|12|8|241|102|151|89|85|237|113|114|105|34|
Overall Best: 0.6930 Generation: 5

Generation 19
Average: 0.6388 Best: 0.6905
Best Individual: 
C0 166|235|127|5|49|94|13|46|161|67|75|202|228|99|66|232|142|23|42|182|137|156|148|141|184|22|122|124|167|167|67|191|169|126|153|201|44|203|116|159|26|99|35|212|106|56|248|168|142|101|65|189|109|210|235|131|221|89|135|90|33|218|127|180|59|217|183|194|84|56|200|200|114|131|208|157|49|200|25|4|219|24|220|155|199|185|93|46|156|1|34|70|16|143|19|137|230|152|240|230|241|74|78|210|7|65|169|172|85|7|169|213|103|29|92|149|143|80|27|251|148|58|105|5|229|205|103|65|28|9|65|14|66|121|188|21|251|122|180|10|10|53|70|47|125|88|176|152|108|200|167|81|237|188|73|240|255|213|108|113|151|175|25|88|210|163|181|192|99|224|30|249|157|235|79|238|82|6|122|241|165|249|110|26|25|48|125|129|232|243|209|204|228|149|69|175|239|91|50|240|207|36|17|78|252|27|225|98|193|28|118|179|9|191|73|202|208|230|220|162|246|71|194|228|53|30|132|28|219|63|88|66|119|243|30|152|132|140|227|192|147|79|35|156|12|8|241|102|88|89|85|237|113|114|105|34|
Overall Best: 0.6930 Generation: 5

Generation 20
Average: 0.6409 Best: 0.6943
Best Individual: 
C0 166|235|127|5|49|94|241|46|161|67|75|202|228|99|66|232|142|23|42|182|137|156|148|141|184|22|122|124|167|218|67|191|169|86|153|201|44|203|116|159|118|99|35|212|106|56|248|168|142|101|65|189|109|210|235|131|221|89|135|90|33|218|127|180|59|101|56|194|95|56|200|200|114|131|208|157|96|200|25|4|219|24|220|155|199|185|93|46|156|1|34|70|16|143|19|137|230|152|199|230|241|74|78|210|2|65|169|42|85|7|169|213|103|29|92|149|193|43|119|58|126|219|223|215|193|32|183|190|146|72|187|96|245|160|2|213|104|212|176|231|254|166|250|10|9|247|187|66|48|29|254|213|180|131|198|206|229|104|119|86|102|110|54|88|210|163|181|91|99|224|30|249|157|235|79|238|82|6|122|241|165|249|110|26|25|48|125|129|232|243|209|204|228|149|69|175|239|91|50|240|207|36|195|78|127|27|225|98|107|28|118|179|9|191|73|202|208|230|220|162|246|71|194|228|53|30|132|28|219|17|88|66|119|243|30|152|132|140|227|192|147|79|35|156|12|8|241|102|88|89|85|237|113|114|105|34|
Overall Best: 0.6943 Generation: 20

Generation 21
Average: 0.6406 Best: 0.6943
Best Individual: 
C0 179|235|127|5|49|94|241|46|161|67|75|202|228|99|66|232|142|23|42|182|137|156|148|141|184|36|122|124|167|218|67|191|169|86|153|201|44|203|116|159|118|99|35|212|106|56|248|168|142|101|65|189|109|210|235|131|221|89|135|90|33|218|127|10|98|81|245|177|216|84|80|232|213|250|134|129|163|173|156|129|48|65|191|40|105|179|83|229|98|9|93|146|168|123|93|182|69|51|2|132|124|178|80|143|36|226|143|202|125|203|139|34|31|162|247|235|65|35|96|84|148|202|105|251|77|208|233|168|66|133|25|39|228|175|145|205|17|186|176|231|254|166|250|10|9|247|187|66|48|29|254|213|180|131|198|206|229|104|119|173|102|110|54|113|210|163|181|91|99|53|30|249|157|235|79|238|82|6|51|241|165|249|110|26|25|48|125|129|232|243|209|204|59|149|69|175|214|91|241|240|207|36|195|78|127|27|225|98|107|28|118|204|9|191|73|94|208|230|220|162|246|71|194|228|53|30|132|244|219|57|88|66|119|243|30|152|132|140|227|220|147|75|35|156|12|16|241|102|88|89|85|237|113|114|105|34|
Overall Best: 0.6943 Generation: 20

Generation 22
Average: 0.6484 Best: 0.6880
Best Individual: 
C0 166|235|97|159|49|94|13|102|161|138|60|178|228|181|115|109|142|19|42|249|48|238|124|73|68|55|103|238|122|119|111|95|188|108|14|2|153|252|146|227|133|84|72|128|30|92|2|45|24|1|21|7|133|226|187|218|221|89|106|88|33|218|134|1|206|10|116|63|117|12|250|239|105|166|190|96|193|122|73|128|139|46|87|174|142|170|173|191|123|230|81|70|169|9|26|19|89|54|201|166|220|212|222|155|162|229|151|151|27|221|204|56|141|73|253|133|193|57|115|64|205|145|4|237|249|32|183|134|146|142|3|189|199|160|29|9|170|19|186|9|120|247|254|170|30|128|233|222|131|156|254|164|149|195|67|226|131|99|156|75|239|88|209|43|248|38|154|227|171|253|208|198|172|137|116|238|35|33|20|241|187|9|38|40|237|230|152|248|61|72|202|203|233|131|105|127|153|89|4|85|66|104|167|37|51|43|57|127|189|128|143|10|91|111|250|186|38|14|237|249|98|39|11|243|175|76|58|113|49|163|126|8|119|6|239|104|197|140|227|240|120|213|35|19|12|46|241|163|31|89|62|220|113|114|105|221|
Overall Best: 0.6943 Generation: 20

Generation 23
Average: 0.6411 Best: 0.6767
Best Individual: 
C0 166|160|97|159|10|94|13|102|161|46|75|178|166|99|115|183|225|19|42|249|49|122|66|120|184|22|122|124|167|167|94|59|169|158|153|105|44|55|53|159|26|190|10|250|72|134|28|118|133|216|246|83|203|253|187|128|186|65|122|108|74|15|11|91|98|150|23|155|216|84|80|195|213|111|197|191|163|173|100|72|188|98|225|41|153|101|173|162|123|230|81|161|218|223|26|19|173|54|66|123|220|37|239|114|225|191|233|141|27|56|204|220|51|142|2|148|193|245|115|64|205|219|223|185|48|95|121|205|111|197|252|187|169|217|80|213|192|165|176|102|113|255|117|170|141|134|114|222|131|139|105|164|160|9|67|216|152|56|190|177|208|76|77|43|142|233|154|227|69|96|208|122|45|67|130|238|68|33|177|241|195|228|50|62|61|245|152|215|92|72|138|234|227|189|60|127|218|46|230|58|66|193|27|17|45|43|174|85|189|26|143|10|85|110|71|186|190|103|120|115|98|138|69|131|148|134|156|168|88|197|29|82|35|236|34|237|213|16|71|93|159|128|71|232|92|143|87|55|124|166|34|32|216|213|18|198|
Overall Best: 0.6943 Generation: 20

Generation 24
Average: 0.6407 Best: 0.6855
Best Individual: 
C0 166|160|97|87|10|94|13|102|161|46|227|178|166|99|115|183|225|19|42|249|49|122|66|120|184|22|122|124|167|64|94|108|169|158|153|105|44|55|226|159|136|190|243|24|197|27|106|118|17|216|84|233|75|253|162|44|186|248|122|176|23|53|11|89|155|9|31|155|183|240|80|195|213|249|17|191|163|173|7|72|219|12|164|42|82|186|173|162|123|182|230|123|169|223|26|152|41|54|202|166|9|212|190|196|139|182|233|151|27|56|204|211|141|187|253|62|198|43|119|42|126|219|231|83|193|32|183|211|146|7|187|229|245|160|123|213|35|223|229|187|249|246|187|252|143|56|208|222|208|239|237|95|34|109|147|218|41|104|81|149|200|102|28|151|193|14|195|118|115|154|201|128|94|57|231|234|90|61|206|71|191|206|229|20|188|244|0|122|132|180|103|76|211|103|108|224|239|151|39|236|105|3|235|233|252|234|223|5|218|16|165|70|187|151|5|150|190|98|120|21|22|138|153|200|148|134|156|168|88|197|5|45|165|45|34|237|43|60|125|233|159|128|121|36|93|55|171|93|62|89|62|237|113|114|194|221|
Overall Best: 0.6943 Generation: 20

Generation 25
Average: 0.6385 Best: 0.6993
Best Individual: 
C0 190|152|177|109|80|126|13|183|144|9|46|94|11|11|35|8|108|126|59|164|40|249|96|37|208|156|200|124|248|67|67|95|243|168|120|7|215|24|51|117|176|218|75|126|235|154|22|240|136|64|221|207|30|135|232|136|143|150|28|234|181|20|74|29|198|5|245|100|216|181|80|251|22|200|6|53|141|173|176|129|48|65|188|102|105|179|117|197|98|9|141|146|168|123|93|182|69|51|2|101|124|178|214|143|36|226|143|202|125|203|9|98|164|162|247|79|154|35|134|201|148|202|158|249|216|19|91|168|66|133|25|109|228|175|145|205|17|186|176|179|254|140|250|73|240|107|187|90|144|200|241|81|163|188|73|240|225|213|108|113|151|175|25|88|60|50|181|223|2|155|52|14|157|91|230|238|82|178|114|241|27|249|110|193|61|118|152|248|92|251|199|30|233|131|35|127|218|89|161|160|56|158|61|37|51|43|57|85|62|128|214|10|222|54|32|205|38|14|237|249|98|39|11|243|175|58|250|113|24|21|225|105|33|6|81|152|197|140|227|192|120|79|35|19|205|8|67|77|107|6|248|132|104|248|113|50|
Overall Best: 0.6993 Generation: 25

Generation 26
Average: 0.6389 Best: 0.7125
Best Individual: 
C0 190|152|177|238|96|126|13|183|144|1|46|94|170|149|230|9|186|126|159|164|45|249|62|37|208|138|146|173|51|67|196|197|243|168|235|7|51|24|49|39|128|218|190|126|114|154|22|240|136|42|221|207|30|220|199|149|243|139|28|25|181|20|74|139|51|221|229|59|44|161|169|5|76|199|34|96|41|101|123|4|184|173|141|151|117|254|253|15|123|26|222|103|177|52|181|159|203|211|17|149|230|77|52|49|91|163|95|172|85|192|155|41|103|201|92|149|37|100|16|251|184|138|105|238|137|191|201|116|177|9|65|14|66|47|17|68|108|129|180|10|10|170|34|47|125|113|82|27|150|58|26|81|114|188|73|240|202|213|219|223|73|22|122|250|213|12|183|192|99|224|30|116|157|235|229|238|206|243|122|189|99|161|81|22|25|227|174|129|129|243|88|35|48|13|163|175|239|111|194|77|83|109|42|45|136|150|81|128|99|13|35|250|129|49|76|152|24|157|187|128|236|219|145|228|117|185|92|28|219|45|97|218|196|60|24|70|57|160|167|215|51|119|90|131|24|128|145|103|241|141|131|197|75|248|189|118|
Overall Best: 0.7125 Generation: 26

Generation 27
Average: 0.6353 Best: 0.7043
Best Individual: 
C0 190|152|177|15|80|158|13|98|53|197|46|94|11|11|197|8|229|54|181|134|53|156|64|218|99|169|122|124|25|144|67|252|62|126|24|168|74|203|75|214|122|99|35|212|106|56|248|67|19|1|100|177|190|61|166|93|238|115|172|139|57|153|47|132|67|58|69|35|196|65|82|67|217|208|82|230|194|253|228|179|112|124|212|160|221|125|111|52|61|182|158|152|159|242|203|128|44|7|196|4|59|122|174|28|225|119|150|151|165|246|155|56|217|215|237|174|193|77|4|128|209|219|190|215|64|49|183|161|193|19|92|96|211|97|80|213|192|165|176|102|113|255|117|4|141|134|31|222|131|139|105|164|160|45|67|216|102|56|228|92|208|26|8|43|142|233|154|227|59|96|208|216|45|38|130|238|68|153|177|254|195|206|50|62|61|166|152|185|92|24|138|234|227|86|109|25|182|46|95|211|131|155|27|17|45|43|174|180|189|234|143|53|101|110|71|186|190|103|120|115|98|138|69|131|148|134|156|189|53|1|29|82|78|220|34|102|213|16|241|93|159|128|71|232|189|143|67|150|107|107|85|237|58|111|113|166|
Overall Best: 0.7125 Generation: 26

Generation 28
Average: 0.6374 Best: 0.6886
Best Individual: 
C0 190|152|177|236|96|126|13|183|144|1|46|94|118|9|111|163|10|197|159|152|16|209|117|94|231|96|229|124|198|83|105|12|87|95|89|109|39|173|51|217|100|3|234|10|233|67|0|118|114|198|118|248|62|98|129|205|124|143|139|127|154|193|55|26|147|31|103|63|46|64|30|86|190|183|215|96|42|176|25|4|120|243|220|161|82|41|227|101|183|230|19|128|80|48|87|238|235|14|15|123|21|211|239|114|57|25|47|151|27|97|219|189|51|142|253|97|193|245|195|51|47|219|105|238|137|84|152|116|177|9|65|14|153|47|17|68|108|129|180|10|45|170|14|47|113|113|82|27|150|58|26|81|14|188|73|56|225|213|109|215|151|175|25|88|60|50|181|223|2|252|52|14|157|91|133|238|78|169|183|241|27|249|110|193|249|33|37|248|92|251|199|30|233|131|35|206|218|197|161|160|56|158|61|37|51|43|201|85|62|128|62|177|222|54|32|205|38|157|187|128|100|219|85|121|217|185|92|28|219|45|97|54|196|60|24|70|57|160|167|215|51|119|90|131|24|237|145|141|241|141|131|197|124|178|189|118|
Overall Best: 0.7125 Generation: 26

Generation 29
Average: 0.6360 Best: 0.6830
Best Individual: 
C0 190|135|237|89|76|162|168|46|102|125|87|109|33|2|177|8|146|35|79|101|199|122|66|120|184|115|29|37|167|167|67|45|169|45|131|105|147|79|67|159|26|130|176|244|63|73|126|159|142|242|20|177|61|89|81|93|251|133|53|128|17|226|246|132|248|240|69|59|44|247|122|54|76|199|122|33|41|101|123|87|184|173|141|130|117|239|221|65|22|47|12|70|111|176|167|19|80|54|127|209|139|138|97|193|86|73|55|12|179|241|248|175|110|8|8|118|69|6|189|161|86|177|13|252|59|62|171|209|19|57|157|182|63|203|124|37|108|10|199|102|12|250|250|1|240|107|187|19|71|156|246|17|51|252|67|213|222|227|126|111|239|244|31|126|248|233|154|98|44|172|208|166|67|137|229|238|206|243|122|246|132|182|81|85|202|227|174|50|8|243|209|228|48|149|163|53|239|25|194|130|83|109|254|45|208|150|187|183|99|213|35|225|129|49|76|82|24|89|187|128|118|50|145|185|117|185|150|28|219|123|5|109|177|158|4|34|75|198|202|192|120|245|148|144|101|24|247|103|62|225|161|109|165|12|210|12|
Overall Best: 0.7125 Generation: 26
==================
    Best individual after 30 generations
    computed in 2,229.1800 seconds
    1135 elements out of 1593 correct.
    emerged in generation 26
    with fitness 0.7125
==================

