Starting evolution...

Generation 0
Average: 0.8861 Best: 0.9040
Best Individual: 
C0 10|110|173|190|209|102|158|228|81|254|59|226|93|132|33|214|170|81|207|252|244|61|16|45|233|44|95|242|20|24|76|18|219|110|128|157|28|83|22|73|13|159|15|203|236|12|209|106|109|245|48|220|206|159|204|181|149|165|182|101|252|150|148|194|124|73|36|180|91|153|174|77|208|157|163|23|8|82|217|207|82|253|212|54|228|45|12|180|210|74|59|240|75|90|234|80|197|36|156|130|126|149|109|242|130|175|187|233|152|130|220|177|152|77|41|207|242|163|104|200|229|235|16|102|91|67|6|174|77|229|75|10|151|219|85|53|44|158|37|141|238|186|166|93|3|64|129|132|208|7|128|175|235|79|92|246|213|92|49|60|194|248|223|67|158|159|62|160|43|88|122|46|84|196|209|169|211|13|179|86|215|167|111|126|156|220|173|140|220|46|144|85|136|71|136|206|119|94|241|49|154|61|34|225|226|15|176|39|8|98|228|195|136|102|130|29|97|144|151|120|133|88|174|24|151|123|101|236|54|193|130|108|4|173|146|233|152|223|118|133|217|70|153|87|110|64|54|6|157|39|146|77|138|104|66|115|
Overall Best: 0.9040 Generation: 0

Generation 1
Average: 0.8899 Best: 0.9071
Best Individual: 
C0 40|140|68|104|99|213|93|49|76|189|170|196|99|97|58|209|163|245|145|71|7|17|192|91|50|11|220|47|149|111|152|173|98|162|225|94|20|213|223|17|69|129|67|201|49|76|147|57|87|59|15|101|9|126|234|11|181|255|11|106|240|23|138|7|178|106|136|64|118|17|156|140|225|33|15|179|28|189|232|169|238|84|181|42|234|167|69|62|163|226|1|58|42|128|106|159|174|67|146|110|17|187|224|55|161|38|22|35|96|161|28|181|230|46|25|204|85|214|212|194|178|199|206|20|193|187|158|57|201|13|243|140|186|62|111|87|148|137|60|2|81|54|194|121|252|77|8|154|61|158|49|65|91|82|90|71|195|98|200|63|249|201|59|67|93|22|74|133|76|133|251|96|228|15|206|182|148|44|28|2|68|25|247|119|164|104|184|92|253|233|160|84|91|214|9|223|255|127|210|134|136|7|111|163|146|144|121|39|11|222|143|237|100|199|177|184|46|32|211|191|250|60|3|101|11|239|38|78|5|94|119|103|193|152|138|117|97|32|107|224|3|182|73|85|205|124|35|216|133|238|77|158|149|143|190|89|
Overall Best: 0.9071 Generation: 1

Generation 2
Average: 0.8922 Best: 0.9071
Best Individual: 
C0 200|11|124|182|223|150|5|224|23|24|69|55|239|62|202|5|61|147|48|98|218|8|214|180|68|174|20|131|96|139|122|94|34|143|194|236|73|102|170|163|5|39|104|153|229|49|74|115|160|93|210|56|239|48|230|17|167|120|144|191|39|190|145|113|74|20|45|96|47|26|148|44|191|25|239|28|106|86|47|17|185|245|222|159|81|194|150|124|68|45|242|230|184|204|231|200|177|134|173|248|229|84|203|78|189|176|150|42|146|176|239|178|59|86|70|9|191|100|104|200|229|235|16|102|91|130|6|174|77|229|235|10|151|219|179|87|44|158|37|141|238|186|166|93|154|64|129|132|208|7|181|180|189|37|134|231|181|56|188|175|150|68|82|14|35|97|182|149|68|59|117|56|23|115|240|178|126|12|235|119|183|15|112|28|249|19|128|64|219|200|10|210|242|245|11|132|210|169|8|30|158|55|18|96|36|209|178|86|180|227|222|25|174|239|181|209|184|18|53|183|163|145|98|251|174|175|64|72|43|204|45|249|122|212|2|180|45|136|177|75|163|116|130|126|244|177|165|135|159|55|168|171|77|95|33|231|
Overall Best: 0.9071 Generation: 1

Generation 3
Average: 0.8953 Best: 0.9140
Best Individual: 
C0 200|11|124|182|223|150|5|224|23|24|69|55|239|62|202|5|61|147|48|98|218|8|214|180|68|174|20|131|96|139|122|94|34|143|194|236|73|102|170|55|5|39|242|153|229|49|74|115|160|93|210|56|239|48|219|17|167|120|144|191|39|190|145|113|74|20|45|4|47|26|35|44|191|25|239|28|106|86|47|17|92|36|222|159|81|62|150|124|68|45|242|230|184|204|231|200|177|134|173|248|229|84|203|78|189|176|150|42|146|176|180|178|59|86|193|9|191|100|104|200|229|235|16|102|91|130|6|174|77|229|235|10|114|47|179|87|44|158|37|141|238|186|166|93|154|64|129|132|208|175|181|106|189|37|134|115|181|56|188|175|150|68|82|14|44|97|182|149|68|140|117|56|23|115|240|178|126|12|235|119|183|15|112|28|249|19|128|64|219|200|10|210|242|245|11|132|210|169|41|30|158|55|18|96|36|209|178|86|180|227|222|15|174|239|181|209|184|18|53|17|163|145|98|156|174|175|64|72|49|243|45|249|235|212|2|180|45|136|177|75|163|62|130|126|244|177|165|135|159|55|168|171|122|147|33|231|
Overall Best: 0.9140 Generation: 3

Generation 4
Average: 0.8954 Best: 0.9096
Best Individual: 
C0 40|140|68|58|99|213|93|49|108|239|164|196|99|19|58|209|129|245|145|71|7|17|192|91|255|11|220|47|147|14|152|173|168|78|225|117|20|4|223|101|69|129|67|176|49|76|147|57|87|59|15|101|9|167|234|206|181|255|11|106|181|12|138|138|178|106|136|64|118|17|157|140|225|249|250|179|28|189|37|169|120|180|181|42|234|136|69|62|163|134|19|58|143|232|106|67|174|67|146|110|17|187|224|55|166|38|22|35|96|161|142|76|168|46|25|204|85|214|212|194|178|199|206|20|193|187|158|197|201|13|243|147|186|62|184|87|148|137|225|2|81|54|110|222|156|77|187|140|177|209|205|42|130|210|21|163|60|100|139|78|210|71|62|91|93|22|74|133|76|133|232|53|228|15|206|182|148|44|28|2|221|32|7|119|91|104|80|92|253|129|79|209|91|133|9|223|255|75|210|134|136|7|230|163|146|144|121|39|141|222|143|237|100|188|177|184|46|79|79|109|250|60|74|9|11|239|38|78|5|94|119|103|193|62|138|117|97|32|107|224|3|182|73|85|118|124|35|216|133|238|150|108|149|143|190|89|
Overall Best: 0.9140 Generation: 3

Generation 5
Average: 0.8975 Best: 0.9102
Best Individual: 
C0 40|140|68|104|99|249|93|49|76|189|177|196|99|97|58|209|212|245|43|71|7|17|63|91|50|9|220|47|178|203|215|173|98|162|225|254|20|213|223|82|69|129|130|201|77|76|55|155|130|59|18|101|94|177|234|11|181|50|11|198|67|23|138|241|178|106|136|83|118|10|156|140|225|33|15|179|28|210|226|249|238|84|213|129|234|167|69|62|163|226|1|58|173|128|106|159|174|239|45|83|17|187|132|55|105|38|22|35|33|161|89|181|230|46|25|204|85|214|212|239|178|199|206|20|193|163|158|57|27|13|243|140|186|62|87|131|148|137|60|76|81|163|194|4|252|77|23|154|61|158|49|65|91|112|90|229|85|98|200|63|249|222|149|35|93|22|74|133|208|26|60|176|193|16|98|11|3|150|54|141|131|34|145|115|60|144|91|229|220|88|142|25|157|196|84|228|175|47|12|136|71|72|7|199|165|152|119|90|110|41|120|126|221|210|84|42|95|78|211|191|179|26|57|3|11|224|57|78|5|94|49|103|193|152|4|173|97|32|229|224|3|182|74|85|81|124|35|216|133|22|141|117|149|60|120|47|
Overall Best: 0.9140 Generation: 3

Generation 6
Average: 0.8966 Best: 0.9109
Best Individual: 
C0 40|140|68|104|98|213|93|49|108|239|224|196|99|12|162|209|22|245|145|12|7|17|192|84|50|11|189|47|147|111|152|165|152|93|169|93|52|240|61|73|11|158|70|85|222|14|247|226|182|249|123|122|201|131|178|105|183|212|173|62|185|201|118|20|74|197|215|12|48|168|203|44|109|163|234|113|80|72|156|202|68|31|174|76|220|148|30|14|183|193|31|173|29|104|125|199|170|234|81|225|151|156|140|217|69|96|193|192|68|106|17|197|174|209|237|118|101|115|228|35|45|6|109|208|130|223|52|221|173|51|83|115|221|38|239|134|227|1|221|19|153|160|192|161|10|143|138|181|42|143|161|145|43|160|107|188|146|94|165|115|25|108|179|218|185|167|44|74|77|21|232|195|6|204|91|88|177|119|240|31|162|230|127|87|6|155|234|20|179|244|182|15|193|64|59|172|100|42|25|215|154|70|192|194|177|89|20|16|11|218|143|237|109|134|177|184|62|32|211|107|250|142|3|9|11|239|38|75|5|94|119|103|138|152|138|106|97|32|107|224|3|135|73|85|205|124|35|216|133|238|77|158|59|81|190|89|
Overall Best: 0.9140 Generation: 3

Generation 7
Average: 0.8979 Best: 0.9115
Best Individual: 
C0 3|66|87|172|40|213|93|50|101|158|170|198|66|20|58|180|163|245|145|71|7|17|29|91|50|232|125|166|156|1|99|66|177|211|49|80|160|213|245|17|144|15|67|145|49|47|164|92|242|83|145|72|9|159|204|181|149|165|91|177|123|90|199|192|60|157|182|178|173|105|184|9|162|6|250|31|28|183|37|169|47|162|235|20|22|133|197|229|86|177|19|186|240|131|218|135|158|106|171|186|245|193|77|11|232|232|187|230|152|130|190|177|152|47|41|223|83|163|177|200|199|235|187|168|85|125|45|88|77|1|75|144|151|75|202|157|78|94|198|122|253|140|225|121|165|212|95|11|55|160|189|65|181|206|118|31|185|90|200|63|80|46|59|138|93|105|74|115|76|202|251|155|228|194|11|11|205|44|125|181|187|4|191|5|164|104|184|196|42|233|231|15|91|214|195|223|186|195|189|134|136|46|32|8|146|144|210|125|11|222|143|237|194|199|177|217|71|32|24|191|248|53|3|207|11|239|38|253|79|94|99|101|193|152|171|117|97|165|222|7|3|234|116|28|178|213|35|39|221|154|41|57|149|143|253|20|
Overall Best: 0.9140 Generation: 3

Generation 8
Average: 0.8973 Best: 0.9096
Best Individual: 
C0 120|66|8|130|99|213|93|50|29|251|170|198|22|178|58|180|11|245|145|71|56|17|169|91|50|232|183|129|102|111|152|171|177|211|87|80|131|213|82|17|144|18|67|166|113|14|147|206|242|59|145|101|9|77|209|210|10|104|147|108|240|17|145|7|81|106|68|33|118|151|156|91|133|38|15|179|53|183|232|169|12|75|57|42|87|232|235|62|163|226|1|122|16|165|106|159|174|67|146|110|167|187|224|228|120|38|22|131|1|161|28|222|38|106|25|154|85|214|137|234|178|199|206|71|174|187|140|57|201|110|40|140|123|6|85|248|148|137|211|80|81|18|194|121|165|212|205|154|61|160|62|191|91|82|95|158|47|78|126|168|249|246|38|67|72|22|222|207|9|26|60|176|193|16|98|106|3|173|54|237|131|234|56|64|60|144|247|229|220|199|38|25|74|196|45|33|124|228|20|136|71|44|7|123|204|144|121|39|208|222|156|237|100|166|79|184|46|79|79|200|250|60|95|9|194|239|187|78|5|94|196|103|212|165|137|117|97|201|107|169|3|93|73|190|218|123|35|216|133|180|232|195|149|45|84|89|
Overall Best: 0.9140 Generation: 3

Generation 9
Average: 0.8973 Best: 0.9102
Best Individual: 
C0 120|66|8|130|105|213|93|50|29|251|170|99|22|178|58|180|204|229|145|71|56|17|169|91|50|232|183|41|102|111|152|171|177|211|87|80|131|213|82|17|144|18|67|166|113|235|147|206|242|59|145|101|9|77|209|210|10|32|147|108|240|17|145|7|81|106|68|33|118|151|156|91|133|254|15|179|53|183|232|169|12|75|57|42|87|232|235|62|163|226|1|122|16|165|106|159|174|67|146|194|245|193|77|171|232|232|187|230|152|130|190|177|152|149|41|223|83|163|20|200|199|235|59|168|85|125|45|88|77|196|75|144|123|6|207|157|78|72|198|122|253|140|225|62|165|212|80|11|61|160|62|191|91|82|95|158|62|4|126|168|249|246|38|67|72|22|222|207|9|166|60|176|193|16|98|106|110|173|54|237|131|234|56|64|60|144|247|136|220|199|252|25|74|196|45|33|124|228|20|136|71|44|7|148|204|170|121|39|208|222|156|237|100|166|79|184|46|79|79|200|250|60|95|230|194|239|187|166|157|94|196|216|212|165|137|117|97|201|107|169|3|93|73|190|218|123|35|216|133|180|232|185|149|45|84|248|
Overall Best: 0.9140 Generation: 3

Generation 10
Average: 0.8975 Best: 0.9127
Best Individual: 
C0 38|25|11|64|88|52|208|184|103|239|93|202|99|19|198|209|129|72|254|71|94|110|162|180|82|119|220|47|147|236|89|223|168|78|134|130|210|149|150|101|69|5|186|176|192|76|244|201|87|59|15|101|9|105|234|206|65|255|11|142|181|12|6|138|178|223|86|64|118|17|157|137|225|249|23|108|214|47|119|105|120|180|181|232|150|136|2|62|163|134|83|187|46|232|253|199|102|67|146|110|93|187|224|123|187|38|22|35|14|161|245|76|50|46|25|90|114|214|104|194|147|164|206|61|132|187|140|57|21|246|181|140|123|166|239|134|227|1|221|19|91|160|192|161|10|143|138|181|42|143|44|145|43|160|172|188|146|94|48|141|230|151|18|57|173|159|189|54|91|68|234|153|69|196|49|113|51|161|83|15|56|143|236|77|62|99|33|144|77|194|238|194|200|221|40|26|84|215|214|171|50|221|141|225|226|203|117|144|8|98|112|254|106|35|56|174|168|81|151|244|70|114|245|217|151|57|221|109|221|92|218|249|114|23|137|217|22|63|49|71|88|53|217|227|76|134|58|58|252|169|129|184|11|112|152|179|
Overall Best: 0.9140 Generation: 3

Generation 11
Average: 0.8975 Best: 0.9109
Best Individual: 
C0 160|237|185|58|37|254|126|49|108|100|157|178|99|19|198|209|10|245|62|71|62|208|3|91|56|11|220|182|147|103|152|223|45|78|225|4|210|167|150|101|69|129|67|160|49|76|71|57|87|59|15|101|9|167|148|206|186|255|11|158|181|128|29|54|14|221|101|64|84|17|157|237|184|4|23|108|121|143|176|173|120|170|181|145|81|12|2|180|163|134|19|58|143|211|106|199|102|67|146|178|17|12|224|232|209|88|159|48|231|162|245|76|168|222|25|90|114|95|48|194|147|247|206|71|132|95|140|57|215|110|181|140|123|153|8|26|148|137|60|80|236|54|119|121|165|193|79|181|175|2|161|145|43|160|81|184|245|179|7|141|68|194|134|224|144|128|60|120|3|68|91|153|69|41|49|113|191|230|172|15|56|36|236|77|223|99|140|144|77|174|238|95|193|177|174|208|248|114|29|81|154|70|132|130|146|68|121|18|68|222|143|54|15|188|177|134|88|125|79|55|118|60|74|9|133|138|38|78|122|12|85|243|212|174|172|54|4|39|238|52|163|118|185|119|153|251|181|156|232|55|168|181|96|183|78|206|
Overall Best: 0.9140 Generation: 3

Generation 12
Average: 0.8977 Best: 0.9071
Best Individual: 
C0 222|145|126|22|193|132|153|44|91|126|146|151|13|162|13|107|206|139|2|113|100|137|127|179|147|184|56|69|102|46|48|19|156|25|169|128|162|10|49|25|11|161|2|229|10|121|24|226|178|249|44|35|208|244|141|237|199|14|120|62|244|203|17|72|20|75|196|39|245|182|54|209|32|136|172|85|232|237|218|250|227|94|165|101|49|158|42|179|232|92|45|188|183|240|26|129|62|11|199|221|109|174|76|68|243|103|217|106|101|197|41|76|168|46|25|90|76|96|66|194|75|166|224|80|196|168|75|34|114|49|38|206|221|213|60|144|156|168|65|65|96|98|82|49|41|88|219|137|15|203|49|65|91|18|90|229|85|98|200|63|249|14|140|82|142|241|93|166|208|159|60|176|193|28|195|169|156|161|143|233|82|167|23|136|120|182|250|140|220|141|84|85|136|85|131|100|25|194|56|56|65|201|237|167|10|22|110|79|8|120|228|195|123|111|130|239|215|4|106|65|43|9|61|17|14|143|11|28|163|194|250|52|2|133|252|218|106|115|171|53|190|189|207|113|222|20|75|241|97|76|8|54|94|158|216|26|
Overall Best: 0.9140 Generation: 3

Generation 13
Average: 0.8986 Best: 0.9090
Best Individual: 
C0 137|25|11|124|88|52|208|221|103|161|27|202|61|19|58|74|43|72|51|71|94|110|162|180|192|11|25|47|147|236|152|223|44|85|206|29|210|149|150|101|69|5|106|58|164|76|147|155|87|5|211|18|36|42|234|88|165|50|11|106|92|13|63|90|23|61|16|64|118|81|239|140|225|6|23|108|121|143|176|173|120|170|182|145|81|83|2|209|163|134|19|58|143|211|135|163|102|67|146|66|17|12|224|232|209|88|159|146|231|136|245|175|168|28|42|90|114|95|48|194|147|247|57|71|132|95|86|57|248|110|181|140|123|153|8|26|148|137|60|80|237|54|119|161|10|143|138|181|42|20|98|145|43|160|143|188|146|87|48|205|68|64|12|204|144|125|14|150|166|150|151|153|69|79|19|113|182|163|225|15|56|185|6|140|62|99|33|100|7|130|238|194|200|192|40|78|226|25|214|171|18|221|34|225|226|203|100|177|148|192|112|254|187|35|243|174|168|144|241|244|70|57|245|76|151|57|95|109|221|92|36|249|114|71|120|217|22|63|49|71|14|53|103|223|76|134|58|58|252|169|200|184|124|112|152|179|
Overall Best: 0.9140 Generation: 3

Generation 14
Average: 0.8979 Best: 0.9109
Best Individual: 
C0 58|1|11|60|228|52|208|162|165|239|225|202|99|224|198|173|129|72|254|44|94|110|162|192|82|119|199|47|147|236|149|223|234|78|154|130|111|149|150|101|204|5|180|176|192|76|244|6|109|59|15|85|9|61|242|195|65|255|48|18|88|12|103|138|122|222|86|252|118|191|232|250|133|129|15|179|53|115|51|103|69|29|181|61|234|15|160|51|172|26|45|125|155|29|153|29|59|67|185|66|143|187|180|149|176|38|22|99|13|94|130|112|230|106|6|150|251|214|59|183|178|199|150|139|193|243|140|182|164|243|235|10|12|24|111|122|44|157|104|238|81|233|152|252|165|141|157|151|61|99|211|65|167|43|3|27|145|225|240|63|80|57|29|28|93|56|90|115|71|87|251|67|69|196|49|113|51|161|86|15|56|143|236|77|83|99|33|144|77|141|238|194|200|221|40|26|84|215|214|50|50|221|33|48|203|203|117|144|8|98|70|254|106|35|228|88|219|164|241|244|70|114|210|217|151|237|221|109|221|92|191|109|114|23|137|237|178|63|49|221|88|53|122|227|76|134|58|58|169|62|35|45|169|112|152|179|
Overall Best: 0.9140 Generation: 3

Generation 15
Average: 0.8994 Best: 0.9109
Best Individual: 
C0 124|195|222|53|66|129|156|187|226|97|52|196|158|179|45|119|165|176|74|31|63|17|192|91|255|202|11|34|177|14|152|173|49|78|99|244|187|88|131|142|202|129|187|176|68|200|147|57|78|191|15|107|105|71|137|130|11|255|11|107|181|88|121|113|99|185|200|96|70|60|184|9|249|155|250|31|28|46|37|64|47|162|117|20|111|133|35|129|244|177|19|186|79|131|255|63|158|106|62|186|104|41|202|11|232|29|153|193|91|59|146|72|104|31|240|73|219|108|1|120|49|225|237|252|235|75|159|109|171|99|157|206|10|46|120|102|80|168|125|245|96|2|128|125|153|82|202|108|5|213|228|195|235|97|207|229|213|38|49|254|110|152|11|138|208|41|12|231|189|64|57|120|69|196|49|113|56|161|86|15|56|143|236|77|83|99|33|144|77|141|238|194|200|221|40|26|84|215|59|50|146|221|33|48|10|38|236|132|181|227|77|44|143|182|130|239|125|224|122|178|43|171|2|17|150|183|179|35|116|211|250|92|95|167|238|160|106|66|19|53|190|70|207|99|103|45|190|209|189|93|94|13|18|52|5|171|
Overall Best: 0.9140 Generation: 3

Generation 16
Average: 0.8982 Best: 0.9077
Best Individual: 
C0 124|195|222|53|66|129|156|187|226|97|52|196|158|179|45|250|165|176|74|31|63|180|192|91|17|202|11|34|177|25|152|173|49|78|21|4|84|178|212|101|32|129|247|160|99|76|71|190|87|142|15|101|45|167|163|48|186|163|11|158|221|135|15|180|14|172|103|17|95|115|7|229|184|42|23|108|196|21|119|105|248|180|4|24|150|129|251|60|96|134|19|245|46|232|245|199|194|67|171|51|104|41|202|11|232|29|153|117|91|59|146|72|104|31|240|73|219|108|1|120|49|225|84|252|235|75|159|109|171|99|157|206|10|46|120|221|80|168|125|245|96|192|128|125|153|82|202|108|5|213|228|195|245|97|207|229|213|38|49|254|110|152|73|138|208|41|12|231|189|64|57|120|69|166|49|134|56|161|86|15|69|143|236|77|169|99|33|144|77|141|205|194|200|221|40|26|84|215|59|50|146|91|33|48|10|38|236|132|181|227|77|44|64|182|130|239|125|224|122|27|43|171|2|193|150|183|179|35|218|211|250|92|95|167|238|160|106|73|19|53|190|70|117|126|103|45|190|209|189|93|94|13|231|52|5|171|
Overall Best: 0.9140 Generation: 3

Generation 17
Average: 0.8992 Best: 0.9196
Best Individual: 
C0 150|128|49|170|10|213|110|49|226|72|223|15|162|19|65|55|59|11|145|73|203|118|80|186|236|6|220|199|74|135|162|173|18|181|170|131|138|212|60|26|3|83|112|127|203|178|51|155|31|59|48|101|36|31|236|51|2|145|94|181|111|31|10|195|254|198|201|235|68|7|177|125|244|197|120|250|122|185|211|63|218|180|64|190|65|3|78|236|158|204|83|187|46|232|179|250|174|100|228|55|95|78|9|235|9|230|71|35|100|161|28|222|2|198|118|118|239|180|146|75|45|6|78|160|232|161|196|103|38|51|49|166|221|228|239|76|90|177|118|216|153|38|28|64|242|23|119|196|208|136|142|247|75|130|249|160|118|231|18|155|93|152|11|67|168|53|12|160|96|88|119|10|25|37|9|169|172|139|179|239|116|112|230|69|162|203|38|237|246|174|160|76|230|200|242|218|29|208|175|13|213|107|237|176|110|27|212|180|22|248|164|195|64|102|98|115|97|4|243|178|43|80|200|54|145|145|179|36|206|75|215|54|139|228|238|237|106|83|165|62|204|189|213|107|103|50|127|160|86|93|154|91|41|223|173|58|
Overall Best: 0.9196 Generation: 17

Generation 18
Average: 0.9003 Best: 0.9153
Best Individual: 
C0 226|237|49|102|37|218|127|46|70|114|22|111|99|19|76|131|134|52|145|252|7|118|80|186|236|6|220|199|74|135|162|173|122|153|170|131|138|212|60|26|3|83|112|127|203|178|58|155|31|59|48|101|36|194|236|51|2|145|94|181|103|31|10|195|254|198|201|153|68|7|217|125|244|197|120|170|122|185|211|63|218|180|64|190|65|3|78|236|158|204|83|187|46|232|179|250|174|100|228|254|95|147|9|235|9|230|71|35|100|161|220|222|2|198|118|118|239|160|146|75|45|6|78|160|232|161|196|103|38|51|49|166|221|228|239|76|90|177|118|216|153|38|28|64|242|23|119|196|208|136|142|164|75|130|33|160|118|231|18|155|93|152|11|67|168|53|159|160|96|88|119|10|25|37|9|157|172|56|179|239|116|112|230|69|212|203|38|237|134|174|160|76|230|88|242|218|29|169|175|13|213|107|132|176|110|27|212|180|22|248|164|195|64|102|98|115|97|4|243|178|43|80|200|54|145|145|179|36|206|75|215|54|139|228|238|237|106|83|207|62|204|189|213|107|236|65|126|135|159|9|168|252|47|215|78|119|
Overall Best: 0.9196 Generation: 17

Generation 19
Average: 0.8996 Best: 0.9146
Best Individual: 
C0 150|128|49|170|10|213|5|49|226|222|223|15|213|19|219|94|47|11|145|73|203|118|80|186|236|234|220|199|74|135|162|246|18|181|136|131|138|212|60|26|3|83|208|244|203|178|51|155|31|59|48|101|36|31|236|168|211|145|247|181|111|31|10|195|111|198|201|235|68|7|68|125|244|46|250|255|28|46|113|64|47|162|117|71|111|133|35|129|244|21|19|186|79|131|191|63|158|53|62|186|95|78|9|235|36|230|71|35|100|161|173|222|2|201|118|31|99|180|146|75|45|77|12|66|232|161|196|103|38|51|49|17|221|228|239|76|90|177|118|216|153|38|28|64|242|23|119|196|208|136|142|247|75|115|249|160|118|231|18|155|93|152|11|67|168|53|12|160|96|88|119|10|25|254|9|169|172|139|179|239|116|112|230|69|162|203|38|237|246|174|160|68|230|200|242|218|29|208|236|13|213|107|237|176|110|27|212|180|22|248|165|195|64|102|98|115|11|16|243|178|43|80|200|54|145|145|179|36|148|75|215|54|189|228|238|237|106|83|165|62|204|189|17|107|103|133|127|160|86|93|21|91|41|223|173|58|
Overall Best: 0.9196 Generation: 17

Generation 20
Average: 0.9010 Best: 0.9102
Best Individual: 
C0 58|1|11|60|85|52|208|162|165|239|16|202|160|224|234|173|129|72|254|232|149|110|188|111|82|85|19|47|172|180|149|223|200|180|154|130|233|242|150|29|204|5|133|176|49|125|180|90|86|145|24|159|23|246|66|206|181|43|11|21|214|56|1|33|216|48|94|172|139|15|183|186|33|239|25|4|231|43|240|99|12|9|9|97|162|156|85|195|213|175|202|101|204|31|83|103|92|196|146|149|107|92|154|60|185|46|226|232|203|214|36|235|17|77|175|73|8|254|196|226|109|33|74|237|118|187|6|57|102|21|156|213|58|38|239|119|134|1|46|53|236|121|33|161|214|213|3|181|175|126|59|81|5|160|81|29|46|206|7|12|241|194|190|224|126|128|60|120|53|10|91|65|69|41|206|113|41|230|172|239|116|243|236|61|162|203|214|237|218|174|160|139|230|200|11|65|195|253|138|20|213|107|237|13|110|27|212|108|22|164|146|195|123|102|151|122|248|4|243|163|43|80|120|54|145|251|179|36|171|0|191|213|114|112|235|157|178|122|62|221|90|161|122|161|65|134|175|58|93|62|35|45|169|45|152|179|
Overall Best: 0.9196 Generation: 17

Generation 21
Average: 0.8991 Best: 0.9159
Best Individual: 
C0 79|129|13|204|119|46|177|164|165|239|252|96|55|224|190|173|129|72|254|92|94|235|188|192|82|85|199|47|129|61|157|204|236|78|253|214|138|204|33|59|42|245|117|115|93|230|73|194|60|114|15|10|34|201|209|62|230|229|171|7|11|107|104|171|148|174|171|219|50|211|74|177|48|82|231|108|227|16|233|107|172|176|195|22|131|136|250|62|158|204|205|187|8|31|179|250|102|47|146|110|241|187|210|252|226|60|224|222|181|135|245|162|50|136|25|235|231|61|104|194|109|223|175|237|194|50|31|57|101|245|181|140|123|38|44|175|42|64|221|34|153|160|88|25|165|193|156|153|175|126|1|165|76|160|68|246|46|179|7|130|211|136|190|224|44|128|41|120|60|68|250|65|69|41|157|252|96|253|172|239|108|243|236|61|10|203|38|237|218|208|160|141|177|200|11|65|29|222|125|20|251|107|237|83|110|27|144|177|44|116|112|11|48|111|198|89|215|4|52|147|43|132|166|45|4|156|179|165|98|53|250|235|2|133|238|216|192|149|92|27|163|247|12|170|65|241|126|135|159|144|18|4|92|124|212|119|
Overall Best: 0.9196 Generation: 17

Generation 22
Average: 0.9002 Best: 0.9121
Best Individual: 
C0 83|62|87|98|214|208|93|50|98|176|210|232|66|77|58|250|89|36|65|36|10|131|29|91|229|11|124|186|147|236|246|52|102|119|198|29|210|231|176|254|69|212|122|237|49|129|133|38|242|36|196|162|94|174|131|231|153|77|171|15|199|246|104|142|148|94|148|91|50|36|157|137|48|189|193|108|177|133|119|47|4|180|176|63|144|136|229|62|163|14|83|187|201|232|130|250|44|178|146|110|93|197|224|252|226|111|71|186|14|161|109|170|137|46|25|143|6|81|136|194|154|92|159|122|89|187|89|57|21|246|156|117|217|6|97|30|124|1|221|56|91|105|192|161|10|143|230|175|176|215|44|208|43|160|76|188|76|94|48|189|211|87|217|57|184|20|138|247|205|18|234|68|69|196|49|31|196|174|122|15|52|71|162|139|113|164|23|125|227|119|242|255|225|132|135|26|175|34|4|122|151|32|141|52|228|169|103|144|8|120|81|203|25|102|130|221|254|120|90|147|255|222|234|220|150|153|179|178|157|157|145|160|2|206|238|128|253|165|15|72|11|195|121|112|169|134|115|209|67|50|186|79|5|132|147|135|
Overall Best: 0.9196 Generation: 17

Generation 23
Average: 0.9002 Best: 0.9121
Best Individual: 
C0 58|1|11|95|85|52|208|162|165|180|16|202|160|224|39|173|34|72|201|232|149|110|206|111|82|223|19|64|172|89|149|223|187|180|154|130|173|242|150|103|120|5|251|176|49|125|180|114|65|145|24|159|18|246|209|62|204|97|171|7|11|69|42|171|148|174|148|219|50|211|74|177|102|82|231|108|227|26|233|107|4|248|195|12|96|241|250|62|224|26|205|10|8|31|179|74|91|47|146|110|20|187|248|252|226|60|22|222|181|104|53|255|240|236|25|220|116|61|104|194|109|223|175|237|192|50|31|171|101|90|181|140|134|38|44|175|227|64|221|34|153|160|88|25|165|193|156|129|175|126|59|165|13|160|39|234|46|179|7|130|211|136|190|100|144|128|41|105|60|68|91|245|69|41|81|252|96|10|172|185|116|82|236|61|10|203|38|237|218|90|160|92|230|200|11|39|29|106|125|20|218|45|237|126|110|27|212|228|22|167|107|108|133|118|151|122|221|4|93|174|43|80|146|163|145|145|122|211|217|55|191|109|114|254|176|128|120|63|62|221|90|72|72|48|65|134|175|19|93|62|35|45|169|91|152|208|
Overall Best: 0.9196 Generation: 17

Generation 24
Average: 0.8998 Best: 0.9115
Best Individual: 
C0 58|29|197|133|110|52|88|112|7|152|57|202|164|71|43|210|31|72|227|92|94|117|188|115|82|85|199|47|129|207|154|15|85|160|62|155|28|149|181|206|178|5|37|82|49|248|133|38|23|119|145|162|243|198|78|102|230|71|245|106|11|9|104|142|116|94|148|91|50|74|181|208|48|82|95|108|177|251|101|212|57|180|149|91|144|136|40|62|112|204|83|147|201|232|181|96|220|178|146|110|218|58|224|252|85|147|71|19|14|230|119|8|137|46|119|24|215|81|242|194|14|110|200|122|132|43|254|57|165|84|135|125|247|11|140|159|227|140|221|56|91|146|228|44|10|143|138|32|176|12|44|208|43|176|138|188|118|254|48|50|154|132|120|224|144|210|41|236|99|68|66|65|69|216|98|252|234|166|172|20|116|243|236|61|162|203|38|109|35|208|160|168|133|9|183|65|120|106|138|247|155|23|237|83|222|27|34|228|22|46|107|195|123|102|200|122|221|4|102|163|235|29|2|52|18|145|183|211|171|92|136|109|114|223|108|128|243|199|62|243|90|129|122|172|65|134|167|58|169|226|35|225|31|36|152|179|
Overall Best: 0.9196 Generation: 17

Generation 25
Average: 0.9007 Best: 0.9121
Best Individual: 
C0 58|178|218|95|24|52|208|162|3|239|23|61|182|224|234|173|129|72|254|143|120|110|188|111|82|85|19|47|40|172|149|223|200|180|154|130|233|242|33|59|42|245|117|71|93|230|73|218|60|114|15|13|34|201|130|62|16|229|171|11|11|107|34|212|108|174|149|143|50|220|74|177|48|82|153|108|227|16|233|182|172|14|195|58|131|136|250|62|158|198|205|187|8|31|191|69|158|157|62|200|142|78|198|235|36|181|5|35|100|171|173|222|139|201|118|59|76|117|146|75|45|150|84|61|232|48|196|197|64|51|69|64|221|228|239|235|232|177|118|216|204|90|28|64|99|181|119|110|208|136|7|34|75|115|249|160|129|125|18|47|93|152|148|67|49|14|12|195|96|88|119|63|33|7|9|169|172|139|124|239|144|112|230|69|162|236|103|137|246|174|109|9|230|200|163|228|203|71|193|83|27|70|253|163|163|248|33|2|68|229|143|107|15|160|1|24|169|173|174|109|254|37|153|198|222|239|192|5|203|70|99|26|193|160|9|117|44|181|126|199|11|195|176|94|166|169|235|58|84|22|186|145|169|45|152|58|
Overall Best: 0.9196 Generation: 17

Generation 26
Average: 0.9011 Best: 0.9109
Best Individual: 
C0 58|1|141|95|85|205|208|162|21|68|16|202|182|29|134|28|129|74|109|208|149|110|188|91|228|25|124|186|147|186|210|201|102|171|198|109|233|242|14|88|120|5|251|176|49|125|180|114|103|145|241|159|18|185|209|62|204|97|171|49|11|194|42|171|148|211|148|210|50|211|74|177|102|82|231|108|227|26|233|107|171|61|195|12|96|241|250|62|79|26|205|10|8|31|250|74|91|47|146|110|20|187|248|252|226|60|22|222|181|104|163|255|25|236|33|220|249|61|104|194|109|223|175|237|192|50|31|47|101|222|41|190|252|219|239|134|80|134|241|195|153|234|158|177|229|138|118|138|42|143|237|66|62|160|117|83|27|14|205|241|47|64|131|24|144|180|96|7|96|88|191|65|58|136|98|43|192|230|114|15|56|206|236|254|121|214|140|144|77|10|121|186|20|201|174|208|158|28|109|91|97|3|8|248|163|203|124|2|68|73|213|28|15|74|1|12|31|173|52|109|146|37|3|198|189|34|125|46|126|70|246|17|9|133|187|216|20|149|92|27|163|161|62|48|65|6|69|58|93|62|35|9|169|45|152|179|
Overall Best: 0.9196 Generation: 17

Generation 27
Average: 0.9017 Best: 0.9178
Best Individual: 
C0 198|29|197|192|110|52|88|47|69|152|252|202|164|224|43|210|31|72|81|169|251|35|188|115|82|85|199|47|129|237|125|15|85|180|62|155|250|30|181|206|178|5|37|82|161|110|133|38|23|107|145|162|9|84|128|102|230|71|245|106|11|9|103|178|116|94|173|79|50|74|181|137|54|82|183|108|177|251|101|5|57|180|149|91|153|136|212|97|112|204|83|114|23|232|181|96|67|149|146|110|33|58|29|96|3|154|22|76|195|147|32|200|50|207|106|104|160|70|229|194|29|33|200|54|132|63|254|57|165|246|249|213|71|11|97|159|227|240|221|56|205|146|228|44|131|143|116|32|176|161|77|208|43|176|138|121|118|254|48|50|58|30|31|224|144|210|41|41|99|68|66|65|142|216|98|252|234|52|124|147|116|243|15|61|13|203|38|109|218|208|160|168|133|200|183|65|120|18|59|85|155|48|237|13|222|27|34|228|22|167|107|148|59|102|151|228|221|119|188|143|235|160|2|52|18|145|183|177|171|92|191|109|114|76|108|128|10|115|7|143|59|90|122|136|65|134|167|58|169|54|35|171|31|36|174|179|
Overall Best: 0.9196 Generation: 17

Generation 28
Average: 0.9021 Best: 0.9153
Best Individual: 
C0 83|52|47|42|166|32|120|30|98|173|122|42|99|115|220|2|160|245|51|12|28|16|162|27|220|11|199|47|129|207|154|15|85|160|62|155|28|149|181|206|178|5|37|82|49|248|133|38|103|28|24|94|131|161|181|62|204|97|171|7|11|204|42|171|148|12|148|210|208|211|74|177|102|82|231|108|50|26|135|88|4|29|195|239|178|21|235|220|112|26|205|10|8|97|179|74|91|47|146|110|20|26|15|96|226|60|22|222|181|103|53|255|25|236|33|220|116|61|56|194|109|223|175|237|192|246|208|171|101|90|181|149|134|180|44|170|227|64|148|34|153|160|88|25|165|29|156|182|175|126|222|165|134|160|39|234|120|211|13|130|211|136|190|100|144|128|232|105|26|82|91|245|69|41|81|88|225|10|172|185|116|161|236|61|10|203|206|101|218|90|72|83|230|101|40|65|29|141|129|119|65|45|91|83|246|27|22|27|22|72|149|195|4|102|210|122|197|113|243|15|202|80|24|227|145|7|61|60|160|92|111|48|214|254|176|66|208|4|62|78|90|72|71|227|13|154|58|58|37|17|250|51|2|97|3|126|
Overall Best: 0.9196 Generation: 17

Generation 29
Average: 0.9029 Best: 0.9159
Best Individual: 
C0 120|91|11|95|85|94|208|162|165|180|16|42|160|224|231|93|31|72|254|112|120|110|188|111|82|85|19|47|40|172|18|223|200|180|244|130|233|234|65|146|42|245|37|82|194|248|10|38|242|90|113|20|47|174|131|149|153|192|107|15|229|246|104|116|148|94|99|91|50|36|34|137|48|189|193|145|177|133|119|180|4|47|9|23|144|136|229|62|163|144|27|142|97|232|123|250|69|178|146|141|137|197|188|86|226|111|28|137|53|161|196|170|129|46|110|143|6|136|176|194|154|159|29|122|89|15|101|57|21|185|156|139|51|61|169|174|244|86|46|103|197|225|69|161|43|76|3|103|193|19|169|190|241|120|143|87|196|162|117|189|135|80|204|201|0|81|72|150|160|68|49|153|104|186|98|118|248|117|213|42|162|143|112|43|89|182|81|146|7|223|140|15|124|101|174|65|29|63|210|218|38|60|12|132|110|27|22|27|22|167|149|158|145|102|210|99|239|4|243|15|202|80|24|10|145|145|61|211|171|56|191|62|214|254|154|66|208|4|253|147|207|72|51|83|13|122|2|58|107|92|250|54|2|196|152|179|
Overall Best: 0.9196 Generation: 17
==================
    Best individual after 30 generations
    computed in 5,083.9650 seconds
    1465 elements out of 1593 correct.
    emerged in generation 17
    with fitness 0.9196
==================

