Starting evolution...

Generation 0
Average: 0.8961 Best: 0.9109
Best Individual: 
C0 239|127|120|252|97|193|177|231|136|86|30|160|90|214|165|23|24|44|148|71|6|105|9|173|13|151|70|46|210|93|32|130|50|79|190|247|47|164|182|190|174|54|59|37|38|3|164|200|147|206|60|73|193|44|131|251|180|222|165|234|177|154|204|189|2|13|130|62|230|131|252|191|177|175|124|56|49|210|126|145|214|34|124|176|16|18|111|198|81|91|36|124|59|146|140|88|24|142|18|188|149|93|203|7|92|20|10|219|152|169|123|214|5|239|131|228|96|222|233|254|113|165|70|49|235|108|232|226|155|49|246|152|51|245|182|221|241|88|203|163|49|160|28|5|142|177|214|114|254|120|197|43|162|8|140|68|146|75|53|189|50|246|117|218|211|94|195|83|134|253|55|57|13|223|140|248|224|76|109|94|228|11|84|157|103|8|230|251|115|68|167|43|75|231|79|102|29|181|208|25|154|69|98|28|60|54|98|165|77|14|18|179|207|108|109|237|117|57|96|18|172|144|176|141|167|168|194|39|246|52|65|155|248|148|75|163|209|232|141|4|56|233|2|90|143|197|181|175|50|66|17|76|214|9|142|250|
Overall Best: 0.9109 Generation: 0

Generation 1
Average: 0.8978 Best: 0.9077
Best Individual: 
C0 2|46|13|26|234|117|115|195|80|215|86|41|8|158|126|198|133|200|222|143|134|13|168|112|148|240|165|254|152|231|12|73|44|52|50|166|78|106|52|188|192|83|84|24|82|137|195|103|69|81|194|145|252|1|110|54|173|246|49|191|154|7|34|227|237|97|206|248|199|55|93|167|206|176|47|156|76|104|171|39|46|74|24|44|108|131|140|12|141|230|33|22|102|149|139|158|20|65|26|109|171|164|1|99|74|158|97|80|214|14|88|89|69|132|213|246|28|116|225|249|18|80|111|53|58|123|124|196|123|134|68|56|219|223|166|156|144|15|8|110|224|165|116|244|129|30|253|56|209|113|164|192|177|149|178|18|125|61|146|20|30|206|144|19|158|2|134|103|117|35|50|42|35|10|56|2|117|66|8|228|159|0|158|109|125|93|145|135|35|241|238|114|95|201|95|47|45|214|83|26|211|86|209|198|172|91|2|64|54|35|241|192|249|240|231|34|89|2|110|169|16|119|140|97|148|104|44|105|164|220|225|97|116|237|144|69|127|206|109|19|141|60|8|183|11|5|201|130|115|71|89|117|101|221|212|174|
Overall Best: 0.9109 Generation: 0

Generation 2
Average: 0.8990 Best: 0.9109
Best Individual: 
C0 216|202|120|96|92|63|150|1|35|239|94|82|247|1|209|216|225|28|57|59|239|102|78|9|42|56|17|239|245|113|11|11|99|238|9|38|190|126|251|104|98|89|172|255|43|35|167|31|14|138|89|246|135|177|192|100|105|20|88|144|186|187|226|83|71|70|200|205|74|252|81|95|222|198|85|242|64|188|115|147|4|212|33|180|95|252|100|236|189|217|202|34|217|174|22|28|114|13|73|69|204|229|38|173|243|160|207|65|15|97|31|77|22|173|121|153|50|173|40|168|114|146|179|12|166|22|99|33|183|150|55|89|59|11|145|217|179|1|83|143|250|157|191|121|130|150|111|11|14|224|148|81|183|30|144|182|133|151|130|234|228|163|124|172|95|167|75|46|129|255|87|60|192|193|151|66|161|91|78|121|246|22|30|226|188|122|44|2|215|235|245|40|177|160|241|21|14|149|226|24|183|22|192|220|14|149|175|203|112|27|28|238|61|101|221|103|160|216|28|239|212|160|216|107|18|141|113|127|51|254|171|46|163|24|1|25|17|49|117|153|10|218|131|181|77|63|221|208|236|212|219|193|179|175|110|10|
Overall Best: 0.9109 Generation: 0

Generation 3
Average: 0.8992 Best: 0.9140
Best Individual: 
C0 0|105|122|49|172|215|124|4|7|151|53|169|161|136|236|216|145|229|147|40|15|172|55|176|189|80|132|253|218|164|26|109|54|31|40|181|127|187|4|181|157|207|229|148|164|0|237|116|171|81|163|78|117|176|129|26|210|63|122|236|186|252|16|211|95|252|65|83|43|176|171|16|177|44|194|134|69|96|79|66|33|46|236|178|218|3|229|206|235|81|168|11|193|112|120|74|28|142|9|57|87|241|164|251|62|199|158|177|206|70|157|131|226|66|157|228|138|61|116|179|107|246|54|23|255|210|28|246|210|222|202|30|224|124|150|85|64|87|146|132|135|185|85|107|79|163|140|123|218|239|126|235|85|223|129|244|251|74|64|138|69|155|83|112|2|14|217|71|9|13|2|3|143|243|74|135|251|61|61|147|227|97|10|92|5|75|100|181|190|78|84|165|152|204|235|245|213|143|76|36|55|64|39|155|94|163|155|243|89|211|69|124|115|157|235|160|41|108|234|80|191|248|74|214|46|34|94|149|10|142|139|179|135|223|50|250|96|219|231|144|66|38|78|56|30|214|140|44|4|140|94|217|20|128|236|132|
Overall Best: 0.9140 Generation: 3

Generation 4
Average: 0.9005 Best: 0.9146
Best Individual: 
C0 128|168|18|77|32|253|83|211|62|208|83|16|218|243|26|214|60|50|162|15|211|196|122|54|190|116|155|126|233|89|108|166|34|12|245|167|154|146|169|180|92|133|215|161|50|243|91|164|162|192|104|13|86|178|140|240|102|40|41|141|33|28|112|63|206|120|96|162|162|57|101|7|176|67|233|3|153|1|247|130|9|54|26|193|136|196|194|239|198|101|203|44|13|239|102|179|185|14|230|122|235|94|220|52|163|143|96|61|174|41|96|3|189|249|7|239|145|174|10|141|125|110|104|2|186|14|193|100|59|220|156|168|27|54|88|2|133|212|69|62|82|254|3|17|74|180|23|229|83|245|173|140|9|217|138|149|210|161|20|92|156|25|95|50|198|69|156|221|29|197|43|95|116|64|19|27|122|93|189|210|200|86|42|120|155|19|243|91|132|160|46|161|185|193|177|2|0|54|23|168|93|28|20|128|16|209|2|74|54|35|72|192|249|240|231|34|89|2|110|111|16|119|140|97|148|104|44|105|164|220|225|249|110|237|144|62|127|206|145|19|141|132|63|114|11|126|151|212|116|99|15|98|105|169|129|1|
Overall Best: 0.9146 Generation: 4

Generation 5
Average: 0.9011 Best: 0.9159
Best Individual: 
C0 227|145|235|229|115|230|92|105|39|92|64|191|69|23|89|211|121|165|84|8|77|226|4|149|86|195|112|77|233|89|108|234|34|119|245|167|63|146|169|92|92|144|24|181|50|239|91|164|162|192|104|158|86|178|135|165|232|40|41|141|188|157|112|63|206|120|96|162|162|171|118|150|99|247|15|131|30|252|86|78|67|234|189|181|140|224|45|68|15|173|37|227|222|244|178|56|126|134|45|81|64|110|194|76|237|152|41|31|31|143|34|149|72|109|166|159|217|174|45|151|90|81|11|187|27|161|224|102|129|205|241|213|5|232|179|183|171|151|99|154|163|247|140|48|239|46|29|70|243|210|245|231|210|149|129|85|251|237|64|138|69|155|83|112|238|59|217|71|170|13|2|123|143|243|74|135|251|61|107|163|227|97|10|129|5|75|100|110|85|78|29|165|152|204|68|183|88|246|75|202|158|252|80|155|94|174|104|193|208|144|69|124|69|43|12|160|71|108|234|122|191|176|176|137|64|144|24|138|46|1|54|81|248|150|155|241|141|177|121|135|229|240|37|188|44|42|237|192|165|16|146|21|254|243|11|212|
Overall Best: 0.9159 Generation: 5

Generation 6
Average: 0.9013 Best: 0.9127
Best Individual: 
C0 227|145|94|229|115|195|92|105|39|92|64|191|69|23|8|211|212|165|11|8|77|226|4|149|86|187|154|77|148|89|108|57|34|119|245|167|63|146|169|92|92|144|243|80|50|148|91|164|162|192|54|158|81|178|9|175|232|40|41|141|188|157|219|63|206|120|96|97|184|171|163|150|99|136|131|131|124|252|191|78|146|234|189|204|140|224|45|103|15|26|37|227|242|244|178|56|126|76|31|81|128|110|194|76|237|152|41|31|31|143|111|149|72|109|166|159|217|174|45|151|90|81|155|23|27|161|224|102|205|224|241|16|5|232|179|215|171|151|99|154|163|247|159|216|239|46|65|70|243|210|245|231|210|149|129|85|251|110|223|138|243|17|98|112|238|218|217|71|170|61|2|109|143|243|74|135|251|237|107|163|157|76|10|129|5|75|100|110|190|78|173|165|152|204|68|183|217|246|76|202|158|252|80|205|155|123|104|193|26|144|69|124|135|125|12|160|71|108|178|122|191|159|176|130|76|144|24|138|46|1|51|81|248|150|155|241|141|34|191|135|229|240|37|39|44|128|237|213|165|16|146|21|254|31|82|101|
Overall Best: 0.9159 Generation: 5

Generation 7
Average: 0.9005 Best: 0.9140
Best Individual: 
C0 227|55|235|229|115|230|39|105|39|86|64|191|69|23|89|129|121|165|84|41|77|120|4|149|12|195|112|77|233|89|52|234|34|119|245|167|63|146|169|92|92|144|24|181|250|239|91|164|162|98|104|200|86|178|135|165|232|106|41|141|188|97|112|63|206|221|96|162|162|171|227|150|99|247|15|131|30|252|86|78|209|234|189|181|140|224|45|87|15|103|37|88|222|244|178|56|24|134|45|81|187|110|20|76|237|152|41|31|85|143|34|33|183|109|166|86|217|94|45|151|54|81|170|187|27|161|70|102|61|11|241|213|198|232|179|183|171|151|99|18|163|60|62|48|88|46|29|70|243|210|245|231|210|149|129|121|251|237|64|138|69|192|83|112|238|59|217|71|170|13|184|123|182|245|74|135|251|61|107|140|227|147|10|129|16|75|104|110|85|78|29|165|230|204|68|183|223|169|84|202|158|252|80|155|94|174|104|193|208|144|69|124|99|43|43|160|71|108|234|19|166|149|74|185|62|34|94|149|228|224|139|162|135|172|50|134|96|219|177|157|166|38|28|56|85|214|140|44|163|16|146|21|254|190|9|212|
Overall Best: 0.9159 Generation: 5

Generation 8
Average: 0.9027 Best: 0.9165
Best Individual: 
C0 67|254|235|229|115|230|29|105|39|90|64|221|69|23|89|129|121|165|162|41|77|120|4|149|12|195|112|77|170|89|74|234|34|119|245|167|78|119|169|92|92|144|24|126|250|239|91|116|162|98|104|200|86|178|31|165|232|106|11|199|188|97|112|63|206|221|57|162|162|171|227|150|91|247|15|131|38|252|86|78|209|234|61|181|140|224|45|87|15|103|37|88|222|244|178|56|24|134|45|81|187|110|253|76|237|152|41|31|85|143|34|33|183|109|166|86|217|94|45|151|54|81|170|85|27|161|70|102|61|11|241|213|90|232|179|183|103|151|99|249|163|60|62|48|88|46|29|70|243|210|245|231|9|149|129|121|251|237|64|138|69|192|83|112|238|59|217|71|170|13|184|123|182|96|74|135|251|61|107|75|227|147|10|129|16|75|104|110|85|78|29|165|230|204|68|183|223|169|84|202|158|252|80|183|94|174|104|193|208|144|69|124|99|1|144|160|71|108|234|170|166|149|74|185|62|34|94|149|228|224|139|162|135|172|50|134|96|219|177|157|166|38|28|56|85|240|140|44|163|16|146|21|254|190|9|212|
Overall Best: 0.9165 Generation: 8

Generation 9
Average: 0.9027 Best: 0.9159
Best Individual: 
C0 116|230|52|88|79|215|124|4|7|234|164|130|161|189|21|158|219|229|147|80|46|42|142|9|117|81|17|14|97|79|255|11|99|141|129|235|191|212|52|141|192|83|84|24|9|137|195|34|214|224|104|158|46|178|140|165|174|40|41|202|33|53|112|63|179|126|78|162|162|171|183|150|237|136|116|131|124|55|86|78|146|33|190|181|16|136|7|236|189|114|202|94|232|174|93|28|164|217|9|57|147|241|164|251|62|199|227|250|2|143|157|60|66|188|194|153|254|186|45|102|149|54|39|12|253|138|99|210|48|150|55|120|59|120|145|174|255|1|83|143|250|231|191|18|182|100|111|82|14|25|9|230|183|30|52|221|60|74|64|138|152|102|49|112|250|59|200|181|204|91|2|195|143|243|74|135|204|61|107|211|156|11|10|92|5|152|100|116|19|216|84|183|244|83|235|208|213|143|76|57|163|252|39|155|212|174|152|243|89|119|175|124|216|117|235|160|41|101|196|122|191|241|176|137|50|73|254|138|93|1|168|74|47|150|155|241|41|177|121|135|229|240|37|244|66|42|237|218|131|68|133|61|248|99|43|70|
Overall Best: 0.9165 Generation: 8

Generation 10
Average: 0.9039 Best: 0.9178
Best Individual: 
C0 122|131|152|244|231|33|162|97|210|228|53|37|161|229|173|216|157|229|238|128|120|162|167|169|13|148|150|141|152|251|145|73|199|59|188|235|179|106|52|141|192|23|84|24|9|137|195|199|182|140|129|211|46|178|8|165|174|40|41|201|5|165|97|248|72|126|239|162|224|4|183|4|155|102|116|131|51|55|86|78|146|94|190|181|16|136|45|68|215|173|37|227|222|200|178|15|126|134|45|81|137|127|160|30|188|152|134|117|31|86|77|88|97|169|253|86|79|71|18|242|175|4|98|25|110|201|69|145|84|1|64|14|145|242|159|29|140|153|224|30|222|208|43|79|58|64|57|22|159|68|148|253|122|180|68|126|31|25|245|67|91|206|166|15|85|107|107|166|47|163|242|30|169|233|129|159|225|153|80|62|56|145|3|155|110|10|126|105|132|12|23|57|173|59|140|151|233|156|60|149|42|58|59|140|148|252|238|137|70|134|149|172|82|219|80|161|255|162|23|194|169|46|150|244|56|244|115|215|10|210|166|112|25|40|119|180|223|88|193|105|160|72|11|54|171|76|69|188|4|194|43|157|93|157|92|135|
Overall Best: 0.9178 Generation: 10

Generation 11
Average: 0.9037 Best: 0.9134
Best Individual: 
C0 234|230|116|118|205|134|124|4|37|234|71|173|161|136|21|83|219|229|147|80|46|209|142|9|14|109|17|138|245|215|11|197|79|238|9|5|170|106|112|237|33|128|130|247|3|188|152|198|14|232|231|45|86|178|254|23|102|40|242|141|147|28|112|63|206|162|142|162|198|57|101|147|176|67|85|102|78|188|2|64|101|185|33|180|240|107|131|169|250|140|168|65|193|112|180|121|167|140|254|57|10|179|107|113|88|70|7|89|47|77|157|100|48|66|156|228|69|146|116|179|107|171|206|104|38|45|193|220|59|220|156|168|5|198|179|181|47|151|99|25|163|247|113|161|239|46|240|70|81|70|245|231|210|149|129|85|251|101|87|43|152|76|83|111|238|14|217|25|9|91|162|16|143|243|74|135|62|61|107|211|227|11|10|92|5|184|100|52|116|216|216|208|244|83|235|105|213|143|76|120|86|199|100|155|212|174|208|224|221|119|69|124|70|117|235|160|41|108|196|122|191|75|45|137|241|144|254|138|141|1|204|44|170|150|155|241|41|177|121|121|229|240|37|29|66|42|237|167|131|75|10|183|20|90|44|70|
Overall Best: 0.9178 Generation: 10

Generation 12
Average: 0.9034 Best: 0.9115
Best Individual: 
C0 234|222|116|118|205|134|124|4|37|234|71|173|161|136|21|83|219|229|147|80|46|209|142|9|14|109|17|138|245|215|87|85|79|238|9|5|170|106|53|237|33|128|130|225|3|188|152|198|14|232|231|45|86|178|254|23|102|40|242|141|147|38|112|63|206|162|142|162|198|57|101|147|176|67|85|102|78|188|2|64|182|185|33|180|226|107|131|169|250|140|2|65|193|112|180|121|167|140|254|57|10|179|107|113|88|70|7|89|198|41|158|3|189|75|245|137|131|15|19|141|122|110|64|108|186|72|193|85|59|220|156|168|5|198|179|181|47|151|99|25|163|247|19|161|239|130|240|70|81|70|37|231|210|149|129|85|251|101|87|43|152|76|83|111|165|14|217|25|9|91|162|16|143|243|74|71|62|61|107|211|227|166|10|92|5|184|100|52|116|216|216|208|244|83|235|105|213|250|76|148|86|199|100|155|212|174|3|224|221|119|69|124|70|117|235|160|41|108|196|122|191|75|45|137|241|144|254|138|141|1|204|44|170|150|155|241|41|177|121|121|229|240|174|29|66|42|237|167|131|75|10|183|221|90|44|70|
Overall Best: 0.9178 Generation: 10

Generation 13
Average: 0.9040 Best: 0.9140
Best Individual: 
C0 12|15|111|230|83|199|124|4|7|151|53|37|161|89|173|216|166|140|128|131|144|123|55|86|244|238|177|38|159|152|77|110|34|76|11|151|82|189|59|157|131|98|229|161|82|165|237|47|178|29|110|90|64|178|239|165|232|189|48|199|186|97|41|7|220|221|57|162|162|136|59|77|91|247|15|254|38|66|87|171|44|234|42|181|140|182|143|87|15|27|168|168|193|162|180|121|167|140|254|57|10|179|176|20|62|222|208|233|47|98|233|100|48|66|156|228|95|146|87|179|204|171|246|111|255|100|70|120|76|222|128|83|62|130|242|85|2|87|235|45|200|124|98|5|79|63|254|182|35|92|126|49|41|149|129|121|245|157|123|29|71|192|83|112|29|81|171|249|83|145|227|88|86|219|56|66|58|24|8|228|135|0|10|192|16|75|14|242|143|78|29|165|209|69|68|183|6|169|126|189|158|62|165|144|99|229|170|179|23|99|70|235|207|192|162|95|234|155|8|245|203|213|221|225|119|246|251|12|113|212|5|81|150|253|188|97|132|49|169|93|9|152|236|102|135|120|109|131|133|11|146|199|183|135|47|120|
Overall Best: 0.9178 Generation: 10

Generation 14
Average: 0.9049 Best: 0.9171
Best Individual: 
C0 150|195|235|92|190|34|212|4|7|74|163|173|161|160|104|158|244|229|147|237|15|192|198|43|193|109|230|116|245|215|11|20|250|84|144|5|170|106|112|181|22|128|93|128|9|249|91|56|162|244|104|200|43|178|84|164|232|106|11|103|241|24|130|20|206|162|96|162|150|6|236|191|176|188|76|3|66|48|154|243|209|54|96|226|30|220|107|168|38|32|25|71|111|145|173|72|35|74|28|201|69|5|118|76|147|152|41|27|85|143|212|33|104|109|210|4|144|151|45|151|35|81|189|49|27|161|70|163|103|24|237|213|198|120|228|183|172|253|99|18|106|60|62|48|88|169|178|70|165|251|184|165|198|44|74|62|60|65|86|73|140|79|85|41|230|139|35|234|232|30|213|46|170|94|13|56|231|194|160|68|170|165|254|175|141|98|131|135|237|111|169|251|107|47|204|95|115|45|224|18|7|129|79|135|19|229|170|179|221|99|25|235|206|245|11|131|180|41|6|65|86|49|95|94|19|246|52|145|29|33|5|53|150|169|188|78|132|134|169|215|121|78|91|102|135|94|129|243|7|192|94|217|171|123|9|212|
Overall Best: 0.9178 Generation: 10

Generation 15
Average: 0.9058 Best: 0.9153
Best Individual: 
C0 12|15|111|230|83|199|124|4|7|151|53|156|185|208|173|59|185|140|128|131|144|123|55|86|244|238|177|207|20|152|77|110|34|76|11|151|82|189|59|157|131|98|229|161|82|165|237|47|178|29|110|90|64|218|239|165|98|189|48|199|186|97|41|7|220|221|57|162|162|136|59|77|91|247|15|254|38|66|87|171|44|234|42|181|180|142|143|87|15|27|168|168|193|162|206|121|167|140|254|57|192|179|176|20|62|84|208|233|47|98|233|100|48|66|113|228|95|228|87|51|204|171|246|111|255|100|70|120|76|222|128|83|62|130|242|85|2|87|235|45|200|192|98|235|79|63|254|182|35|92|126|49|41|12|129|121|102|157|123|29|71|192|83|112|29|81|171|249|83|145|227|88|86|219|226|35|58|24|8|195|135|201|156|158|16|75|14|242|19|78|29|165|209|69|202|183|6|169|126|189|158|62|165|144|99|229|208|16|23|99|222|235|207|192|13|125|234|155|8|245|203|213|221|225|119|210|75|61|221|212|5|81|150|253|188|97|32|49|42|205|9|152|236|102|135|120|109|131|133|11|146|199|183|135|215|120|
Overall Best: 0.9178 Generation: 10

Generation 16
Average: 0.9061 Best: 0.9159
Best Individual: 
C0 22|60|180|100|135|34|212|4|7|234|163|173|161|160|121|158|244|229|147|80|46|192|198|210|193|109|230|116|245|215|11|20|129|84|9|5|155|19|112|181|22|19|205|66|250|249|196|56|162|98|104|200|43|178|133|70|126|106|11|2|189|77|210|193|178|48|89|101|43|97|171|147|222|120|229|81|80|116|84|238|184|239|94|193|204|31|56|134|224|101|75|253|124|79|134|45|227|14|230|109|235|250|197|28|85|244|159|61|174|41|96|66|189|249|7|197|131|183|20|141|125|109|38|108|91|12|31|249|8|216|128|87|123|22|242|39|2|87|119|45|96|66|196|107|95|136|22|170|38|134|126|60|85|149|84|121|245|132|168|138|127|192|83|244|230|139|35|234|232|172|213|46|240|94|13|40|206|194|239|68|170|38|254|126|141|98|72|196|237|111|169|240|107|250|204|95|115|196|224|18|7|163|79|135|19|229|170|179|221|99|94|235|31|245|11|228|180|59|6|65|178|129|163|58|86|189|189|22|29|33|5|53|124|194|188|78|246|102|169|177|9|110|236|6|135|70|70|230|165|75|10|82|132|90|44|83|
Overall Best: 0.9178 Generation: 10

Generation 17
Average: 0.9062 Best: 0.9190
Best Individual: 
C0 12|15|111|84|83|199|214|4|7|148|5|89|185|208|173|59|185|140|106|84|144|123|55|86|225|87|177|207|20|179|77|110|34|76|11|151|82|189|59|157|150|147|229|161|82|165|237|47|178|29|110|90|64|218|239|165|67|189|48|199|186|97|101|42|166|221|76|162|162|136|59|77|162|254|15|254|38|223|30|171|10|203|42|122|180|142|143|87|15|27|168|216|97|162|206|121|167|140|254|57|112|179|176|20|62|84|208|233|47|98|233|100|48|66|113|228|103|228|87|51|204|171|123|111|255|100|50|120|76|222|220|83|62|130|242|85|2|87|235|167|33|192|98|235|79|63|254|182|35|170|126|49|41|133|129|121|102|157|184|29|71|192|107|156|29|81|171|249|83|145|227|88|86|219|226|35|95|24|8|195|135|201|176|145|16|75|14|242|19|78|29|165|209|69|202|183|6|216|8|189|129|62|165|144|99|229|208|16|23|99|47|235|216|192|13|125|234|253|8|245|203|213|221|225|119|210|75|61|221|212|5|81|150|253|188|97|32|49|42|205|9|152|12|102|135|120|109|131|133|11|146|199|183|135|215|120|
Overall Best: 0.9190 Generation: 17

Generation 18
Average: 0.9053 Best: 0.9159
Best Individual: 
C0 197|58|33|92|190|8|54|158|7|43|163|173|161|136|150|8|244|229|147|80|46|192|159|112|195|109|197|121|245|153|11|20|116|198|102|5|193|106|112|181|69|230|80|139|3|23|147|146|21|127|42|2|212|110|229|134|214|63|214|50|186|180|161|140|190|123|2|101|194|97|186|147|222|208|242|124|200|221|234|237|25|239|94|193|204|31|31|134|224|195|253|253|124|145|94|189|165|14|230|109|187|186|79|28|233|90|96|61|76|41|137|3|132|249|252|20|51|117|171|152|107|75|130|109|36|45|193|100|59|149|192|168|117|198|204|179|47|87|81|197|255|120|140|161|239|46|144|84|215|210|245|163|210|70|129|85|251|101|94|44|114|155|83|112|250|215|144|85|215|91|2|46|54|94|230|243|122|212|77|179|8|47|49|175|167|2|131|116|248|116|9|13|9|18|97|95|115|175|224|18|89|251|175|135|91|254|72|179|221|26|4|235|222|3|11|205|254|119|155|73|160|16|221|225|119|246|251|12|113|212|5|81|150|253|188|97|132|49|169|93|9|152|131|183|166|56|86|158|136|100|66|133|77|196|31|148|
Overall Best: 0.9190 Generation: 17

Generation 19
Average: 0.9066 Best: 0.9171
Best Individual: 
C0 197|58|33|92|171|8|54|2|7|43|163|173|185|136|150|8|244|69|147|80|46|192|159|112|195|109|197|121|245|153|11|20|116|148|102|5|193|106|112|181|69|230|80|139|3|23|147|146|21|127|42|2|212|110|229|134|218|63|214|50|186|180|161|140|248|123|2|101|194|97|186|147|135|208|242|124|200|221|175|237|25|239|94|193|204|31|31|134|33|242|253|253|124|145|94|189|165|14|230|109|187|186|79|28|233|90|96|239|76|41|137|37|132|249|252|20|51|117|171|152|15|4|130|109|36|45|193|100|59|149|192|168|73|198|204|179|47|87|81|197|255|120|140|161|239|46|144|84|215|55|245|163|210|70|129|85|251|101|94|215|114|155|83|112|250|215|144|193|215|108|2|46|54|163|230|243|122|212|77|179|8|47|49|175|167|2|131|116|248|116|9|92|9|18|97|95|115|175|224|18|89|251|175|135|91|128|72|179|221|26|60|235|222|123|203|205|254|47|155|143|160|112|221|225|49|246|251|12|113|212|5|81|150|253|188|97|132|49|169|93|9|45|64|183|166|56|86|158|136|100|66|133|77|196|31|148|
Overall Best: 0.9190 Generation: 17

Generation 20
Average: 0.9050 Best: 0.9127
Best Individual: 
C0 221|60|97|162|135|34|212|4|7|234|163|180|161|160|121|235|244|229|147|80|46|240|171|210|193|109|230|116|245|215|11|20|129|84|157|5|155|120|112|181|22|19|205|127|250|249|196|56|213|179|175|200|43|123|133|70|24|106|103|255|189|77|44|193|99|48|89|6|230|97|171|147|222|120|18|81|80|116|24|11|184|239|94|193|204|31|64|213|224|101|102|253|124|251|134|45|214|14|230|174|235|84|98|254|85|244|159|170|174|41|172|66|121|92|7|197|131|114|11|141|125|109|38|108|91|12|163|100|167|252|242|87|123|246|242|39|94|87|31|45|96|66|164|107|95|136|22|170|247|134|126|151|85|149|84|31|245|140|12|73|124|79|78|41|15|111|5|135|143|241|198|46|170|94|230|72|122|212|77|179|8|47|184|168|167|2|131|135|238|116|9|13|9|69|68|183|156|169|29|189|245|62|162|144|99|205|233|179|23|74|34|171|207|192|162|95|234|233|155|245|250|57|77|57|86|189|189|22|206|15|5|53|33|24|107|177|246|81|169|177|9|99|236|6|104|238|70|230|190|75|10|65|132|90|44|83|
Overall Best: 0.9190 Generation: 17

Generation 21
Average: 0.9058 Best: 0.9146
Best Individual: 
C0 16|60|180|130|135|218|212|4|7|234|163|173|161|160|121|158|244|229|147|89|46|192|58|210|193|40|230|116|110|153|11|20|129|84|9|5|155|19|55|181|22|25|74|98|50|229|91|246|91|192|122|13|67|91|119|76|216|79|27|212|28|226|103|125|14|238|66|68|62|158|200|57|250|176|106|66|195|198|140|39|23|33|245|53|76|131|140|177|127|187|75|71|133|145|11|72|123|198|121|109|45|186|127|28|233|174|96|61|76|41|137|3|53|238|252|13|51|117|171|152|10|75|130|47|36|45|193|100|59|149|192|168|115|198|204|179|47|87|81|197|115|120|140|161|239|46|144|84|215|135|108|163|210|70|129|85|251|104|94|44|114|155|50|112|54|215|144|85|215|91|2|46|240|193|230|205|128|212|77|155|8|47|46|175|167|3|131|116|163|116|9|13|9|18|97|95|115|175|224|18|7|155|79|133|222|229|69|179|221|108|178|109|31|245|179|228|180|59|6|194|178|57|77|57|86|189|189|22|29|15|5|53|33|64|82|177|246|81|8|177|9|110|236|6|187|238|70|234|190|75|29|65|132|90|44|46|
Overall Best: 0.9190 Generation: 17

Generation 22
Average: 0.9053 Best: 0.9165
Best Individual: 
C0 197|58|33|92|171|8|54|209|7|43|163|173|143|136|150|8|244|48|147|80|46|192|159|112|195|145|197|121|48|153|11|20|166|148|102|102|193|106|112|174|69|230|80|139|3|226|47|146|21|73|42|2|52|110|229|225|135|12|134|227|116|47|112|11|206|48|181|170|43|82|84|147|112|208|242|124|200|60|175|237|25|239|94|193|204|193|31|134|33|242|253|253|124|145|94|189|165|14|230|175|187|92|103|28|189|90|96|239|76|149|172|254|189|212|118|197|113|114|20|4|42|109|38|108|91|12|31|191|76|121|128|235|120|97|242|230|2|87|235|167|33|192|98|235|79|63|131|81|208|251|251|165|79|122|36|62|60|165|215|73|114|138|78|41|49|82|5|234|13|248|173|93|170|43|59|243|122|212|22|9|121|209|8|27|192|128|210|217|116|228|9|70|9|171|46|95|167|175|223|18|48|251|175|134|91|52|10|150|251|139|69|229|35|17|12|202|71|45|21|64|191|159|176|62|28|206|251|240|20|69|29|179|110|34|144|164|43|49|224|93|9|45|220|17|166|56|86|158|136|100|130|133|77|186|31|148|
Overall Best: 0.9190 Generation: 17

Generation 23
Average: 0.9053 Best: 0.9159
Best Individual: 
C0 71|195|84|229|65|146|67|77|245|174|64|104|69|23|89|176|124|221|109|5|203|211|67|49|62|148|73|137|11|225|121|244|170|23|7|117|140|239|137|181|22|128|93|221|9|249|136|56|125|165|104|121|68|24|84|127|232|246|11|103|56|33|82|32|229|238|14|165|150|6|33|143|4|225|30|144|223|128|10|19|182|99|71|193|160|8|2|11|79|138|238|38|5|71|211|90|145|14|97|123|235|61|86|204|189|152|12|191|65|108|104|199|227|205|47|42|147|77|150|43|35|76|162|166|126|15|212|151|105|248|237|251|198|211|133|189|115|151|175|168|106|49|62|89|29|15|254|81|80|80|126|202|173|132|129|171|115|50|201|85|71|22|107|156|143|81|171|249|73|249|227|88|86|136|211|212|95|24|41|195|135|201|148|145|16|125|17|242|19|177|47|165|209|69|202|183|6|16|8|251|129|62|165|97|99|22|99|86|23|30|47|208|69|179|105|160|109|121|8|245|8|213|221|129|19|251|165|46|29|97|30|227|150|194|46|101|163|55|121|97|146|223|77|40|39|189|24|44|19|147|242|48|103|79|144|9|
Overall Best: 0.9190 Generation: 17

Generation 24
Average: 0.9049 Best: 0.9190
Best Individual: 
C0 157|235|111|95|32|222|6|180|112|106|101|37|161|129|173|117|163|227|12|41|64|123|113|86|195|66|24|38|233|86|103|77|130|55|195|186|69|245|239|231|253|244|254|128|179|59|191|47|71|29|110|90|64|39|171|165|67|189|48|176|204|125|109|139|220|138|110|118|80|59|201|24|176|244|30|164|66|133|38|206|202|106|34|193|204|79|31|239|63|164|139|38|133|145|11|72|123|61|121|109|72|186|221|249|194|42|96|61|76|41|137|3|127|238|252|13|51|35|171|43|10|61|130|47|36|108|239|100|59|149|192|213|68|50|7|180|17|9|255|18|93|26|62|83|88|169|178|51|92|51|243|45|7|24|250|19|253|230|168|209|194|192|102|199|183|81|35|93|238|253|177|164|240|94|177|241|171|24|117|83|145|69|208|44|162|36|212|237|38|85|162|149|82|112|68|145|137|207|126|189|245|52|75|78|99|205|233|179|23|35|69|233|34|107|116|187|48|64|216|237|117|104|45|89|92|251|189|193|29|5|5|0|127|30|38|123|41|224|208|93|67|58|236|13|135|112|145|101|76|27|146|36|180|135|175|133|
Overall Best: 0.9190 Generation: 17

Generation 25
Average: 0.9046 Best: 0.9215
Best Individual: 
C0 71|195|84|229|65|146|67|77|1|174|64|104|69|23|194|176|33|221|109|5|203|211|67|49|62|244|73|137|11|225|121|244|170|23|7|49|140|22|137|181|22|128|93|221|9|249|136|100|125|165|104|121|68|24|84|127|60|8|11|103|56|33|82|32|229|238|98|54|150|53|33|46|219|225|30|224|223|128|168|19|182|107|71|193|160|8|2|11|159|138|238|38|103|212|211|90|133|14|97|50|74|61|86|204|189|152|12|191|101|108|104|199|227|123|47|42|147|77|202|43|53|108|38|209|91|45|193|163|103|174|121|213|50|120|148|20|206|82|99|27|93|77|85|177|117|169|1|70|69|137|150|68|126|224|74|192|18|107|86|204|116|19|67|236|230|241|112|17|232|172|213|59|248|201|13|56|171|24|108|92|101|133|169|165|176|46|247|231|238|110|174|179|9|18|97|95|115|175|224|18|32|155|79|133|197|229|69|49|221|108|98|115|207|192|140|145|78|183|105|204|160|49|12|225|201|178|39|143|206|220|5|81|225|253|80|99|32|49|201|109|245|246|12|235|135|7|109|131|19|147|242|48|103|20|144|9|
Overall Best: 0.9215 Generation: 25

Generation 26
Average: 0.9045 Best: 0.9165
Best Individual: 
C0 221|227|254|90|135|147|212|4|53|245|163|234|141|160|121|235|244|229|147|235|46|240|174|5|172|109|230|116|253|215|80|141|168|84|157|85|91|160|112|181|181|204|205|127|250|161|196|56|54|164|175|2|52|110|32|107|132|12|150|227|63|47|112|11|74|48|181|101|43|230|171|100|222|220|18|81|121|116|24|120|184|239|1|152|204|31|64|213|224|101|102|78|130|251|134|38|255|56|193|174|56|142|98|92|85|247|120|170|174|81|25|246|71|92|252|20|147|106|171|152|88|75|130|254|36|172|146|100|59|149|139|168|151|177|0|66|36|230|217|167|33|192|91|75|95|208|47|170|65|183|126|34|85|29|177|31|245|7|141|73|124|93|78|41|69|1|5|6|143|72|6|46|197|94|231|72|44|212|98|179|122|97|184|166|167|59|191|117|238|151|172|13|9|69|215|139|212|169|111|189|245|162|252|144|28|178|1|179|66|74|240|171|70|192|162|95|234|233|155|245|250|137|77|126|47|224|189|42|206|207|5|53|117|181|6|177|246|81|246|121|102|43|6|235|104|238|70|183|190|167|10|153|132|136|233|83|
Overall Best: 0.9215 Generation: 25

Generation 27
Average: 0.9055 Best: 0.9153
Best Individual: 
C0 12|250|111|35|104|144|124|30|178|27|101|28|161|45|125|232|140|176|99|111|144|223|244|196|244|66|127|198|168|174|131|213|200|238|145|111|36|92|234|23|66|128|168|117|212|211|26|129|186|200|46|161|109|230|14|179|80|165|26|173|115|161|51|160|37|81|3|9|239|65|141|212|66|102|224|49|51|160|153|78|5|106|34|193|65|236|232|14|163|164|70|38|194|145|11|72|75|61|48|109|72|37|85|119|175|43|67|115|149|41|199|2|221|15|7|22|122|202|20|141|35|76|162|166|61|15|212|151|105|248|237|71|198|211|133|20|160|254|99|66|106|5|62|89|237|196|66|81|118|135|108|119|210|153|239|85|238|104|94|104|114|239|50|112|54|66|169|85|36|91|2|46|11|193|111|155|128|212|162|155|8|47|235|175|67|3|131|116|163|88|9|76|78|204|46|209|22|175|224|18|224|96|117|135|91|202|74|179|221|156|220|235|20|236|57|228|11|138|6|104|160|16|227|165|149|2|85|6|113|114|121|81|150|253|8|97|252|49|130|29|247|110|236|240|139|82|109|131|226|26|186|199|231|135|42|42|
Overall Best: 0.9215 Generation: 25

Generation 28
Average: 0.9054 Best: 0.9146
Best Individual: 
C0 167|44|7|211|104|144|163|152|112|27|101|28|161|45|125|232|140|176|99|111|144|223|244|196|244|66|127|198|110|174|206|213|134|238|145|5|36|92|20|23|66|28|186|117|212|211|26|129|229|118|46|232|109|60|14|179|45|165|26|35|18|161|51|160|37|81|3|9|239|65|141|212|66|165|224|45|51|160|153|78|5|106|34|138|9|45|100|14|163|164|70|38|107|145|12|124|246|45|105|165|127|99|118|78|200|19|7|86|85|201|142|159|41|11|106|4|144|145|56|255|106|81|152|10|49|233|183|163|130|219|50|190|64|115|228|20|160|253|99|18|182|77|85|83|88|169|178|194|13|100|160|107|24|79|54|85|64|163|94|101|20|152|6|34|40|141|77|18|103|37|213|210|253|63|231|72|98|212|140|179|122|125|201|49|48|59|191|189|225|151|172|13|9|69|215|139|212|169|111|189|245|162|252|139|99|255|1|71|58|74|180|171|250|192|208|95|234|233|155|245|235|137|77|196|47|157|118|42|206|190|5|164|117|189|6|79|246|81|111|121|102|43|6|235|104|238|70|216|146|75|36|34|132|90|44|83|
Overall Best: 0.9215 Generation: 25

Generation 29
Average: 0.9052 Best: 0.9146
Best Individual: 
C0 12|250|111|35|129|2|124|30|178|27|157|28|108|45|125|232|140|176|99|90|144|223|244|196|125|66|127|198|168|174|131|213|200|238|0|111|36|92|234|23|97|128|168|117|211|162|26|129|254|200|46|161|109|137|14|41|80|165|26|173|115|161|51|160|168|178|3|9|239|247|141|212|66|86|224|49|51|160|153|78|5|106|34|171|65|205|232|14|163|164|70|38|194|145|11|72|128|61|99|126|72|37|166|119|175|43|67|115|166|41|199|2|221|212|7|197|182|114|12|158|42|109|138|108|91|12|31|191|76|121|128|250|154|97|175|54|2|44|57|167|2|192|91|75|95|208|151|170|78|157|187|160|85|29|41|31|245|7|192|224|114|169|50|248|145|66|178|85|215|91|2|46|11|193|145|151|128|212|162|49|8|47|79|175|67|3|147|116|163|88|92|153|9|87|46|139|156|84|26|18|224|180|117|135|91|202|74|179|221|156|220|235|20|236|39|228|11|138|131|29|160|16|103|165|103|2|85|6|113|114|121|81|150|253|8|174|252|49|211|29|247|118|236|240|139|82|109|131|226|26|186|199|231|135|104|42|
Overall Best: 0.9215 Generation: 25
==================
    Best individual after 30 generations
    computed in 5,940.4070 seconds
    1468 elements out of 1593 correct.
    emerged in generation 25
    with fitness 0.9215
==================

