Starting evolution...

Generation 0
Average: 0.8277 Best: 0.8606
Best Individual: 
C0 152|120|57|133|229|195|235|64|148|87|99|146|113|160|24|109|57|151|236|101|115|120|245|149|131|12|138|185|76|112|43|139|254|88|218|57|17|146|186|247|135|58|10|244|80|131|202|194|145|18|186|61|145|234|125|4|237|182|84|104|189|173|9|64|106|177|25|63|216|92|181|211|223|124|160|35|212|93|85|171|120|89|165|67|84|190|94|197|66|213|52|74|157|182|212|18|93|44|167|109|44|57|125|168|93|239|20|211|146|55|57|116|164|208|255|162|146|93|99|198|208|99|132|61|184|112|144|110|138|34|74|116|192|154|38|77|71|48|229|194|162|78|134|131|202|139|150|198|25|130|215|160|129|165|105|153|217|119|168|142|249|163|59|188|251|84|236|4|28|187|35|171|45|48|27|205|225|104|63|97|182|104|101|43|169|100|236|78|113|93|78|20|113|184|222|146|43|226|41|42|141|66|168|129|34|17|40|153|169|119|165|177|145|55|33|69|38|91|89|46|113|35|37|234|31|226|169|138|238|254|132|38|185|55|151|224|60|105|247|126|120|157|85|9|176|165|229|232|179|237|216|141|109|240|30|99|
Overall Best: 0.8606 Generation: 0

Generation 1
Average: 0.8330 Best: 0.8575
Best Individual: 
C0 17|35|71|9|85|13|75|44|204|74|96|242|135|195|178|248|2|109|205|249|168|243|41|74|78|160|209|249|141|233|123|23|28|43|55|220|146|194|106|225|83|154|214|177|205|101|121|40|135|27|17|219|252|61|16|99|172|19|253|12|81|191|168|82|160|47|51|240|43|36|252|106|41|103|234|16|163|8|23|163|33|166|118|202|18|177|149|1|247|27|35|162|24|142|186|124|207|94|218|209|77|103|216|76|204|242|63|57|250|31|141|151|77|209|12|35|171|173|134|22|84|250|232|87|37|155|9|55|62|73|8|185|73|199|21|187|109|213|58|79|128|121|141|241|182|188|80|167|178|145|43|244|170|243|240|241|236|148|188|158|253|230|239|20|82|104|130|133|123|136|169|191|119|5|57|3|190|36|219|152|110|75|95|127|132|120|242|123|184|203|12|231|21|212|99|115|185|122|45|83|111|177|177|44|168|183|175|159|176|43|199|30|0|233|226|189|33|158|235|188|129|175|44|65|34|218|141|86|21|11|58|111|102|51|211|29|9|199|81|86|53|47|228|111|158|245|200|95|206|209|150|12|21|138|233|239|
Overall Best: 0.8606 Generation: 0

Generation 2
Average: 0.8404 Best: 0.8632
Best Individual: 
C0 213|41|238|110|95|149|9|37|192|28|146|188|136|67|18|179|228|14|30|199|24|112|225|41|176|176|243|83|49|144|194|115|148|106|215|237|153|110|176|39|224|235|4|118|6|243|153|99|6|243|60|247|206|178|187|14|58|206|180|73|90|102|240|24|61|230|150|8|159|7|243|171|95|96|81|103|112|138|39|114|22|80|142|203|86|187|74|87|171|181|127|161|242|156|213|111|81|74|116|77|165|212|231|150|26|98|213|117|169|201|4|172|183|203|41|109|219|11|166|253|35|0|72|163|148|70|151|101|185|158|32|79|194|30|243|160|193|196|160|72|116|38|63|187|36|44|193|4|157|96|229|231|124|145|80|243|79|124|8|104|44|220|70|110|221|10|131|165|237|10|231|70|148|86|125|195|20|77|68|182|37|192|204|113|76|202|82|134|183|178|124|155|79|139|132|32|221|229|248|88|9|1|191|195|185|96|145|3|33|51|147|250|228|37|106|62|215|251|165|168|16|157|2|30|235|23|190|110|26|179|227|157|83|46|150|128|126|5|67|95|139|133|160|16|165|226|109|20|251|118|217|50|87|67|117|141|
Overall Best: 0.8632 Generation: 2

Generation 3
Average: 0.8414 Best: 0.8669
Best Individual: 
C0 152|113|57|133|229|195|244|43|81|87|99|146|113|160|24|165|57|151|236|101|115|120|245|149|131|12|138|185|82|112|43|139|254|88|218|57|17|193|186|247|135|35|10|244|198|131|202|154|145|18|186|61|142|234|125|4|237|56|84|104|189|173|9|192|106|177|25|63|216|92|181|211|223|124|22|35|212|93|85|171|200|89|236|67|206|190|198|245|66|213|166|74|160|247|212|18|93|44|236|109|207|57|125|168|93|102|20|180|146|55|57|220|109|253|255|162|146|93|246|198|208|99|132|194|184|112|144|110|138|34|74|116|94|155|38|77|71|48|159|194|162|78|134|131|145|139|150|198|25|130|215|160|125|165|143|153|217|119|168|142|152|101|189|29|87|77|243|55|93|226|41|26|50|31|196|161|242|221|105|109|122|238|203|204|198|192|76|49|127|92|71|123|43|175|8|109|77|183|155|129|10|254|122|22|65|167|177|45|22|118|47|56|183|192|7|147|6|253|150|191|110|31|240|243|242|219|229|50|39|87|95|253|15|9|18|190|88|156|254|234|236|29|159|199|167|42|15|239|135|30|214|184|140|82|30|99|
Overall Best: 0.8669 Generation: 3

Generation 4
Average: 0.8425 Best: 0.8688
Best Individual: 
C0 75|132|228|169|11|99|119|112|117|37|145|78|20|149|148|239|20|224|204|214|221|165|138|129|182|166|112|171|15|177|8|96|166|72|48|143|77|163|38|40|132|58|46|52|138|71|135|221|169|149|30|6|120|145|143|74|161|160|117|85|114|16|191|102|253|226|32|35|60|100|66|245|219|89|140|68|174|179|139|52|18|1|7|154|209|47|105|107|73|219|21|107|112|127|248|84|160|47|178|150|241|141|0|183|191|116|141|164|69|64|146|192|81|186|167|26|236|247|213|119|40|143|88|13|75|74|17|85|202|73|250|179|249|54|202|81|161|162|45|97|140|122|225|171|118|15|163|238|141|97|224|33|236|12|219|70|92|11|22|28|180|163|204|63|149|83|211|49|48|113|206|98|119|157|140|118|83|17|199|231|16|201|110|108|116|38|160|216|150|240|104|236|149|64|160|55|91|228|246|99|34|64|223|125|149|208|12|217|33|131|208|3|217|235|235|209|145|166|133|143|8|70|70|195|248|61|251|5|78|37|121|126|210|36|191|183|208|35|7|169|208|85|100|169|59|159|213|28|200|7|64|223|41|119|98|164|
Overall Best: 0.8688 Generation: 4

Generation 5
Average: 0.8462 Best: 0.8675
Best Individual: 
C0 4|11|110|111|191|33|60|179|9|50|134|222|160|165|226|131|149|70|101|70|84|178|94|121|182|166|112|171|15|177|8|96|166|72|48|143|126|163|38|40|132|58|46|52|138|101|135|221|169|149|30|6|120|145|143|74|161|160|117|85|114|16|191|102|218|226|32|35|60|100|66|245|219|89|140|68|174|133|199|11|32|145|10|90|225|154|69|147|168|223|99|60|111|19|77|70|234|241|212|193|85|70|177|193|7|136|74|83|43|116|6|78|20|169|151|120|68|56|13|154|185|185|91|119|93|58|104|233|91|75|171|93|95|232|75|99|200|153|105|242|28|202|144|219|67|244|56|59|254|90|132|199|137|91|165|118|85|185|205|254|154|246|12|87|77|226|63|3|145|28|44|61|86|125|231|99|97|15|46|199|127|38|106|89|201|82|204|240|229|51|77|133|86|78|24|201|122|232|108|130|1|31|113|137|142|149|24|8|252|23|165|57|209|126|110|161|130|77|85|218|50|11|159|197|210|51|166|128|178|12|163|213|99|67|198|172|27|161|204|242|165|227|154|180|45|28|92|180|188|193|202|127|83|94|90|70|
Overall Best: 0.8688 Generation: 4

Generation 6
Average: 0.8482 Best: 0.8738
Best Individual: 
C0 4|11|110|111|230|33|60|179|9|50|134|222|160|165|226|131|149|70|18|70|84|142|208|121|182|166|196|171|92|177|8|96|166|72|48|143|126|163|38|210|132|58|46|52|138|101|135|221|169|149|30|6|120|145|143|74|161|160|117|85|114|16|191|102|218|226|32|35|60|100|66|19|219|89|140|68|174|133|199|11|32|145|10|90|225|66|69|147|168|223|99|60|111|19|77|22|234|241|212|193|85|70|210|193|7|160|74|83|43|116|6|78|217|169|151|120|68|56|13|154|185|185|91|119|146|230|104|233|91|75|171|93|95|232|75|188|200|153|105|242|28|202|144|219|67|244|56|59|254|90|52|199|225|201|165|118|85|185|205|254|154|246|12|87|77|226|63|3|117|28|134|61|86|125|231|99|97|15|46|172|127|38|106|89|201|82|204|240|229|51|77|133|86|78|24|201|122|232|108|130|1|31|113|137|142|149|24|8|252|71|165|57|209|126|110|161|130|77|85|218|50|11|62|197|210|51|166|128|178|12|163|213|99|67|198|172|27|161|204|242|165|227|154|180|45|176|92|180|188|193|202|127|83|94|90|241|
Overall Best: 0.8738 Generation: 6

Generation 7
Average: 0.8475 Best: 0.8688
Best Individual: 
C0 239|152|71|9|161|13|129|88|171|139|198|148|182|194|70|187|67|205|49|85|169|103|192|209|240|61|59|127|200|15|197|110|63|190|219|137|230|21|166|130|83|135|214|229|227|101|121|98|171|27|149|42|118|61|90|78|172|76|253|96|7|191|214|82|160|216|51|254|163|36|252|209|41|103|76|189|36|155|131|138|63|103|142|72|152|179|53|231|81|242|123|194|218|177|135|16|39|198|48|172|188|118|103|234|87|228|63|245|158|74|223|49|85|171|12|230|79|187|21|200|27|140|220|242|235|136|212|34|10|220|167|27|126|112|76|96|160|157|223|50|63|252|44|171|118|19|87|238|141|97|224|183|170|243|240|53|36|41|231|118|124|5|49|213|109|13|219|214|214|164|83|4|50|31|196|161|242|221|105|8|221|238|203|204|148|192|76|34|177|93|78|249|113|224|222|132|141|137|59|175|64|149|202|204|115|141|172|219|196|104|182|202|61|106|152|200|185|10|201|88|78|204|64|43|83|154|143|12|21|11|79|154|102|102|231|29|9|70|242|86|53|95|195|106|243|127|200|95|10|209|150|19|21|38|2|138|
Overall Best: 0.8738 Generation: 6

Generation 8
Average: 0.8507 Best: 0.8701
Best Individual: 
C0 250|183|57|133|183|195|177|64|148|93|99|146|42|140|63|157|57|39|236|19|176|124|28|32|106|244|61|185|5|42|144|85|15|163|205|68|153|172|11|135|72|79|243|146|115|31|208|34|28|95|128|223|145|150|125|30|237|182|253|199|81|191|168|82|160|191|51|102|43|204|252|62|193|95|29|175|163|252|23|101|237|124|118|202|18|96|149|1|110|165|35|162|24|142|186|220|207|205|218|15|157|103|216|207|11|242|63|57|250|113|78|55|77|71|84|187|230|173|113|22|84|43|232|158|213|125|253|93|233|73|8|185|73|127|21|77|229|79|93|249|60|148|147|101|40|133|149|64|246|81|137|166|23|107|199|142|246|142|142|133|156|50|239|20|171|34|26|62|45|218|66|95|119|154|57|206|200|185|219|47|110|75|121|127|162|91|186|54|197|17|234|101|48|107|4|131|200|120|239|244|140|65|253|249|224|42|246|192|204|227|27|2|223|189|13|118|202|82|237|33|71|78|160|254|83|136|99|129|150|55|91|182|211|28|17|217|201|43|129|104|181|35|208|253|149|136|235|197|6|190|182|114|57|41|231|62|
Overall Best: 0.8738 Generation: 6

Generation 9
Average: 0.8539 Best: 0.8839
Best Individual: 
C0 36|238|238|221|50|149|60|80|204|47|96|189|155|62|91|49|155|109|179|27|69|243|146|74|78|160|53|249|141|85|144|186|15|143|206|18|153|1|114|230|32|24|74|233|135|237|132|88|187|230|177|147|92|12|188|121|151|15|161|63|9|41|47|213|100|21|81|122|8|192|15|155|93|212|160|138|110|104|85|175|128|89|165|123|53|189|149|54|247|27|135|35|129|183|53|70|209|94|56|21|14|103|216|76|194|242|63|14|250|188|218|196|2|29|4|64|201|69|234|114|159|248|171|149|30|232|148|149|202|73|250|179|249|54|190|81|161|162|10|97|140|188|225|38|118|15|163|238|223|122|224|124|96|110|190|180|210|108|137|77|177|142|70|144|75|10|131|165|237|57|231|70|148|118|66|195|20|77|171|182|37|192|37|113|89|202|39|134|183|218|165|155|79|99|132|32|221|229|248|88|210|193|191|5|136|207|145|83|33|51|147|67|228|228|122|62|215|82|165|168|108|157|2|247|235|8|48|110|31|179|179|133|119|26|74|128|126|5|227|125|139|67|103|50|42|240|109|20|62|118|217|86|124|67|212|219|
Overall Best: 0.8839 Generation: 9

Generation 10
Average: 0.8531 Best: 0.8770
Best Individual: 
C0 24|238|144|241|50|149|189|13|115|49|96|189|86|66|178|49|155|145|179|27|168|243|146|74|78|160|82|249|141|85|144|129|15|133|205|135|153|1|97|230|32|24|113|233|50|106|132|127|187|230|67|82|92|12|60|121|151|57|161|63|148|225|47|213|68|21|140|122|8|192|15|62|195|212|160|138|110|181|85|76|128|226|98|123|53|241|178|138|164|192|101|178|143|180|139|162|185|68|249|225|64|195|18|9|90|95|111|245|65|225|128|213|240|226|112|120|15|1|195|69|144|13|239|94|13|50|22|92|69|160|25|170|61|175|153|230|212|105|225|162|64|84|54|240|51|215|236|11|4|162|41|105|96|21|52|180|210|108|137|77|40|142|70|166|221|10|131|165|237|57|231|70|148|77|157|195|83|17|199|231|37|57|204|113|89|202|58|134|50|218|124|173|79|139|90|32|221|214|229|88|210|175|191|195|231|149|145|83|33|51|147|67|228|34|122|62|79|16|165|168|16|157|208|247|89|183|190|110|99|179|179|133|227|26|74|128|126|5|227|95|143|139|103|95|139|226|109|20|62|118|194|86|124|67|57|219|
Overall Best: 0.8839 Generation: 9

Generation 11
Average: 0.8564 Best: 0.8770
Best Individual: 
C0 36|229|238|221|50|149|60|60|3|47|113|78|155|62|91|237|155|236|179|27|182|238|146|74|78|160|53|249|141|85|179|186|141|143|206|18|153|1|159|230|32|24|74|233|135|237|132|88|187|230|145|147|92|12|86|121|151|84|161|63|9|41|47|124|100|21|81|122|8|192|15|201|93|212|160|138|110|104|86|175|128|89|165|123|14|189|149|70|247|27|178|35|2|183|92|70|209|94|56|21|14|103|216|75|194|156|109|14|160|188|218|196|2|128|4|64|201|69|234|114|159|248|171|184|30|232|148|79|202|73|121|179|249|90|190|81|161|162|179|81|78|104|162|30|104|29|44|42|180|223|78|32|95|10|220|69|239|189|142|133|43|91|239|20|141|56|238|234|184|218|18|137|119|6|57|233|200|71|219|192|67|238|203|204|148|192|26|34|177|93|78|249|113|224|222|209|141|137|59|91|64|149|202|204|115|141|172|2|196|104|182|202|61|106|152|200|101|10|201|152|78|178|64|149|83|154|143|148|221|11|50|225|119|26|74|128|126|5|224|125|77|67|77|216|42|240|109|20|62|118|217|76|124|67|212|219|
Overall Best: 0.8839 Generation: 9

Generation 12
Average: 0.8563 Best: 0.8776
Best Individual: 
C0 75|251|117|169|11|11|119|145|79|108|186|107|166|149|213|239|169|4|84|163|7|138|138|129|97|218|139|12|210|117|245|96|161|230|43|174|93|3|223|40|132|19|75|12|138|71|196|139|135|105|177|156|11|24|188|27|186|15|161|206|148|41|47|213|68|243|44|242|8|192|15|155|93|212|160|138|110|218|85|175|128|235|165|123|53|241|106|147|62|212|229|75|223|77|204|212|98|205|249|225|252|9|25|172|90|137|138|124|146|195|198|124|164|189|59|206|146|196|182|69|208|99|36|80|119|112|144|110|18|202|248|177|179|154|55|28|117|239|88|109|223|152|58|16|102|44|208|167|29|145|192|244|185|243|137|241|236|14|188|158|137|241|13|160|82|1|149|130|123|68|246|72|119|83|51|220|187|36|219|152|70|141|202|108|45|38|183|216|6|122|173|42|149|64|32|55|56|228|181|29|34|64|186|5|111|161|114|57|33|118|161|206|68|235|235|120|145|166|182|19|162|60|70|195|193|61|127|5|60|185|121|220|210|43|141|57|116|35|7|169|208|187|100|123|129|140|9|72|151|7|100|223|172|85|92|232|
Overall Best: 0.8839 Generation: 9

Generation 13
Average: 0.8577 Best: 0.8832
Best Individual: 
C0 250|250|57|230|183|195|177|64|148|93|99|194|42|140|163|130|1|39|236|231|96|124|28|32|58|244|61|208|176|42|144|85|80|163|205|68|153|172|48|168|72|79|243|78|115|31|146|191|145|35|186|139|152|234|182|66|161|193|60|195|9|222|47|213|190|21|81|122|8|192|15|155|234|212|160|138|110|196|85|175|128|89|254|78|14|189|194|124|247|27|79|160|2|183|92|70|209|231|56|21|14|124|216|76|194|242|109|132|160|188|218|196|2|29|4|64|65|69|234|114|48|43|171|184|30|10|148|79|108|73|121|7|249|242|190|112|89|162|179|81|78|104|162|30|57|29|44|42|187|157|78|32|95|10|74|69|239|107|142|23|156|91|239|20|171|56|238|133|184|218|126|253|18|6|57|233|200|201|219|192|67|238|203|204|10|192|76|34|177|93|161|76|113|224|222|209|141|137|59|91|206|229|130|204|115|173|172|188|196|104|182|202|165|106|152|200|101|10|201|241|78|178|64|149|83|154|143|102|171|133|8|133|119|26|74|128|126|5|227|125|37|67|103|199|2|240|109|20|62|118|217|109|124|168|212|42|
Overall Best: 0.8839 Generation: 9

Generation 14
Average: 0.8587 Best: 0.8795
Best Individual: 
C0 75|251|27|140|11|253|119|145|79|108|163|78|193|160|213|234|34|4|177|220|151|193|205|129|97|238|209|171|186|108|8|172|147|72|110|143|200|191|67|56|14|20|213|98|93|48|135|181|169|217|152|6|73|145|52|74|161|44|12|15|9|69|9|53|195|226|128|86|60|92|237|19|249|89|140|68|174|104|199|196|172|251|10|80|225|66|228|252|106|223|99|60|111|62|64|5|155|86|214|193|24|70|124|193|7|20|133|83|228|116|230|18|122|137|236|123|68|210|168|177|185|184|243|115|231|230|104|217|91|75|153|93|37|232|75|188|163|162|179|81|78|239|162|30|57|185|44|42|180|69|139|167|95|10|74|69|239|189|142|237|156|91|230|20|171|204|238|133|184|218|126|137|41|247|57|181|200|22|131|192|67|238|203|9|149|192|21|34|114|93|78|249|113|224|186|209|141|137|58|91|64|164|202|103|11|141|172|2|15|104|182|202|61|106|152|200|101|10|129|114|187|178|64|149|245|154|143|130|148|193|50|225|247|26|174|128|126|5|224|125|77|67|77|216|42|240|103|164|62|118|217|76|124|67|212|219|
Overall Best: 0.8839 Generation: 9

Generation 15
Average: 0.8572 Best: 0.8845
Best Individual: 
C0 75|251|27|140|11|253|119|145|79|108|163|163|193|160|213|234|34|4|177|220|151|193|205|129|97|238|209|171|186|108|8|172|147|66|110|228|200|191|67|56|217|90|213|98|93|48|135|181|241|217|152|146|73|145|140|74|161|44|12|15|9|69|9|53|195|226|128|86|60|92|237|19|86|141|140|68|250|104|199|196|172|251|10|80|225|66|228|252|106|223|99|60|111|62|64|5|155|86|214|193|24|70|124|193|7|20|133|83|228|116|230|97|122|146|236|123|68|210|168|177|185|184|2|115|231|230|75|111|91|75|153|93|37|232|75|43|90|162|195|81|78|61|162|30|57|185|44|42|180|69|139|167|95|10|74|69|239|189|142|237|156|91|230|20|34|204|238|39|184|218|126|137|41|247|57|181|200|22|131|192|67|238|203|9|149|192|21|34|119|93|78|249|113|212|186|209|141|137|58|91|64|164|202|103|11|141|172|2|15|104|182|202|61|106|152|200|101|10|129|114|187|178|64|67|245|112|143|130|148|193|50|225|247|26|174|128|126|5|224|125|77|67|77|216|42|240|103|164|62|118|217|76|124|67|212|219|
Overall Best: 0.8845 Generation: 15

Generation 16
Average: 0.8570 Best: 0.8745
Best Individual: 
C0 75|251|117|169|11|11|119|209|79|108|186|107|254|149|213|74|169|4|152|163|86|149|147|129|97|218|63|12|210|152|151|0|161|230|43|174|93|208|50|222|193|188|10|40|198|62|193|154|145|174|44|124|83|234|125|9|237|228|23|96|189|140|35|37|116|100|51|102|78|53|252|214|243|50|29|94|163|242|23|215|161|124|118|237|135|163|149|1|110|251|35|234|32|24|30|220|71|205|103|15|157|103|250|207|216|43|226|57|250|98|78|231|212|3|178|179|83|77|92|202|194|222|72|137|92|50|20|175|77|209|1|178|45|204|153|228|192|47|204|79|165|71|54|193|51|161|218|228|59|162|41|143|129|38|6|180|243|171|176|51|24|225|165|29|221|180|24|226|127|136|176|177|240|119|132|52|114|68|198|224|7|30|180|108|45|38|183|216|6|122|173|42|149|64|32|55|56|228|181|29|34|64|86|5|111|161|114|57|33|118|161|189|68|37|235|120|145|166|182|19|162|114|79|195|193|167|127|168|60|208|166|220|56|43|141|57|116|175|231|169|191|187|100|123|194|208|9|72|129|7|100|223|159|176|92|76|
Overall Best: 0.8845 Generation: 15

Generation 17
Average: 0.8564 Best: 0.8751
Best Individual: 
C0 58|251|126|169|151|244|119|145|79|108|136|107|166|5|92|239|219|93|84|163|7|138|138|129|97|218|139|12|210|117|21|96|0|230|43|128|93|3|29|40|45|19|75|177|156|71|196|139|135|222|177|213|11|24|188|27|186|15|161|31|148|41|47|213|68|214|117|180|204|192|207|119|93|81|160|156|110|218|85|175|128|89|102|123|53|241|152|43|62|212|22|75|223|77|204|3|71|205|249|225|252|201|25|228|90|138|41|124|191|139|7|124|164|208|57|209|3|17|195|69|120|153|239|94|169|46|73|175|77|146|26|178|88|180|189|13|181|73|99|79|39|96|246|240|51|253|228|6|59|227|41|251|21|38|30|180|30|240|22|252|183|231|250|175|39|12|217|130|123|68|74|72|119|12|102|220|187|36|219|23|50|217|202|204|106|11|245|216|208|122|97|114|10|64|32|146|56|130|181|177|34|64|186|5|49|161|114|44|109|118|138|206|68|3|78|3|65|63|182|46|162|60|204|195|193|61|127|175|242|253|121|106|8|43|144|242|147|47|167|169|208|187|100|42|129|179|9|4|151|7|100|129|172|85|92|232|
Overall Best: 0.8845 Generation: 15

Generation 18
Average: 0.8552 Best: 0.8763
Best Individual: 
C0 75|41|117|169|10|11|119|105|79|108|186|107|254|149|213|74|169|4|152|163|86|149|147|129|97|218|168|6|210|152|131|0|161|230|43|174|93|208|100|222|225|92|10|40|45|62|193|113|57|52|44|124|83|247|125|9|237|106|23|96|189|140|35|164|116|100|167|102|78|53|71|214|243|75|29|94|147|242|23|215|161|170|202|123|53|241|182|244|37|69|229|178|251|180|121|164|121|26|249|127|64|195|95|124|170|209|240|152|65|225|128|213|240|226|112|120|15|5|228|225|176|13|239|94|249|231|119|92|14|160|77|93|108|249|47|72|212|254|225|171|199|104|162|59|57|190|176|55|141|200|150|117|95|103|74|212|106|115|207|133|156|50|80|20|83|34|26|62|217|173|72|35|77|154|167|107|80|152|148|191|254|8|203|127|207|38|147|54|241|235|42|42|149|64|187|55|56|252|181|62|34|64|86|5|111|161|114|57|33|186|110|189|68|37|235|220|145|222|182|19|162|114|79|18|193|167|127|192|64|208|166|220|56|238|141|57|116|109|122|169|191|187|100|123|194|208|9|72|129|198|100|223|159|176|229|7|
Overall Best: 0.8845 Generation: 15

Generation 19
Average: 0.8561 Best: 0.8732
Best Individual: 
C0 75|186|117|169|252|98|107|71|79|159|136|107|166|5|213|239|88|93|84|163|7|101|219|193|197|218|186|12|210|117|16|96|0|230|157|220|93|41|223|40|165|19|75|30|156|53|183|139|135|105|235|213|11|24|119|9|154|37|178|44|148|146|47|234|68|243|44|122|212|147|15|60|105|81|160|12|145|218|85|175|249|235|62|54|53|5|178|77|164|90|82|144|58|204|138|162|185|53|62|94|64|195|19|9|90|95|201|131|1|10|64|23|202|171|31|228|36|247|99|180|12|143|88|126|23|215|17|85|231|73|151|10|168|71|100|245|11|162|251|0|140|122|146|89|137|113|102|58|185|175|149|64|91|163|65|70|32|150|22|20|24|198|165|29|221|39|24|226|127|136|244|177|76|119|132|52|114|68|73|224|7|30|180|108|45|197|183|216|5|122|21|181|48|64|32|55|224|88|181|29|34|64|180|66|111|69|114|106|33|118|161|189|177|37|235|120|191|166|169|19|162|224|57|195|193|61|127|103|60|242|166|86|210|17|141|232|116|246|170|169|191|187|100|160|194|208|9|142|219|7|228|178|159|6|92|9|
Overall Best: 0.8845 Generation: 15

Generation 20
Average: 0.8558 Best: 0.8763
Best Individual: 
C0 147|238|228|117|232|172|167|174|134|99|96|92|203|62|13|49|228|207|179|203|69|113|128|209|149|67|23|234|92|85|144|43|15|143|54|111|222|1|217|186|37|24|74|130|135|182|87|195|244|135|177|8|7|189|66|121|151|243|161|63|14|29|72|101|1|191|229|116|133|204|38|111|193|121|244|162|165|252|174|101|191|124|94|23|126|117|149|102|118|241|74|162|7|254|61|218|66|106|218|129|211|11|132|207|114|15|33|90|250|197|106|249|243|226|112|74|27|1|195|212|253|153|36|94|219|46|12|175|77|66|26|178|143|180|189|13|164|73|99|157|64|130|54|240|51|20|11|234|56|162|41|251|182|165|48|211|30|240|223|252|34|107|245|165|39|39|64|188|67|136|62|102|148|118|34|27|20|185|92|182|59|154|240|179|89|167|150|238|183|218|165|114|79|252|98|32|74|107|233|151|210|146|108|112|162|213|145|233|33|51|179|67|11|173|26|62|215|3|165|196|245|222|232|247|235|8|48|110|201|179|179|94|119|143|74|0|57|5|227|231|169|222|103|195|127|73|229|232|12|190|243|114|57|122|97|62|
Overall Best: 0.8845 Generation: 15

Generation 21
Average: 0.8572 Best: 0.8770
Best Individual: 
C0 142|179|37|126|183|132|177|64|64|129|99|215|89|200|225|239|191|10|82|11|160|138|40|148|97|60|139|12|226|77|205|190|151|236|43|32|125|3|48|168|95|79|17|78|27|31|146|191|155|49|186|149|5|210|27|44|161|193|60|164|9|222|70|213|189|101|109|147|4|51|73|15|219|75|36|240|223|98|139|77|66|107|128|37|2|112|39|156|118|252|98|162|7|251|61|220|95|82|218|176|207|255|216|21|56|74|37|164|26|163|217|100|75|68|164|139|253|247|213|135|112|224|248|195|41|192|238|158|188|73|250|232|13|88|227|62|68|152|88|221|155|155|29|28|90|249|177|199|29|16|239|32|85|63|138|46|138|228|163|23|231|91|239|174|171|56|164|88|251|113|42|253|39|6|224|21|200|201|2|181|21|238|203|204|40|2|110|243|241|235|8|42|149|64|187|42|40|137|59|82|63|235|191|54|115|173|172|236|196|141|63|144|185|112|117|178|251|168|41|51|210|6|233|72|141|154|181|166|221|189|35|97|162|150|74|217|126|253|36|217|131|67|86|199|18|38|141|232|112|190|182|114|57|134|150|62|
Overall Best: 0.8845 Generation: 15

Generation 22
Average: 0.8566 Best: 0.8807
Best Individual: 
C0 13|65|160|133|217|195|98|31|232|102|227|92|217|69|158|149|57|62|173|149|96|103|192|125|196|224|59|127|11|40|144|68|48|227|123|223|254|206|108|50|32|167|240|9|131|188|198|162|137|46|177|156|231|255|184|49|75|51|28|63|131|91|194|33|45|78|185|8|158|231|15|74|21|94|37|72|189|194|118|158|115|143|218|150|53|36|178|210|90|112|183|130|143|203|243|162|250|106|19|26|64|195|95|124|170|209|39|212|65|225|85|176|21|226|174|179|15|5|234|114|206|17|171|106|30|10|148|155|108|167|121|7|174|54|75|170|39|169|10|71|90|188|239|61|109|73|184|239|24|220|41|112|21|96|246|180|30|84|22|42|206|231|250|175|39|206|108|130|123|68|124|130|119|12|68|227|187|36|147|23|50|217|126|196|106|11|155|216|208|176|97|114|10|141|238|146|56|91|181|177|171|64|186|5|108|161|114|44|109|118|228|181|110|240|78|3|75|191|237|221|227|253|164|81|233|156|80|63|10|14|21|84|240|225|238|57|215|254|70|201|206|107|88|249|186|34|229|197|112|72|143|165|68|229|214|99|
Overall Best: 0.8845 Generation: 15

Generation 23
Average: 0.8569 Best: 0.8719
Best Individual: 
C0 239|215|209|20|232|172|167|174|131|173|96|92|203|14|169|49|131|107|179|108|69|99|128|209|56|36|116|234|92|85|69|43|87|143|9|111|174|59|217|186|131|24|74|95|135|129|72|196|244|135|177|8|7|121|154|169|151|238|161|63|14|29|72|101|165|191|229|116|133|131|41|111|193|121|244|48|165|103|174|101|145|124|59|114|126|101|149|102|118|241|74|89|9|254|101|218|66|239|218|129|211|240|132|124|114|15|33|90|250|197|106|249|243|226|122|246|208|25|93|141|232|248|173|84|101|218|148|75|202|191|124|159|174|54|75|6|33|97|184|147|140|188|178|61|249|169|36|239|245|220|224|219|176|48|154|155|241|165|16|14|156|18|165|43|76|90|68|31|41|16|120|19|105|92|21|110|1|128|197|62|7|98|64|17|205|13|227|98|49|200|161|57|224|252|237|32|220|107|190|168|210|16|108|152|162|213|145|233|23|151|179|67|11|143|243|62|215|3|165|196|245|222|232|247|235|8|48|110|201|210|179|232|142|143|74|0|57|5|208|231|169|92|172|148|127|99|105|81|12|121|95|114|143|122|97|62|
Overall Best: 0.8845 Generation: 15

Generation 24
Average: 0.8585 Best: 0.8694
Best Individual: 
C0 13|42|55|133|189|36|161|43|153|215|167|3|211|166|227|27|57|104|63|244|38|159|192|15|182|79|73|8|46|85|8|152|34|89|101|171|113|159|6|163|246|163|122|81|111|161|186|3|114|135|177|111|194|189|114|121|226|61|161|108|8|239|15|132|107|124|123|140|210|84|119|148|221|216|160|126|34|181|9|39|0|227|40|203|4|187|149|146|138|37|131|48|129|11|216|42|159|169|141|223|241|78|91|232|51|43|204|133|243|239|218|126|82|154|4|150|27|1|35|212|253|153|93|77|74|198|12|127|77|66|2|178|143|180|189|53|164|73|20|171|199|8|162|50|117|190|212|55|141|200|150|252|255|251|158|212|106|243|207|133|147|182|80|20|83|155|52|34|217|173|92|35|159|31|167|128|20|185|92|182|112|227|240|179|251|141|228|238|254|218|198|114|166|26|131|237|221|238|14|250|252|170|113|57|215|153|145|203|81|138|202|203|20|90|227|244|188|23|227|1|116|168|157|142|250|17|54|162|176|26|24|23|118|141|6|63|215|149|215|249|206|44|56|249|103|178|229|197|112|59|12|165|68|161|66|30|
Overall Best: 0.8845 Generation: 15

Generation 25
Average: 0.8529 Best: 0.8707
Best Individual: 
C0 92|0|117|156|148|120|62|146|213|133|185|40|84|27|178|126|21|206|178|240|7|216|139|184|97|205|34|12|210|177|70|136|248|233|48|105|4|72|193|74|166|134|75|179|80|71|239|144|122|101|177|115|62|99|188|100|70|149|161|206|195|47|194|33|45|78|185|48|18|229|181|74|21|94|37|160|189|194|118|158|115|143|218|150|182|36|178|44|90|112|246|130|143|2|243|180|250|217|19|26|64|195|95|147|170|209|39|212|65|225|85|176|100|226|174|117|15|5|234|210|206|106|171|33|30|34|148|155|108|167|152|7|54|188|67|224|120|162|97|138|42|23|133|21|218|10|86|177|165|154|73|245|185|243|78|107|70|197|95|93|203|36|13|138|141|232|211|132|73|68|246|99|105|83|51|220|172|252|219|107|219|227|212|108|151|66|23|119|149|218|166|22|79|20|132|99|220|238|189|184|210|170|60|89|19|74|145|154|33|51|197|161|34|188|235|120|252|166|182|31|195|60|249|195|193|174|127|45|73|208|157|145|210|137|141|57|199|35|204|36|89|187|164|11|23|86|36|79|64|14|167|114|159|176|99|151|
Overall Best: 0.8845 Generation: 15

Generation 26
Average: 0.8561 Best: 0.8738
Best Individual: 
C0 239|215|254|20|11|24|169|178|78|161|163|3|167|221|114|81|71|4|179|203|69|113|74|209|149|67|23|214|164|226|40|49|62|160|54|111|222|1|71|186|121|243|74|104|135|182|72|144|244|135|138|8|7|124|66|97|151|106|203|63|195|29|5|101|165|191|27|133|133|131|41|111|75|2|244|48|165|103|174|34|145|124|9|23|126|117|149|102|118|241|14|89|9|254|101|227|66|66|218|32|11|102|196|124|36|105|33|11|193|197|30|147|243|45|117|69|27|1|35|212|186|153|6|77|233|232|12|175|77|66|106|178|77|180|187|13|160|73|175|171|130|8|162|59|117|184|200|91|202|200|150|117|255|251|107|212|106|115|207|215|14|182|80|20|83|98|174|153|217|173|72|35|60|98|167|87|20|233|21|182|112|192|240|179|108|141|150|238|205|218|13|114|252|252|237|46|220|107|190|168|51|126|108|152|162|213|145|87|23|151|179|67|11|35|243|62|215|3|127|196|22|72|232|247|57|8|48|110|111|210|179|150|142|143|74|0|226|5|208|231|169|92|144|195|50|207|105|227|236|121|95|114|15|19|97|62|
Overall Best: 0.8845 Generation: 15

Generation 27
Average: 0.8561 Best: 0.8719
Best Individual: 
C0 92|0|117|156|148|120|62|164|12|133|185|40|84|144|178|152|21|206|243|215|7|227|26|154|42|88|34|12|210|177|70|152|248|135|48|151|4|38|193|74|35|19|75|179|80|230|239|6|193|101|23|115|62|99|188|85|70|149|161|206|148|176|194|33|45|78|185|157|148|231|15|74|21|94|110|72|189|189|118|158|115|143|218|68|53|36|178|210|90|112|42|130|143|2|243|48|194|106|197|199|64|195|95|151|170|209|39|52|65|136|134|176|121|191|236|100|33|75|45|135|169|83|248|154|41|240|162|158|121|73|51|59|13|82|227|62|68|127|88|147|196|130|29|163|156|249|177|199|29|16|113|249|11|128|138|46|102|228|163|23|218|236|239|99|25|56|164|88|251|213|183|253|210|111|224|146|200|201|145|105|219|227|212|108|151|66|178|119|149|218|51|67|78|20|132|1|220|238|189|210|210|170|242|162|19|74|55|154|33|51|197|207|90|188|144|132|252|166|182|24|112|60|151|195|193|174|127|45|60|208|91|147|210|137|100|57|24|35|204|230|89|18|165|7|23|69|192|79|211|14|251|114|236|176|213|151|
Overall Best: 0.8845 Generation: 15

Generation 28
Average: 0.8536 Best: 0.8732
Best Individual: 
C0 239|215|254|180|11|24|169|178|78|161|163|3|167|221|114|81|71|4|179|203|69|113|74|209|149|67|23|214|164|124|40|49|174|160|54|244|222|1|232|186|121|243|74|104|253|182|72|144|244|135|158|8|7|124|66|97|151|106|203|63|195|29|5|101|165|191|27|133|133|234|41|111|75|103|244|48|165|81|174|34|145|0|9|23|126|117|149|102|118|241|14|89|9|254|101|227|66|37|218|32|11|102|213|124|36|105|33|11|193|197|30|147|243|45|213|69|184|1|35|212|186|153|6|77|233|232|12|18|77|66|106|104|77|180|187|89|226|73|175|171|130|8|162|59|206|184|200|91|98|200|85|117|255|251|27|212|27|115|207|215|14|182|80|20|83|98|174|153|217|173|72|35|60|98|167|70|20|233|21|182|112|192|240|179|108|141|253|238|205|218|13|114|252|252|237|46|220|107|190|47|51|126|108|152|162|213|145|87|23|149|179|67|164|35|243|62|215|3|172|196|22|72|232|93|57|8|48|110|159|49|179|181|142|64|74|177|226|5|208|231|169|92|144|195|50|207|105|227|236|121|95|127|15|19|97|62|
Overall Best: 0.8845 Generation: 15

Generation 29
Average: 0.8568 Best: 0.8763
Best Individual: 
C0 92|61|117|156|148|227|62|22|12|133|185|40|84|38|178|51|21|20|243|240|7|227|102|111|42|88|34|188|210|177|70|125|248|233|80|151|4|4|193|74|73|153|12|160|234|230|239|6|20|101|175|115|188|99|188|100|70|121|161|206|185|104|194|213|189|78|99|147|196|65|73|15|219|160|163|240|84|214|139|166|87|107|139|37|2|252|227|156|22|198|98|162|7|251|43|220|95|200|218|52|229|140|124|228|200|81|26|83|228|134|230|208|109|248|172|179|233|5|234|210|219|106|171|106|30|34|148|155|158|24|152|214|202|86|67|224|120|162|98|139|231|254|89|116|45|151|86|177|165|81|239|32|61|77|138|2|102|156|163|23|198|26|239|50|25|56|28|74|251|213|184|253|156|111|229|13|200|17|107|105|219|231|212|220|190|66|23|159|149|215|165|238|79|252|98|191|150|115|222|151|41|146|246|4|19|119|145|82|33|51|197|207|187|188|235|153|103|166|182|153|127|60|55|2|193|174|11|45|60|34|91|57|27|137|248|240|24|35|242|230|89|189|165|7|119|67|36|59|179|14|251|114|159|52|40|151|
Overall Best: 0.8845 Generation: 15
==================
    Best individual after 30 generations
    computed in 3,570.7900 seconds
    1409 elements out of 1593 correct.
    emerged in generation 15
    with fitness 0.8845
==================

