Starting evolution...

Generation 0
Average: 0.8473 Best: 0.8738
Best Individual: 
C0 254|233|9|145|4|78|3|238|178|44|166|19|62|60|42|228|220|84|135|192|13|109|150|32|87|208|113|231|106|165|104|17|94|22|203|44|8|163|165|224|73|226|163|223|142|191|64|5|139|129|120|50|223|129|58|98|2|230|3|171|142|39|32|149|237|0|72|197|245|139|101|95|33|151|169|167|177|250|84|69|49|146|188|86|86|214|165|233|197|118|42|210|160|21|242|175|76|133|216|0|151|4|133|153|171|198|20|77|65|220|77|153|185|219|137|116|229|5|240|158|148|123|72|212|14|30|76|40|41|224|18|44|178|45|197|50|115|152|175|195|70|127|82|172|79|113|31|81|145|33|29|231|233|128|194|17|143|253|16|154|41|116|237|241|187|11|206|103|138|181|114|203|126|3|207|29|93|3|15|239|185|165|170|251|97|141|225|162|136|127|194|202|19|197|60|52|192|152|236|138|72|85|125|225|219|167|185|253|221|254|207|159|43|159|109|108|138|96|235|120|166|175|232|73|50|197|75|60|162|13|3|164|64|147|85|124|64|38|17|147|219|245|130|57|112|19|162|248|9|215|131|173|194|89|175|79|
Overall Best: 0.8738 Generation: 0

Generation 1
Average: 0.8537 Best: 0.8757
Best Individual: 
C0 254|164|9|145|4|78|3|238|178|44|166|11|62|60|42|228|220|200|135|192|44|109|104|32|87|208|113|231|106|165|104|17|94|163|203|171|8|163|165|224|73|226|163|223|142|191|64|93|139|129|120|50|223|129|58|98|2|230|3|171|142|39|251|149|237|0|72|197|245|139|101|95|33|151|169|167|177|250|84|69|49|146|188|86|86|194|165|233|197|118|42|210|160|21|242|175|76|12|216|0|252|4|106|152|62|253|170|115|14|191|212|71|109|12|255|54|229|77|253|193|150|46|249|54|253|216|150|20|132|39|85|6|198|212|212|126|99|64|99|5|67|178|113|111|133|216|4|156|170|207|237|43|121|105|120|125|187|130|222|208|41|116|237|241|187|11|206|103|138|181|114|203|126|3|207|29|93|3|15|239|185|165|170|251|97|141|225|162|57|127|194|202|19|197|60|52|192|152|236|138|72|85|3|225|219|167|185|253|221|254|207|159|43|159|109|108|138|96|235|120|147|175|232|73|50|197|75|60|238|13|3|164|16|147|85|124|64|38|17|147|219|245|130|57|163|19|162|248|9|215|131|173|20|194|175|79|
Overall Best: 0.8757 Generation: 1

Generation 2
Average: 0.8581 Best: 0.8757
Best Individual: 
C0 114|120|77|168|145|84|85|235|197|179|72|180|34|33|114|43|223|3|95|237|247|133|96|176|252|253|131|206|155|176|136|82|158|158|211|48|22|16|228|107|149|164|122|119|215|227|45|139|231|75|23|122|51|108|69|175|211|89|130|62|209|55|134|209|99|1|186|78|182|99|152|102|8|207|15|167|124|46|21|190|147|10|86|184|212|171|77|240|26|69|140|115|168|163|36|179|162|234|233|31|234|106|178|63|199|81|254|211|23|217|54|5|118|30|4|67|204|156|151|191|210|149|47|97|101|182|141|237|51|110|86|152|180|19|34|188|133|101|153|99|87|195|48|108|212|92|231|161|187|130|12|179|1|241|124|46|94|220|62|181|145|71|192|117|221|45|82|132|198|206|51|39|104|19|193|73|99|165|37|54|36|123|25|138|102|157|127|121|165|168|117|43|229|228|240|190|129|117|254|20|185|53|37|23|195|97|5|99|215|235|161|26|198|61|201|177|195|201|18|60|6|95|176|139|247|224|249|51|88|57|52|247|39|114|190|116|239|181|72|24|249|172|154|56|224|231|173|126|178|25|188|19|213|11|228|167|
Overall Best: 0.8757 Generation: 1

Generation 3
Average: 0.8609 Best: 0.8788
Best Individual: 
C0 126|244|249|98|101|34|38|75|93|161|236|189|11|242|130|178|226|223|116|13|33|15|105|221|57|129|102|125|10|44|51|68|100|152|115|151|61|45|210|163|20|155|175|97|110|86|226|214|186|128|25|55|190|137|130|118|237|162|133|142|117|44|179|217|73|217|139|220|153|126|65|33|145|56|187|153|50|168|177|68|223|174|226|46|76|42|223|193|57|5|167|17|253|93|119|163|85|25|43|225|152|70|44|214|102|130|19|159|55|210|123|29|62|201|76|103|165|131|158|110|71|220|29|205|212|180|71|63|93|194|16|11|157|73|87|73|105|222|139|236|110|111|1|152|32|26|53|80|247|118|34|22|251|13|94|170|177|134|170|102|99|210|33|59|122|230|205|37|124|215|126|27|146|197|53|219|163|8|215|223|129|199|55|71|107|217|200|119|204|70|120|240|22|84|195|38|221|207|98|216|248|100|210|96|161|22|205|146|10|49|142|194|177|152|169|108|38|103|95|71|3|112|44|41|246|9|135|76|217|91|52|200|188|88|244|209|248|23|91|200|241|4|26|3|88|252|78|138|68|161|239|2|115|128|192|181|
Overall Best: 0.8788 Generation: 3

Generation 4
Average: 0.8616 Best: 0.8776
Best Individual: 
C0 125|104|156|64|118|13|94|44|146|88|59|225|246|194|150|250|169|125|229|20|85|242|25|185|94|62|49|37|91|110|145|81|27|64|68|253|173|70|48|134|102|229|134|66|49|80|69|207|15|59|48|15|109|211|7|129|2|230|3|171|223|39|251|149|237|126|163|197|245|96|34|95|33|151|169|167|177|56|84|69|49|146|188|86|86|194|165|233|197|118|42|25|160|21|128|175|76|12|216|0|238|4|176|152|62|253|241|115|236|191|212|71|109|12|255|54|229|77|253|193|120|76|144|54|253|216|150|20|132|173|159|245|198|212|212|236|99|64|99|62|67|178|142|111|133|188|4|156|79|185|237|43|121|145|79|125|88|162|222|208|241|116|237|241|187|83|126|103|185|147|47|203|126|3|207|29|93|3|15|239|189|165|170|185|97|141|225|162|241|127|147|202|235|197|60|52|178|222|236|57|72|248|3|225|219|167|170|253|221|254|207|159|43|159|109|108|138|96|235|120|147|43|232|226|50|197|75|60|231|13|3|164|16|147|85|124|64|38|17|147|219|189|34|57|145|19|174|8|168|71|131|171|226|134|179|47|
Overall Best: 0.8788 Generation: 3

Generation 5
Average: 0.8601 Best: 0.8782
Best Individual: 
C0 236|132|6|79|192|31|52|180|64|253|41|112|167|207|201|58|131|69|170|9|65|10|170|121|163|142|101|82|138|131|152|240|64|242|76|126|81|8|56|134|27|226|161|78|160|77|156|139|231|75|23|122|182|108|69|175|211|89|130|119|251|55|134|209|99|21|186|78|182|99|55|181|183|206|15|167|3|46|10|190|108|141|86|184|212|171|77|240|26|127|140|115|78|125|36|179|162|48|233|31|60|106|7|63|199|81|254|211|23|217|54|5|118|30|4|67|204|156|151|142|223|149|47|97|101|182|141|84|185|110|39|152|180|19|34|188|133|101|153|99|87|195|60|87|212|92|231|55|180|198|5|9|47|164|140|16|131|196|228|146|226|138|222|98|198|135|14|214|84|232|148|124|192|101|204|140|62|185|225|53|39|144|50|187|83|11|91|194|158|169|105|46|83|45|154|233|49|61|33|42|31|14|209|26|110|73|66|133|121|247|88|30|25|59|14|10|49|208|145|234|66|73|28|240|49|62|96|98|226|231|1|167|222|118|163|230|38|238|47|137|241|227|176|142|147|252|250|191|56|251|26|87|84|97|8|79|
Overall Best: 0.8788 Generation: 3

Generation 6
Average: 0.8649 Best: 0.8927
Best Individual: 
C0 11|233|97|44|4|78|3|238|178|242|166|29|62|184|42|122|192|84|169|192|13|117|90|86|91|152|113|113|106|165|136|17|122|156|203|44|187|125|165|195|228|226|188|223|126|89|64|99|145|61|120|221|223|129|248|98|224|230|74|171|142|185|32|149|163|35|72|180|157|157|101|95|68|220|30|97|129|197|205|125|130|108|19|56|116|161|60|8|41|28|48|231|228|102|232|21|115|94|139|218|12|160|67|127|239|234|55|125|89|179|136|97|209|237|240|208|8|216|72|11|0|144|242|9|242|50|146|200|226|219|36|104|181|131|69|167|66|213|70|195|213|126|82|172|79|206|31|73|145|33|29|34|182|3|194|17|143|177|204|154|235|116|84|244|93|11|82|132|73|206|51|39|69|19|193|73|99|165|37|54|110|123|25|138|186|210|49|121|165|168|0|43|91|228|240|47|201|117|254|20|185|53|37|63|179|97|101|99|215|235|182|26|198|215|201|177|24|62|18|201|56|69|176|172|247|224|249|51|88|57|21|247|102|114|239|116|115|181|123|24|78|10|130|222|4|12|227|29|221|12|101|131|141|89|183|39|
Overall Best: 0.8927 Generation: 6

Generation 7
Average: 0.8651 Best: 0.8858
Best Individual: 
C0 11|233|97|44|4|78|3|238|178|242|166|29|62|184|42|122|192|84|169|192|13|117|90|153|91|152|113|113|106|165|136|17|182|156|203|44|187|125|165|195|228|226|188|223|130|89|64|99|145|61|120|221|223|129|248|98|224|230|74|171|142|185|32|149|163|35|72|180|157|157|101|95|68|220|251|97|129|197|205|125|161|108|19|56|116|161|60|4|41|28|48|231|228|192|232|43|115|94|231|80|12|160|67|127|239|234|55|125|89|179|136|97|209|68|240|208|135|216|72|11|0|144|242|9|152|50|146|200|226|219|36|104|181|131|69|167|66|213|70|195|213|126|82|195|79|206|31|73|145|33|29|186|182|3|194|17|143|177|204|125|235|118|84|244|93|11|82|132|73|206|51|39|69|110|193|73|99|165|69|54|110|123|25|138|186|210|49|121|165|114|0|43|91|228|240|47|201|117|254|20|185|53|37|209|179|97|101|25|215|14|182|26|198|215|201|177|24|62|18|201|56|69|176|172|247|224|249|51|9|57|21|247|102|114|182|116|115|181|123|226|78|10|130|222|4|12|227|29|221|12|101|131|141|89|183|65|
Overall Best: 0.8927 Generation: 6

Generation 8
Average: 0.8674 Best: 0.8864
Best Individual: 
C0 11|207|97|5|4|78|3|238|178|42|166|29|62|184|12|153|192|84|169|192|13|117|41|153|91|152|113|113|98|165|136|110|182|156|203|44|187|125|165|195|62|226|188|223|130|89|64|65|145|61|120|221|223|129|248|98|224|230|74|171|142|185|32|149|163|35|72|180|157|157|101|95|68|220|251|97|129|197|205|125|161|108|19|56|116|161|60|4|41|43|48|231|228|192|232|169|115|94|231|129|12|160|67|127|33|234|55|125|89|179|136|97|209|68|240|208|135|126|72|11|0|144|242|9|34|50|146|200|226|219|36|104|181|131|69|167|66|213|70|195|213|126|82|195|79|200|31|73|52|33|29|186|182|3|194|17|143|177|204|125|235|118|84|244|165|11|82|132|73|206|51|39|69|110|193|73|187|165|69|54|110|123|25|125|186|210|49|121|165|114|0|43|91|228|240|47|201|117|254|20|185|53|37|209|179|97|101|25|215|14|182|26|198|215|201|177|24|62|18|201|56|69|176|172|73|224|153|51|9|57|21|247|102|114|182|116|115|181|123|226|78|10|130|222|4|12|227|29|221|12|101|131|141|89|183|65|
Overall Best: 0.8927 Generation: 6

Generation 9
Average: 0.8658 Best: 0.8889
Best Individual: 
C0 11|207|97|5|4|78|3|238|178|42|166|29|62|184|12|253|192|84|169|105|13|117|41|153|91|152|113|45|69|165|136|110|182|156|203|44|187|125|245|107|62|44|188|223|130|89|64|65|145|61|120|221|223|129|248|98|224|230|74|171|142|185|32|149|163|35|72|180|157|157|101|95|68|160|251|97|129|197|205|125|161|100|19|56|116|161|184|4|41|43|48|231|228|192|232|169|115|94|231|129|98|160|67|127|33|234|55|125|89|92|136|97|209|68|92|208|136|126|72|11|0|61|242|9|34|50|146|27|226|219|36|104|181|131|69|167|66|213|70|195|213|126|82|195|79|173|31|73|52|33|29|119|182|3|194|17|143|177|204|125|235|118|84|244|165|11|82|132|73|206|51|39|69|110|193|73|187|232|69|235|110|123|25|154|186|210|49|121|165|114|154|43|91|228|141|47|201|117|44|20|185|53|37|209|179|97|101|25|215|14|182|26|198|215|201|177|24|62|18|201|56|69|176|172|73|224|153|51|9|57|131|247|102|114|182|116|115|181|123|226|78|10|130|222|4|12|227|29|221|12|101|88|141|89|183|65|
Overall Best: 0.8927 Generation: 6

Generation 10
Average: 0.8663 Best: 0.8876
Best Individual: 
C0 11|207|97|5|4|78|3|238|178|42|240|29|62|184|12|215|192|84|173|194|13|117|41|153|208|189|113|113|98|165|182|162|182|156|203|44|187|125|165|195|62|226|188|223|17|89|64|65|145|61|120|221|223|129|248|98|224|210|74|171|142|111|10|149|163|35|72|180|157|157|101|214|68|220|251|147|129|197|205|183|161|108|19|191|116|161|60|59|41|43|48|231|228|192|232|169|115|94|231|129|12|96|67|127|33|234|55|125|6|179|136|97|209|68|72|208|135|126|18|11|194|144|242|9|34|50|146|200|226|219|36|104|5|252|135|167|66|213|70|195|213|126|82|195|79|200|31|73|52|33|29|186|182|3|194|17|143|177|204|125|235|118|84|252|243|11|82|132|73|206|159|39|69|250|193|73|187|165|69|54|110|22|25|125|186|210|49|121|223|114|0|43|91|228|240|47|225|117|254|20|185|53|37|209|179|97|101|25|215|14|230|26|198|215|201|177|24|62|109|201|56|69|176|172|73|224|153|51|9|150|21|221|102|114|182|116|115|181|81|226|78|252|130|222|4|12|227|29|221|12|101|131|141|89|183|65|
Overall Best: 0.8927 Generation: 6

Generation 11
Average: 0.8679 Best: 0.8883
Best Individual: 
C0 225|124|97|39|17|78|232|238|178|242|166|29|159|184|42|122|80|170|135|192|13|177|47|86|163|30|101|92|138|60|152|86|64|113|149|225|81|37|243|194|199|5|161|53|160|72|180|234|242|214|60|49|51|230|70|71|195|243|76|93|7|6|124|175|117|107|85|136|247|78|102|32|170|102|206|140|113|188|61|202|145|15|181|56|126|61|225|151|190|97|227|120|179|191|133|21|99|254|139|180|12|160|129|148|239|175|137|129|84|76|1|12|252|62|182|189|45|222|158|64|36|14|205|9|69|11|26|198|178|208|144|166|213|249|169|108|65|180|42|99|132|178|16|168|42|138|204|122|139|71|185|204|211|199|221|104|9|65|114|208|138|226|34|217|170|157|234|1|77|122|11|3|176|68|183|193|153|65|139|163|62|34|72|186|53|58|22|156|165|168|117|43|91|174|240|82|57|117|254|20|185|27|37|209|146|97|101|8|87|235|182|26|79|243|11|177|115|62|18|201|217|69|188|154|247|175|249|81|36|177|21|120|51|114|239|83|42|189|72|24|78|10|54|26|4|27|51|29|221|78|186|69|174|46|222|168|
Overall Best: 0.8927 Generation: 6

Generation 12
Average: 0.8696 Best: 0.8876
Best Individual: 
C0 59|27|126|111|161|34|240|238|203|216|166|182|62|253|42|118|77|84|135|40|125|179|155|211|91|144|113|174|177|172|46|229|136|42|121|156|242|160|203|156|15|193|141|86|27|103|5|99|36|61|120|221|135|129|2|33|189|212|74|65|130|129|98|147|169|35|57|180|46|49|101|95|1|78|148|168|129|197|135|125|37|108|89|206|254|161|178|8|41|28|220|175|228|102|232|38|71|167|139|218|12|16|67|13|16|234|33|125|36|124|105|97|209|237|240|22|215|126|72|157|194|144|242|140|34|50|15|200|96|178|36|104|181|131|69|167|66|15|70|195|91|126|22|195|112|200|31|73|118|165|29|55|121|145|107|222|119|150|222|132|239|129|104|240|20|173|221|9|183|101|217|247|240|244|44|71|219|134|175|131|240|13|100|130|100|251|127|197|153|168|133|238|113|42|43|241|21|162|153|107|185|23|96|150|230|244|241|131|225|109|238|66|23|236|13|106|84|84|218|165|133|245|23|94|77|194|203|155|253|13|130|164|64|166|146|144|105|145|17|98|219|162|130|26|166|67|130|29|246|78|101|131|5|58|41|3|
Overall Best: 0.8927 Generation: 6

Generation 13
Average: 0.8708 Best: 0.8945
Best Individual: 
C0 11|207|5|5|4|78|184|238|178|42|166|167|86|205|12|253|192|84|169|105|13|117|200|56|177|152|113|45|69|165|90|161|73|156|203|44|63|125|245|107|62|44|188|101|130|85|64|65|29|166|120|221|240|129|102|98|224|230|74|171|205|185|32|149|163|35|39|180|157|148|80|95|68|160|124|97|129|197|205|173|251|100|19|122|116|18|184|69|41|43|99|231|228|89|82|169|115|94|177|129|98|160|67|76|179|240|55|46|187|144|136|97|209|68|92|208|168|126|72|11|0|61|242|9|34|50|52|124|226|219|36|104|181|207|108|167|66|213|33|195|213|126|82|150|79|8|31|241|20|33|224|119|182|82|224|218|143|177|205|73|235|118|113|244|69|11|82|132|73|206|51|39|69|110|193|227|187|50|69|235|110|123|55|154|99|46|49|121|165|114|154|43|91|218|141|185|201|117|44|20|185|164|37|156|179|97|101|208|6|174|182|220|162|215|201|177|107|62|18|89|56|69|176|62|158|236|153|95|9|57|131|76|102|114|182|116|115|181|223|226|78|10|4|222|4|12|227|29|197|12|137|54|33|89|183|53|
Overall Best: 0.8945 Generation: 13

Generation 14
Average: 0.8725 Best: 0.8889
Best Individual: 
C0 179|146|249|98|101|135|196|75|143|161|236|66|63|242|88|231|43|107|47|13|234|15|83|221|32|185|161|94|6|129|20|68|100|188|181|185|3|37|8|114|99|91|223|187|49|38|69|207|15|59|198|207|19|187|7|129|130|128|156|181|146|252|180|5|33|81|237|136|184|212|61|177|170|83|192|158|76|2|170|125|109|245|196|56|223|47|132|101|161|226|136|9|96|191|133|113|14|25|104|27|152|70|44|179|67|202|212|119|101|54|123|243|168|172|76|139|126|131|133|39|197|116|29|246|212|189|68|63|114|146|16|83|157|57|200|49|222|64|139|68|63|240|90|69|188|173|53|98|92|118|68|79|82|51|194|20|88|127|163|217|73|106|237|241|242|76|18|132|198|206|159|191|67|19|193|73|99|143|84|54|210|208|220|21|112|157|235|81|176|168|35|118|143|228|209|190|214|80|99|221|248|184|251|4|161|75|30|199|104|49|120|140|33|101|66|205|66|85|66|60|13|221|11|254|203|103|18|238|129|220|169|206|24|88|194|82|8|21|208|200|241|141|26|58|88|252|93|138|68|171|91|70|115|72|76|211|
Overall Best: 0.8945 Generation: 13

Generation 15
Average: 0.8725 Best: 0.8876
Best Individual: 
C0 179|146|249|144|101|135|196|75|143|161|236|66|63|242|88|231|72|107|47|13|2|15|83|221|32|185|161|94|6|69|20|68|100|188|181|185|104|37|8|114|99|102|223|187|49|38|69|207|15|59|198|207|19|218|7|129|150|131|156|181|146|252|180|5|33|81|237|136|23|212|61|177|170|83|192|158|76|2|170|125|109|245|196|56|223|47|132|101|161|226|136|247|96|194|133|113|174|25|104|27|152|70|44|179|67|202|212|119|101|54|123|243|168|172|76|139|126|131|133|39|197|116|86|246|212|189|68|63|114|146|16|83|139|57|200|49|222|64|139|68|63|240|90|69|188|173|53|98|92|118|68|79|82|51|194|20|88|127|163|217|15|106|237|241|186|76|6|95|198|206|159|191|67|19|193|73|99|143|84|118|146|208|220|21|112|157|189|81|176|168|35|118|143|85|209|190|214|80|99|221|169|184|251|4|161|129|30|199|178|49|120|140|33|101|66|205|229|1|66|60|13|221|11|254|203|83|18|238|129|220|169|206|24|164|194|82|8|21|208|200|241|141|26|58|88|252|93|138|68|171|91|70|115|72|76|211|
Overall Best: 0.8945 Generation: 13

Generation 16
Average: 0.8723 Best: 0.8927
Best Individual: 
C0 18|250|154|98|101|153|38|75|147|102|167|107|62|150|42|134|8|24|229|218|172|9|225|111|91|56|63|177|12|156|167|216|176|61|78|146|114|144|67|70|62|53|141|145|130|97|122|65|145|61|112|121|202|129|135|98|65|209|202|171|142|185|32|238|223|35|72|81|165|130|101|106|68|160|152|162|164|197|205|46|161|206|207|23|61|124|184|4|55|43|100|231|228|117|219|169|119|94|177|129|50|74|67|80|85|234|60|200|89|192|136|191|16|76|21|134|9|126|72|11|0|61|242|9|34|50|146|116|226|224|36|241|181|239|69|167|204|213|70|34|11|88|78|36|207|163|81|93|163|93|91|157|142|107|34|174|13|89|245|237|131|168|238|210|20|229|146|26|52|71|36|247|147|225|31|193|153|80|79|149|94|185|72|100|155|58|46|156|165|55|62|43|187|251|74|190|30|152|254|20|182|233|118|82|43|61|12|161|243|168|79|245|221|138|176|177|121|236|92|129|97|154|236|43|5|117|16|211|210|76|171|98|27|142|59|189|219|215|44|125|211|237|177|218|132|158|106|44|209|99|151|173|91|32|191|211|
Overall Best: 0.8945 Generation: 13

Generation 17
Average: 0.8734 Best: 0.8889
Best Individual: 
C0 18|190|154|98|101|153|38|75|147|102|167|107|62|150|42|134|8|24|229|218|172|9|225|111|91|56|63|177|12|156|167|216|176|34|78|146|114|144|67|70|62|53|141|145|130|97|122|65|145|61|112|121|202|129|135|98|65|209|202|171|142|185|32|238|223|35|72|81|165|130|92|106|68|160|152|162|164|197|205|46|161|206|235|23|61|124|184|4|55|43|78|231|30|117|219|227|245|94|177|129|50|74|67|80|85|234|60|200|89|192|136|191|60|76|21|134|9|126|185|11|0|61|254|9|58|50|146|116|226|224|36|241|181|239|69|167|204|213|70|51|11|155|78|36|51|163|81|93|163|93|91|160|142|107|34|174|13|89|245|237|131|168|238|210|77|229|146|26|52|71|36|247|147|225|31|193|153|80|79|149|94|185|72|100|155|58|46|156|165|55|62|43|187|251|74|190|30|152|254|20|182|233|118|82|43|61|127|161|243|168|79|245|221|138|176|177|121|236|92|129|97|154|236|43|5|117|16|211|210|76|171|98|27|172|59|189|219|215|44|170|211|237|177|218|132|158|106|44|209|99|151|173|91|32|191|211|
Overall Best: 0.8945 Generation: 13

Generation 18
Average: 0.8719 Best: 0.8870
Best Individual: 
C0 118|36|1|153|250|98|38|75|82|161|236|112|11|42|14|178|108|107|239|174|33|79|212|221|32|105|199|60|210|178|47|233|49|94|28|23|102|126|86|156|29|143|172|174|230|135|12|67|206|185|18|98|41|219|120|192|61|182|76|181|132|81|129|99|119|73|7|85|44|160|236|161|183|78|11|246|242|38|62|161|248|53|147|252|217|38|158|156|129|132|248|34|154|230|95|152|14|84|96|195|55|240|209|115|29|230|134|48|170|193|138|232|232|158|246|61|162|46|216|253|226|5|97|48|179|119|70|205|162|192|165|205|23|88|61|182|12|142|7|130|193|24|65|53|245|60|79|195|39|149|234|144|50|12|112|159|40|255|149|107|9|186|123|39|117|96|9|9|72|104|122|247|240|27|98|147|219|149|41|238|159|88|134|126|227|210|154|123|189|55|166|43|54|198|126|210|201|135|44|181|185|53|37|218|179|231|143|3|215|74|85|97|191|44|188|213|24|119|140|156|172|69|64|132|81|224|153|238|184|122|149|100|50|138|111|178|98|21|206|200|243|141|26|5|88|252|247|205|109|98|206|23|218|113|16|235|
Overall Best: 0.8945 Generation: 13

Generation 19
Average: 0.8702 Best: 0.8895
Best Individual: 
C0 18|191|154|98|101|215|236|75|147|102|124|19|62|150|42|134|8|24|229|218|172|212|225|111|91|56|63|177|12|204|167|216|176|34|78|146|114|144|67|70|62|127|141|145|130|97|152|23|145|61|112|228|202|129|135|98|65|209|202|171|28|185|32|238|223|35|72|180|165|130|92|106|68|160|152|162|164|232|205|46|161|206|235|23|61|124|184|4|254|219|78|231|30|117|49|164|245|94|177|95|50|74|67|161|36|234|60|200|89|192|235|191|102|76|21|134|9|126|185|11|101|61|143|9|121|50|146|116|226|224|36|241|181|239|69|167|82|213|70|51|11|155|78|36|51|163|81|93|163|93|252|1|111|252|132|17|143|177|200|125|48|219|24|127|184|126|82|160|93|206|51|229|64|163|118|254|58|232|81|110|19|123|231|126|145|224|10|102|235|114|154|43|187|89|188|58|30|152|138|20|182|233|118|193|43|61|18|161|106|168|79|245|221|138|176|177|121|236|92|129|97|247|236|43|234|241|16|211|3|76|8|98|27|172|59|111|219|215|44|170|211|237|177|98|108|158|106|243|209|99|151|173|91|32|191|211|
Overall Best: 0.8945 Generation: 13

Generation 20
Average: 0.8689 Best: 0.8908
Best Individual: 
C0 6|85|105|153|92|193|188|238|178|103|166|99|62|60|42|64|8|90|229|218|236|157|126|126|252|56|63|177|12|156|167|15|94|190|78|171|114|192|67|70|240|53|141|36|178|97|64|65|145|61|94|121|202|129|50|98|176|165|124|171|142|185|32|83|166|35|5|81|165|78|249|101|128|11|29|64|109|68|36|230|6|15|197|179|177|139|225|151|190|193|227|120|179|191|74|21|90|184|139|229|75|155|132|55|239|143|207|187|84|246|1|65|252|62|140|117|44|203|158|11|120|98|148|102|100|50|146|9|86|252|44|106|30|87|217|50|205|236|7|68|217|188|82|193|143|55|31|157|52|26|149|161|142|107|34|69|13|89|91|146|99|168|195|210|77|229|146|212|52|71|36|247|53|225|31|193|167|159|79|149|89|185|72|74|155|58|46|22|165|254|62|255|35|243|129|47|201|11|109|20|181|79|124|49|179|97|62|254|232|68|182|26|95|111|131|183|24|23|140|83|192|69|149|50|73|224|125|156|127|57|131|163|109|114|156|116|99|250|11|226|78|10|45|222|4|211|71|225|192|107|17|150|141|155|183|241|
Overall Best: 0.8945 Generation: 13

Generation 21
Average: 0.8697 Best: 0.8895
Best Individual: 
C0 118|194|151|180|70|90|199|78|50|102|128|169|238|221|208|177|211|4|83|93|12|83|171|82|91|102|41|163|177|44|140|9|136|42|230|156|179|46|160|156|131|116|152|188|54|143|194|241|120|197|144|221|135|100|2|52|189|230|22|65|68|3|98|147|29|29|57|186|46|116|98|95|210|160|104|66|129|71|140|125|37|88|89|63|145|131|178|8|38|95|126|239|160|61|232|155|195|170|196|218|19|157|173|13|16|234|33|96|197|51|163|232|209|107|214|65|215|126|93|157|247|144|242|140|34|50|29|127|59|207|36|221|181|131|69|223|66|15|229|195|29|119|22|134|137|181|217|202|118|210|29|55|69|220|11|180|110|150|203|132|97|130|109|155|149|112|211|239|65|16|217|247|201|219|232|199|45|134|22|153|135|161|20|114|53|87|141|52|9|148|11|9|209|6|74|190|30|152|254|20|197|233|118|82|154|17|152|161|243|168|79|245|19|138|176|177|121|236|92|129|97|154|236|43|27|117|16|211|50|76|171|98|246|110|143|15|219|215|174|31|211|96|177|218|208|140|33|44|209|72|56|27|78|187|231|47|
Overall Best: 0.8945 Generation: 13

Generation 22
Average: 0.8708 Best: 0.8901
Best Individual: 
C0 11|178|5|105|4|78|152|33|40|53|201|189|62|145|224|241|4|160|202|222|13|154|57|107|110|128|113|158|112|203|46|72|73|156|167|162|121|125|154|161|219|74|20|80|79|160|54|65|90|214|48|4|51|230|138|215|204|136|76|93|254|6|124|175|173|230|134|142|59|9|77|61|137|160|124|13|244|238|205|147|251|98|19|62|116|144|180|12|163|213|99|210|189|210|232|169|56|193|231|129|98|29|67|127|254|195|55|62|214|144|245|188|167|198|20|208|131|126|72|11|0|192|242|11|152|120|52|124|226|219|217|29|208|82|219|82|68|47|33|195|213|126|219|33|79|209|71|73|233|239|224|251|221|229|194|248|230|180|205|92|214|7|113|229|69|47|197|76|103|46|52|203|229|43|226|227|153|228|129|31|167|29|135|116|112|58|250|238|165|48|62|43|187|251|126|5|114|139|183|40|188|129|105|192|211|61|8|45|35|168|192|201|143|5|176|80|169|148|214|212|12|154|174|193|242|164|230|211|210|76|245|149|184|142|18|189|97|88|77|119|211|252|209|113|140|213|153|44|106|239|113|145|71|103|183|31|
Overall Best: 0.8945 Generation: 13

Generation 23
Average: 0.8691 Best: 0.8845
Best Individual: 
C0 6|156|217|153|92|193|188|238|146|103|166|240|62|60|42|64|8|90|229|218|115|157|8|50|252|216|63|177|12|15|167|15|91|190|78|171|114|192|67|70|108|53|64|36|178|97|121|65|145|61|94|177|212|129|45|243|176|165|124|171|28|172|32|238|223|67|72|180|165|10|92|106|179|110|152|162|164|232|35|46|170|206|235|23|243|124|184|158|254|45|78|204|230|117|8|164|245|53|177|95|50|74|67|161|36|234|60|200|89|33|235|191|102|132|21|134|166|126|18|95|101|61|143|9|122|152|216|116|91|83|36|172|181|239|186|37|11|230|62|51|11|155|78|235|51|163|81|31|163|93|252|41|68|155|132|17|143|167|94|173|70|219|24|128|216|126|104|160|93|3|51|145|64|53|28|254|58|85|81|110|19|9|231|158|145|224|10|102|235|114|198|43|187|89|188|58|1|152|138|108|182|233|118|193|66|61|18|172|254|13|28|245|221|216|176|177|38|246|92|206|203|247|236|43|234|110|234|211|42|76|8|98|27|98|59|23|233|215|44|226|211|121|104|98|4|211|71|47|192|76|101|150|73|26|185|241|
Overall Best: 0.8945 Generation: 13

Generation 24
Average: 0.8698 Best: 0.8851
Best Individual: 
C0 11|53|3|104|4|78|30|238|178|191|148|99|62|184|12|253|192|22|153|190|13|94|83|153|145|34|148|45|69|165|115|43|109|133|80|182|186|93|107|156|224|215|247|232|202|143|16|235|214|181|233|208|239|245|4|236|61|216|191|142|105|3|98|147|29|29|145|77|46|116|98|95|210|160|104|6|103|71|140|125|37|88|13|149|145|131|178|8|38|95|126|86|160|61|232|56|195|170|196|218|19|65|173|13|16|234|33|96|197|145|163|119|209|34|214|209|215|186|93|72|247|144|242|140|196|50|29|127|48|207|36|124|72|190|69|54|66|15|186|141|29|119|22|134|137|181|217|202|118|147|29|244|33|220|11|180|110|150|203|132|97|158|109|155|149|252|211|118|65|16|53|247|201|219|232|178|210|48|22|153|149|161|231|194|199|210|36|13|165|213|227|127|130|185|127|47|184|162|13|175|125|122|74|154|58|47|153|199|187|118|26|122|33|36|74|205|97|236|8|241|13|93|49|53|53|30|124|166|106|57|57|229|238|52|51|131|161|163|49|80|188|242|19|31|48|211|246|148|192|166|60|174|151|155|97|159|
Overall Best: 0.8945 Generation: 13

Generation 25
Average: 0.8692 Best: 0.8870
Best Individual: 
C0 18|221|39|98|94|153|123|227|194|112|167|252|141|150|42|134|239|24|132|134|27|9|185|111|91|42|51|52|67|177|167|68|176|239|78|119|143|144|251|83|62|8|113|145|60|6|38|65|145|61|112|120|211|36|135|98|65|53|227|24|237|207|186|51|117|108|151|121|168|104|13|144|170|11|238|195|113|156|245|202|86|15|123|56|33|124|225|26|100|97|15|114|179|149|249|199|99|254|82|223|54|160|140|65|85|102|60|153|245|229|235|191|102|56|188|134|9|117|185|108|33|61|143|9|237|72|240|112|226|224|212|241|181|239|42|106|204|139|70|20|11|116|249|27|201|9|217|187|118|137|13|55|0|70|105|123|110|87|68|132|0|129|219|155|149|31|211|133|52|71|36|247|179|225|129|202|248|30|79|149|94|185|72|100|7|58|46|19|100|248|80|43|187|212|3|71|26|169|246|238|79|42|103|72|66|0|148|79|82|173|231|91|203|12|245|20|182|166|85|99|71|111|135|55|51|12|124|195|125|172|197|103|185|158|30|154|81|195|57|93|128|99|79|37|128|148|26|205|109|82|113|173|71|32|176|137|
Overall Best: 0.8945 Generation: 13

Generation 26
Average: 0.8709 Best: 0.8883
Best Individual: 
C0 18|0|114|85|126|33|147|75|149|71|182|182|239|166|42|134|15|24|229|80|172|9|225|111|91|125|63|177|67|177|167|211|176|34|117|163|154|144|67|83|62|8|169|145|60|6|62|92|145|61|112|65|101|118|135|98|227|203|227|171|104|144|216|238|9|201|77|196|165|204|92|40|16|126|144|96|164|197|205|46|204|234|235|133|189|124|145|4|121|160|151|88|139|117|219|155|179|170|230|218|19|157|162|13|16|234|33|96|197|51|163|232|33|107|210|116|215|126|93|157|247|144|198|140|34|50|29|127|254|136|36|221|154|99|237|223|103|171|229|188|29|119|22|48|137|118|35|202|118|79|41|251|200|220|11|180|110|19|203|202|97|64|109|155|149|112|211|233|32|16|255|247|201|211|73|61|45|207|102|221|135|161|20|114|48|132|141|212|9|93|11|250|209|28|87|204|210|152|254|20|197|129|105|192|211|61|8|45|35|168|181|201|193|5|176|228|242|148|214|212|12|100|174|154|242|165|153|168|210|76|245|149|120|142|18|20|97|97|77|217|157|252|147|188|140|213|78|234|72|44|117|49|215|253|191|53|
Overall Best: 0.8945 Generation: 13

Generation 27
Average: 0.8736 Best: 0.8939
Best Individual: 
C0 11|53|3|104|4|78|165|238|178|191|148|99|62|184|12|253|192|22|187|202|172|9|43|111|91|42|63|167|67|177|183|68|121|34|78|206|143|144|67|83|55|235|169|109|60|6|185|243|138|186|112|65|101|36|135|231|146|34|178|171|196|144|216|238|223|177|217|81|165|24|124|106|16|126|152|49|164|197|237|46|161|106|119|236|243|49|145|4|121|169|151|231|139|117|219|227|118|125|177|28|145|74|67|80|85|88|120|13|89|192|134|191|24|30|21|134|56|186|175|72|247|144|242|140|155|50|29|127|48|207|36|124|72|145|69|54|66|15|186|45|29|119|22|134|137|15|217|215|118|138|29|244|33|220|11|201|183|150|203|132|97|158|109|155|69|15|6|212|52|185|106|1|189|225|31|193|74|139|79|149|179|116|33|97|205|158|136|229|87|120|162|137|183|238|240|12|26|117|254|249|223|158|2|154|58|137|62|199|187|118|26|188|189|36|74|205|97|236|44|126|13|210|241|23|80|30|215|166|106|145|57|229|244|52|72|8|161|163|49|80|188|242|19|31|48|48|201|215|192|11|60|174|79|106|97|159|
Overall Best: 0.8945 Generation: 13

Generation 28
Average: 0.8734 Best: 0.8870
Best Individual: 
C0 11|207|217|231|82|199|58|210|145|31|233|201|166|184|147|101|79|24|147|80|172|9|209|111|54|42|63|245|16|21|80|236|241|132|109|189|33|231|183|156|60|193|141|91|27|188|63|23|145|61|3|122|118|129|204|98|65|56|202|132|168|185|136|228|223|30|72|177|79|37|68|143|170|237|53|158|94|125|94|120|4|207|226|179|177|139|249|151|6|213|136|108|241|231|96|12|91|2|238|95|50|155|93|161|33|234|60|68|89|192|235|191|252|32|25|153|18|126|89|228|101|233|70|9|178|124|205|116|67|186|71|48|181|93|46|75|122|101|21|51|11|182|185|68|51|163|50|93|163|93|251|41|214|155|173|38|10|34|200|125|70|219|237|127|4|72|235|160|1|75|51|239|64|53|118|249|187|131|81|30|110|254|20|108|235|87|212|194|9|121|132|53|209|6|198|94|247|84|195|20|83|233|118|82|198|52|152|161|95|168|79|26|69|206|11|179|139|118|247|44|183|80|5|114|203|103|12|238|214|220|154|110|215|52|17|155|211|49|91|143|78|93|130|72|29|168|71|174|192|166|61|41|47|155|140|84|
Overall Best: 0.8945 Generation: 13

Generation 29
Average: 0.8727 Best: 0.8933
Best Individual: 
C0 208|178|118|89|172|78|211|33|249|53|172|58|62|145|141|64|3|160|7|147|13|65|57|118|245|128|144|36|112|79|229|38|213|51|33|156|24|76|177|232|15|94|165|179|25|95|5|99|250|222|158|120|123|242|140|137|14|152|178|45|142|122|255|175|44|116|238|219|37|78|13|136|244|11|206|101|95|39|92|193|176|76|16|179|39|139|225|151|183|220|82|1|239|141|90|152|100|62|19|132|126|96|141|115|186|189|53|68|13|128|75|144|232|35|153|131|233|206|166|109|122|5|201|48|128|218|122|253|162|26|36|90|148|151|38|245|4|210|184|218|236|49|213|26|21|13|222|241|140|92|119|181|61|51|194|166|196|2|107|109|232|129|205|19|209|39|153|52|84|189|14|161|168|68|102|194|185|1|190|30|110|254|240|114|230|58|212|155|9|148|184|38|209|6|186|190|182|91|195|64|138|233|118|82|39|1|252|161|199|196|79|153|53|181|62|177|21|65|209|60|245|221|206|164|121|160|18|201|139|215|169|76|186|237|220|132|197|231|208|14|67|139|151|178|14|242|93|167|233|72|197|134|129|66|183|200|
Overall Best: 0.8945 Generation: 13
==================
    Best individual after 30 generations
    computed in 5,459.8990 seconds
    1425 elements out of 1593 correct.
    emerged in generation 13
    with fitness 0.8945
==================

