Starting evolution...

Generation 0
Average: 0.8806 Best: 0.8958
Best Individual: 
C0 59|23|30|100|67|245|114|107|51|171|113|220|6|1|119|159|253|28|162|205|237|116|244|53|173|253|152|254|201|57|28|5|252|91|109|43|86|30|54|78|193|49|78|34|81|148|103|85|197|40|74|214|181|235|181|15|85|100|161|250|233|98|132|27|226|76|74|233|13|180|230|106|125|144|181|251|150|3|113|69|17|243|37|123|254|37|102|161|160|134|253|222|45|209|110|234|243|95|246|7|206|50|53|183|107|1|24|142|226|191|159|14|232|242|211|128|22|130|106|42|17|76|194|246|193|35|110|239|82|28|192|126|158|71|222|117|89|7|114|56|139|65|42|91|6|131|129|24|238|14|101|209|246|114|254|195|144|10|100|130|54|30|204|221|2|6|232|197|177|212|244|212|229|130|132|215|116|143|84|120|171|62|28|237|218|125|253|221|152|113|38|108|54|90|50|117|44|80|27|145|139|209|231|71|64|180|166|90|114|115|41|174|108|9|142|125|54|240|203|35|136|211|115|175|193|157|77|216|104|128|197|160|252|116|206|63|30|66|157|90|147|32|130|187|80|43|87|236|95|187|0|25|147|217|27|159|
Overall Best: 0.8958 Generation: 0

Generation 1
Average: 0.8839 Best: 0.8989
Best Individual: 
C0 119|129|31|157|213|101|235|136|55|220|72|75|239|110|114|197|151|135|194|98|59|83|65|201|64|159|9|123|203|85|163|186|48|144|202|239|32|206|7|15|34|62|224|31|58|171|120|45|230|72|233|98|145|71|85|48|98|253|40|59|200|240|62|219|56|39|27|29|50|11|147|164|82|189|111|242|192|145|198|159|17|47|240|238|251|75|238|49|50|209|158|78|196|68|228|9|119|141|12|89|24|102|141|34|127|252|94|74|5|87|136|10|166|127|184|125|40|44|127|114|1|241|121|112|199|144|103|39|253|26|177|46|148|253|227|223|20|243|59|158|168|252|74|161|131|97|7|167|204|127|190|136|134|6|23|181|177|213|185|55|88|50|49|110|10|195|102|180|207|111|73|161|18|250|115|214|114|135|248|200|2|93|69|186|83|121|114|151|12|31|164|229|9|142|197|97|165|246|92|7|145|149|124|199|92|94|91|132|13|18|190|208|64|212|72|61|62|176|161|225|10|127|179|156|42|189|79|130|198|204|57|130|225|230|16|16|181|234|74|91|73|177|137|31|202|57|117|228|170|123|162|198|205|10|96|56|
Overall Best: 0.8989 Generation: 1

Generation 2
Average: 0.8835 Best: 0.8970
Best Individual: 
C0 58|164|11|128|169|57|37|27|76|76|113|22|89|67|86|178|220|193|247|186|125|37|8|156|132|16|110|19|114|242|97|208|142|59|237|207|219|203|241|98|59|9|239|147|123|129|198|172|175|131|249|7|14|127|153|100|75|89|11|210|47|36|49|165|114|213|75|183|23|36|84|120|198|6|241|188|114|11|249|94|131|37|240|128|245|136|161|94|143|237|241|123|134|93|14|172|14|246|90|18|56|3|33|108|6|210|182|91|50|18|233|144|182|142|144|109|1|219|84|246|192|106|175|223|43|241|66|72|41|127|20|69|160|45|44|210|11|179|150|170|170|213|57|84|100|216|119|152|208|168|194|179|240|195|82|99|143|14|53|78|77|73|115|190|96|29|110|70|153|148|120|142|128|8|247|175|174|148|221|136|254|102|208|249|169|114|118|2|198|174|64|207|160|181|244|115|38|84|243|157|50|56|169|228|199|157|57|30|230|39|135|176|79|249|187|53|10|106|38|1|146|243|224|125|218|182|153|234|192|44|125|179|137|84|244|48|239|31|90|79|242|90|253|232|4|193|25|77|144|177|140|185|130|120|156|238|
Overall Best: 0.8989 Generation: 1

Generation 3
Average: 0.8847 Best: 0.9002
Best Individual: 
C0 50|58|27|198|78|176|121|199|160|153|63|75|239|236|7|197|151|135|194|98|59|83|65|201|64|159|9|123|203|85|36|186|36|144|56|239|16|213|7|15|63|147|108|13|16|102|160|80|60|51|98|43|105|229|83|240|0|74|128|83|105|159|94|206|103|245|142|200|60|195|56|71|101|155|230|179|223|107|156|87|250|161|118|24|51|89|189|249|28|187|237|167|89|244|181|111|200|210|172|182|151|124|4|164|224|188|10|97|113|50|14|176|59|69|46|66|102|242|56|241|64|241|214|112|199|144|103|39|253|26|177|46|148|98|227|223|20|190|85|158|183|102|238|204|103|165|105|115|87|176|220|17|227|11|207|166|10|84|65|111|225|69|13|49|2|225|192|42|49|27|17|206|220|49|208|246|81|167|11|207|82|182|203|205|143|27|65|238|82|98|20|186|106|182|228|188|197|137|96|8|1|233|109|176|255|249|77|121|113|216|50|181|121|182|251|133|106|228|219|47|36|204|3|60|84|51|152|62|196|99|226|153|221|140|244|12|55|153|174|188|198|205|88|241|155|89|78|32|39|243|184|38|245|19|43|44|
Overall Best: 0.9002 Generation: 3

Generation 4
Average: 0.8864 Best: 0.9002
Best Individual: 
C0 119|129|19|157|193|101|163|47|55|220|43|222|239|110|114|197|151|127|194|45|59|198|65|233|79|225|9|123|203|85|163|223|48|144|202|239|32|206|7|15|193|9|224|3|58|171|37|45|230|65|213|98|145|181|86|229|38|218|96|90|157|71|139|73|230|97|179|247|11|69|133|236|144|87|85|207|253|152|46|62|72|212|54|195|92|89|209|206|159|109|184|206|34|47|206|20|68|185|47|84|53|4|3|13|22|197|251|126|123|82|70|57|75|4|117|230|121|96|137|2|66|194|245|252|100|122|177|80|165|17|130|18|139|19|188|177|122|24|3|74|71|194|145|101|20|7|124|43|228|70|102|33|5|30|88|42|66|150|117|208|19|227|74|193|181|211|84|243|65|191|196|77|185|89|225|216|152|145|138|125|85|155|11|32|54|236|61|21|144|75|254|70|59|136|223|107|238|76|246|44|134|201|142|191|177|113|198|98|135|197|87|165|251|205|88|99|65|192|145|168|180|132|25|93|189|154|227|143|67|143|57|118|244|239|125|11|65|233|149|223|96|194|190|150|227|18|140|156|36|123|162|198|205|92|96|56|
Overall Best: 0.9002 Generation: 3

Generation 5
Average: 0.8850 Best: 0.8977
Best Individual: 
C0 58|164|138|6|169|57|37|196|76|76|113|22|89|67|35|178|179|193|247|186|155|77|8|86|132|16|110|19|224|242|97|208|142|218|237|207|112|36|241|98|59|71|239|147|123|10|198|172|175|131|249|7|14|127|153|100|75|89|11|210|213|36|4|165|114|213|75|183|121|36|36|120|198|209|241|188|242|11|249|94|195|152|240|128|165|136|161|94|143|237|241|123|89|93|14|148|141|246|90|18|56|3|41|77|6|210|133|91|50|18|233|193|182|142|145|253|1|62|69|246|47|106|175|223|43|241|66|160|41|197|149|69|160|129|44|210|11|179|150|170|170|220|57|84|100|170|224|5|122|167|194|50|228|195|82|99|143|27|53|78|77|73|115|190|96|29|110|70|127|148|120|142|128|167|247|175|174|148|221|136|96|102|208|249|71|114|118|2|198|174|64|207|135|87|244|253|38|84|243|157|50|56|207|228|76|157|57|30|255|39|135|176|79|249|16|53|10|106|38|186|137|243|224|125|237|182|153|234|192|44|125|100|137|84|244|48|228|31|90|56|242|90|160|125|194|252|25|77|144|177|140|137|130|212|156|247|
Overall Best: 0.9002 Generation: 3

Generation 6
Average: 0.8864 Best: 0.9008
Best Individual: 
C0 100|104|57|75|149|118|15|66|148|209|224|231|175|235|146|28|53|93|207|45|59|45|65|233|79|225|110|92|109|242|97|208|142|218|237|207|112|36|241|98|59|71|239|147|123|10|198|181|175|131|249|7|14|127|153|100|75|89|11|210|213|36|4|165|114|213|75|183|40|36|36|189|198|209|241|188|242|11|43|94|195|152|240|128|165|136|161|94|143|237|241|123|5|93|14|194|141|246|90|18|56|3|41|77|6|210|133|91|114|18|233|193|134|142|145|253|1|62|69|246|47|106|175|223|43|241|66|160|41|197|149|69|90|129|44|210|11|179|253|170|170|220|57|84|100|170|224|5|122|105|194|50|151|195|82|99|143|27|53|78|77|73|115|190|96|29|110|145|127|148|120|142|218|167|247|175|174|148|5|9|96|102|208|249|71|114|118|2|198|174|64|207|135|87|244|253|38|84|243|157|50|56|207|228|76|157|116|30|255|83|135|176|45|201|255|90|13|43|185|224|165|26|177|194|177|189|209|45|23|129|11|15|223|197|213|73|18|158|219|85|123|99|121|27|215|57|251|55|16|20|132|200|117|22|63|251|
Overall Best: 0.9008 Generation: 6

Generation 7
Average: 0.8869 Best: 0.8970
Best Individual: 
C0 253|58|15|128|78|176|127|199|160|153|166|75|82|236|52|197|151|135|5|234|217|104|45|201|64|106|9|123|203|85|163|186|48|144|56|239|32|213|235|15|63|155|224|137|58|196|120|45|230|177|213|154|145|71|85|48|131|253|40|59|182|105|34|219|6|149|82|144|50|195|56|71|101|157|2|179|223|107|156|87|147|231|8|238|223|77|68|49|249|99|198|215|11|164|228|97|234|23|12|104|24|102|141|24|127|251|94|74|5|87|148|68|60|127|109|125|116|37|127|199|1|44|122|112|61|144|240|47|157|199|165|49|57|142|24|97|16|20|172|205|28|20|234|63|249|165|193|39|87|232|220|17|227|11|207|166|10|84|65|95|179|5|125|49|152|225|69|42|49|42|17|206|27|49|86|209|41|147|210|225|82|162|203|205|143|78|184|238|26|98|79|186|205|68|228|188|197|137|57|8|255|233|203|242|255|159|77|55|113|216|50|181|121|7|251|133|45|187|12|56|161|204|3|60|84|81|152|19|37|99|188|90|221|249|244|87|55|155|124|12|198|205|88|97|18|89|78|30|51|243|239|38|251|19|218|223|
Overall Best: 0.9008 Generation: 6

Generation 8
Average: 0.8885 Best: 0.9046
Best Individual: 
C0 77|129|15|128|78|176|160|199|160|249|166|75|82|236|52|197|151|135|5|234|217|104|45|201|64|106|9|123|203|85|163|186|48|144|56|239|32|213|235|15|63|155|46|137|58|196|120|128|230|177|213|154|145|57|170|48|131|253|40|59|182|105|34|219|6|149|82|144|50|195|56|71|101|157|2|179|223|107|156|87|147|231|8|238|186|77|203|49|249|99|198|215|11|164|174|97|234|23|12|104|24|102|141|24|127|251|94|74|5|87|148|68|60|127|109|125|116|37|198|199|240|44|122|112|61|144|240|47|119|199|165|49|57|142|24|97|16|20|172|205|28|20|234|63|249|165|193|39|87|232|220|17|227|11|147|166|10|84|65|95|179|5|125|49|237|225|69|42|49|42|17|206|27|49|86|209|41|147|210|90|91|162|203|205|143|78|184|238|26|98|79|186|205|56|228|188|197|137|57|8|255|233|203|242|255|159|77|55|113|216|50|181|121|7|251|133|45|187|12|124|161|204|3|60|128|81|152|19|37|99|188|157|221|249|244|87|55|155|124|12|198|205|74|150|227|17|153|156|177|123|191|198|205|221|96|56|
Overall Best: 0.9046 Generation: 8

Generation 9
Average: 0.8891 Best: 0.9033
Best Individual: 
C0 218|228|95|75|149|118|15|66|149|209|224|231|175|235|146|117|53|93|207|45|229|45|65|136|79|225|110|92|26|242|97|208|135|218|168|207|112|36|241|98|59|71|22|147|123|1|198|181|175|131|32|7|14|127|153|98|75|76|11|210|87|36|4|165|87|151|75|183|93|246|36|120|198|24|83|163|127|192|236|25|114|212|54|195|137|206|144|88|143|111|241|26|134|93|210|172|144|181|90|18|56|244|152|250|99|242|149|85|94|59|237|123|249|111|37|119|64|106|90|156|55|123|177|122|242|153|76|59|236|102|70|170|62|145|4|45|158|117|41|24|27|130|13|118|100|170|224|54|166|105|194|243|151|156|82|108|143|27|53|89|77|89|115|190|96|29|110|145|127|148|120|142|218|167|138|81|174|148|5|9|96|102|232|249|71|114|22|2|198|174|64|207|135|87|79|253|38|84|243|157|194|56|239|228|76|157|116|30|255|83|135|176|248|201|255|184|223|43|185|224|80|26|216|194|177|189|209|45|23|129|11|15|223|197|35|98|221|158|219|85|109|99|121|27|215|57|251|23|232|230|132|200|117|22|63|251|
Overall Best: 0.9046 Generation: 8

Generation 10
Average: 0.8897 Best: 0.9065
Best Individual: 
C0 10|238|187|22|191|118|15|205|148|96|109|231|19|90|124|11|191|59|239|215|49|223|216|98|224|201|120|237|127|172|236|149|128|148|1|33|73|134|194|89|68|161|235|110|49|93|201|236|152|85|4|126|93|234|56|132|190|196|210|68|13|200|125|225|122|78|127|93|13|151|84|120|177|129|121|64|253|176|26|221|181|22|58|245|214|131|71|167|225|101|80|40|131|181|28|162|30|193|126|113|13|11|228|221|82|77|90|167|34|43|136|214|3|253|95|122|225|202|231|179|232|40|157|112|233|249|144|245|73|236|135|97|89|211|36|96|238|182|35|210|13|53|47|0|96|116|81|144|227|209|153|36|110|116|58|166|177|127|70|22|249|19|14|178|93|36|184|39|1|253|88|95|232|84|49|184|66|18|124|241|224|108|236|238|1|137|179|20|168|33|70|149|224|254|146|98|113|179|166|207|108|50|12|217|45|176|16|41|162|61|17|89|67|201|131|11|117|30|79|100|135|99|242|125|218|182|153|209|192|36|125|179|222|150|77|95|143|54|212|49|182|211|111|45|96|195|130|212|109|90|223|138|135|228|180|141|
Overall Best: 0.9065 Generation: 10

Generation 11
Average: 0.8886 Best: 0.9021
Best Individual: 
C0 202|104|220|192|44|85|101|47|208|31|43|64|6|110|114|197|151|4|194|45|129|221|20|119|197|77|9|48|141|85|211|223|48|119|229|231|32|206|50|85|14|147|82|118|231|102|160|80|131|51|98|164|227|121|86|229|227|77|96|99|219|225|236|73|42|69|179|104|11|88|133|13|144|131|215|191|253|82|46|62|187|138|37|158|92|89|209|206|188|233|184|206|34|47|206|221|68|219|47|84|150|176|218|97|22|242|143|180|123|22|39|57|112|178|117|230|121|131|65|2|66|123|177|122|254|229|76|148|165|124|200|35|26|81|179|136|64|229|3|74|92|186|64|122|229|223|124|94|68|45|116|73|154|30|12|10|65|149|208|178|8|160|29|193|114|211|193|207|101|238|49|1|6|89|70|24|139|179|125|161|14|155|11|118|74|2|202|128|8|53|143|197|145|120|143|89|8|226|251|77|50|19|85|253|253|77|190|14|134|61|228|146|45|201|212|73|13|177|169|224|165|111|88|194|177|189|36|129|182|68|182|170|140|197|90|148|135|72|161|85|172|99|116|25|19|213|25|55|34|20|132|124|223|174|63|222|
Overall Best: 0.9065 Generation: 10

Generation 12
Average: 0.8885 Best: 0.9021
Best Individual: 
C0 144|58|135|252|78|72|121|189|160|128|71|188|160|244|224|206|191|59|90|179|49|22|76|98|27|137|183|85|3|222|97|210|36|201|56|33|68|118|50|15|193|9|62|3|85|10|61|45|220|65|139|98|145|49|174|253|213|218|96|230|187|158|139|168|72|230|179|234|11|58|28|33|253|87|245|82|253|129|46|232|72|252|54|181|92|89|177|206|159|139|153|197|57|84|194|209|68|98|47|84|233|102|218|13|82|197|251|210|250|22|70|36|211|221|232|230|121|168|53|2|148|194|129|252|100|122|177|63|165|17|165|252|60|19|252|5|236|9|235|158|183|102|238|204|93|222|237|62|240|218|153|201|168|131|38|181|4|72|246|182|246|175|178|233|108|50|184|186|124|253|10|218|16|21|47|104|131|154|232|241|224|108|161|36|146|137|254|243|168|206|70|149|130|254|154|165|229|211|197|107|108|50|12|217|100|176|70|239|46|247|178|254|233|21|175|248|202|50|79|120|204|102|68|23|102|71|16|154|250|16|94|110|134|109|176|73|107|4|12|182|47|99|149|217|155|63|78|172|26|172|184|38|82|19|194|44|
Overall Best: 0.9065 Generation: 10

Generation 13
Average: 0.8883 Best: 0.8989
Best Individual: 
C0 140|166|133|159|65|224|241|252|44|89|215|250|15|34|242|238|190|102|61|34|185|230|158|207|89|134|133|199|46|167|101|92|69|92|236|70|11|190|194|89|68|161|235|110|49|38|201|231|152|46|61|126|93|177|9|111|12|196|51|68|13|52|252|115|166|78|58|62|13|245|193|226|177|129|80|158|144|176|240|221|251|22|58|86|214|109|71|10|114|101|8|193|131|242|204|162|30|55|126|113|13|82|228|221|82|77|166|167|103|43|136|214|3|252|73|122|10|42|119|252|153|97|157|103|10|249|84|68|223|236|135|97|89|240|24|248|198|168|35|142|117|53|197|0|53|126|81|115|227|37|192|36|36|247|58|4|177|127|139|210|183|192|14|150|132|59|25|220|243|79|149|163|28|39|249|171|151|128|56|52|251|232|175|209|191|170|58|43|133|99|248|233|29|36|60|36|205|174|29|194|11|83|10|134|242|57|121|93|109|141|234|47|91|138|88|11|50|217|77|245|171|87|25|245|45|154|227|143|170|169|57|7|206|71|246|213|65|219|16|54|70|8|164|60|249|117|76|224|181|151|170|43|36|238|1|140|
Overall Best: 0.9065 Generation: 10

Generation 14
Average: 0.8904 Best: 0.9021
Best Individual: 
C0 140|166|133|159|65|224|241|252|44|89|215|250|15|34|242|238|190|102|61|34|185|230|15|207|89|139|133|199|46|167|101|92|69|92|236|70|11|190|194|89|68|161|235|110|49|38|201|231|152|46|61|126|125|177|232|89|12|196|51|68|77|52|252|115|166|78|58|62|13|245|193|226|177|129|80|178|144|176|240|221|251|22|58|86|214|109|59|10|114|101|231|193|131|242|204|162|135|55|73|113|13|82|228|221|2|214|161|167|103|43|136|214|3|252|73|122|10|42|119|252|153|97|157|103|10|97|194|245|223|96|135|97|89|26|24|248|198|168|35|142|117|53|197|0|53|126|81|115|227|178|192|36|71|116|58|225|177|18|136|95|96|137|13|148|180|225|192|42|73|27|152|254|90|1|43|184|34|18|155|59|101|108|158|27|73|178|22|2|198|174|212|207|135|118|50|182|38|35|243|157|50|56|198|30|215|176|16|239|201|170|243|109|233|159|175|248|202|50|79|38|26|95|139|245|45|154|227|143|170|165|57|7|201|71|246|5|47|219|16|54|70|8|164|60|138|117|76|224|66|151|170|43|212|238|1|140|
Overall Best: 0.9065 Generation: 10

Generation 15
Average: 0.8883 Best: 0.9033
Best Individual: 
C0 75|104|220|101|44|147|194|47|208|31|32|64|6|110|114|108|230|251|194|45|64|245|20|80|115|93|9|123|107|85|235|68|35|122|115|231|118|206|14|35|14|147|82|118|75|102|68|221|207|41|98|164|236|121|86|229|227|31|96|99|85|58|236|203|42|187|163|122|11|88|133|61|144|199|215|160|253|82|46|62|72|195|49|45|249|109|71|79|114|101|193|40|73|254|61|20|246|185|108|62|156|9|165|1|116|188|13|153|113|52|14|220|121|69|45|41|88|242|56|105|32|132|157|144|14|249|253|191|210|236|18|177|217|93|240|173|238|179|107|210|215|161|47|199|53|210|1|229|227|105|198|39|79|5|225|225|5|119|16|178|8|126|74|252|251|235|183|142|136|191|196|252|185|89|91|216|190|167|210|139|85|80|169|254|188|236|159|31|59|75|115|239|201|162|143|89|195|226|21|77|50|19|43|191|177|175|193|98|122|58|28|247|251|35|183|99|238|46|185|224|165|209|88|194|73|101|46|129|0|152|82|170|140|197|90|19|79|72|161|85|129|171|218|72|19|213|25|55|87|20|132|62|223|174|63|251|
Overall Best: 0.9065 Generation: 10

Generation 16
Average: 0.8887 Best: 0.9027
Best Individual: 
C0 82|242|38|75|149|134|15|66|165|209|12|231|175|235|1|117|95|125|207|89|21|45|65|234|21|104|110|217|213|250|97|208|177|112|168|207|137|36|50|218|193|9|62|3|58|237|61|45|63|96|139|98|145|49|114|229|213|123|96|182|127|211|139|168|166|230|179|252|11|173|157|37|12|87|125|27|128|64|46|232|72|43|127|214|92|89|209|236|151|109|153|206|67|47|154|221|189|110|47|84|196|176|218|158|251|115|148|186|36|157|190|215|75|178|46|230|121|96|65|2|237|49|117|10|100|122|19|62|189|17|130|166|139|58|188|215|240|203|240|173|19|194|145|177|59|79|236|75|13|117|239|33|5|30|88|42|54|150|82|198|18|227|90|231|181|211|84|142|118|191|60|43|185|220|87|216|119|54|138|44|85|155|11|32|181|97|61|31|144|148|208|136|13|174|138|158|29|243|246|149|134|160|94|191|177|148|198|37|171|210|6|217|115|210|88|99|238|205|145|185|220|26|204|194|54|189|36|238|167|98|112|32|156|160|80|98|221|158|219|85|123|55|126|27|215|57|251|23|80|243|132|200|117|26|63|251|
Overall Best: 0.9065 Generation: 10

Generation 17
Average: 0.8893 Best: 0.8996
Best Individual: 
C0 243|92|153|80|78|85|101|106|102|138|43|239|82|236|227|152|151|142|220|234|85|255|45|103|107|131|154|90|15|43|163|254|21|183|13|201|32|213|161|12|63|155|224|45|79|95|120|152|230|177|57|13|234|95|24|132|15|240|218|72|165|164|169|204|112|243|98|109|235|59|5|125|23|15|94|76|31|252|179|66|37|59|246|214|100|34|47|166|198|249|180|106|203|211|169|109|177|218|151|69|162|152|160|223|60|177|245|186|158|136|62|141|127|180|210|180|58|243|22|130|54|182|209|107|95|19|21|82|15|19|148|170|211|99|222|224|20|87|146|96|224|228|13|144|39|141|22|144|245|58|108|116|71|215|78|66|177|112|139|27|183|232|14|150|132|59|148|253|29|79|127|165|253|39|212|127|40|175|61|101|76|7|226|209|191|170|116|43|204|99|248|233|223|36|60|36|102|68|29|194|11|83|188|134|217|197|121|47|109|141|234|47|91|138|88|99|50|140|77|245|121|12|156|80|65|193|227|56|67|67|189|106|72|239|125|191|229|11|193|90|22|198|212|159|91|213|18|156|34|20|207|124|223|174|63|222|
Overall Best: 0.9065 Generation: 10

Generation 18
Average: 0.8895 Best: 0.9065
Best Individual: 
C0 140|111|133|159|65|195|74|98|87|89|88|250|15|34|242|89|190|82|204|3|185|40|158|207|72|116|133|199|46|167|101|92|69|83|236|70|11|32|194|89|119|161|235|106|33|44|201|2|152|5|61|197|93|177|9|111|124|25|51|68|13|52|52|181|189|78|58|142|13|23|193|226|193|129|80|158|12|176|240|221|236|22|58|86|108|109|71|10|114|101|8|59|175|223|204|162|30|55|126|113|13|219|180|221|82|221|166|167|103|43|136|214|153|252|195|85|169|206|142|179|176|113|41|136|167|206|172|146|67|225|135|35|26|232|179|114|64|155|3|74|27|171|117|122|229|196|239|94|68|218|116|54|154|30|12|145|19|149|59|45|8|160|29|120|165|211|171|125|140|249|60|62|179|89|225|224|119|166|210|139|85|155|61|115|54|62|232|31|24|33|184|89|190|13|145|229|99|219|29|9|134|180|247|191|177|13|184|98|156|73|106|144|87|137|88|99|238|232|108|102|121|132|68|100|189|245|131|190|210|67|189|106|79|201|69|129|229|11|63|81|182|56|93|191|134|34|194|8|181|151|186|43|232|44|253|165|
Overall Best: 0.9065 Generation: 10

Generation 19
Average: 0.8903 Best: 0.9058
Best Individual: 
C0 129|42|220|80|78|85|101|106|102|138|43|64|83|71|227|24|18|222|150|47|6|22|9|222|45|13|179|86|127|90|63|24|133|243|95|108|117|59|41|190|63|241|168|111|242|34|176|241|208|85|61|126|93|86|56|215|239|196|28|159|127|52|252|225|61|50|116|176|11|88|227|13|175|80|191|191|253|230|128|158|244|138|54|12|92|89|189|172|31|61|130|213|68|209|206|221|143|219|218|84|60|110|218|162|119|177|171|20|219|248|139|141|66|134|225|192|58|165|22|130|57|36|99|223|95|30|210|82|5|65|148|120|58|28|4|162|192|96|209|122|27|244|13|144|39|100|251|220|38|58|203|193|71|132|211|42|201|4|182|198|100|227|186|193|37|222|77|142|191|202|38|77|185|82|8|133|119|167|161|175|2|39|121|253|182|62|182|31|144|92|242|188|70|108|236|76|17|103|175|186|129|10|161|112|39|122|237|98|148|247|243|67|49|74|132|248|229|140|77|167|60|240|38|236|108|67|127|143|168|222|18|7|206|197|246|213|58|57|28|233|150|235|52|170|91|55|234|44|45|20|85|124|223|174|63|222|
Overall Best: 0.9065 Generation: 10

Generation 20
Average: 0.8899 Best: 0.9052
Best Individual: 
C0 243|92|123|80|78|252|101|135|102|99|71|188|160|164|35|206|191|131|62|179|49|240|76|98|27|244|183|21|111|29|97|43|147|83|56|119|68|179|230|74|49|198|23|110|177|226|40|236|152|190|234|118|90|234|56|200|215|170|210|108|13|233|199|149|61|166|127|121|193|233|225|138|190|250|225|215|52|184|186|121|126|22|235|45|198|109|71|79|208|162|193|71|131|119|16|162|194|42|22|82|5|203|24|82|82|70|122|71|34|43|140|214|112|97|45|124|216|2|13|130|222|147|177|166|95|153|113|149|179|9|242|170|72|107|4|162|44|46|242|24|50|228|12|161|175|111|205|144|134|58|192|73|154|27|12|136|212|127|139|27|183|232|14|94|79|59|25|87|172|79|123|165|28|66|212|171|40|30|17|101|76|172|60|209|191|54|190|43|225|195|248|233|223|36|60|36|54|226|4|194|16|152|178|134|217|135|121|47|109|152|234|58|91|138|88|144|50|140|139|186|121|146|52|77|189|84|227|86|67|67|99|106|64|239|125|191|229|11|193|90|22|198|212|159|91|213|183|143|34|20|207|124|223|45|22|195|
Overall Best: 0.9065 Generation: 10

Generation 21
Average: 0.8896 Best: 0.9002
Best Individual: 
C0 243|154|123|80|78|85|101|234|78|138|16|239|15|97|103|145|248|18|221|34|127|90|213|207|101|158|164|57|149|89|54|92|69|92|119|186|175|66|115|160|120|3|61|10|49|60|202|74|31|46|61|209|238|177|232|89|12|196|51|68|130|23|252|115|190|133|58|91|13|120|62|226|146|127|164|78|144|1|24|154|44|56|103|239|175|109|59|10|114|101|231|193|19|228|204|162|135|165|120|113|13|82|72|221|2|214|59|167|103|43|136|214|3|47|253|187|220|85|119|200|138|165|11|154|96|176|76|148|94|111|253|177|217|20|92|173|164|72|82|210|153|241|132|71|53|210|62|229|179|76|148|142|80|126|44|154|253|133|33|202|24|227|188|252|50|211|169|154|175|191|177|160|177|98|159|108|138|161|93|241|94|80|131|167|158|155|159|71|68|125|110|59|128|151|141|89|195|226|64|56|247|152|198|24|137|176|7|250|201|170|243|109|210|174|194|181|69|197|62|93|244|110|241|241|20|90|99|145|129|82|109|118|19|120|194|169|11|90|85|36|187|239|160|159|91|213|251|156|34|20|48|124|223|174|63|195|
Overall Best: 0.9065 Generation: 10

Generation 22
Average: 0.8915 Best: 0.9033
Best Individual: 
C0 96|92|91|35|78|72|2|233|102|138|43|49|11|236|39|6|151|142|220|234|85|255|45|103|107|131|154|227|86|43|185|254|106|183|13|201|32|213|161|12|103|155|224|45|226|95|56|195|230|177|166|152|81|95|24|132|145|149|218|72|165|164|169|204|112|184|138|186|229|208|101|125|51|15|94|76|31|117|206|81|232|39|246|214|100|34|47|10|156|118|147|115|220|119|64|162|194|11|22|82|5|29|210|250|82|196|122|71|34|43|140|214|134|188|45|124|96|2|109|239|136|147|177|166|203|153|242|149|138|9|100|170|229|117|4|162|11|244|242|198|85|228|12|161|202|111|205|144|134|58|192|73|132|27|12|136|146|127|139|27|139|69|14|150|79|59|25|253|243|79|149|20|28|82|156|171|40|30|30|101|67|172|197|209|191|184|75|43|225|230|40|233|74|36|145|151|7|219|29|44|225|97|156|191|140|214|184|98|201|73|106|201|41|128|88|99|136|232|108|82|207|21|68|248|189|245|159|112|41|105|87|246|198|114|72|100|131|204|63|165|110|176|190|53|227|153|48|156|102|206|180|124|223|174|63|185|
Overall Best: 0.9065 Generation: 10

Generation 23
Average: 0.8927 Best: 0.9090
Best Individual: 
C0 129|42|220|80|39|85|101|106|102|109|186|64|83|34|227|171|18|222|209|27|115|22|9|64|45|13|179|86|71|200|35|59|133|243|95|108|117|45|19|190|193|241|216|110|177|3|144|236|11|190|234|126|90|171|56|200|58|54|218|110|165|36|181|204|112|9|98|109|235|59|5|117|23|15|94|76|27|184|192|159|238|138|80|12|92|210|189|172|31|61|130|1|68|209|206|39|143|28|218|84|60|110|218|254|119|177|171|20|219|248|182|141|66|11|225|192|151|46|2|130|57|36|99|65|95|123|13|82|5|254|148|36|58|28|4|162|192|96|209|34|197|244|216|241|39|164|251|145|38|58|203|193|71|132|211|42|201|4|110|57|2|227|149|193|37|42|77|142|59|202|62|172|78|82|8|133|119|175|161|175|155|39|205|253|182|62|182|248|144|92|242|188|70|108|207|76|17|103|175|190|129|10|161|112|39|96|237|152|148|247|243|67|49|74|114|248|229|140|19|167|60|240|38|236|14|67|127|143|168|222|62|223|206|253|246|213|58|57|28|95|134|235|52|230|137|115|5|44|45|20|85|124|223|117|159|222|
Overall Best: 0.9090 Generation: 23

Generation 24
Average: 0.8913 Best: 0.9040
Best Individual: 
C0 129|43|220|80|39|85|101|106|2|109|186|64|83|34|227|222|18|222|209|27|115|22|9|81|17|13|172|26|71|200|35|59|133|119|95|108|117|45|19|214|193|241|216|110|177|3|144|236|11|190|234|126|90|171|56|200|58|54|89|110|51|36|181|204|112|9|98|109|235|59|5|117|23|15|94|210|27|232|192|159|238|138|80|12|92|210|189|172|31|61|130|1|68|209|206|39|143|28|218|84|60|110|218|254|119|177|171|20|40|248|182|141|66|11|225|192|151|46|2|130|57|36|99|65|95|123|13|82|5|254|148|36|58|28|4|162|192|96|209|34|197|244|216|241|39|164|251|145|38|58|203|193|71|132|211|42|201|4|110|57|2|227|149|193|37|42|77|142|59|202|196|203|194|99|8|133|173|167|56|175|85|77|121|253|182|208|246|31|144|204|219|211|128|108|143|89|17|103|196|190|129|10|161|112|39|96|237|152|148|247|49|67|23|74|114|248|229|140|19|69|60|240|38|236|14|67|127|143|168|222|62|223|206|253|246|213|58|57|6|95|134|235|52|230|137|115|5|44|45|20|85|124|223|117|159|222|
Overall Best: 0.9090 Generation: 23

Generation 25
Average: 0.8916 Best: 0.9021
Best Individual: 
C0 110|92|91|35|78|72|149|233|102|25|43|49|11|61|39|99|151|142|220|234|85|255|45|103|107|67|10|112|86|43|185|254|41|183|13|201|32|213|161|12|103|155|224|45|226|95|56|195|230|177|32|152|81|113|24|181|145|149|218|72|36|164|169|204|112|88|141|186|47|208|101|125|117|15|167|76|250|84|7|81|232|39|246|214|100|34|47|10|93|160|40|115|220|119|64|162|113|11|22|82|5|29|210|178|82|187|122|71|250|43|140|214|134|188|45|124|96|2|109|239|136|147|177|166|92|153|242|149|138|56|100|173|229|117|4|77|11|244|242|17|211|228|12|161|202|111|0|144|134|254|40|73|132|27|12|136|170|127|139|27|139|69|14|54|79|59|25|88|243|79|149|20|28|94|156|171|40|30|30|101|185|177|197|209|191|48|89|131|225|230|40|233|74|36|122|151|7|219|29|44|225|129|147|191|140|41|184|98|165|73|106|110|41|158|88|225|136|61|108|82|208|21|68|248|103|245|159|98|41|105|163|246|198|213|3|103|131|136|63|162|171|205|213|53|68|153|5|156|102|206|180|124|171|222|187|185|
Overall Best: 0.9090 Generation: 23

Generation 26
Average: 0.8907 Best: 0.9046
Best Individual: 
C0 110|92|91|35|78|72|152|233|102|25|43|49|11|61|39|99|151|142|220|234|143|255|10|103|107|67|10|112|86|43|185|254|41|183|13|201|32|213|161|12|103|155|224|45|226|95|56|195|230|10|32|7|81|113|24|181|145|149|218|72|36|236|169|204|112|88|141|186|209|208|101|125|117|15|167|76|250|84|7|81|232|39|246|214|100|34|47|10|93|160|40|115|13|119|64|162|113|11|22|82|5|29|210|178|82|187|137|71|250|43|140|214|134|188|45|124|96|2|109|239|136|147|177|166|92|153|242|149|138|92|100|173|229|206|4|77|11|73|242|17|211|228|12|161|202|111|0|144|217|254|40|73|132|27|12|136|170|127|139|27|139|69|14|54|79|59|111|88|243|79|149|238|28|94|19|171|40|30|178|156|185|177|197|209|191|48|89|131|225|230|40|233|74|9|122|151|7|58|29|44|225|129|147|191|140|41|184|98|165|73|106|110|41|158|88|225|241|61|108|82|208|21|68|248|103|245|159|98|41|105|163|246|198|213|3|103|131|136|63|162|171|205|213|53|68|153|130|230|102|206|180|124|171|222|187|185|
Overall Best: 0.9090 Generation: 23

Generation 27
Average: 0.8899 Best: 0.9014
Best Individual: 
C0 147|116|45|124|251|11|121|189|78|128|83|33|101|155|35|194|191|131|62|179|215|7|76|249|97|102|187|85|29|220|97|145|88|244|56|201|31|251|12|12|63|155|24|2|156|160|90|152|230|120|5|13|15|67|149|65|15|200|132|110|135|133|240|204|112|17|98|109|235|174|5|84|51|90|94|76|35|252|179|123|145|59|246|214|100|38|47|27|27|249|169|106|203|223|88|178|68|15|43|67|162|152|160|223|84|20|245|105|56|136|62|129|119|98|82|180|193|125|144|130|54|182|211|107|95|96|109|82|226|18|148|170|243|99|12|90|114|168|110|237|117|152|201|174|53|178|104|144|171|58|152|125|5|30|92|42|54|92|238|198|18|175|250|97|37|23|101|120|144|171|61|6|198|121|105|8|67|42|52|218|87|38|91|22|96|151|36|127|12|252|11|28|15|123|106|199|181|70|216|206|205|201|160|183|177|232|227|47|109|231|135|109|233|132|138|110|223|216|79|38|134|72|139|130|72|130|126|255|67|67|75|233|212|239|81|191|225|152|193|30|134|48|192|73|160|150|55|224|5|151|49|176|209|170|246|28|
Overall Best: 0.9090 Generation: 23

Generation 28
Average: 0.8902 Best: 0.9014
Best Individual: 
C0 140|92|29|62|78|64|207|106|102|54|214|195|155|236|39|5|33|217|150|199|85|248|161|89|233|48|126|193|92|57|88|67|240|10|241|13|131|131|194|89|140|203|230|136|207|34|166|152|99|177|90|101|164|95|111|45|125|10|218|185|45|212|64|156|84|191|171|91|98|46|92|53|23|15|146|171|133|133|228|188|46|50|246|92|54|109|59|10|39|135|58|193|21|228|204|233|135|165|137|83|254|130|61|31|181|214|145|167|103|71|136|56|3|205|127|85|12|85|119|31|138|165|220|76|96|176|208|115|94|111|73|170|132|209|179|61|230|253|54|131|117|248|213|98|68|184|144|243|41|39|58|171|147|47|78|66|75|50|164|147|121|88|11|27|232|85|247|142|229|216|119|190|185|125|166|225|155|245|210|139|119|252|228|19|223|168|159|31|1|240|115|239|202|162|166|223|60|22|72|212|247|118|41|4|137|9|198|198|42|213|94|66|85|246|55|75|57|67|166|250|1|171|248|215|83|18|227|86|67|67|189|233|156|239|190|118|211|4|193|65|22|137|192|209|154|25|18|217|183|20|105|128|88|65|106|252|
Overall Best: 0.9090 Generation: 23

Generation 29
Average: 0.8896 Best: 0.9027
Best Individual: 
C0 140|34|44|141|78|125|66|116|11|138|162|176|24|144|43|197|163|69|47|93|2|101|170|112|4|61|226|66|120|192|242|242|64|244|23|57|32|233|69|150|57|235|219|22|144|9|73|26|222|227|38|253|35|60|37|131|5|77|118|167|67|41|94|181|166|205|95|194|82|213|227|198|144|200|161|165|103|195|128|45|244|65|148|171|209|85|189|222|254|172|117|221|99|120|206|214|188|101|36|34|142|208|195|242|119|146|251|126|133|249|41|144|75|205|55|226|95|133|71|101|66|237|64|10|216|56|200|241|223|120|148|120|156|28|102|133|181|247|164|200|71|63|144|112|81|7|23|223|46|27|6|167|185|245|246|66|75|50|164|117|121|88|11|27|180|106|247|142|229|216|119|228|185|125|166|225|155|19|210|139|119|74|228|53|223|19|159|42|114|75|115|239|174|162|58|223|60|22|72|87|94|255|30|68|210|15|165|72|14|11|94|97|136|246|220|65|191|55|14|238|151|76|253|39|217|205|229|37|44|13|21|3|49|71|209|168|25|28|199|66|187|206|108|142|34|25|210|6|34|206|59|124|107|174|165|133|
Overall Best: 0.9090 Generation: 23
==================
    Best individual after 30 generations
    computed in 4,588.5870 seconds
    1448 elements out of 1593 correct.
    emerged in generation 23
    with fitness 0.9090
==================

