Starting evolution...

Generation 0
Average: 0.9058 Best: 0.9058
Best Individual: 
C0 0|175|71|113|4|52|149|7|119|208|171|100|12|137|14|15|92|17|124|19|9|21|22|154|239|31|10|27|28|181|30|218|139|33|161|35|36|37|194|39|40|41|42|73|114|106|46|204|48|210|50|3|5|53|198|236|56|116|58|59|55|61|62|228|91|196|16|127|179|69|70|44|72|223|74|233|76|230|211|29|80|81|82|83|84|45|86|87|88|130|165|152|148|93|153|178|173|97|98|140|11|101|102|103|104|13|85|107|108|219|201|111|185|207|147|200|57|117|118|186|247|121|122|159|18|125|126|156|128|231|224|67|131|133|134|2|141|123|138|32|203|136|172|143|144|145|238|110|163|6|94|151|222|26|23|47|75|226|158|105|167|193|162|135|164|90|166|160|109|96|170|246|142|188|187|1|176|177|54|195|25|132|79|245|184|174|65|252|180|189|242|191|214|190|66|68|169|197|89|199|24|182|202|120|155|225|206|51|8|209|49|60|244|216|212|215|213|43|241|168|220|221|115|95|217|205|157|227|63|38|77|249|232|243|234|34|78|237|146|112|240|229|235|99|192|183|150|20|248|129|250|251|64|253|254|255|
Overall Best: 0.9058 Generation: 0

Generation 1
Average: 0.9058 Best: 0.9058
Best Individual: 
C0 0|212|78|51|4|137|153|7|251|221|171|149|237|227|14|15|92|17|124|19|9|21|22|154|239|31|10|27|28|181|30|55|139|33|161|35|36|37|194|39|40|41|42|73|114|106|152|204|48|210|50|3|5|90|123|236|112|245|58|59|218|214|62|143|91|196|165|127|101|69|70|44|120|223|74|233|76|125|211|29|80|81|82|83|84|32|47|87|88|130|16|63|148|93|146|178|173|97|98|140|166|191|102|103|104|13|56|107|254|230|201|111|185|207|147|200|57|117|118|187|247|121|122|159|18|219|126|156|128|231|224|67|131|133|134|2|141|198|138|45|203|136|172|228|144|145|238|110|170|6|94|151|222|26|23|86|75|226|158|105|167|193|162|135|164|53|11|160|109|96|163|246|142|188|186|1|176|177|54|195|25|132|79|116|184|174|65|205|180|189|242|179|61|190|66|150|169|197|95|199|24|182|202|234|155|225|206|157|49|209|34|252|20|213|192|253|52|215|71|46|220|68|217|60|119|115|85|99|38|8|208|250|235|244|241|175|72|12|113|77|240|89|232|243|100|183|168|216|248|249|129|229|43|64|108|255|
Overall Best: 0.9058 Generation: 0

Generation 2
Average: 0.9058 Best: 0.9058
Best Individual: 
C0 0|112|2|135|4|141|6|208|8|214|243|152|167|124|178|15|82|169|36|137|90|163|58|229|107|24|7|230|9|73|30|220|32|33|184|35|253|183|38|233|98|175|144|43|22|142|123|143|26|76|50|75|52|96|117|189|56|57|10|201|160|102|59|116|190|65|66|67|68|119|11|252|72|105|118|78|16|162|77|64|193|1|46|83|226|85|86|247|88|212|242|91|34|27|250|95|134|42|172|200|100|25|181|103|104|177|234|151|13|93|110|125|138|206|254|207|245|126|89|69|120|121|23|44|71|111|219|202|128|31|130|148|131|221|3|235|136|132|161|37|164|5|45|60|97|194|146|147|204|149|48|198|29|188|106|155|79|12|158|74|84|17|217|63|101|165|166|246|168|115|170|153|49|173|174|28|61|14|156|179|210|157|113|139|140|223|186|187|199|197|21|251|192|99|185|240|80|92|55|145|154|213|87|227|150|205|39|241|159|209|171|211|122|20|127|215|216|51|218|196|18|180|222|133|224|248|19|81|228|244|109|231|232|54|40|114|236|237|238|239|195|47|203|182|62|129|191|41|225|249|94|108|176|70|53|255|
Overall Best: 0.9058 Generation: 0

Generation 3
Average: 0.9058 Best: 0.9058
Best Individual: 
C0 238|122|202|120|7|44|189|169|9|233|12|248|112|28|10|137|126|54|18|119|23|109|191|46|162|39|79|27|47|159|30|110|102|15|34|86|64|192|97|141|36|181|157|224|118|235|232|178|171|22|204|253|206|151|80|152|56|38|213|245|11|61|6|63|35|255|52|252|223|69|95|164|68|144|121|161|84|77|150|196|184|89|3|99|211|1|186|4|149|26|90|91|45|32|94|240|37|51|183|214|49|101|93|42|190|14|106|234|108|218|198|100|209|92|124|237|82|180|146|111|132|114|48|187|17|165|129|127|72|66|243|148|130|199|13|135|136|60|67|65|140|166|41|231|177|115|230|5|194|158|142|225|87|50|179|155|156|247|228|188|160|105|24|21|207|222|128|167|168|62|170|153|227|131|185|175|176|254|215|174|217|40|76|98|147|83|123|59|58|74|133|33|229|71|31|8|195|197|116|242|19|201|139|96|53|57|212|117|208|216|103|0|193|220|16|182|163|29|210|134|138|85|145|200|125|239|226|20|55|172|2|143|75|205|236|173|104|221|78|81|113|241|88|244|251|43|249|219|73|246|250|70|203|154|107|25|
Overall Best: 0.9058 Generation: 0

Generation 4
Average: 0.9058 Best: 0.9058
Best Individual: 
C0 66|68|174|106|239|5|244|243|11|141|23|69|172|205|114|15|36|17|229|189|165|176|117|44|50|22|28|46|41|153|178|118|202|33|19|123|233|254|195|186|65|154|221|38|128|255|27|173|32|49|218|199|47|156|112|162|91|0|58|175|2|125|54|251|3|122|45|197|4|60|29|101|78|228|74|182|105|120|253|144|159|25|70|83|198|240|129|110|67|158|21|62|92|35|207|95|166|90|194|220|196|40|131|103|104|132|9|219|63|88|111|245|52|184|96|247|12|124|14|147|242|121|77|81|191|48|226|224|84|234|217|142|138|222|134|42|136|188|56|150|213|241|168|163|235|53|139|157|148|169|99|151|140|248|98|246|152|238|210|100|161|72|203|146|116|13|249|37|85|87|16|171|200|57|170|206|149|59|227|179|82|181|190|86|115|185|183|79|232|252|1|215|133|193|80|34|26|237|24|126|73|192|30|89|204|164|51|236|31|6|94|211|212|55|75|214|216|209|187|230|20|10|177|135|127|225|76|137|8|130|102|231|167|39|113|143|155|107|119|7|71|64|97|201|18|61|109|223|93|43|250|145|208|180|108|160|
Overall Best: 0.9058 Generation: 0

Generation 5
Average: 0.9058 Best: 0.9058
Best Individual: 
C0 22|181|34|197|192|231|6|213|8|31|174|245|176|55|123|215|240|241|2|144|227|56|162|212|235|233|191|27|28|186|38|201|246|160|24|42|101|62|30|239|104|117|173|43|73|93|168|47|71|163|94|60|57|72|196|211|132|39|9|29|112|205|120|32|64|69|193|67|133|108|252|249|156|251|74|210|84|70|206|152|78|128|180|222|142|85|86|209|97|121|99|59|36|130|98|115|255|20|171|91|137|124|159|82|110|105|0|114|145|169|96|111|51|113|184|226|103|50|49|200|138|134|122|4|135|106|126|3|53|75|66|131|52|127|40|11|166|148|194|151|25|35|61|63|87|100|204|37|16|149|216|147|79|244|154|107|237|109|58|1|229|221|150|214|33|165|68|167|172|207|116|46|13|164|224|80|12|136|10|81|220|232|88|183|218|247|5|95|188|189|21|170|89|155|48|217|45|141|198|92|243|90|140|19|125|179|83|139|15|23|228|18|17|178|234|158|118|236|161|219|203|208|14|190|202|54|7|223|44|225|230|76|65|199|195|26|177|157|238|77|143|41|187|119|129|175|153|185|248|182|250|253|242|102|254|146|
Overall Best: 0.9058 Generation: 0

Generation 6
Average: 0.9058 Best: 0.9058
Best Individual: 
C0 171|222|146|186|86|70|6|253|22|121|20|124|240|30|57|241|18|55|38|193|159|74|248|246|85|52|215|196|226|182|174|39|32|212|191|162|231|185|175|84|93|153|117|205|197|210|144|235|34|206|233|60|27|72|31|168|180|56|36|249|28|8|62|170|102|227|252|163|251|64|71|53|42|99|43|209|75|239|78|142|115|2|133|90|213|152|24|123|67|176|160|128|132|91|130|201|192|211|173|9|114|101|59|82|96|105|0|219|145|169|25|111|51|100|184|47|103|50|49|200|138|134|122|4|135|106|127|3|83|120|66|131|250|126|44|11|166|148|194|151|110|35|61|234|87|224|204|37|16|149|216|98|79|244|154|107|237|109|58|1|229|221|150|214|33|165|68|167|172|228|116|46|13|164|113|80|12|136|10|141|220|232|88|183|218|247|5|217|188|189|21|254|89|155|48|95|45|81|198|92|243|69|140|40|125|179|156|139|15|23|207|108|17|178|63|158|118|236|161|104|177|208|223|190|29|54|7|14|19|225|230|76|65|199|195|26|203|157|238|77|143|41|187|119|242|129|147|97|181|245|94|112|137|73|202|255|
Overall Best: 0.9058 Generation: 0

Generation 7
Average: 0.9058 Best: 0.9058
Best Individual: 
C0 81|155|174|248|157|198|202|7|161|9|93|24|23|240|223|217|210|146|15|115|102|33|22|130|40|181|26|27|173|72|226|38|137|10|143|18|255|222|104|84|57|41|42|59|245|64|112|183|48|118|180|62|77|136|231|55|158|52|43|125|230|78|207|129|192|45|37|67|39|69|101|71|249|73|165|154|140|86|220|189|253|85|82|60|6|89|47|142|88|191|162|21|99|194|188|117|36|159|123|141|31|12|186|168|79|80|0|219|145|167|25|111|51|100|184|208|103|50|49|171|138|134|246|4|135|106|127|3|83|120|66|131|250|126|44|11|166|148|29|151|110|35|61|234|87|224|204|228|187|149|216|98|19|244|156|107|237|205|58|1|229|221|150|214|68|92|128|169|74|178|206|153|109|2|94|17|176|16|179|28|203|91|5|122|46|90|215|13|70|177|212|254|211|199|124|243|196|32|105|195|34|247|164|233|97|114|53|252|56|182|236|227|197|213|54|121|8|185|225|108|132|235|241|201|116|119|113|63|30|14|65|209|133|139|96|75|170|218|172|238|232|200|242|175|193|144|190|147|163|152|239|95|160|251|20|76|
Overall Best: 0.9058 Generation: 0

Generation 8
Average: 0.9058 Best: 0.9058
Best Individual: 
C0 181|193|38|59|94|129|171|10|149|168|57|42|167|227|128|69|121|169|22|242|108|136|163|126|185|180|104|83|233|174|53|111|182|172|68|155|153|9|77|43|186|34|107|138|31|218|88|89|148|133|150|225|252|217|32|55|158|98|179|178|78|81|47|113|76|212|143|67|70|195|241|246|131|232|74|219|215|151|146|157|166|191|21|61|80|251|52|56|208|206|90|6|183|86|71|159|75|177|201|99|100|50|249|226|97|160|248|8|49|17|29|28|156|211|255|196|188|135|118|110|11|101|247|203|213|102|253|198|210|24|93|192|51|46|214|95|124|20|15|189|25|35|39|234|87|224|204|37|16|199|216|221|79|244|154|122|237|109|58|144|72|54|114|228|134|165|105|65|175|92|123|130|187|147|116|117|173|41|202|245|170|176|119|82|137|13|236|142|64|230|220|141|2|14|44|120|161|197|3|194|4|48|62|243|140|152|222|207|240|223|85|125|145|200|33|190|112|115|164|91|235|60|238|132|7|254|250|5|18|27|0|209|63|139|96|239|19|84|205|66|73|30|45|103|231|12|36|40|229|1|184|162|127|26|23|106|
Overall Best: 0.9058 Generation: 0

Generation 9
Average: 0.9058 Best: 0.9058
Best Individual: 
C0 252|148|100|149|248|127|179|225|26|167|249|208|136|146|231|97|85|9|121|30|115|70|157|215|177|81|217|45|90|239|174|21|32|164|181|184|108|182|66|98|40|159|23|63|34|7|96|150|12|51|31|53|67|19|71|185|235|76|229|59|88|47|254|91|129|226|61|162|107|83|186|60|168|158|242|50|27|246|0|38|166|8|180|151|219|18|193|163|80|94|160|78|223|161|241|191|6|73|172|250|104|178|194|232|105|10|75|106|52|17|29|28|156|227|255|196|188|135|118|84|11|101|247|203|213|102|253|44|210|24|93|192|138|46|214|95|124|20|15|189|25|35|39|234|87|224|175|37|16|199|216|221|79|244|5|122|237|109|58|144|72|54|114|228|134|165|113|65|204|92|123|130|187|147|116|117|173|41|202|245|170|176|119|82|137|13|236|142|64|230|220|141|2|14|198|120|74|197|3|68|4|48|62|243|140|152|222|207|240|183|126|125|145|200|33|132|112|89|128|77|205|42|195|103|139|49|169|211|131|55|153|36|56|111|238|57|171|22|154|212|86|1|69|155|133|218|251|190|110|43|233|201|209|99|206|143|
Overall Best: 0.9058 Generation: 0

Generation 10
Average: 0.9058 Best: 0.9058
Best Individual: 
C0 150|19|120|59|210|180|3|164|149|168|57|42|167|151|182|48|250|169|22|242|147|136|163|126|39|129|31|83|244|87|53|128|111|172|68|155|153|9|43|77|171|34|187|174|29|218|88|89|148|13|137|30|1|21|32|64|158|139|75|178|78|146|47|67|76|212|186|81|70|20|241|246|108|94|74|170|215|227|113|14|166|191|96|61|80|251|52|56|254|95|90|6|249|86|5|156|179|226|208|99|100|50|183|98|104|236|248|8|11|28|103|231|2|211|255|133|188|135|118|220|49|101|247|203|112|102|121|198|185|143|93|192|51|219|214|206|123|195|15|189|141|35|106|65|138|224|204|37|16|199|216|221|132|233|154|239|237|175|176|144|72|54|114|228|134|165|105|145|109|92|124|130|71|131|116|117|173|41|202|245|17|58|119|82|181|63|252|12|229|230|110|160|159|157|44|222|161|209|24|85|4|243|62|69|140|152|234|207|240|223|55|125|66|97|33|190|213|115|232|91|235|60|238|79|7|201|253|107|18|27|0|122|196|177|217|197|193|84|184|38|73|225|45|10|46|205|36|40|194|25|142|162|127|26|23|200|
Overall Best: 0.9058 Generation: 0

Generation 11
Average: 0.9058 Best: 0.9058
Best Individual: 
C0 171|230|36|110|193|161|63|101|115|78|55|18|82|58|0|253|111|93|188|19|173|54|7|248|49|243|107|124|53|20|100|77|125|127|116|202|254|83|190|147|16|164|187|174|29|218|45|89|62|13|137|30|222|21|109|64|158|219|75|178|2|146|47|252|76|212|123|81|70|35|241|246|108|94|74|240|215|227|113|50|166|191|96|61|80|251|52|56|237|95|90|6|249|86|5|156|179|226|15|99|39|87|250|72|159|148|43|214|14|165|114|239|130|98|145|22|119|245|209|105|23|175|211|185|225|46|232|38|128|229|59|92|88|221|195|216|28|231|40|186|126|25|255|48|181|27|207|132|154|149|118|122|151|66|170|9|117|8|26|60|228|162|67|155|91|73|17|167|33|44|183|34|106|194|131|153|135|136|150|244|163|160|168|31|206|189|141|217|223|236|210|233|192|140|120|1|144|224|139|199|142|68|133|180|157|235|134|57|208|12|238|97|71|204|85|65|4|32|205|51|169|176|112|11|10|143|242|121|24|69|182|196|213|200|203|177|129|172|79|184|201|102|42|220|138|103|198|41|104|37|152|84|197|234|3|247|
Overall Best: 0.9058 Generation: 0

Generation 12
Average: 0.9058 Best: 0.9058
Best Individual: 
C0 208|9|33|161|236|120|183|13|145|207|245|18|82|58|251|253|111|93|188|19|135|54|7|248|49|243|107|124|222|20|100|77|125|127|63|202|254|123|190|147|16|164|187|174|29|218|45|163|62|173|137|30|53|21|109|64|158|219|75|178|2|146|47|252|76|212|83|81|70|171|241|246|108|94|74|240|189|227|113|170|166|191|96|61|3|0|52|56|237|39|138|226|4|143|200|99|255|139|157|26|79|12|195|8|60|114|134|221|225|25|184|66|209|115|104|239|80|65|118|144|10|150|69|43|213|153|230|90|126|59|244|148|57|224|32|182|186|211|36|112|216|84|106|131|235|122|72|242|103|15|116|78|1|220|97|71|168|231|23|48|141|105|234|22|204|37|250|88|151|210|42|196|238|192|142|160|176|6|249|129|55|156|5|175|46|159|73|199|35|38|27|206|201|41|180|85|28|214|89|31|198|217|179|128|232|223|67|152|119|197|185|91|205|40|132|172|17|14|149|136|92|167|110|229|177|121|44|181|87|203|117|50|193|169|140|228|102|86|101|165|162|233|24|34|68|247|215|51|154|130|95|155|11|194|133|98|
Overall Best: 0.9058 Generation: 0

Generation 13
Average: 0.9058 Best: 0.9058
Best Individual: 
C0 103|194|120|125|34|49|198|241|160|57|50|135|230|187|238|112|181|132|253|193|32|36|206|188|72|155|42|1|136|77|91|9|197|254|73|59|119|109|31|147|16|164|100|174|29|218|45|163|145|173|137|30|228|21|107|64|158|219|75|178|2|146|47|252|76|212|83|14|70|171|248|246|108|94|74|240|189|227|113|170|166|251|96|61|3|225|244|56|237|39|10|226|4|143|200|99|190|139|157|175|26|12|195|8|60|114|134|18|0|25|184|66|209|115|104|239|80|65|118|46|151|68|152|106|92|215|122|22|128|167|162|51|156|148|62|89|53|183|221|216|79|255|142|15|144|211|223|43|28|177|69|71|140|133|116|249|205|217|213|232|88|203|52|208|54|90|102|169|149|222|182|13|161|242|33|101|24|154|159|105|186|127|185|35|233|126|86|81|58|141|67|87|210|191|44|123|41|37|247|199|38|48|7|234|204|150|98|11|168|93|129|121|97|5|63|229|235|196|224|117|165|245|17|236|202|130|85|111|78|138|250|131|40|19|192|82|243|201|179|55|84|124|6|23|231|220|172|214|176|95|153|180|20|110|207|27|
Overall Best: 0.9058 Generation: 0

Generation 14
Average: 0.9058 Best: 0.9058
Best Individual: 
C0 120|108|32|171|89|158|155|232|105|208|35|25|142|228|53|64|73|170|148|125|252|122|225|123|253|199|21|61|168|248|88|18|56|49|229|97|126|55|162|79|81|254|212|192|124|135|189|132|173|4|90|193|48|46|237|179|186|167|205|83|26|107|72|166|15|240|75|44|115|211|8|30|37|184|76|255|196|101|209|151|65|250|9|5|174|177|154|217|221|45|144|95|0|118|51|28|198|111|84|69|66|62|238|71|60|59|224|138|13|93|200|116|22|183|145|216|99|152|102|169|172|149|234|143|140|119|87|17|129|31|180|175|43|63|194|36|85|77|19|207|247|236|23|68|113|67|27|7|38|109|164|78|133|6|82|223|110|41|20|178|58|134|210|100|249|163|86|157|159|33|121|239|226|131|218|235|185|104|188|16|98|54|40|213|139|2|103|160|219|14|195|251|161|146|182|214|24|12|190|150|11|242|230|47|227|197|203|42|153|246|187|130|80|201|96|136|10|39|220|74|94|204|3|112|114|181|147|202|156|243|128|245|165|137|106|52|191|206|233|92|34|241|176|231|50|117|1|222|127|29|91|70|141|215|57|244|
Overall Best: 0.9058 Generation: 0

Generation 15
Average: 0.9058 Best: 0.9058
Best Individual: 
C0 171|96|217|125|193|183|31|156|234|244|0|95|162|197|39|253|129|237|28|206|174|69|176|248|54|2|107|216|53|15|97|65|5|225|161|154|233|215|1|138|13|151|79|222|73|34|110|126|47|18|136|75|26|71|37|92|255|48|111|169|29|35|141|115|114|30|241|143|112|165|82|231|90|59|232|60|57|6|88|74|166|179|230|118|132|229|135|81|32|45|9|142|168|120|55|116|27|187|123|94|243|87|250|105|155|202|228|181|50|44|192|4|122|246|106|117|191|221|189|3|137|186|158|205|199|52|130|121|128|144|180|175|43|63|194|36|85|77|19|207|247|236|91|68|113|67|245|7|38|109|164|78|133|252|173|223|145|41|103|178|58|134|210|100|249|163|86|157|159|33|72|239|226|131|218|235|185|104|188|16|98|49|40|213|139|148|20|160|219|14|195|251|56|146|182|214|24|12|190|150|11|242|64|51|238|153|167|140|198|108|212|21|70|149|211|22|80|220|172|25|147|240|89|76|10|209|224|61|201|170|17|196|62|200|93|177|46|84|204|184|119|102|42|83|208|124|66|23|203|127|152|227|8|101|254|99|
Overall Best: 0.9058 Generation: 0

Generation 16
Average: 0.9058 Best: 0.9058
Best Individual: 
C0 253|86|135|12|197|254|225|110|136|217|146|79|181|9|163|236|174|67|61|196|5|243|45|34|88|228|229|164|195|56|81|32|2|53|204|82|27|216|240|220|73|131|48|125|241|28|145|117|142|167|251|165|219|188|132|54|26|184|223|152|40|108|218|211|116|139|115|22|18|168|177|11|203|84|58|76|98|111|157|193|20|222|95|143|119|245|178|46|242|198|179|162|169|249|83|29|118|176|183|129|154|101|190|64|87|23|206|93|49|250|55|4|122|140|106|200|52|221|189|3|137|186|158|205|199|191|130|121|128|144|180|175|43|63|70|99|44|124|19|207|247|30|91|68|155|187|126|50|159|248|100|153|8|35|1|92|62|31|226|224|227|0|210|13|244|141|90|107|47|57|77|202|37|127|246|149|109|60|97|71|215|33|170|208|192|185|156|235|39|230|233|105|166|96|15|209|65|148|171|231|151|239|114|237|6|24|173|59|112|160|172|201|10|133|103|89|102|25|138|232|113|7|150|42|194|72|74|85|14|255|104|94|147|16|161|134|69|212|75|78|66|213|36|21|214|234|17|38|120|182|41|80|238|252|123|51|
Overall Best: 0.9058 Generation: 0

Generation 17
Average: 0.9058 Best: 0.9058
Best Individual: 
C0 166|235|252|12|197|254|209|110|136|217|146|79|181|171|163|236|174|223|61|196|5|243|45|34|88|228|229|164|195|56|81|32|2|53|169|82|218|216|240|220|73|131|48|125|241|28|145|117|142|167|251|165|219|188|132|54|67|184|26|152|40|108|27|211|77|139|115|22|18|168|177|11|203|84|58|76|98|111|157|193|232|222|119|143|95|245|178|46|242|198|179|162|204|249|83|29|118|176|183|129|154|101|190|64|87|23|206|200|49|250|55|170|122|59|106|93|52|221|189|3|137|186|158|205|199|191|130|121|128|80|180|175|43|63|70|99|44|124|19|207|247|30|91|47|155|187|126|50|159|248|100|153|8|35|1|92|62|31|246|224|227|0|210|10|244|141|90|107|68|57|24|202|37|127|226|149|109|60|97|71|215|33|4|208|213|14|41|17|74|113|161|105|140|38|96|194|78|86|114|65|85|147|103|138|201|135|120|239|134|9|231|13|185|66|237|102|6|7|172|116|212|36|21|123|75|94|160|214|192|225|39|25|112|20|151|104|133|173|238|230|234|51|255|69|89|16|156|72|150|182|15|144|253|148|42|233|
Overall Best: 0.9058 Generation: 0

Generation 18
Average: 0.9058 Best: 0.9058
Best Individual: 
C0 220|172|25|200|138|33|56|49|15|113|173|231|215|136|75|90|202|145|237|181|78|125|188|192|139|241|17|51|120|73|122|20|238|195|37|167|4|243|218|65|166|140|94|68|212|169|148|7|152|236|42|163|255|41|95|109|67|184|26|146|182|108|254|211|77|233|115|22|18|168|177|11|203|201|58|76|98|111|157|193|232|222|119|143|165|245|178|46|150|198|179|162|204|249|83|29|118|176|183|129|154|101|190|64|50|23|206|12|32|250|55|170|34|59|106|93|82|221|189|3|137|186|246|205|199|191|130|121|128|80|180|175|43|63|70|99|44|124|19|207|247|86|91|159|155|187|126|87|47|248|100|153|8|35|1|92|62|31|158|224|227|0|210|194|38|107|84|28|229|39|252|54|36|79|2|230|135|196|114|160|30|72|89|223|6|116|52|242|197|61|53|103|244|69|97|81|21|253|208|217|235|240|225|48|134|228|104|216|105|102|60|10|96|27|213|151|112|164|147|71|5|161|234|132|185|13|123|14|40|209|85|171|66|131|214|251|16|226|117|9|57|174|88|133|141|45|142|144|74|156|149|239|24|219|110|127|
Overall Best: 0.9058 Generation: 0

Generation 19
Average: 0.9058 Best: 0.9058
Best Individual: 
C0 117|228|96|170|92|78|153|6|123|36|213|79|156|190|242|226|142|174|28|5|101|24|49|206|39|253|208|189|197|158|132|134|238|3|37|66|4|243|162|65|166|140|94|68|212|169|110|7|152|205|42|163|255|41|95|109|67|184|26|146|182|105|254|211|38|233|236|22|18|168|177|11|203|201|58|76|98|73|157|193|232|222|119|143|165|245|178|230|150|198|221|218|204|249|83|237|118|53|240|124|91|50|144|159|135|20|46|161|246|122|25|155|179|43|145|111|187|167|51|224|128|80|231|148|55|112|147|17|21|102|186|126|34|136|133|220|30|154|199|2|194|181|210|244|88|239|77|235|74|99|72|108|35|103|196|214|151|171|149|59|100|202|60|32|223|209|131|10|180|106|121|16|116|200|75|120|48|57|141|45|0|247|97|252|215|225|173|188|31|176|62|251|127|27|84|29|234|183|207|19|64|8|44|216|248|104|164|192|129|54|195|90|107|241|227|113|87|229|15|139|70|217|63|175|125|12|130|56|185|33|81|71|219|137|191|172|85|47|89|250|40|23|52|138|14|69|115|9|61|86|1|114|13|160|82|93|
Overall Best: 0.9058 Generation: 0

Generation 20
Average: 0.9058 Best: 0.9058
Best Individual: 
C0 120|215|12|59|17|196|153|6|123|36|213|79|156|190|242|226|142|174|75|5|101|24|49|206|57|253|208|189|197|56|132|134|236|3|165|66|4|243|162|65|166|140|94|68|212|25|110|7|152|11|42|163|255|41|95|109|67|184|26|146|111|105|254|211|38|233|238|22|18|0|177|205|187|201|148|76|183|73|157|193|232|222|64|143|37|245|178|230|150|198|221|218|204|249|83|237|118|53|240|124|91|50|144|159|135|20|46|161|2|207|200|151|55|169|61|231|234|147|224|209|246|173|179|158|216|228|99|176|45|98|167|90|19|160|220|39|27|74|34|51|31|127|192|227|21|28|84|43|241|92|71|30|137|138|119|62|145|155|194|247|131|235|223|122|89|199|35|195|188|248|60|80|33|13|70|48|88|93|103|9|126|44|130|102|133|106|52|136|239|1|32|252|125|186|214|69|250|175|15|14|107|100|86|85|191|96|112|139|202|16|77|219|141|203|217|149|58|97|115|72|164|23|182|225|180|129|171|78|121|29|104|54|117|108|229|251|63|10|185|82|87|244|47|81|40|168|114|128|181|154|116|210|113|8|172|170|
Overall Best: 0.9058 Generation: 0

Generation 21
Average: 0.9058 Best: 0.9058
Best Individual: 
C0 72|140|123|81|254|77|148|9|74|116|58|162|43|141|213|29|189|23|119|30|84|53|201|153|191|26|109|59|34|159|170|118|40|222|236|47|57|199|166|102|117|223|3|245|5|185|66|227|108|18|92|33|175|80|110|145|36|104|12|38|203|6|142|1|218|196|215|14|144|193|106|39|207|184|241|37|44|22|85|7|211|187|32|20|87|90|121|73|149|228|171|133|157|103|250|24|86|247|50|97|167|214|202|136|114|240|200|105|188|27|182|212|224|230|147|76|70|28|234|252|0|64|62|172|231|78|42|107|194|134|55|71|63|17|205|237|253|113|82|2|208|35|242|68|98|75|21|152|179|111|4|150|197|219|238|169|178|41|100|61|143|229|135|165|209|239|216|93|45|168|137|19|52|79|46|96|122|173|158|255|174|160|151|31|132|125|163|217|91|206|115|204|235|181|243|129|48|54|101|11|89|186|177|183|131|220|155|25|130|248|154|69|56|164|15|233|126|190|161|67|128|16|60|176|120|249|198|10|139|65|88|146|226|112|51|127|124|180|251|138|225|195|83|99|95|13|246|210|221|232|156|94|8|192|49|244|
Overall Best: 0.9058 Generation: 0

Generation 22
Average: 0.9058 Best: 0.9058
Best Individual: 
C0 193|61|75|171|6|39|201|232|77|244|150|140|208|94|139|10|134|3|254|220|138|243|57|44|101|79|47|12|195|122|132|100|177|49|212|238|54|219|198|105|180|29|157|228|147|251|246|214|73|88|90|249|40|80|237|181|224|197|31|128|111|56|117|114|82|247|87|106|22|67|209|9|143|33|76|202|45|103|255|95|184|113|183|99|53|156|112|211|241|164|41|179|229|222|93|186|38|234|71|35|32|216|102|13|68|149|207|153|19|64|25|200|63|129|36|14|62|130|104|74|155|126|227|127|252|154|92|7|70|123|20|205|4|133|167|178|174|245|144|175|240|83|23|250|158|37|137|225|11|118|199|169|110|165|189|78|98|172|182|81|204|5|97|248|230|120|163|8|226|18|142|185|121|59|190|162|115|213|30|65|125|24|242|85|206|215|15|17|107|146|28|91|233|141|46|210|239|253|187|109|48|69|188|21|86|151|34|2|218|166|148|170|42|0|135|51|160|136|159|1|89|191|108|196|221|116|60|66|223|16|152|145|168|55|27|52|194|26|173|217|84|161|124|231|58|235|203|96|192|119|131|72|176|50|43|236|
Overall Best: 0.9058 Generation: 0

Generation 23
Average: 0.9058 Best: 0.9058
Best Individual: 
C0 59|247|148|15|135|228|101|226|143|253|132|171|244|30|202|99|130|248|187|9|52|33|133|119|60|109|223|214|168|162|93|239|0|107|221|65|5|193|180|175|201|92|2|192|96|151|204|77|53|145|250|103|138|208|134|38|64|94|48|50|252|56|159|114|66|17|243|58|122|164|26|129|37|196|195|83|112|81|144|47|184|137|19|147|185|7|6|89|241|139|70|237|197|222|27|18|232|117|235|3|190|34|29|163|32|205|113|110|183|95|25|100|63|12|234|121|123|82|206|71|155|86|227|24|75|225|240|156|210|203|166|62|31|174|220|128|80|141|146|126|224|254|51|150|229|176|157|74|42|68|14|142|104|207|179|105|120|13|173|124|44|182|1|213|140|20|161|40|88|167|4|233|230|209|242|11|160|219|116|23|76|211|152|191|106|54|73|87|115|181|61|98|45|153|178|215|125|154|111|43|188|55|67|251|165|36|102|28|22|69|198|169|149|199|10|136|72|118|46|97|186|131|39|91|78|16|245|194|238|231|212|85|189|79|127|216|90|236|41|170|217|158|246|21|84|8|57|35|255|49|200|177|218|172|108|249|
Overall Best: 0.9058 Generation: 0

Generation 24
Average: 0.9058 Best: 0.9058
Best Individual: 
C0 17|15|127|171|203|24|205|7|248|32|247|54|161|227|214|143|99|123|244|155|147|239|121|146|187|51|18|101|12|94|14|229|159|169|188|126|148|178|9|168|134|120|156|219|221|11|199|246|16|67|186|59|37|29|4|62|195|40|251|109|140|83|190|78|198|102|6|249|213|79|33|88|238|107|106|158|90|165|220|124|1|39|30|172|115|200|160|173|181|41|73|92|132|202|131|64|38|96|224|162|197|137|226|233|28|189|167|10|2|34|111|212|180|113|240|241|46|154|20|5|151|230|72|56|91|93|163|60|207|228|95|42|152|52|103|170|65|252|112|164|23|77|215|50|48|201|234|245|142|82|225|104|85|76|130|27|232|135|139|116|141|185|8|87|166|191|31|44|125|254|231|145|0|110|211|192|174|150|179|237|45|223|206|153|55|61|58|182|196|209|210|157|217|100|49|81|63|97|105|222|70|193|194|184|216|138|71|19|218|255|25|36|175|22|128|250|253|35|75|47|129|133|108|122|98|74|3|66|21|149|84|204|114|242|57|144|183|26|80|13|243|118|53|86|69|235|68|236|208|119|43|136|176|117|89|177|
Overall Best: 0.9058 Generation: 0

Generation 25
Average: 0.9058 Best: 0.9058
Best Individual: 
C0 123|204|143|118|30|27|12|58|235|76|217|171|249|109|192|202|178|20|45|79|88|165|205|173|189|150|209|243|28|241|51|172|110|237|67|78|134|141|15|21|10|121|227|245|248|101|160|214|158|182|133|146|242|229|83|102|195|132|108|206|191|48|34|219|72|225|145|140|238|60|179|139|65|85|84|167|154|228|130|31|37|246|161|52|11|107|1|254|200|135|153|215|87|120|56|186|210|93|137|90|244|38|223|203|163|236|92|207|233|64|91|46|23|32|59|168|188|224|16|4|5|131|151|96|144|98|18|95|208|122|183|29|251|247|73|201|199|212|14|159|75|152|185|197|164|100|7|129|74|89|61|240|26|221|234|0|196|180|112|211|114|3|232|77|106|142|43|155|86|9|55|127|148|42|103|115|116|99|66|125|190|80|177|176|33|8|119|104|41|54|2|157|68|57|49|81|63|97|105|222|70|193|194|184|216|138|71|19|218|255|25|36|175|22|128|198|253|35|6|47|187|174|117|170|156|13|62|53|213|111|230|252|124|149|226|136|239|17|169|113|181|39|40|24|166|44|126|147|50|82|162|220|231|250|69|94|
Overall Best: 0.9058 Generation: 0

Generation 26
Average: 0.9058 Best: 0.9058
Best Individual: 
C0 240|97|92|89|23|53|94|49|115|197|12|50|33|234|41|81|162|151|57|75|253|70|143|173|189|150|209|243|28|241|51|172|110|237|67|13|223|141|15|21|10|121|227|245|232|101|24|214|158|231|133|146|242|229|123|102|195|132|108|206|191|48|34|219|72|225|145|140|169|60|179|139|65|85|84|167|154|228|130|31|37|246|46|52|11|107|1|254|200|135|153|93|199|80|161|215|136|251|58|6|213|183|142|144|86|47|118|20|125|244|45|78|203|17|55|59|224|156|95|152|122|117|98|8|14|221|66|112|192|2|129|30|4|54|5|134|126|91|88|235|171|71|163|239|176|22|96|69|196|149|218|190|116|248|26|56|131|119|210|205|105|252|236|137|187|238|220|217|201|32|148|204|73|198|188|79|64|19|38|90|99|170|182|103|16|61|181|164|120|174|168|233|43|29|74|42|255|165|194|249|76|185|175|184|87|155|208|186|82|106|100|207|202|178|138|27|216|63|212|104|247|128|157|109|0|113|114|111|3|226|9|230|124|83|7|36|211|25|77|68|127|147|159|39|18|44|40|222|177|62|160|193|35|166|250|180|
Overall Best: 0.9058 Generation: 0

Generation 27
Average: 0.9058 Best: 0.9058
Best Individual: 
C0 193|152|205|79|159|106|76|136|112|46|163|95|3|148|183|228|7|180|213|98|16|196|27|18|150|84|80|241|92|10|169|131|99|238|17|134|75|252|184|222|242|227|42|49|229|201|145|195|89|199|177|32|44|40|74|144|168|235|251|45|129|15|188|31|234|13|255|231|219|237|139|221|11|214|202|91|101|162|143|33|70|215|121|198|87|81|171|56|146|117|34|19|118|160|57|114|39|216|123|86|51|63|182|82|25|245|52|130|135|47|30|122|170|203|141|232|147|154|178|197|155|126|116|71|166|38|77|253|21|233|132|68|204|133|9|29|109|153|83|164|4|35|192|1|200|37|181|225|58|218|127|239|104|167|8|191|94|172|48|173|142|226|2|246|14|128|102|54|61|85|72|206|186|26|96|36|69|64|138|179|208|93|247|223|103|59|65|151|107|88|28|230|108|156|41|254|224|0|185|187|67|111|211|20|105|236|73|100|212|23|220|125|244|190|113|53|97|62|90|174|137|149|209|207|115|43|60|66|78|175|5|165|157|55|250|194|140|110|210|176|120|119|243|189|50|24|248|6|161|124|240|22|158|249|12|217|
Overall Best: 0.9058 Generation: 0

Generation 28
Average: 0.9058 Best: 0.9058
Best Individual: 
C0 123|127|143|87|93|27|12|42|4|204|217|171|136|211|192|62|137|20|249|79|88|165|164|158|234|15|224|0|214|3|51|78|235|190|163|28|134|141|119|21|66|196|111|37|77|203|160|148|173|182|129|146|7|252|83|221|195|132|108|33|110|48|8|116|71|225|145|140|238|104|179|139|1|149|84|114|154|49|130|153|245|246|40|52|11|226|65|254|200|135|39|155|69|187|152|186|210|30|201|90|74|64|223|9|243|236|92|207|233|38|91|46|59|32|194|103|188|109|16|26|107|131|106|96|144|98|172|95|208|122|10|29|251|133|58|178|174|14|118|115|240|56|23|150|205|250|177|247|244|230|100|19|112|102|189|209|44|50|232|76|185|5|191|248|239|120|105|34|72|18|142|67|121|167|168|162|35|159|97|55|125|147|242|85|81|215|197|60|41|54|2|157|124|57|202|206|63|183|43|222|229|193|184|73|216|138|86|75|218|255|25|36|24|82|128|198|253|219|6|237|212|17|117|170|156|13|228|53|213|227|89|70|68|176|241|45|151|61|169|113|181|31|161|80|166|101|231|99|180|22|175|220|126|199|47|94|
Overall Best: 0.9058 Generation: 0

Generation 29
Average: 0.9058 Best: 0.9058
Best Individual: 
C0 76|237|110|70|15|88|193|126|228|10|233|51|225|241|171|207|101|144|127|133|79|124|160|26|60|252|87|24|113|72|120|54|165|178|62|103|14|89|42|121|31|234|52|157|0|190|73|226|48|40|53|168|156|118|96|123|173|224|27|37|135|154|65|235|3|86|174|114|140|116|176|50|185|227|18|169|231|203|41|146|98|25|229|187|239|243|192|80|71|240|253|117|44|9|141|201|38|138|191|198|129|222|63|90|182|158|81|93|170|68|164|208|69|132|167|77|204|246|197|194|64|220|159|78|161|100|112|218|244|32|11|84|166|149|205|163|137|179|217|247|206|122|36|153|5|111|136|186|115|30|106|59|74|211|47|251|147|97|99|255|107|188|19|181|92|16|216|83|145|95|196|151|175|209|232|125|148|177|7|20|223|180|109|230|108|28|105|55|61|142|104|34|33|184|8|238|213|183|128|249|4|212|219|49|75|94|150|131|17|35|1|13|139|102|67|242|162|189|134|29|152|2|21|82|46|195|143|210|22|172|57|12|43|130|45|221|250|39|245|119|58|199|66|215|23|6|214|248|85|200|155|91|254|56|202|236|
Overall Best: 0.9058 Generation: 0
==================
    Best individual after 30 generations
    computed in 6,383.9770 seconds
    1443 elements out of 1593 correct.
    emerged in generation 0
    with fitness 0.9058
==================

