Starting evolution...

Generation 0
Average: 0.6076 Best: 0.6886
Best Individual: 
C0 0|190|160|101|80|55|6|2|104|214|10|176|82|122|165|15|180|17|223|118|20|99|63|28|51|238|26|27|235|29|30|218|32|234|13|35|36|37|38|39|40|41|226|171|60|188|46|9|70|151|163|24|52|53|230|130|87|84|107|59|44|61|62|210|64|159|251|23|68|156|194|182|72|25|74|75|167|77|138|79|4|58|33|242|57|133|86|209|88|89|71|91|92|128|94|95|166|229|98|21|100|143|102|103|14|105|243|170|108|8|201|111|112|206|152|116|115|126|139|186|120|121|34|123|124|125|117|48|114|129|131|153|227|134|43|135|136|137|183|204|140|67|142|157|144|236|146|147|148|221|150|93|228|5|178|155|69|7|158|132|211|141|196|172|193|252|96|76|168|169|191|224|11|127|174|175|220|177|154|179|181|85|50|109|49|185|119|213|45|245|1|81|192|231|184|195|162|197|198|199|200|110|202|203|19|205|161|207|208|73|145|106|212|187|217|255|216|3|83|219|173|149|222|78|16|225|42|65|12|164|54|97|232|233|56|113|22|237|90|239|240|241|31|254|244|189|246|247|248|47|250|66|249|253|18|215|
Overall Best: 0.6886 Generation: 0

Generation 1
Average: 0.6464 Best: 0.7207
Best Individual: 
C0 134|1|166|45|10|5|189|7|126|137|153|22|91|95|227|24|41|99|233|63|128|160|170|73|225|65|26|27|28|29|101|169|244|167|173|141|36|37|38|138|40|82|42|178|44|3|25|143|110|49|13|238|21|88|54|55|171|57|58|209|60|76|19|62|56|48|118|67|68|50|70|71|168|164|74|15|47|77|190|79|188|81|231|229|84|182|125|87|152|94|226|220|2|93|23|72|30|219|0|17|85|96|100|103|104|175|106|69|108|16|8|111|112|14|181|115|185|117|75|119|120|121|122|114|124|86|180|34|230|129|130|131|213|140|98|133|113|253|246|159|11|35|142|66|144|145|146|43|148|149|150|53|80|240|52|196|59|157|158|163|154|161|162|139|187|165|105|193|172|89|46|107|191|97|6|183|250|177|151|202|207|39|92|51|176|116|102|135|147|218|78|184|192|186|247|204|155|197|224|199|200|201|179|215|109|205|206|31|208|156|210|211|212|132|195|203|90|61|245|9|12|221|248|223|198|243|4|136|228|194|33|83|232|18|234|214|236|237|20|239|252|241|242|64|32|217|174|251|222|249|123|235|127|216|254|255|
Overall Best: 0.7207 Generation: 1

Generation 2
Average: 0.6558 Best: 0.7213
Best Individual: 
C0 0|249|37|46|104|24|230|204|239|161|245|11|12|54|163|49|60|135|164|127|67|217|142|132|5|25|201|178|65|29|241|134|32|228|33|19|86|193|41|70|216|34|68|110|139|97|160|23|48|15|80|51|52|251|30|66|238|150|169|59|16|61|45|63|35|18|202|20|197|181|180|210|223|108|220|98|118|77|6|79|255|187|170|83|84|184|55|87|26|92|144|91|102|157|206|21|152|198|246|173|40|62|112|103|81|131|212|82|74|109|56|179|165|162|114|99|85|158|221|117|28|121|58|123|189|244|214|136|155|96|130|93|122|190|43|50|100|47|126|44|140|141|64|133|90|156|146|145|231|149|57|209|73|153|154|128|3|13|39|159|218|94|124|69|143|75|166|167|195|137|226|182|219|116|174|175|176|115|27|171|31|147|215|183|101|185|224|247|177|38|205|191|17|106|4|168|196|235|120|199|200|119|7|194|42|138|76|207|208|151|72|211|8|107|188|186|113|95|129|78|1|111|222|71|9|225|14|227|105|229|252|236|172|233|234|148|232|237|192|203|240|36|242|213|125|10|22|88|2|248|250|89|53|253|254|243|
Overall Best: 0.7213 Generation: 2

Generation 3
Average: 0.6666 Best: 0.7338
Best Individual: 
C0 180|249|37|46|18|24|230|204|171|161|245|11|236|149|163|49|60|135|84|127|67|15|142|132|5|25|201|178|65|29|241|134|32|228|33|19|86|193|41|70|216|34|68|110|139|97|160|23|48|217|80|51|52|251|30|133|125|150|169|59|16|61|45|63|35|220|202|20|197|181|167|210|223|108|104|98|118|77|6|137|255|187|237|83|164|184|55|87|26|92|144|91|102|157|206|229|152|94|113|173|40|62|112|103|81|131|170|82|74|109|56|179|165|162|114|99|85|158|221|117|28|121|58|123|189|244|214|136|155|96|130|93|122|190|43|50|100|47|126|44|140|141|64|66|90|156|146|145|231|54|57|209|73|153|154|128|3|13|39|159|218|194|124|119|143|75|166|0|195|78|226|182|219|116|174|175|176|115|27|239|31|147|215|183|101|185|224|247|177|38|205|191|17|106|4|168|196|235|120|199|200|69|7|198|42|138|76|207|208|151|72|211|8|107|188|186|246|95|129|79|1|111|222|71|9|225|14|227|105|21|252|12|172|233|234|148|232|212|192|203|240|36|242|213|238|10|22|88|2|248|250|89|53|253|254|243|
Overall Best: 0.7338 Generation: 3

Generation 4
Average: 0.6725 Best: 0.7520
Best Individual: 
C0 180|249|37|46|107|104|230|204|171|161|4|11|236|149|163|49|60|135|84|127|67|15|142|132|5|25|201|178|65|29|241|134|32|228|33|19|86|193|41|74|88|38|68|110|139|97|160|23|48|217|80|51|36|251|30|133|125|150|169|59|16|61|45|63|35|220|202|20|197|181|167|210|223|12|24|98|131|77|242|124|255|187|237|83|164|207|55|87|26|92|144|91|102|157|206|229|152|94|113|173|40|62|112|103|81|118|170|82|70|109|56|179|165|162|114|99|85|158|221|117|28|121|58|123|189|244|214|136|155|96|130|93|122|9|43|50|100|47|126|44|140|141|64|66|90|156|146|145|231|216|57|209|73|153|154|128|3|13|39|159|218|235|137|119|143|227|166|0|195|78|213|182|219|116|174|175|176|115|27|239|31|147|215|183|101|185|224|247|177|212|205|191|17|106|245|168|196|194|120|199|200|69|7|198|42|138|76|184|208|151|72|211|8|18|188|186|246|95|129|79|1|111|222|71|190|225|14|75|105|21|252|108|172|233|234|148|232|34|192|203|240|52|6|226|238|10|22|54|2|248|250|89|53|253|254|243|
Overall Best: 0.7520 Generation: 4

Generation 5
Average: 0.6730 Best: 0.7294
Best Individual: 
C0 68|102|160|194|72|242|75|11|8|125|177|118|82|120|74|77|81|218|18|3|69|219|158|199|48|98|32|122|15|29|65|110|161|185|16|169|207|211|79|7|55|100|39|137|187|96|182|108|17|49|27|186|44|249|213|152|206|229|58|116|248|40|147|175|179|234|164|52|26|4|38|203|166|231|84|91|78|197|50|247|104|153|37|99|43|223|54|227|47|236|156|200|23|254|140|196|46|97|93|221|92|173|14|174|63|241|45|134|127|80|2|220|112|201|222|115|57|138|188|119|243|59|148|123|124|130|139|20|172|252|135|163|5|61|121|35|86|30|76|141|113|224|142|253|216|165|64|106|73|149|190|126|171|83|154|181|251|103|25|53|162|19|56|198|67|214|22|167|28|132|170|101|208|136|157|215|0|226|144|117|244|34|24|66|111|21|189|209|246|6|150|133|159|193|178|195|202|168|31|143|41|217|105|88|204|205|13|107|51|235|180|42|212|94|184|240|87|237|71|33|85|129|114|95|191|239|128|238|60|109|230|245|232|9|255|151|62|183|10|12|89|176|228|210|1|90|233|192|145|70|250|36|225|131|155|146|
Overall Best: 0.7520 Generation: 4

Generation 6
Average: 0.6849 Best: 0.7288
Best Individual: 
C0 0|177|48|32|129|67|111|72|27|197|86|11|155|34|14|114|254|78|175|107|61|83|216|80|228|10|208|104|251|39|2|41|46|9|24|23|65|172|40|85|102|147|150|236|213|237|84|19|31|71|54|253|52|118|141|66|57|167|169|188|16|60|200|222|35|18|202|20|15|181|180|210|223|108|76|209|232|77|6|79|255|192|156|64|63|184|75|87|165|92|144|91|201|157|93|21|152|198|246|173|204|62|112|103|207|131|212|82|224|25|56|214|59|8|124|99|225|174|149|205|244|121|37|127|240|120|28|136|13|166|130|206|122|238|43|217|68|142|126|44|140|42|231|133|220|170|146|106|179|101|190|185|73|235|137|128|3|58|241|163|218|94|176|69|143|70|55|164|195|36|226|182|219|153|211|178|116|115|250|171|88|95|215|183|221|1|74|7|26|38|134|233|17|145|4|168|50|189|29|199|45|119|247|194|53|135|159|154|51|30|245|47|162|252|203|160|110|49|12|98|22|123|196|193|138|242|89|113|117|229|125|96|243|249|234|97|227|186|105|109|81|132|239|139|248|151|187|191|90|33|158|100|5|230|148|161|
Overall Best: 0.7520 Generation: 4

Generation 7
Average: 0.6873 Best: 0.7370
Best Individual: 
C0 238|78|30|194|233|147|143|228|162|103|173|111|161|188|81|170|120|125|18|14|87|144|148|23|206|155|32|226|102|191|2|212|1|166|198|242|167|142|3|25|11|99|129|42|104|45|46|150|35|53|232|159|137|168|223|245|215|57|73|205|62|20|152|37|190|236|51|185|171|9|38|6|33|154|84|249|241|237|50|128|208|19|8|200|74|40|7|177|118|189|146|216|251|244|61|34|202|217|207|134|80|101|64|174|140|164|31|221|141|10|108|107|112|183|222|115|181|15|203|119|29|243|247|123|213|4|85|175|44|121|93|47|58|106|109|218|94|67|83|180|163|234|211|26|60|66|65|126|139|149|17|136|95|131|75|114|21|52|225|59|86|157|56|219|27|165|179|82|43|55|253|48|160|246|130|24|169|70|178|117|133|250|224|255|28|69|63|68|231|72|41|254|182|77|0|195|76|210|156|176|88|135|124|192|204|145|13|153|116|235|197|113|92|252|79|172|110|49|12|98|240|127|196|193|138|71|229|201|16|89|97|96|122|91|54|220|227|186|105|39|199|151|239|90|248|132|187|22|184|209|158|100|5|230|214|36|
Overall Best: 0.7520 Generation: 4

Generation 8
Average: 0.6813 Best: 0.7363
Best Individual: 
C0 46|177|48|128|233|67|22|245|200|15|86|11|213|34|94|96|58|188|106|107|167|156|103|132|216|10|51|149|255|39|241|238|194|29|24|23|175|243|40|217|158|95|38|236|80|63|222|244|228|237|221|162|171|251|115|192|117|8|72|178|98|60|18|84|35|65|202|20|93|191|168|32|223|108|36|45|232|234|6|79|133|66|214|129|92|248|70|208|165|110|230|193|201|157|28|53|16|4|246|52|204|49|112|125|33|144|210|82|139|135|5|179|59|136|9|99|127|81|118|57|47|215|37|170|240|105|212|189|172|88|199|31|122|17|187|50|180|2|126|44|140|197|169|102|90|203|146|87|231|54|116|123|30|164|154|252|253|219|85|159|218|42|206|119|254|75|166|0|195|142|220|68|13|124|19|41|176|173|27|239|186|147|3|100|101|91|143|247|226|61|205|109|190|250|97|150|196|235|73|130|78|69|183|155|153|83|76|207|145|151|89|211|249|131|209|62|111|229|198|74|1|225|121|182|7|152|14|120|174|163|25|114|242|137|77|227|181|224|56|26|12|55|21|138|184|113|43|134|160|71|141|185|104|64|148|161|
Overall Best: 0.7520 Generation: 4

Generation 9
Average: 0.6880 Best: 0.7489
Best Individual: 
C0 238|103|62|166|129|37|91|85|108|78|73|156|173|183|145|186|9|65|180|14|205|148|147|11|159|112|241|127|191|248|51|47|165|185|133|58|161|175|50|139|23|99|233|42|104|45|46|150|35|53|249|206|137|152|223|245|120|141|68|74|88|20|167|144|190|236|66|98|63|15|38|6|33|154|84|18|5|237|3|76|208|19|131|200|128|40|111|212|118|189|146|216|251|244|61|34|8|217|207|134|80|101|64|246|197|164|31|195|57|10|162|107|155|202|222|115|122|204|203|71|29|243|227|123|213|4|168|30|44|121|234|177|93|106|109|142|94|67|83|232|163|25|211|26|60|2|192|149|242|126|17|49|95|188|255|114|21|52|225|59|143|157|56|174|27|1|179|82|41|55|228|48|160|219|130|24|247|70|178|117|198|250|224|194|28|69|171|153|231|72|43|254|182|96|0|221|87|210|7|176|218|135|124|125|215|81|13|89|113|235|140|116|92|252|79|172|110|136|12|75|240|226|196|193|138|119|229|201|16|54|97|36|181|86|253|220|169|170|105|39|199|151|239|90|102|132|187|22|184|209|158|100|32|230|214|77|
Overall Best: 0.7520 Generation: 4

Generation 10
Average: 0.6852 Best: 0.7426
Best Individual: 
C0 238|103|62|166|129|37|91|72|108|78|73|171|173|183|42|186|9|65|180|14|33|192|147|209|159|112|226|127|191|144|189|47|165|121|133|58|161|175|50|139|163|99|233|145|104|201|102|150|35|53|249|0|137|152|223|245|120|141|68|74|88|229|106|248|190|140|66|67|63|15|38|6|205|154|84|18|5|237|3|76|100|19|40|200|128|131|111|212|118|51|146|216|251|244|61|207|8|217|34|134|80|101|64|246|197|164|31|195|57|10|162|107|155|252|222|115|122|174|203|71|29|60|227|123|213|4|168|30|44|185|234|177|93|82|109|142|94|208|27|232|23|25|211|26|243|2|148|149|242|126|17|49|95|188|255|114|21|52|225|59|143|157|36|204|135|172|239|167|41|55|16|48|160|219|130|24|247|70|178|117|198|250|224|194|28|69|156|153|231|85|43|254|182|96|206|221|87|210|7|176|218|83|124|125|215|81|13|89|113|235|236|116|92|138|79|1|110|136|12|75|240|241|196|193|202|119|20|45|228|54|97|158|181|86|253|220|169|170|105|39|199|151|22|90|46|132|187|179|184|11|98|56|32|230|214|77|
Overall Best: 0.7520 Generation: 4

Generation 11
Average: 0.6822 Best: 0.7445
Best Individual: 
C0 238|152|82|191|118|79|43|185|199|15|141|111|161|180|156|65|4|235|30|175|109|218|113|80|5|153|8|160|197|229|173|139|47|188|159|164|89|76|181|78|61|193|92|81|110|226|206|62|138|192|75|149|51|33|32|55|201|132|130|178|136|222|239|0|64|250|13|114|101|212|40|58|219|203|74|122|140|18|246|105|137|234|3|67|165|96|84|182|148|16|59|228|230|223|186|120|205|97|52|169|11|31|171|183|179|202|45|189|162|42|108|66|252|85|71|115|23|90|134|211|220|72|46|38|163|254|216|168|48|102|135|133|87|106|107|35|245|232|83|155|22|104|224|26|60|98|170|177|249|128|17|243|119|237|123|91|21|154|142|146|86|157|56|14|27|198|121|144|6|200|253|44|247|50|68|24|207|70|225|196|131|63|94|194|37|69|124|73|231|49|41|34|1|36|20|236|10|210|7|9|88|93|28|53|204|103|167|54|242|125|221|116|129|112|255|172|117|187|150|208|100|214|143|99|217|244|215|174|95|176|195|233|241|145|2|29|227|240|190|39|57|25|151|19|248|126|147|213|184|209|158|166|12|251|127|77|
Overall Best: 0.7520 Generation: 4

Generation 12
Average: 0.6848 Best: 0.7370
Best Individual: 
C0 68|104|181|163|116|230|113|117|208|10|249|76|78|99|8|79|194|39|136|62|234|81|175|0|2|210|171|63|152|137|82|149|132|139|252|205|125|52|21|220|185|177|232|16|37|38|129|9|138|118|50|216|151|75|247|155|114|227|195|98|207|30|192|245|87|69|228|94|100|20|221|233|14|49|174|17|27|236|167|65|240|198|172|107|190|66|25|95|28|255|193|3|130|223|187|161|120|1|253|144|115|128|229|179|158|244|19|51|73|67|26|109|54|44|168|35|197|111|23|22|123|169|239|246|48|55|127|182|225|142|254|47|86|170|160|32|164|134|156|97|93|243|6|126|191|251|213|204|150|90|166|13|202|85|201|178|238|176|42|159|53|24|105|224|71|131|74|154|250|162|61|58|41|248|141|186|43|147|180|70|33|57|153|36|88|143|40|60|77|34|135|235|59|101|15|83|241|108|119|226|29|103|199|212|31|189|64|188|203|102|112|45|72|184|121|215|140|145|7|237|183|217|91|206|89|196|4|11|124|12|96|219|84|122|165|5|209|231|133|80|211|56|106|92|110|46|157|148|200|242|173|214|222|146|18|218|
Overall Best: 0.7520 Generation: 4

Generation 13
Average: 0.6881 Best: 0.7363
Best Individual: 
C0 124|172|44|191|118|79|43|148|141|15|155|111|161|50|242|65|90|132|45|228|166|150|4|108|198|59|8|78|165|32|25|66|254|131|14|164|146|22|156|160|74|167|102|36|178|180|185|46|217|192|232|204|56|33|229|202|177|255|133|194|163|222|152|243|64|126|13|171|250|212|29|220|219|38|252|122|116|137|67|241|135|2|214|244|83|77|84|57|215|235|169|95|230|223|186|196|80|105|52|190|11|73|207|86|75|206|19|96|162|225|48|30|87|208|236|115|23|209|91|211|240|227|125|7|16|216|94|189|34|168|199|53|138|121|187|62|248|246|71|9|140|49|238|6|106|203|251|139|231|182|17|123|245|226|42|110|253|151|127|120|218|69|149|119|58|179|60|0|10|158|61|128|81|51|89|70|143|173|130|92|31|147|249|100|101|134|176|247|88|26|205|109|153|18|97|213|201|112|40|27|142|154|183|55|184|54|76|104|145|113|197|193|234|188|210|39|221|200|37|72|93|20|181|35|98|5|3|157|28|129|224|144|47|82|114|237|63|175|107|24|41|170|99|174|68|239|103|85|1|195|136|159|233|12|117|21|
Overall Best: 0.7520 Generation: 4

Generation 14
Average: 0.6914 Best: 0.7502
Best Individual: 
C0 46|119|140|92|174|86|245|94|12|78|35|161|53|131|7|113|72|173|18|37|47|64|230|191|235|183|225|122|242|202|249|243|8|203|137|79|0|224|105|187|57|229|171|121|80|61|87|99|28|109|68|95|133|218|66|201|123|39|142|231|160|120|227|168|154|111|41|136|250|91|190|178|98|241|135|1|63|49|101|221|115|33|134|2|82|124|152|215|83|90|108|13|36|40|208|139|96|73|117|42|17|15|24|179|50|107|213|233|16|226|222|29|239|59|71|205|25|67|237|22|238|147|126|88|216|97|177|127|212|14|193|112|26|184|157|163|219|76|138|102|255|19|81|156|38|188|106|209|150|103|198|196|228|51|6|23|128|149|52|159|69|75|70|240|247|189|220|5|9|162|114|148|54|167|232|166|130|43|254|89|214|199|74|85|200|143|65|165|186|211|20|176|141|253|206|195|181|34|132|55|185|77|84|180|44|146|192|244|164|48|27|158|182|155|207|234|153|4|30|217|32|129|144|145|62|118|110|236|251|60|58|125|56|252|93|45|100|204|170|210|3|104|175|116|169|21|31|11|172|246|151|248|10|223|194|197|
Overall Best: 0.7520 Generation: 4

Generation 15
Average: 0.6863 Best: 0.7514
Best Individual: 
C0 10|91|4|59|175|155|160|237|85|101|82|210|161|23|6|71|65|250|158|78|76|20|138|164|236|64|54|163|173|86|70|99|37|3|249|144|115|181|16|118|136|242|104|48|7|41|8|46|125|192|223|66|251|33|229|202|208|179|133|93|128|222|152|49|110|126|107|17|225|195|29|60|5|38|232|122|116|207|67|57|92|197|170|201|83|77|191|241|215|239|56|95|218|114|186|196|42|165|52|190|11|73|137|69|75|145|19|153|24|18|224|226|211|53|43|58|157|50|89|81|36|21|88|44|15|87|200|127|212|14|193|13|61|216|238|194|96|32|217|102|22|108|154|156|45|188|51|111|221|150|2|141|130|119|113|198|129|235|103|159|100|84|105|240|247|252|80|227|9|162|209|30|117|123|63|26|220|203|148|94|214|28|40|255|35|143|139|68|169|174|131|228|112|47|206|147|120|243|132|55|185|183|168|180|172|140|135|248|219|213|90|124|142|189|177|182|231|0|62|244|178|245|166|230|167|27|184|134|176|234|233|253|204|1|246|79|151|74|97|187|12|254|149|34|106|171|199|98|39|121|31|205|25|146|109|72|
Overall Best: 0.7520 Generation: 4

Generation 16
Average: 0.6901 Best: 0.7401
Best Individual: 
C0 177|101|141|105|58|53|62|242|10|78|132|130|106|176|7|98|59|166|18|246|113|134|230|136|46|226|25|21|67|52|249|163|214|187|19|220|12|126|79|35|127|233|92|203|110|39|33|215|199|173|37|24|161|197|66|201|123|54|245|14|160|225|227|158|20|31|89|38|250|190|82|169|47|120|6|1|100|49|231|200|175|102|198|138|217|162|85|125|83|90|192|196|36|16|208|139|94|73|244|251|17|34|74|179|50|0|157|191|205|26|222|81|239|72|248|188|69|8|45|253|128|96|171|238|216|97|70|121|212|86|3|140|22|27|147|194|219|76|218|75|243|223|95|156|247|241|213|209|91|103|119|13|228|51|116|23|88|80|42|236|133|131|224|240|122|164|235|172|9|124|114|148|135|167|232|189|56|15|254|41|237|28|149|29|202|193|255|68|186|211|154|40|180|30|206|195|181|221|44|55|185|77|84|112|109|146|108|117|165|5|184|234|182|155|207|48|153|4|159|137|32|129|144|118|142|61|183|145|43|60|115|99|178|252|93|63|174|204|111|210|143|104|65|57|71|168|87|107|170|64|151|229|150|152|11|2|
Overall Best: 0.7520 Generation: 4

Generation 17
Average: 0.6902 Best: 0.7508
Best Individual: 
C0 155|7|13|194|81|243|14|168|23|116|103|78|176|4|129|135|59|40|61|161|94|156|230|38|220|107|25|186|119|52|18|210|214|239|136|253|173|237|209|30|60|89|53|35|206|145|169|27|199|180|20|51|150|133|66|228|254|244|160|95|231|31|65|158|189|170|3|185|250|56|149|9|98|184|138|146|87|245|106|202|74|6|134|2|57|32|181|215|83|100|192|144|36|22|151|72|41|137|225|183|125|86|84|171|34|175|19|115|152|249|224|179|77|227|46|126|157|50|142|216|234|141|172|139|219|207|67|205|0|111|238|1|69|90|68|93|163|12|44|104|162|88|110|165|221|70|236|85|124|71|197|21|42|117|182|97|16|166|196|128|92|191|76|45|15|232|47|223|91|130|188|226|113|140|233|28|204|64|123|122|118|48|131|101|241|143|75|54|251|132|203|167|33|79|112|198|201|49|114|187|200|178|63|80|213|8|108|195|235|159|58|148|26|153|208|242|55|127|10|120|164|248|147|218|82|105|190|240|24|62|96|99|73|252|11|29|174|5|247|37|193|102|154|177|43|212|222|255|109|246|121|229|17|211|39|217|
Overall Best: 0.7520 Generation: 4

Generation 18
Average: 0.6857 Best: 0.7552
Best Individual: 
C0 146|249|7|105|116|62|101|224|3|200|171|113|60|9|176|78|34|136|228|147|218|179|77|191|37|84|27|79|242|91|250|243|122|187|221|48|76|201|204|203|230|11|137|164|63|148|104|124|138|173|226|82|236|135|66|125|123|74|185|241|160|36|29|108|100|214|232|47|208|190|86|33|131|72|227|94|178|17|88|248|166|246|99|22|252|8|152|49|83|211|32|222|80|132|192|107|2|73|206|43|21|57|24|189|55|209|195|196|129|40|223|118|56|59|199|158|157|50|142|233|234|141|172|139|219|207|67|205|0|111|238|1|69|90|68|156|163|12|44|186|193|4|6|93|38|155|106|215|150|103|130|153|30|239|127|23|237|25|14|120|254|109|149|119|58|16|231|194|10|52|46|128|245|51|89|70|169|65|198|92|31|167|140|81|145|240|134|247|168|26|188|212|85|18|97|170|126|253|96|41|154|210|175|213|133|61|112|202|35|87|184|217|182|75|54|177|13|180|98|197|220|114|28|244|110|159|216|251|144|117|115|102|39|235|174|53|95|42|255|161|45|165|19|162|71|121|183|181|5|64|151|229|15|225|20|143|
Overall Best: 0.7552 Generation: 18

Generation 19
Average: 0.6946 Best: 0.7539
Best Individual: 
C0 72|249|7|105|116|62|101|224|3|200|171|113|60|9|176|78|251|136|228|147|25|179|232|191|37|100|27|235|242|146|250|243|122|180|221|48|76|201|204|203|230|11|234|164|63|148|104|124|138|173|33|82|236|135|202|125|123|74|208|241|160|16|29|84|108|214|77|47|185|184|86|226|131|91|141|94|178|17|88|248|166|246|99|22|252|8|152|49|83|211|32|222|80|132|192|107|2|73|206|43|21|177|24|189|55|209|195|196|129|40|223|118|56|59|199|158|23|50|142|233|137|227|172|139|219|207|154|205|0|111|247|1|69|90|68|175|163|12|127|186|193|4|6|93|197|155|106|215|150|103|130|39|30|239|44|157|237|218|87|120|254|109|149|119|58|96|231|194|10|52|46|128|245|51|89|70|169|117|198|92|31|167|140|81|145|240|134|238|168|26|188|212|64|18|97|170|126|253|36|41|144|210|156|213|133|61|112|66|35|14|190|217|182|75|54|57|13|187|98|220|229|114|28|244|110|159|216|34|67|65|115|102|153|79|174|53|95|42|255|161|45|165|19|162|71|121|183|181|5|85|151|38|15|225|20|143|
Overall Best: 0.7552 Generation: 18

Generation 20
Average: 0.6941 Best: 0.7546
Best Individual: 
C0 72|118|163|105|87|62|101|53|3|80|198|169|65|9|176|78|88|66|228|147|25|179|232|191|37|1|45|230|242|204|250|243|197|180|157|31|76|201|42|70|156|11|217|164|205|34|24|124|138|173|33|162|61|17|16|247|123|74|208|241|160|166|81|84|171|214|77|47|28|128|190|231|131|98|133|106|187|102|251|248|202|44|99|216|79|8|152|49|83|188|167|222|122|168|192|107|2|35|97|43|210|177|89|186|225|14|182|239|114|29|223|112|127|67|93|158|46|50|117|51|137|4|212|139|75|64|211|175|94|184|125|100|113|5|254|92|244|235|229|10|7|227|145|199|130|111|240|135|233|134|103|143|32|119|246|253|26|69|116|58|161|95|219|196|19|151|226|30|189|237|23|255|27|40|165|203|224|136|0|41|18|200|149|213|146|108|104|132|238|150|154|172|91|57|206|195|236|221|218|194|185|21|12|52|109|126|193|142|73|209|86|234|170|155|207|48|153|13|54|20|56|129|144|249|96|38|22|55|59|60|36|215|178|252|148|120|174|6|63|68|245|140|115|82|71|121|183|181|90|85|110|39|15|141|220|159|
Overall Best: 0.7552 Generation: 18

Generation 21
Average: 0.6935 Best: 0.7433
Best Individual: 
C0 13|71|91|186|129|190|94|168|206|151|164|101|3|76|254|68|44|99|80|1|233|210|66|162|193|228|43|218|74|227|240|174|57|90|236|124|24|146|86|33|123|77|165|115|220|171|183|139|109|195|249|28|37|54|112|253|160|144|67|106|117|96|204|201|7|241|111|153|6|49|226|108|143|242|113|142|16|26|45|200|34|172|234|221|216|60|203|125|32|9|152|104|36|29|208|42|41|173|131|255|78|22|17|31|191|250|169|157|214|140|222|118|134|59|107|70|25|197|110|82|207|145|72|8|38|166|147|211|212|88|19|161|2|251|180|177|219|202|199|102|132|244|27|230|184|155|47|215|52|239|130|46|21|103|205|23|5|179|14|120|185|138|149|235|178|237|135|194|10|150|11|224|213|51|156|248|159|65|209|92|247|167|89|73|121|56|127|141|246|170|225|116|79|85|81|39|122|55|217|163|136|18|4|12|223|114|128|158|175|40|176|245|61|231|243|15|238|93|48|229|154|188|87|62|181|100|53|50|182|64|58|35|119|198|148|192|137|252|84|133|0|196|98|75|189|126|232|69|105|187|95|83|97|20|30|63|
Overall Best: 0.7552 Generation: 18

Generation 22
Average: 0.6904 Best: 0.7382
Best Individual: 
C0 145|212|201|45|149|199|47|11|110|36|65|121|140|106|160|163|50|6|250|75|135|192|99|130|181|8|0|114|188|18|253|214|98|247|92|155|233|66|32|27|197|44|151|173|53|131|70|169|134|231|17|141|55|196|122|111|116|119|152|237|97|82|128|167|63|230|210|29|208|143|4|9|64|62|202|215|34|37|23|85|171|222|168|89|226|200|42|46|77|146|13|185|203|138|31|241|10|120|187|16|107|72|255|68|229|183|159|248|112|211|252|3|191|239|179|144|19|94|174|71|205|26|220|25|213|101|90|162|103|129|78|254|153|105|76|243|24|15|245|102|61|14|184|156|28|12|198|204|69|5|2|158|178|157|232|49|251|235|39|240|136|108|217|1|176|182|51|194|207|246|165|115|117|123|35|180|244|118|148|81|80|161|227|132|189|166|104|219|238|150|154|172|91|57|242|195|236|221|218|87|88|21|52|113|109|126|193|142|73|209|41|234|170|84|33|48|175|100|54|20|56|40|223|249|96|38|22|139|137|60|93|125|86|206|133|216|74|190|95|43|124|7|30|147|186|79|164|127|225|59|228|177|58|83|67|224|
Overall Best: 0.7552 Generation: 18

Generation 23
Average: 0.6851 Best: 0.7420
Best Individual: 
C0 192|180|91|186|129|53|94|58|181|151|50|81|145|5|196|214|153|27|4|246|11|14|242|162|134|228|43|80|128|227|170|110|103|71|119|40|205|97|142|172|79|77|165|60|177|102|183|125|109|100|47|28|57|141|55|1|83|144|67|233|185|96|225|201|7|140|238|18|188|248|226|89|143|207|158|161|217|163|45|120|147|33|234|73|210|86|54|6|176|61|152|249|70|29|208|42|121|173|131|190|85|229|150|31|39|76|193|240|149|78|22|135|218|223|216|175|197|49|174|19|124|3|98|146|255|95|34|90|51|0|237|115|101|245|241|213|75|105|148|171|63|23|215|59|167|92|36|212|154|184|35|132|12|137|46|20|206|244|107|200|117|221|74|113|211|104|157|138|139|17|2|30|220|37|166|62|99|126|106|68|82|254|198|9|21|16|64|203|8|250|204|122|123|199|108|38|222|251|56|191|156|231|48|41|169|230|52|66|155|130|116|112|32|44|194|235|13|187|182|25|118|209|224|189|72|195|114|164|15|178|168|159|26|10|239|111|24|252|84|133|243|88|236|219|136|65|232|69|202|127|247|160|253|179|87|93|
Overall Best: 0.7552 Generation: 18

Generation 24
Average: 0.6866 Best: 0.7445
Best Individual: 
C0 177|101|34|19|7|53|58|221|201|71|93|153|122|237|92|232|123|62|183|224|91|97|163|227|10|229|253|77|32|65|249|106|131|6|247|243|50|250|84|61|70|135|234|192|220|41|197|160|199|231|37|0|211|130|158|143|233|96|184|219|36|107|4|140|20|188|147|38|223|245|210|89|139|149|174|17|25|126|214|212|216|222|81|138|189|151|202|98|217|9|76|187|251|168|171|228|35|115|209|18|23|169|132|203|241|67|113|57|175|116|225|13|208|83|133|167|103|1|196|30|128|51|242|59|186|64|24|2|27|33|55|100|127|164|254|121|246|230|102|204|90|15|145|52|110|45|240|109|114|134|99|47|182|119|78|205|235|150|26|166|198|88|176|206|148|146|179|137|87|104|63|255|3|40|191|154|111|165|39|141|125|28|120|69|162|108|194|29|238|79|48|172|49|16|181|195|124|156|200|72|185|21|12|8|46|73|193|129|14|161|5|152|190|155|207|66|112|239|94|180|56|117|170|118|142|136|31|95|43|60|215|44|178|252|42|105|86|54|144|22|173|157|82|244|80|218|226|159|236|213|85|68|74|75|11|248|
Overall Best: 0.7552 Generation: 18

Generation 25
Average: 0.6834 Best: 0.7401
Best Individual: 
C0 8|89|62|221|158|64|249|196|83|143|39|100|140|26|77|220|17|35|162|194|72|177|227|146|52|171|135|57|193|9|97|30|14|190|237|91|125|45|174|225|243|186|102|213|184|104|94|130|156|25|119|207|214|109|105|43|44|229|107|66|113|134|19|170|219|36|47|223|215|87|234|101|15|157|29|161|151|204|92|185|168|163|99|172|88|10|58|203|28|217|24|48|76|126|155|73|252|93|230|144|198|123|41|195|197|235|117|23|255|56|110|63|232|32|33|0|145|154|152|106|238|82|103|61|187|180|1|147|74|231|141|244|222|159|2|142|75|3|122|46|6|153|233|179|206|67|212|27|98|68|60|181|246|51|34|20|210|176|78|16|69|178|13|132|247|127|136|5|139|167|240|22|192|236|228|250|160|18|254|239|166|150|81|164|11|248|226|129|42|211|111|54|79|183|241|86|253|55|216|149|205|65|4|85|50|114|188|131|175|40|115|200|201|137|251|242|165|128|31|148|124|191|21|189|218|71|121|208|173|37|199|182|12|138|90|49|202|96|59|95|38|7|133|84|209|169|245|116|108|120|118|70|224|112|53|80|
Overall Best: 0.7552 Generation: 18

Generation 26
Average: 0.6846 Best: 0.7633
Best Individual: 
C0 109|80|212|186|119|12|137|5|177|60|89|72|210|235|209|150|6|102|28|140|190|14|129|63|36|62|79|114|222|217|90|30|220|153|122|45|16|152|19|96|225|94|54|250|87|188|99|175|170|158|10|4|141|32|218|42|23|146|125|95|234|230|105|116|37|173|244|9|164|56|101|185|92|75|81|237|77|245|231|202|74|53|134|251|57|151|82|0|149|93|192|33|169|128|1|223|25|249|97|59|181|132|133|43|154|84|41|120|193|195|52|138|61|39|26|159|58|157|64|65|240|228|255|213|162|198|7|227|13|241|35|139|47|103|29|161|205|156|168|31|239|88|55|201|246|160|191|130|242|71|236|104|174|18|73|85|111|183|15|200|117|143|197|66|253|247|3|182|107|17|118|113|252|110|34|176|221|179|67|180|68|70|2|142|147|106|136|20|44|22|126|135|207|189|108|40|148|51|100|49|216|167|48|91|155|124|178|131|165|127|196|98|46|184|69|76|115|248|145|27|8|254|21|50|238|86|194|163|229|199|214|219|203|166|204|78|24|172|112|233|243|224|226|171|83|211|232|123|38|187|208|11|215|144|121|206|
Overall Best: 0.7633 Generation: 26

Generation 27
Average: 0.6834 Best: 0.7633
Best Individual: 
C0 109|43|212|186|119|227|137|81|177|46|89|150|210|235|209|72|6|102|28|107|190|14|129|63|36|62|93|114|156|24|90|30|220|153|58|45|16|152|187|96|225|94|54|250|87|188|99|175|170|158|10|4|141|202|201|42|23|146|125|95|234|230|105|116|37|173|244|9|254|56|101|185|92|75|5|237|77|245|231|32|74|53|134|251|57|2|82|0|21|79|192|33|66|128|38|223|25|249|97|126|181|132|133|80|154|84|41|120|193|113|52|138|61|39|26|159|122|157|64|65|240|228|255|199|162|198|7|12|13|241|35|110|104|103|29|161|205|222|168|31|239|88|55|218|246|160|191|130|242|71|236|47|174|18|73|85|111|183|15|200|117|143|197|180|253|247|3|182|140|17|118|195|252|139|34|176|221|179|67|169|68|70|151|165|48|106|136|20|44|22|59|135|207|60|108|40|148|51|100|49|216|167|147|91|155|124|178|131|142|127|196|98|189|215|69|76|115|248|145|27|8|164|149|50|238|86|194|163|229|213|214|219|203|166|204|78|217|172|112|233|243|224|226|171|83|211|232|123|1|19|208|11|184|144|121|206|
Overall Best: 0.7633 Generation: 26

Generation 28
Average: 0.6898 Best: 0.7508
Best Individual: 
C0 109|43|191|186|80|227|137|81|177|46|188|150|233|235|209|72|6|102|28|107|190|33|90|63|36|62|93|114|156|24|129|30|220|122|58|45|16|154|187|96|225|94|54|250|87|89|99|175|170|158|10|4|141|202|201|42|23|146|125|95|234|230|105|116|37|173|244|9|254|221|101|185|92|75|5|100|77|245|231|32|74|53|134|251|57|2|82|0|21|79|192|14|66|128|38|223|25|249|97|126|240|132|64|119|152|84|41|120|193|113|52|138|61|91|26|159|153|157|133|65|181|228|255|199|162|198|7|12|13|241|35|110|104|103|179|161|205|222|168|237|239|88|55|218|246|160|212|130|242|71|236|47|174|18|73|85|111|60|15|200|117|143|197|180|253|247|3|182|140|17|118|195|252|139|34|176|56|29|67|169|68|70|151|165|48|106|136|20|44|22|59|135|207|183|108|40|148|51|31|49|216|167|147|39|155|124|178|131|142|127|196|98|189|215|164|76|115|248|145|27|8|69|149|50|238|229|194|163|86|213|214|219|203|166|204|78|217|172|112|210|243|224|226|171|83|211|232|123|1|19|208|11|184|144|121|206|
Overall Best: 0.7633 Generation: 26

Generation 29
Average: 0.6928 Best: 0.7690
Best Individual: 
C0 109|43|191|186|158|227|137|81|177|46|188|150|233|235|209|72|6|102|140|107|190|33|90|63|36|62|93|114|122|24|129|30|220|156|58|45|16|154|187|96|225|94|54|250|87|89|99|175|170|80|10|4|141|202|201|49|23|144|125|95|234|230|105|116|195|173|180|9|254|221|101|238|246|75|5|100|77|245|231|32|74|3|134|251|57|2|82|0|21|79|192|14|66|128|38|31|25|249|97|126|17|132|64|119|152|84|41|120|193|160|52|138|61|213|26|159|153|157|133|65|181|228|255|199|162|198|7|12|13|241|35|110|104|103|179|161|205|44|168|237|239|88|55|85|92|113|212|130|242|71|236|47|174|18|73|218|111|60|15|200|117|143|197|244|253|247|53|182|28|240|118|37|252|139|34|176|56|29|67|169|68|70|151|165|48|106|136|20|232|108|59|135|207|183|22|40|148|51|223|42|216|167|147|39|155|124|178|131|142|127|196|166|189|215|164|76|115|248|145|27|8|69|149|50|185|229|194|163|86|91|214|219|203|98|204|78|217|172|112|210|11|224|226|171|83|211|222|123|1|19|208|243|184|146|121|206|
Overall Best: 0.7690 Generation: 29
==================
    Best individual after 30 generations
    computed in 2,768.7760 seconds
    1225 elements out of 1593 correct.
    emerged in generation 29
    with fitness 0.7690
==================

