Starting evolution...

Generation 0
Average: 0.8853 Best: 0.9027
Best Individual: 
C0 241|239|5|48|96|50|116|45|81|152|161|23|21|194|136|192|169|26|83|99|142|70|121|104|117|246|49|73|223|123|27|150|224|66|44|162|161|118|239|160|57|50|118|21|49|109|111|93|218|137|28|168|126|179|41|65|95|151|168|11|96|190|193|102|44|204|20|1|168|77|22|36|157|11|57|228|90|15|248|45|123|68|138|33|193|91|82|67|108|8|220|11|80|220|160|10|138|14|113|136|122|61|34|133|101|221|150|103|4|58|23|63|2|47|137|92|101|169|244|52|166|147|111|244|71|88|118|241|142|132|144|12|58|207|216|144|194|254|54|137|31|94|186|119|194|33|193|106|250|5|104|3|179|147|232|108|16|17|149|143|63|163|54|211|136|140|180|117|94|90|39|37|18|209|137|248|171|246|152|206|27|230|160|69|23|153|74|16|179|104|180|229|239|5|182|173|39|53|67|96|184|185|140|47|223|29|213|216|59|225|107|182|40|53|178|246|186|202|210|192|206|173|11|88|84|218|89|69|214|63|209|91|216|71|136|21|161|132|204|12|180|0|13|113|73|225|150|119|187|131|19|38|33|203|155|182|
Overall Best: 0.9027 Generation: 0

Generation 1
Average: 0.8887 Best: 0.9058
Best Individual: 
C0 247|47|78|182|34|88|165|17|107|153|102|248|237|29|228|147|229|61|219|18|128|106|186|34|88|159|144|41|92|80|129|9|239|228|240|133|12|46|70|236|81|225|54|111|81|254|52|181|162|163|2|215|200|75|126|220|59|139|207|21|112|117|49|30|20|96|18|39|77|148|113|85|56|124|252|110|145|34|202|189|211|172|2|184|5|38|58|148|173|88|107|20|149|212|243|105|30|9|188|98|71|150|57|85|205|116|170|96|235|81|164|20|220|144|182|202|98|177|193|23|45|102|69|176|59|46|236|50|244|151|77|207|9|129|183|164|223|212|18|225|182|183|80|220|83|192|115|68|170|161|184|28|161|236|198|146|152|30|198|132|75|250|74|246|54|203|44|221|134|11|163|164|76|236|10|101|186|248|252|122|196|195|213|27|173|29|174|127|186|163|138|150|142|144|134|91|170|114|98|67|138|38|26|150|65|79|171|204|126|147|197|16|117|42|101|22|45|132|47|169|214|91|177|193|130|146|105|193|174|123|89|134|18|89|101|75|209|101|229|50|41|213|238|83|95|186|15|57|5|173|1|64|219|2|124|125|
Overall Best: 0.9058 Generation: 1

Generation 2
Average: 0.8882 Best: 0.9046
Best Individual: 
C0 9|32|104|153|82|125|31|121|151|17|12|84|123|63|156|59|205|184|9|233|248|157|148|209|103|210|171|244|85|240|75|127|79|44|241|3|53|159|106|226|250|157|169|36|161|8|54|144|82|43|178|16|81|224|97|42|137|102|117|163|70|144|200|160|56|191|150|19|195|0|147|181|207|61|6|214|236|95|141|195|220|41|53|5|64|146|85|202|159|149|232|235|118|91|195|242|62|243|101|104|4|94|45|170|170|147|69|210|162|8|114|211|135|187|167|2|81|45|69|190|91|218|11|97|182|149|154|100|77|205|129|193|112|85|234|80|118|33|205|154|66|65|177|212|242|241|64|204|39|192|146|135|102|57|122|53|40|45|254|184|103|1|252|138|238|8|78|18|188|74|8|219|25|15|203|194|109|114|62|191|43|93|148|149|231|64|184|229|36|227|117|162|188|137|87|28|241|54|72|230|151|61|164|199|198|194|190|143|193|54|59|65|53|9|92|11|177|31|171|132|235|187|123|186|194|30|60|239|130|200|221|77|214|44|176|191|76|195|159|112|230|254|104|207|85|189|42|129|96|85|93|8|216|119|127|186|
Overall Best: 0.9058 Generation: 1

Generation 3
Average: 0.8908 Best: 0.9077
Best Individual: 
C0 9|32|104|153|153|125|31|97|151|58|12|84|123|233|156|59|205|184|9|233|248|157|148|209|103|210|171|244|85|240|75|127|79|44|241|3|53|157|106|154|250|157|169|36|161|8|54|144|82|43|178|16|81|22|97|42|137|102|117|163|70|40|200|160|56|191|150|19|195|0|147|181|207|61|147|214|236|95|141|195|220|41|53|5|64|146|85|202|159|112|232|235|181|91|195|242|62|243|101|95|4|94|45|170|170|147|69|210|162|8|114|211|135|187|167|2|146|120|69|190|91|218|11|97|182|149|154|100|77|205|129|193|112|85|234|80|118|33|205|154|66|65|177|89|242|241|64|204|39|152|146|135|102|57|122|53|40|45|254|184|103|1|241|138|88|8|78|18|188|74|8|219|25|15|203|194|109|114|62|191|184|93|148|149|231|64|184|229|36|227|117|162|188|137|87|137|241|54|72|230|151|61|164|199|198|194|190|143|193|233|59|65|53|9|92|11|99|31|171|132|235|187|123|186|194|30|195|239|101|200|221|77|214|44|176|191|76|195|159|112|230|254|104|207|85|189|42|156|96|212|93|8|216|119|127|186|
Overall Best: 0.9077 Generation: 3

Generation 4
Average: 0.8924 Best: 0.9046
Best Individual: 
C0 53|59|33|214|26|239|2|213|200|12|195|53|95|205|134|102|137|225|204|33|136|128|168|50|38|40|94|183|185|169|15|168|230|64|217|84|224|21|182|5|6|127|42|30|245|17|58|28|177|61|9|40|101|194|78|221|109|218|86|244|51|55|222|162|59|223|245|180|132|101|125|199|75|56|41|51|214|48|213|181|162|71|151|108|49|229|107|59|82|206|90|250|29|92|24|97|43|58|160|67|67|60|78|37|0|243|130|147|126|163|148|72|13|86|151|18|122|18|36|23|45|102|69|176|59|183|236|40|66|151|77|215|9|88|183|241|223|85|18|174|182|59|80|250|188|234|115|68|170|161|184|28|161|157|5|146|152|30|28|132|164|250|110|198|235|225|44|221|160|11|163|164|56|143|150|234|173|110|200|185|140|80|241|215|162|25|192|29|72|130|182|187|83|237|251|120|253|255|128|83|225|43|77|121|65|79|171|204|126|147|197|14|117|92|251|120|45|129|47|169|214|91|177|225|130|146|116|193|83|81|89|134|18|89|101|40|209|88|204|252|151|24|251|112|95|186|15|57|5|9|1|140|217|2|124|106|
Overall Best: 0.9077 Generation: 3

Generation 5
Average: 0.8938 Best: 0.9083
Best Individual: 
C0 45|59|71|112|195|93|201|172|128|54|111|108|163|135|254|250|77|86|38|218|73|244|203|179|44|1|48|110|127|199|37|20|252|12|146|123|153|61|23|210|78|72|34|222|100|132|136|119|114|79|56|101|145|7|127|19|234|161|237|223|157|245|145|13|101|23|128|145|7|86|235|211|33|249|246|34|147|48|33|112|105|205|176|204|195|21|60|164|14|180|11|47|161|223|250|198|199|166|94|87|91|114|112|211|244|55|157|27|181|28|168|71|161|107|166|180|197|17|211|119|100|126|201|31|59|78|195|240|111|113|125|170|126|136|203|150|69|39|106|164|129|169|177|212|242|241|104|204|39|192|180|135|102|57|133|104|6|57|15|52|223|156|135|17|31|164|75|221|222|224|115|4|252|159|65|110|251|69|195|41|1|208|111|125|223|133|100|44|228|66|20|68|183|64|191|124|152|132|52|230|10|187|155|80|14|169|247|16|89|123|173|174|11|86|93|9|121|238|125|213|114|29|149|67|93|158|9|151|19|247|69|138|55|105|190|12|47|211|209|230|126|215|196|175|90|210|17|37|131|90|3|21|82|29|190|61|
Overall Best: 0.9083 Generation: 5

Generation 6
Average: 0.8935 Best: 0.9109
Best Individual: 
C0 45|197|71|125|230|97|189|147|184|192|1|175|228|169|145|187|81|102|192|151|210|26|60|130|118|198|85|21|14|138|203|106|252|150|146|233|153|227|46|210|56|174|34|222|100|37|136|119|114|240|56|101|145|7|138|120|234|161|196|223|157|245|221|13|101|220|128|145|7|232|235|204|17|82|246|210|147|240|83|112|115|205|254|204|168|208|60|100|14|95|11|101|244|161|169|37|93|254|244|204|182|7|54|193|161|38|63|204|160|193|33|13|138|15|235|42|177|100|175|65|118|132|6|176|107|198|253|221|161|104|168|28|41|23|96|197|216|116|186|27|165|69|70|69|80|73|94|164|54|131|210|231|162|254|132|97|91|172|196|124|79|17|193|232|157|102|10|95|153|221|48|163|2|221|23|245|82|80|197|180|217|220|196|122|59|68|119|144|168|206|18|31|10|118|164|35|32|71|63|189|114|22|30|90|215|186|152|126|46|9|124|227|47|37|27|33|100|182|32|213|103|136|52|164|64|167|176|146|216|138|50|16|81|220|197|78|246|113|195|141|96|175|242|117|24|46|243|68|4|191|193|158|165|29|190|61|
Overall Best: 0.9109 Generation: 6

Generation 7
Average: 0.8940 Best: 0.9071
Best Individual: 
C0 46|59|71|112|74|97|172|173|184|79|1|175|228|187|38|187|226|102|226|226|210|26|89|50|61|40|94|183|185|169|186|168|230|64|217|177|11|103|182|5|53|127|42|30|245|17|58|84|209|61|9|233|35|132|78|221|109|192|86|95|51|55|222|244|209|223|245|145|127|232|235|106|33|194|246|34|147|48|83|112|105|205|176|204|195|30|60|108|14|180|11|20|161|60|38|199|199|166|94|61|179|114|112|211|244|107|157|27|28|28|168|71|161|107|166|180|197|165|144|119|43|43|201|31|59|134|195|83|111|34|50|194|126|136|192|150|69|39|5|164|188|65|75|254|242|195|46|204|150|192|174|135|102|57|133|122|6|57|15|52|223|113|197|17|31|146|75|12|222|224|156|181|252|54|65|179|251|69|195|41|143|60|111|231|223|133|100|122|242|232|142|81|181|64|191|124|68|132|52|230|10|187|155|80|14|107|247|16|89|123|173|174|11|86|93|9|121|238|125|141|114|29|149|76|142|158|9|151|29|247|69|138|55|105|190|12|47|211|209|230|126|215|196|175|157|210|153|37|131|90|163|193|82|29|190|61|
Overall Best: 0.9109 Generation: 6

Generation 8
Average: 0.8941 Best: 0.9090
Best Individual: 
C0 241|239|5|96|14|50|2|61|81|149|41|23|21|214|84|187|203|102|121|226|210|32|199|50|132|40|117|183|119|169|107|168|230|171|11|177|11|103|182|213|6|127|42|30|245|17|58|84|209|61|9|233|35|132|131|221|109|192|86|95|51|55|222|244|198|223|182|145|7|35|235|194|33|24|246|34|147|48|83|112|105|205|176|241|12|30|60|108|14|180|11|20|161|48|38|199|199|92|94|61|179|114|112|211|244|107|157|27|181|28|168|71|210|205|166|180|197|165|80|119|43|43|201|36|59|235|195|83|111|34|125|194|143|136|192|150|69|39|5|164|188|65|177|254|242|195|64|204|77|239|91|135|102|57|133|46|209|57|15|52|223|156|135|4|105|164|254|221|1|224|115|110|76|50|65|121|62|248|252|122|196|7|13|196|173|29|175|178|61|163|138|97|1|144|134|5|203|36|121|90|117|158|207|156|139|253|171|83|200|153|7|16|130|42|101|81|142|132|122|169|214|103|249|193|130|199|105|193|20|123|171|192|232|89|34|75|209|129|229|253|173|184|187|30|224|14|165|245|78|120|15|104|35|212|16|11|
Overall Best: 0.9109 Generation: 6

Generation 9
Average: 0.8948 Best: 0.9109
Best Individual: 
C0 46|165|33|214|26|239|121|213|55|17|97|53|95|205|38|187|226|134|217|109|210|26|89|50|61|120|94|244|206|169|186|168|230|64|217|177|11|95|182|5|124|127|42|30|245|62|9|84|209|61|9|233|88|132|78|248|81|192|86|95|51|16|209|244|209|223|245|145|127|177|235|106|33|194|165|34|147|48|83|112|105|205|166|171|57|85|61|210|238|237|152|227|245|178|152|107|99|239|230|4|90|109|74|176|114|237|192|105|50|132|217|230|22|163|132|240|112|71|109|2|225|180|239|24|201|158|17|71|187|222|142|59|54|134|94|180|111|96|24|196|103|155|75|254|242|195|46|204|150|192|174|135|102|57|133|122|6|57|15|111|223|113|197|17|31|146|75|1|222|77|156|117|252|54|65|179|251|69|72|41|49|60|111|231|134|133|100|122|242|152|39|81|181|64|191|124|68|17|52|230|10|38|67|80|14|107|247|16|89|242|173|174|11|86|93|9|121|238|125|141|33|29|149|76|142|158|9|151|229|247|21|138|55|105|190|239|47|211|11|34|126|215|196|175|157|210|27|37|131|90|163|193|82|29|190|61|
Overall Best: 0.9109 Generation: 6

Generation 10
Average: 0.8967 Best: 0.9090
Best Individual: 
C0 125|120|157|182|105|212|23|176|130|153|10|214|206|29|201|147|229|70|219|18|253|106|186|34|250|230|237|237|50|82|21|9|239|146|240|86|197|46|112|37|81|28|199|251|129|254|110|86|162|163|162|194|200|75|127|220|32|68|8|125|61|171|90|201|180|191|144|244|130|157|141|15|79|253|2|26|26|238|187|13|123|4|138|35|9|91|82|67|11|223|37|168|239|131|50|215|128|174|151|194|128|109|138|148|105|24|192|64|209|6|249|230|76|28|201|110|112|18|24|23|45|102|69|155|59|143|208|73|66|151|4|215|9|88|183|241|223|85|37|45|103|234|127|71|174|41|250|10|151|106|1|47|132|29|179|164|96|236|136|33|68|55|106|69|175|95|58|161|162|192|131|205|152|124|202|146|101|55|170|138|80|58|9|94|21|127|104|68|42|93|188|153|110|56|242|137|117|30|144|215|163|35|107|165|84|43|73|97|7|131|37|27|47|186|232|115|53|205|128|3|91|166|29|70|147|238|40|148|111|251|20|238|241|152|167|170|77|115|193|84|247|67|154|25|9|116|223|134|223|90|1|120|219|62|124|253|
Overall Best: 0.9109 Generation: 6

Generation 11
Average: 0.8953 Best: 0.9153
Best Individual: 
C0 125|120|157|182|105|212|23|176|130|153|10|214|206|29|201|147|229|217|139|18|253|106|186|97|250|230|237|237|50|82|21|9|239|146|240|86|197|46|112|37|81|28|199|251|129|254|110|86|162|163|162|194|200|75|127|220|32|68|8|125|61|171|90|201|180|191|144|244|130|157|141|15|79|252|151|26|26|238|187|13|123|4|138|35|9|91|82|67|11|223|37|168|145|43|141|215|169|174|151|194|128|109|138|148|105|24|192|64|209|6|249|230|76|28|201|110|112|18|24|23|45|102|69|155|74|143|208|73|66|151|4|215|9|88|183|43|113|85|47|45|103|234|127|71|180|41|250|10|151|106|1|47|132|29|179|164|96|236|136|33|68|55|106|69|175|95|58|161|162|170|131|205|152|124|202|146|101|55|170|242|80|58|9|94|21|140|104|68|42|93|188|153|110|56|242|137|117|185|144|215|163|35|30|165|84|43|73|97|7|131|37|27|47|186|232|115|53|205|12|3|242|166|29|70|147|238|40|148|111|145|20|238|241|152|167|170|77|115|193|84|247|67|154|25|9|116|223|134|223|90|1|120|219|62|124|253|
Overall Best: 0.9153 Generation: 11

Generation 12
Average: 0.8969 Best: 0.9046
Best Individual: 
C0 46|187|71|116|98|165|172|173|4|205|231|175|220|187|38|187|199|70|226|205|210|21|89|50|61|40|94|183|120|176|186|168|230|49|4|150|11|171|182|45|53|127|170|208|100|174|136|119|114|27|56|101|145|119|127|101|99|161|103|170|212|245|96|13|101|55|128|4|104|232|38|106|108|226|64|52|27|221|148|112|135|205|14|201|72|156|60|164|14|122|11|20|161|223|20|97|157|184|160|132|204|70|78|37|133|42|130|186|84|163|203|72|140|39|7|15|231|192|213|143|56|98|207|10|37|173|101|254|192|24|196|182|58|126|24|65|81|83|167|147|197|82|177|57|242|144|234|165|213|177|180|238|29|111|133|247|235|57|15|236|176|113|135|80|35|146|112|12|9|224|156|181|101|50|65|110|251|192|56|41|143|208|111|95|223|194|100|220|162|232|142|92|181|64|191|124|68|132|52|230|10|187|155|80|107|202|247|16|89|37|152|184|231|192|254|87|121|193|236|141|114|29|149|76|142|158|9|151|29|94|232|126|55|105|190|12|47|211|165|253|45|215|196|175|143|210|235|37|247|152|88|193|82|29|190|61|
Overall Best: 0.9153 Generation: 11

Generation 13
Average: 0.8972 Best: 0.9077
Best Individual: 
C0 65|181|77|45|228|73|14|192|200|187|28|59|9|205|81|147|20|221|140|32|44|194|130|62|127|73|188|95|13|9|107|203|73|48|150|71|185|58|64|24|42|75|94|15|192|64|156|140|12|240|136|177|93|125|116|115|191|160|37|18|25|222|92|209|204|32|172|109|50|49|66|107|37|52|246|106|175|76|219|198|76|25|103|79|58|193|198|234|174|98|102|46|192|204|238|161|41|120|144|93|246|8|200|117|59|227|235|37|106|17|237|230|101|10|150|22|168|92|83|58|43|43|221|31|59|87|69|83|254|34|50|8|126|136|192|150|69|39|5|164|188|31|158|182|11|66|75|10|129|167|201|155|102|57|133|209|6|189|93|0|141|239|18|81|140|14|132|97|40|192|207|51|97|18|122|91|111|209|223|206|110|113|58|113|26|187|63|206|119|164|37|41|221|211|250|91|170|114|99|58|154|80|26|150|195|152|171|173|5|48|166|245|30|82|254|108|75|253|106|213|78|29|149|152|215|122|253|14|4|31|69|251|122|203|70|118|18|189|77|114|188|59|109|82|132|124|112|180|158|191|183|103|58|29|110|248|
Overall Best: 0.9153 Generation: 11

Generation 14
Average: 0.8960 Best: 0.9058
Best Individual: 
C0 56|165|33|40|26|40|172|173|4|79|1|82|228|187|38|197|127|102|194|51|210|26|203|50|197|204|78|183|222|98|40|168|155|51|217|177|11|171|182|119|53|127|42|141|178|174|43|208|114|200|13|113|18|119|127|120|234|161|248|5|157|125|40|84|185|220|210|153|132|101|81|196|160|59|16|51|176|192|153|64|162|120|101|39|49|23|23|238|82|207|90|250|29|92|24|97|43|97|160|41|124|117|78|98|10|95|130|254|95|59|217|137|207|25|211|68|176|115|241|139|157|252|185|118|205|13|209|152|206|227|125|86|94|208|83|55|36|85|18|24|64|59|80|144|16|234|115|147|170|161|243|28|164|46|5|5|152|209|159|82|95|250|110|78|235|170|39|148|134|11|163|78|37|236|204|234|131|110|200|194|204|240|241|215|162|60|192|186|113|171|122|179|245|204|30|120|63|172|21|223|138|129|77|54|65|73|107|204|118|205|49|244|117|167|251|31|4|129|47|25|214|91|142|225|130|207|6|193|83|84|59|127|18|89|129|8|79|213|229|173|175|24|100|241|95|124|214|109|25|9|93|1|95|2|114|103|
Overall Best: 0.9153 Generation: 11

Generation 15
Average: 0.8961 Best: 0.9083
Best Individual: 
C0 56|165|33|40|26|166|121|100|21|189|195|53|227|205|134|176|71|236|237|34|44|187|130|62|152|236|151|145|227|216|2|98|12|235|141|229|185|143|149|24|42|92|158|128|70|177|44|194|237|116|86|42|116|48|208|115|2|157|135|139|25|222|92|209|70|32|233|204|59|195|2|77|150|115|37|20|69|76|145|13|108|25|97|76|172|32|102|157|184|98|224|160|229|1|161|74|116|112|183|209|11|60|143|227|12|153|153|231|69|246|217|137|207|25|1|193|78|208|241|46|157|252|212|118|205|13|18|254|158|105|196|243|58|126|24|65|81|212|210|147|141|59|80|144|9|234|110|147|170|210|169|28|189|46|5|40|152|255|190|13|95|250|110|78|235|203|39|148|127|11|163|78|37|236|69|234|131|18|200|194|44|240|241|215|52|31|214|81|113|171|23|31|245|104|205|120|63|172|143|223|90|77|77|54|65|183|107|204|126|205|102|254|117|167|33|59|4|129|47|88|214|91|142|225|118|207|97|193|83|84|55|254|18|89|222|54|79|139|229|56|8|24|251|196|95|63|142|109|172|121|93|150|94|2|124|210|
Overall Best: 0.9153 Generation: 11

Generation 16
Average: 0.8966 Best: 0.9071
Best Individual: 
C0 56|108|33|40|157|40|172|173|4|79|1|82|228|187|38|197|229|70|219|18|178|106|186|34|250|230|235|237|167|82|255|191|191|233|120|133|44|46|112|37|81|206|173|61|129|254|110|86|162|93|211|194|200|75|82|220|29|220|8|125|61|50|93|105|243|133|144|71|190|98|235|106|33|27|165|34|33|39|248|112|99|108|166|133|91|55|60|162|14|117|159|250|33|92|24|15|43|91|27|41|124|177|151|98|10|95|130|254|95|59|217|137|207|25|211|68|176|160|241|139|157|252|185|118|205|13|209|152|206|227|125|86|13|208|226|55|36|85|18|24|64|70|80|144|16|234|115|147|170|236|243|190|164|46|215|5|152|209|159|82|95|250|110|78|235|170|39|148|134|11|163|78|37|236|204|234|131|110|200|194|9|240|241|215|162|60|249|186|180|137|122|179|245|204|30|120|63|97|21|223|138|38|77|54|65|68|107|204|118|205|49|244|117|167|251|31|4|129|47|25|214|91|144|225|130|207|6|193|83|19|59|127|18|89|129|8|79|213|229|173|175|24|100|241|95|124|15|109|96|9|7|164|95|2|114|103|
Overall Best: 0.9153 Generation: 11

Generation 17
Average: 0.8956 Best: 0.9065
Best Individual: 
C0 237|99|105|245|53|180|215|118|235|125|188|191|219|230|9|224|189|34|81|18|57|189|1|89|10|113|123|205|88|40|76|106|80|20|230|123|156|61|183|210|220|23|194|8|245|240|251|84|164|61|17|14|206|90|103|221|235|5|45|145|161|52|223|24|209|223|124|46|109|232|235|106|33|249|121|34|49|29|66|172|105|205|73|42|177|187|60|108|14|213|11|89|161|60|193|222|108|135|160|221|179|79|162|211|244|92|157|74|28|28|52|71|151|12|2|180|1|42|101|82|133|234|109|176|232|47|135|254|109|32|75|244|54|146|218|180|88|96|88|190|130|234|127|127|43|192|4|216|81|17|183|47|132|222|99|18|212|171|136|236|22|148|135|69|143|222|112|161|0|208|186|174|221|4|46|140|251|69|97|41|143|199|236|12|31|229|134|183|228|167|142|51|139|42|191|95|159|145|28|96|184|119|77|233|57|69|102|204|108|166|121|244|117|123|58|44|170|197|47|169|214|199|201|59|174|12|9|151|57|115|87|138|118|33|166|109|33|143|229|232|169|243|155|235|237|219|158|69|78|120|32|28|231|18|53|5|
Overall Best: 0.9153 Generation: 11

Generation 18
Average: 0.8961 Best: 0.9052
Best Individual: 
C0 53|165|33|8|45|151|121|213|55|45|195|53|132|79|212|43|182|72|68|23|134|7|73|151|61|40|94|249|160|42|107|202|63|171|217|177|11|145|9|60|109|127|95|128|45|89|210|19|14|166|136|79|116|48|99|147|210|156|135|123|25|222|92|172|70|130|91|58|50|46|103|14|228|115|247|20|73|76|46|13|197|25|70|114|50|19|147|123|179|98|89|153|186|1|238|3|241|181|183|93|11|189|180|52|224|255|38|141|69|100|144|137|240|202|133|155|55|208|241|245|93|146|207|55|169|13|209|152|68|227|125|67|13|52|83|55|113|16|18|26|13|59|80|144|16|234|101|147|60|161|243|68|164|46|52|5|152|209|159|82|95|94|110|78|235|170|180|148|72|11|163|78|37|236|33|234|131|110|92|3|9|226|241|215|162|195|192|186|113|137|122|179|93|168|30|120|234|172|114|106|138|38|77|143|65|223|128|204|118|205|49|244|9|107|251|31|4|129|47|25|214|91|17|225|130|207|6|102|116|84|59|127|113|6|202|8|79|213|80|70|30|24|195|109|95|124|214|174|250|152|197|167|114|221|216|164|
Overall Best: 0.9153 Generation: 11

Generation 19
Average: 0.8962 Best: 0.9077
Best Individual: 
C0 71|8|13|48|228|104|116|204|205|59|161|9|74|13|118|130|62|196|245|34|118|72|130|62|11|30|128|164|156|227|245|20|73|37|235|4|209|211|173|160|42|114|61|74|19|4|210|15|237|70|136|100|176|125|92|109|140|181|135|139|25|245|92|231|147|32|43|204|59|195|207|76|150|16|88|20|69|2|201|36|60|25|97|134|254|88|198|123|153|94|245|46|232|1|238|126|238|242|183|233|11|176|200|117|59|156|137|37|106|86|0|230|101|251|150|196|74|92|83|58|215|43|66|250|163|81|150|83|167|34|23|242|126|111|140|177|69|206|81|37|188|119|158|124|89|47|164|10|129|250|201|118|102|163|133|209|6|30|93|13|95|250|162|95|153|13|82|96|216|30|226|26|156|210|178|219|129|12|162|130|61|253|241|149|64|71|18|174|244|171|122|226|181|64|191|124|68|17|52|173|97|38|67|236|14|78|247|16|125|226|248|118|117|167|62|97|122|29|119|3|77|226|29|70|215|238|40|148|228|109|190|79|18|15|157|177|77|182|197|84|247|84|154|71|9|248|194|191|223|116|147|217|163|195|112|75|
Overall Best: 0.9153 Generation: 11

Generation 20
Average: 0.8962 Best: 0.9109
Best Individual: 
C0 241|239|141|96|237|208|118|205|119|191|25|161|21|10|160|177|169|131|123|2|76|19|55|139|117|25|175|0|105|82|107|238|162|12|235|229|185|152|173|15|42|114|36|128|45|89|39|19|14|232|33|79|72|113|165|115|96|214|196|139|173|152|92|209|70|32|91|58|50|46|103|14|175|115|145|34|232|7|66|172|182|46|73|42|177|77|60|108|2|110|11|173|174|60|229|101|1|135|160|18|179|79|162|5|142|176|14|74|139|28|52|89|131|107|85|169|16|42|144|82|133|221|150|253|186|237|153|254|206|227|125|86|11|83|83|55|113|34|18|110|64|59|80|144|16|186|70|177|170|22|243|68|164|46|117|187|152|2|159|82|95|250|110|78|235|170|39|148|134|11|248|78|37|236|45|233|228|110|200|194|9|240|241|215|194|60|65|228|113|154|122|179|245|35|30|120|63|33|114|201|138|38|77|143|65|41|107|204|247|216|49|244|117|167|251|31|4|129|47|25|214|84|52|225|55|207|197|193|170|84|59|127|18|248|202|8|79|213|229|173|30|24|100|60|95|124|214|174|250|152|197|64|149|218|46|143|
Overall Best: 0.9153 Generation: 11

Generation 21
Average: 0.8955 Best: 0.9077
Best Individual: 
C0 50|166|98|95|105|212|189|237|130|233|10|165|206|29|149|147|5|144|194|51|38|26|243|50|197|204|46|183|179|27|9|224|95|51|196|106|254|171|90|142|53|208|156|141|218|174|43|55|146|200|28|113|18|168|127|225|234|161|248|231|157|125|40|114|185|70|18|153|132|101|81|122|185|59|4|185|170|114|158|108|162|141|101|78|16|96|118|201|58|122|11|20|161|168|144|13|157|184|160|22|69|111|180|143|53|255|153|148|216|209|144|104|160|100|211|158|203|252|164|245|255|156|159|11|37|172|177|254|98|32|168|182|58|90|24|49|63|128|94|244|197|65|127|57|164|195|52|92|15|192|180|62|125|45|133|213|204|57|15|135|171|66|135|80|146|92|75|102|68|161|156|136|248|160|160|56|210|176|56|41|107|138|111|95|12|142|165|171|225|169|149|51|243|156|191|146|154|40|185|116|24|189|254|167|7|126|40|36|8|75|39|127|115|167|98|31|4|129|47|211|214|91|142|225|118|244|97|193|83|84|55|36|116|89|2|2|79|245|179|11|188|252|36|82|16|124|112|123|98|90|111|143|219|227|124|156|
Overall Best: 0.9153 Generation: 11

Generation 22
Average: 0.8956 Best: 0.9102
Best Individual: 
C0 184|239|141|96|41|208|60|205|170|239|25|161|21|30|160|130|169|131|123|2|43|19|55|139|117|25|144|0|105|82|107|238|162|12|235|229|185|110|173|15|42|114|36|128|45|89|39|210|14|232|33|79|72|113|165|115|96|214|196|139|173|134|92|209|70|32|91|58|50|46|103|14|175|115|145|34|232|7|243|172|182|56|73|42|177|77|60|108|2|110|11|173|174|60|27|101|1|135|160|18|168|79|162|5|142|159|109|74|139|208|180|89|131|150|85|169|16|42|144|82|133|221|150|253|186|237|153|254|206|227|125|86|11|83|83|55|139|34|18|110|64|59|80|34|16|186|70|177|170|22|169|28|164|162|98|60|10|74|153|13|60|250|141|203|235|49|39|193|127|11|163|78|2|7|105|234|47|18|200|128|237|183|145|215|64|87|111|135|146|171|122|179|194|35|30|120|63|33|114|42|138|78|179|143|65|41|5|204|247|216|49|239|117|167|251|31|4|129|47|25|214|210|52|225|55|207|197|193|170|84|59|127|18|248|202|8|72|213|45|173|30|24|100|60|95|124|214|174|250|9|194|64|149|218|46|143|
Overall Best: 0.9153 Generation: 11

Generation 23
Average: 0.8968 Best: 0.9077
Best Individual: 
C0 50|120|157|191|105|217|35|105|180|82|10|165|14|29|193|147|135|195|46|51|191|26|91|50|18|204|232|109|179|181|184|43|114|20|230|123|189|76|211|53|220|23|92|217|144|240|85|84|202|61|57|14|5|149|92|51|96|175|178|126|75|88|92|115|223|55|91|14|109|169|235|75|33|221|114|34|244|29|142|172|105|210|73|72|177|201|60|118|253|135|11|117|39|48|193|153|8|135|160|40|179|79|14|211|96|198|250|117|160|28|52|71|131|107|2|40|16|12|158|82|117|119|109|176|242|47|153|254|212|32|130|127|73|97|138|96|163|181|194|110|25|170|136|103|220|41|239|10|133|64|41|184|132|98|99|86|88|142|136|12|47|207|167|161|55|229|224|70|191|75|24|4|100|212|65|125|64|69|195|109|253|208|250|31|209|124|79|248|227|227|28|187|110|251|112|204|26|145|120|96|184|119|45|233|57|56|136|118|242|198|7|103|102|123|63|44|170|69|117|135|214|48|71|111|254|142|228|195|150|251|20|71|186|244|5|184|242|108|130|172|247|154|154|121|9|116|81|1|223|90|111|143|219|240|99|50|
Overall Best: 0.9153 Generation: 11

Generation 24
Average: 0.8960 Best: 0.9077
Best Individual: 
C0 40|54|71|83|131|148|172|153|139|93|107|206|123|175|81|241|94|35|220|171|160|157|172|103|205|112|69|208|171|218|107|211|163|8|235|218|185|102|58|255|42|18|40|104|192|129|83|144|52|40|136|177|97|125|116|227|15|44|37|122|16|221|236|97|204|32|89|66|186|49|179|1|125|225|78|179|148|191|52|206|60|25|97|208|98|137|159|101|241|240|239|89|161|60|93|49|70|127|183|233|168|78|96|85|12|153|153|171|173|28|25|71|151|12|2|111|1|231|101|82|95|234|49|176|215|119|135|254|103|3|102|83|44|125|218|109|191|188|88|190|130|75|236|127|119|192|228|194|81|167|91|47|10|197|20|18|46|33|136|196|221|148|83|163|207|222|90|161|85|208|18|174|221|120|46|211|33|182|249|37|143|199|236|166|85|198|134|59|228|43|142|51|34|149|191|95|200|145|28|96|115|119|77|233|25|69|110|204|108|166|121|168|6|149|113|44|170|150|174|169|214|199|4|59|55|50|9|212|57|82|27|138|118|202|166|109|33|143|59|179|75|243|94|235|81|87|47|247|218|118|8|210|29|227|34|229|
Overall Best: 0.9153 Generation: 11

Generation 25
Average: 0.8960 Best: 0.9102
Best Individual: 
C0 40|249|71|83|131|125|172|153|139|93|107|206|123|175|81|241|94|35|220|171|79|157|172|103|205|112|69|208|171|218|107|211|163|14|235|218|185|102|58|255|42|18|75|104|192|129|83|144|135|40|56|177|151|125|116|160|15|52|37|122|16|221|236|97|204|32|89|66|186|49|179|1|125|225|78|179|148|191|52|206|60|25|97|208|98|137|159|101|241|240|239|89|161|60|143|49|70|127|183|233|168|78|96|85|12|153|153|171|173|28|25|71|151|102|2|111|1|231|101|82|95|234|49|176|215|119|135|254|103|3|102|83|85|209|218|109|191|188|88|190|130|75|236|127|119|192|228|194|92|167|91|47|10|197|20|18|46|33|136|196|221|148|83|163|207|222|90|161|85|208|18|248|221|120|46|211|33|182|249|37|143|199|236|91|117|198|134|59|228|43|123|51|34|149|191|95|200|232|28|96|115|119|77|233|25|21|110|204|108|166|121|168|6|149|53|44|170|150|174|169|214|199|4|59|55|50|9|212|57|82|27|138|211|202|166|109|33|136|59|17|75|243|94|235|81|87|47|247|218|118|8|210|29|227|34|120|
Overall Best: 0.9153 Generation: 11

Generation 26
Average: 0.8967 Best: 0.9083
Best Individual: 
C0 126|43|185|179|50|176|116|133|51|59|161|190|185|4|162|123|181|185|149|34|157|168|130|60|143|60|123|55|156|17|192|98|73|138|84|86|99|128|173|184|12|23|174|217|183|240|58|103|79|61|57|14|206|149|92|51|96|175|68|126|75|223|92|180|189|55|91|14|109|200|235|106|33|221|114|51|244|29|149|172|105|210|73|72|197|229|111|71|23|135|11|212|39|60|193|153|8|217|104|206|68|79|167|211|1|198|72|117|133|28|52|71|131|107|2|138|198|223|179|82|117|165|109|46|83|47|80|114|212|161|248|127|73|97|138|68|163|114|211|110|25|170|136|177|242|227|213|120|69|255|41|184|132|75|99|77|6|57|98|236|70|20|254|80|26|146|169|144|75|75|24|4|100|235|65|84|64|69|195|96|102|226|241|163|54|69|162|210|123|171|173|9|181|33|140|124|29|17|52|173|66|99|193|142|154|116|73|144|7|50|242|27|50|186|49|115|182|57|12|230|193|121|71|70|147|238|123|148|129|162|56|55|241|252|167|190|186|220|236|84|247|3|100|24|44|138|50|91|101|162|11|205|191|73|38|174|
Overall Best: 0.9153 Generation: 11

Generation 27
Average: 0.8968 Best: 0.9096
Best Individual: 
C0 240|216|75|17|224|180|215|176|206|210|205|191|29|9|254|241|94|35|220|34|160|157|172|103|205|112|95|110|171|87|109|211|163|8|235|80|185|102|58|255|42|18|40|104|192|129|83|144|118|40|136|177|97|125|116|227|40|44|68|76|45|221|236|97|204|141|89|25|186|49|179|1|125|176|69|179|148|191|52|206|60|25|209|229|98|137|159|101|241|132|239|38|152|77|237|44|70|127|183|233|168|78|218|85|12|153|153|171|173|28|89|71|151|12|2|111|1|2|101|82|95|70|14|176|215|119|135|254|103|3|102|83|44|103|153|109|236|188|162|203|130|75|236|127|119|192|252|224|81|79|91|47|10|197|20|18|116|33|178|61|221|148|128|134|207|222|90|161|85|208|18|174|221|120|234|211|33|182|249|37|142|190|236|166|85|112|134|59|99|43|142|51|18|149|243|184|200|145|28|193|104|214|199|224|25|12|121|35|108|166|241|168|169|149|40|114|170|53|135|106|214|199|201|59|20|77|9|23|57|214|27|149|118|202|166|250|33|79|59|146|75|243|94|77|41|18|129|182|49|29|78|51|28|18|234|84|
Overall Best: 0.9153 Generation: 11

Generation 28
Average: 0.8969 Best: 0.9083
Best Individual: 
C0 79|80|15|147|151|92|116|127|209|230|161|25|166|72|57|130|101|149|39|34|118|198|134|62|11|244|34|136|48|160|165|202|230|124|153|177|207|37|192|147|250|127|59|120|197|238|206|46|55|61|88|132|120|20|99|16|126|156|135|139|25|177|92|136|134|32|91|118|126|46|103|101|175|205|223|221|241|244|145|13|108|19|97|27|23|160|156|213|233|98|114|218|226|221|51|179|116|12|94|85|11|75|105|227|12|153|153|194|206|52|111|166|207|245|150|236|173|118|139|248|80|34|74|216|247|47|248|117|143|133|126|55|66|172|6|146|39|213|148|251|169|241|1|144|20|122|210|96|16|88|247|28|5|42|109|243|143|57|251|130|115|35|91|69|17|193|212|127|116|27|186|110|60|95|23|179|251|16|191|220|112|146|142|246|139|139|178|186|199|185|3|61|157|218|30|178|3|134|114|139|129|224|223|210|227|73|228|135|11|205|78|241|117|236|91|125|227|207|72|206|193|233|19|56|114|4|249|148|61|132|69|34|198|48|229|68|27|200|77|148|106|57|168|109|83|116|61|126|223|182|44|250|139|178|21|83|
Overall Best: 0.9153 Generation: 11

Generation 29
Average: 0.8967 Best: 0.9071
Best Individual: 
C0 79|8|15|147|153|153|116|204|205|230|128|81|120|72|118|223|62|80|39|91|179|72|130|89|10|66|123|205|145|193|227|194|80|59|230|18|156|42|120|210|223|12|116|22|136|240|38|235|250|61|35|90|206|192|2|221|162|137|45|215|166|106|215|41|183|157|169|4|211|59|138|71|53|218|18|82|49|218|122|172|101|90|18|62|177|187|62|108|53|87|216|17|220|186|53|161|122|87|17|219|179|177|162|241|244|60|79|114|206|240|19|137|207|66|11|46|227|225|244|94|206|34|208|81|247|98|31|98|104|60|114|86|177|52|218|184|175|141|231|213|252|116|80|144|16|36|10|49|56|0|230|134|53|153|170|243|143|197|72|130|176|70|164|69|165|202|212|158|54|138|183|4|100|221|65|125|64|69|42|65|54|163|125|31|209|37|240|248|44|73|17|179|110|251|112|204|244|145|120|169|22|119|56|233|57|56|136|118|10|64|199|103|102|236|63|44|226|228|81|135|214|48|169|117|254|142|196|195|150|31|37|3|186|149|5|193|186|108|233|172|5|154|55|8|130|62|169|43|223|198|151|46|90|178|112|83|
Overall Best: 0.9153 Generation: 11
==================
    Best individual after 30 generations
    computed in 4,956.1230 seconds
    1458 elements out of 1593 correct.
    emerged in generation 11
    with fitness 0.9153
==================

