Starting evolution...

Generation 0
Average: 0.8540 Best: 0.8788
Best Individual: 
C0 148|105|207|100|167|196|164|62|133|112|5|26|38|117|136|220|26|80|142|240|250|205|208|29|158|192|212|160|83|230|128|26|10|193|227|57|145|128|124|202|31|151|81|60|81|30|70|107|110|119|148|18|33|130|208|4|23|223|65|238|13|187|6|64|97|237|199|117|32|27|186|252|134|30|162|160|92|179|38|72|67|69|37|213|218|76|25|195|13|195|68|33|28|221|140|146|4|35|17|242|174|253|58|76|239|185|193|242|181|225|105|162|250|2|129|179|253|201|17|165|227|165|94|93|155|3|255|230|213|139|6|149|81|220|177|215|55|95|69|74|48|52|240|33|12|86|93|23|45|113|136|232|192|46|169|106|167|26|132|41|115|175|57|179|22|99|217|145|37|47|67|36|81|83|118|168|86|207|158|230|66|96|253|18|241|132|175|201|212|167|198|55|167|21|101|185|133|37|217|182|252|173|57|154|229|131|1|92|190|167|92|82|230|103|37|127|159|165|115|13|221|92|147|6|40|39|141|24|104|195|229|120|65|52|67|220|209|92|155|217|9|195|31|211|129|85|175|51|174|247|192|110|148|247|178|253|
Overall Best: 0.8788 Generation: 0

Generation 1
Average: 0.8550 Best: 0.8795
Best Individual: 
C0 47|110|81|243|97|0|38|208|196|138|32|66|52|201|85|48|243|105|134|60|44|198|103|112|85|201|106|106|173|243|64|2|154|220|109|194|162|170|172|94|106|51|12|113|164|8|100|11|192|62|51|217|100|120|19|208|56|92|75|230|70|38|236|122|46|193|245|246|223|112|144|17|239|172|68|244|193|209|82|194|149|176|165|114|86|22|30|71|229|29|119|209|194|208|180|169|168|177|171|206|10|143|31|249|219|53|194|250|232|64|232|137|86|150|137|1|34|222|136|178|17|186|153|180|52|88|167|76|111|21|183|79|185|49|79|76|7|163|140|92|220|108|21|57|125|5|80|48|232|241|139|103|11|178|186|247|33|206|18|49|207|241|159|196|111|22|245|143|228|92|64|150|128|76|142|215|196|212|134|231|230|36|220|126|221|92|56|248|237|5|155|26|113|156|28|249|18|128|247|18|18|132|15|0|106|1|22|170|85|102|187|20|163|112|52|101|159|69|205|103|152|236|122|219|23|130|63|250|171|96|83|148|26|116|86|68|185|244|89|110|215|165|204|168|103|225|21|172|214|193|147|215|164|123|41|189|
Overall Best: 0.8795 Generation: 1

Generation 2
Average: 0.8604 Best: 0.8807
Best Individual: 
C0 57|182|207|100|167|196|164|181|133|112|5|169|38|117|136|220|26|80|142|240|55|205|208|29|246|19|212|174|83|230|128|26|10|193|227|57|145|128|124|202|31|59|81|60|81|30|33|107|110|119|148|18|33|130|208|4|209|223|65|108|248|187|6|64|97|237|199|110|32|12|186|252|134|30|162|160|92|179|38|72|67|69|119|170|92|68|207|137|32|118|155|223|228|63|160|92|140|43|63|237|46|156|119|203|233|68|52|196|189|210|35|6|222|42|47|178|220|77|151|122|242|97|182|150|204|227|53|129|58|151|212|142|240|200|237|114|233|76|213|198|127|44|147|79|73|113|126|242|178|163|219|223|149|51|9|185|1|185|223|166|216|152|29|146|152|153|194|69|140|112|136|172|51|106|34|137|34|69|25|211|117|53|16|212|210|80|214|144|125|65|122|243|96|219|63|215|169|160|170|241|105|70|249|96|130|174|247|126|5|81|121|234|250|103|37|240|159|165|115|13|221|92|147|6|40|39|141|24|104|195|229|50|65|103|67|220|209|92|155|78|9|195|42|23|4|85|19|46|174|247|192|110|121|247|178|253|
Overall Best: 0.8807 Generation: 2

Generation 3
Average: 0.8619 Best: 0.8820
Best Individual: 
C0 161|105|207|126|167|196|164|62|133|112|5|26|96|117|11|68|152|80|142|186|250|205|208|228|245|192|177|160|83|230|128|10|10|193|227|57|145|128|124|75|31|99|81|168|81|30|70|107|110|119|95|18|33|130|208|89|23|26|65|238|224|153|43|64|97|237|199|133|32|27|186|252|208|30|196|93|92|179|38|72|67|69|37|30|218|76|25|195|13|195|68|33|233|221|140|146|64|35|145|17|174|253|58|76|239|185|193|93|29|86|153|67|60|21|207|171|22|39|165|232|25|220|128|122|22|138|44|176|122|194|109|229|190|145|199|81|131|198|212|231|77|8|148|141|252|105|154|209|253|193|142|209|195|160|112|132|104|25|207|169|68|231|149|252|175|222|249|101|162|3|123|199|148|153|34|15|242|230|188|39|67|235|136|159|202|239|74|5|140|34|179|100|235|23|63|152|222|216|11|7|119|142|176|55|238|91|125|60|236|104|94|244|238|192|217|87|217|115|191|25|126|122|87|36|55|214|2|228|37|90|162|138|169|29|218|98|92|168|148|45|252|22|18|228|40|203|35|151|30|230|208|225|213|126|206|149|
Overall Best: 0.8820 Generation: 3

Generation 4
Average: 0.8623 Best: 0.8795
Best Individual: 
C0 161|105|23|126|167|196|164|62|89|112|5|26|96|117|11|157|152|80|142|186|98|205|208|228|245|192|177|160|83|230|128|10|10|193|227|57|145|128|124|208|31|99|81|168|81|30|70|107|110|119|95|18|144|130|227|89|23|26|65|238|224|153|43|64|97|237|199|133|32|27|186|252|208|30|196|93|92|179|38|72|67|69|37|30|218|76|25|195|13|195|68|33|233|221|140|146|64|35|145|17|173|253|58|76|239|185|125|69|86|127|193|64|186|76|85|249|104|220|170|61|2|26|84|28|204|118|169|135|180|156|81|116|136|103|2|175|50|106|116|140|176|88|62|126|34|233|115|145|116|203|74|25|195|40|38|231|11|53|152|94|236|171|111|65|90|29|100|193|25|66|69|3|58|237|85|181|151|46|182|132|53|204|179|159|140|172|31|177|65|0|233|1|72|129|141|201|115|123|104|177|241|187|241|55|114|91|125|60|236|104|94|244|238|192|217|87|217|30|191|176|126|122|87|36|55|214|111|228|118|90|226|138|169|29|218|98|92|168|148|45|93|97|18|228|40|203|144|151|30|230|208|225|213|126|206|149|
Overall Best: 0.8820 Generation: 3

Generation 5
Average: 0.8641 Best: 0.8826
Best Individual: 
C0 59|92|211|128|162|252|160|75|187|43|253|71|148|33|109|122|223|151|45|130|186|177|244|214|144|177|124|99|73|29|192|253|12|18|39|25|162|218|50|103|139|148|113|66|109|194|232|130|238|240|65|64|200|2|125|186|180|65|64|51|62|174|34|120|78|204|196|32|249|84|51|9|186|23|182|237|58|216|84|102|80|122|98|197|39|175|223|53|74|18|177|164|33|161|168|142|243|243|6|153|109|124|53|28|128|142|59|224|29|86|153|67|60|21|207|171|214|39|165|232|25|220|128|122|22|106|44|219|122|194|184|229|190|145|199|153|131|198|212|231|77|8|148|141|252|105|154|209|26|193|76|209|195|160|51|132|104|25|207|169|68|231|149|252|175|147|249|101|162|3|123|199|148|153|19|14|242|230|188|73|67|235|136|195|202|239|87|5|140|113|179|100|118|23|63|152|222|16|11|82|119|142|176|178|19|7|122|147|244|188|138|119|101|139|138|167|177|208|9|52|219|33|138|97|139|164|88|130|2|111|249|75|50|48|117|104|81|48|221|30|42|18|203|52|2|250|16|27|11|245|34|63|134|36|2|209|
Overall Best: 0.8826 Generation: 5

Generation 6
Average: 0.8663 Best: 0.8801
Best Individual: 
C0 93|110|81|73|116|0|38|166|194|119|8|151|59|31|111|189|165|206|202|160|69|105|108|10|22|25|165|158|33|226|231|206|13|245|212|78|19|63|172|104|106|202|12|113|164|8|100|53|21|62|51|217|122|120|147|208|135|92|75|230|187|43|236|122|46|193|245|246|189|112|144|190|141|172|68|244|75|209|82|149|71|69|187|147|161|220|94|70|17|195|68|33|233|221|207|146|4|28|17|17|174|253|58|194|239|185|193|130|56|21|85|79|210|229|20|13|159|27|194|137|238|4|135|175|25|181|103|249|15|234|6|26|173|13|73|185|52|54|188|156|20|66|171|90|229|189|208|139|69|93|216|34|50|216|149|122|202|192|85|212|235|0|19|99|143|157|178|45|134|192|118|168|227|131|222|127|231|27|189|34|80|245|41|127|221|66|63|26|247|120|70|1|72|129|141|201|115|126|158|34|18|132|200|200|163|169|22|170|85|223|254|20|223|107|52|101|241|69|42|64|152|244|122|219|23|130|63|250|171|96|42|29|26|174|86|121|55|244|89|226|198|199|204|168|103|225|26|133|214|60|147|241|164|123|180|237|
Overall Best: 0.8826 Generation: 5

Generation 7
Average: 0.8676 Best: 0.8864
Best Individual: 
C0 110|17|60|220|250|252|45|53|115|158|84|71|115|57|109|92|101|176|109|33|47|62|244|215|147|177|5|99|73|105|11|253|12|190|149|138|208|56|50|192|139|158|4|114|109|194|202|144|238|200|65|191|54|111|125|186|193|97|50|31|137|101|166|42|204|182|15|196|247|163|109|107|35|186|196|93|92|179|40|104|67|69|37|30|218|76|42|152|13|195|68|33|233|221|140|146|64|35|145|17|218|253|48|94|239|177|125|69|86|254|121|64|186|76|18|249|104|220|184|13|17|189|153|214|52|88|167|76|111|187|183|26|157|49|177|76|217|40|140|217|143|108|21|57|125|5|227|46|117|170|149|103|11|178|242|128|62|206|18|56|207|241|80|41|145|22|245|138|217|92|70|51|236|244|20|215|196|2|134|231|230|168|220|236|117|141|217|140|178|126|53|195|83|48|41|132|74|230|108|162|61|119|111|195|255|32|30|132|203|155|165|132|27|245|24|189|213|205|234|209|224|131|251|184|148|7|59|95|30|111|115|75|210|48|76|111|88|28|115|181|22|176|203|158|61|10|16|27|11|63|34|63|134|36|184|79|
Overall Best: 0.8864 Generation: 7

Generation 8
Average: 0.8655 Best: 0.8845
Best Individual: 
C0 110|17|106|29|226|252|17|195|118|37|243|78|221|7|29|224|101|12|100|231|124|177|235|55|144|235|165|240|33|226|120|157|109|87|48|243|220|169|117|223|168|215|198|73|8|51|229|70|92|9|26|171|166|159|109|80|174|41|168|192|192|73|231|170|229|89|26|198|77|61|141|97|19|127|60|204|110|230|172|80|1|17|150|230|49|28|158|103|54|227|18|177|169|236|25|0|41|113|171|161|12|143|31|229|15|53|194|64|232|64|232|137|86|150|132|1|43|176|136|23|135|196|201|70|52|10|167|76|111|187|110|161|157|49|79|76|217|40|163|92|220|228|21|57|125|154|58|249|117|74|45|103|107|178|171|128|62|206|18|168|254|241|241|41|67|22|245|138|233|92|12|51|128|76|168|31|196|212|134|231|230|36|208|126|221|92|39|112|237|5|155|230|113|156|28|200|18|128|196|177|24|205|241|69|19|7|20|54|23|48|129|173|101|216|214|180|84|208|9|126|162|33|138|73|175|164|63|130|87|46|138|196|6|222|91|104|88|131|227|201|121|9|203|158|2|250|16|45|252|225|204|63|26|54|34|79|
Overall Best: 0.8864 Generation: 7

Generation 9
Average: 0.8663 Best: 0.8858
Best Individual: 
C0 59|20|43|128|120|249|164|62|96|26|5|214|96|3|11|157|24|80|92|82|98|177|244|214|144|177|142|99|31|29|192|175|12|18|39|138|43|218|31|132|139|148|228|175|94|194|232|111|238|160|65|72|54|2|135|186|180|43|83|28|75|174|13|113|78|170|196|212|72|84|51|9|204|251|182|235|58|119|84|102|164|205|34|22|20|129|223|224|58|18|177|129|194|173|18|246|168|177|166|51|10|81|205|249|240|89|194|250|232|115|149|210|86|37|137|163|129|222|136|234|25|220|128|87|22|118|44|219|122|194|180|229|190|145|199|153|131|198|212|231|99|105|92|212|201|196|129|62|66|118|61|60|201|105|79|212|200|168|22|138|114|254|181|179|28|183|70|76|37|19|57|127|199|83|118|143|138|89|128|234|23|69|178|18|241|132|98|192|2|83|58|55|121|21|191|185|142|37|138|12|241|50|241|146|229|36|104|26|208|192|107|47|251|54|239|81|70|91|101|180|193|208|139|176|57|98|38|59|215|111|215|75|50|48|83|104|23|48|6|30|42|229|203|106|77|20|16|233|73|63|175|63|134|36|2|157|
Overall Best: 0.8864 Generation: 7

Generation 10
Average: 0.8659 Best: 0.8832
Best Individual: 
C0 110|17|106|29|226|252|17|195|118|37|243|78|221|7|155|224|101|12|100|231|124|177|235|55|144|192|250|160|83|171|250|10|242|193|227|59|145|128|102|237|31|18|81|39|25|196|124|58|99|33|126|235|200|203|94|13|53|126|192|168|67|34|44|31|202|119|20|122|85|45|5|6|49|9|88|98|34|137|241|192|23|134|118|137|113|112|31|102|179|77|110|33|189|221|140|146|64|35|251|17|218|157|58|254|239|197|125|205|86|127|193|220|15|103|129|61|253|201|229|165|227|126|122|76|103|69|195|230|6|40|18|236|81|218|82|215|159|237|254|74|48|14|63|65|12|86|93|102|45|113|136|232|45|109|188|141|137|93|237|12|115|175|117|179|157|129|235|36|217|192|64|167|128|170|20|156|195|13|134|148|46|244|220|133|191|151|253|32|237|86|42|216|191|174|102|56|170|247|171|159|39|56|25|41|207|81|105|22|0|129|10|192|90|186|218|28|154|69|1|179|190|171|106|112|205|86|215|160|28|88|115|28|36|166|32|170|244|112|131|198|207|43|204|34|103|225|211|90|19|193|137|215|164|123|181|79|
Overall Best: 0.8864 Generation: 7

Generation 11
Average: 0.8686 Best: 0.8851
Best Individual: 
C0 52|122|23|199|216|249|164|62|196|26|5|238|96|16|11|122|152|80|92|106|98|205|244|234|144|177|155|99|40|38|176|175|12|18|39|138|43|169|65|44|139|149|228|175|94|194|232|111|238|160|65|72|3|2|135|129|180|43|83|28|75|119|13|113|78|170|196|212|72|84|51|9|204|31|182|235|58|225|38|210|67|69|33|30|154|76|18|195|135|162|207|33|28|243|74|146|85|16|134|17|174|96|58|76|239|214|20|135|56|61|85|79|210|229|49|128|184|27|194|137|238|76|135|106|25|124|103|137|6|57|43|101|180|19|120|196|206|31|187|48|246|164|196|223|206|25|115|211|116|203|193|25|195|40|200|113|11|17|190|110|236|180|111|2|90|29|82|5|205|22|44|3|231|237|85|114|117|134|104|231|63|174|220|76|191|92|91|79|140|43|155|207|123|54|28|103|18|128|77|194|24|10|241|69|2|7|20|125|244|67|111|173|101|139|138|180|102|208|9|34|58|229|101|36|70|206|111|134|220|195|226|138|131|18|218|134|92|242|148|103|93|97|18|211|40|203|144|151|120|191|65|183|213|135|231|206|
Overall Best: 0.8864 Generation: 7

Generation 12
Average: 0.8707 Best: 0.8870
Best Individual: 
C0 161|122|23|245|167|196|164|62|107|221|143|102|96|117|177|157|152|89|217|4|243|250|244|66|245|235|165|110|33|226|120|157|234|87|39|196|220|169|109|176|168|215|231|73|8|51|43|41|216|9|26|171|166|148|109|80|174|39|168|167|17|73|231|170|229|85|251|80|32|49|97|252|2|219|196|139|92|179|120|210|67|69|33|30|57|15|18|195|74|162|207|33|28|42|74|0|78|46|165|171|174|96|53|194|123|214|193|135|56|61|185|136|210|229|64|31|184|27|221|137|238|76|135|186|25|106|103|28|6|57|28|1|180|26|42|196|223|31|234|48|246|164|196|75|206|25|145|198|116|203|182|25|235|40|18|113|11|17|190|78|236|180|111|2|90|29|82|193|53|22|119|3|146|237|85|114|117|134|104|231|63|174|220|76|191|144|185|63|125|43|155|207|113|54|161|144|18|128|121|194|24|88|241|201|144|7|228|54|244|154|107|47|251|54|239|81|70|91|187|207|193|208|161|176|57|98|38|206|81|243|191|49|8|87|29|76|135|117|70|13|75|165|204|36|40|168|144|86|30|200|208|79|56|126|206|225|
Overall Best: 0.8870 Generation: 12

Generation 13
Average: 0.8719 Best: 0.8876
Best Individual: 
C0 110|17|148|29|229|252|17|146|118|37|145|44|221|32|155|224|101|6|0|231|124|177|235|55|248|192|250|160|83|180|250|10|242|193|227|59|145|77|102|203|31|156|81|83|192|196|124|58|122|33|126|144|62|203|94|13|50|60|192|168|67|121|105|31|223|119|124|78|154|172|48|76|145|118|182|11|115|119|166|232|158|221|169|50|52|7|25|195|13|195|178|155|189|87|140|146|64|35|145|17|80|74|205|249|240|164|216|194|73|86|146|67|9|77|134|210|36|39|165|141|14|74|198|214|52|88|167|76|111|187|230|26|100|208|177|76|217|38|106|217|48|13|10|134|12|86|204|167|45|190|221|242|192|220|199|90|194|29|132|231|56|175|132|179|34|143|15|185|125|2|67|82|189|71|13|8|86|207|38|198|236|121|109|97|236|26|215|12|42|59|204|118|193|115|241|23|193|217|147|78|87|52|140|177|227|241|16|252|250|115|104|89|84|238|93|2|117|150|82|165|195|123|161|82|76|107|217|197|81|0|191|49|8|87|254|76|135|117|34|175|237|165|155|179|103|225|211|90|17|193|137|215|254|123|118|79|
Overall Best: 0.8876 Generation: 13

Generation 14
Average: 0.8705 Best: 0.8883
Best Individual: 
C0 52|148|181|199|240|171|162|62|196|26|5|238|96|3|11|72|152|112|92|138|98|205|88|187|144|177|160|66|122|171|176|175|12|38|39|39|78|131|172|132|139|97|4|175|94|194|232|94|238|176|70|122|54|167|135|206|188|65|83|28|75|174|251|126|225|170|196|212|249|128|51|9|186|11|236|251|58|82|172|102|65|76|181|205|127|85|246|111|58|53|177|93|249|3|18|33|153|177|59|171|182|244|205|73|219|89|24|0|232|115|8|167|209|70|82|1|239|222|136|178|121|167|128|130|22|138|165|144|20|194|199|29|253|145|199|169|131|198|212|132|245|251|65|127|211|100|119|17|225|161|159|51|216|55|46|132|72|166|22|138|114|171|206|179|125|34|0|68|37|10|57|146|239|83|118|143|172|89|42|234|170|69|210|18|241|132|98|185|2|235|58|12|121|21|173|185|142|165|138|123|69|104|241|146|12|36|104|26|163|192|107|47|251|170|239|81|172|91|101|180|193|208|161|176|57|98|38|81|215|111|215|213|158|56|74|104|23|48|6|30|42|239|100|110|77|20|122|233|73|7|93|91|192|151|231|206|
Overall Best: 0.8883 Generation: 14

Generation 15
Average: 0.8721 Best: 0.8889
Best Individual: 
C0 161|122|23|245|167|169|238|62|2|26|3|105|111|97|117|28|228|75|254|33|47|62|75|55|147|230|119|99|73|105|99|253|91|193|227|236|145|77|102|38|31|156|138|83|180|196|124|58|122|33|90|144|62|228|94|13|132|60|192|168|67|121|105|133|223|119|124|78|100|172|48|76|141|130|53|194|75|224|186|77|163|69|187|165|106|220|94|187|5|246|68|177|70|117|220|187|4|54|237|1|174|228|122|194|172|185|169|193|42|21|85|106|205|247|20|13|155|243|202|137|238|232|135|89|25|190|150|54|172|105|83|26|71|30|234|185|151|13|218|50|12|218|196|148|206|153|115|144|246|203|144|138|195|40|12|127|191|53|210|94|236|1|111|117|203|120|189|103|222|199|69|202|82|178|65|15|86|207|184|230|238|49|22|111|241|23|149|192|141|50|211|201|54|21|136|16|241|37|81|88|154|47|212|154|235|217|1|76|102|27|92|28|203|112|3|23|45|91|105|9|219|210|251|57|177|116|97|11|2|111|153|51|184|207|94|111|226|41|143|103|80|9|153|62|234|203|144|86|30|96|208|79|56|129|98|149|
Overall Best: 0.8889 Generation: 15

Generation 16
Average: 0.8720 Best: 0.8851
Best Individual: 
C0 69|207|36|128|120|252|17|61|187|124|253|254|158|97|109|122|88|151|191|130|186|4|237|117|7|205|142|133|123|29|192|217|126|154|39|110|161|90|82|252|139|48|4|163|94|145|196|130|249|176|65|47|175|167|27|186|180|65|33|147|75|170|13|126|78|5|196|212|249|21|8|9|177|11|94|93|58|216|217|102|65|205|181|88|101|88|223|165|58|35|177|93|194|208|18|33|168|177|143|171|182|117|161|73|219|81|220|120|170|76|105|176|193|229|38|128|184|27|123|137|238|134|135|106|25|124|103|28|6|57|28|1|180|26|87|76|217|32|8|148|212|27|21|133|152|154|116|29|45|113|136|39|49|109|188|87|106|240|218|190|115|55|197|131|162|129|235|36|217|47|64|160|128|52|20|144|86|32|158|137|67|235|58|76|157|9|87|5|155|102|179|89|118|41|87|98|29|72|11|94|225|158|85|236|133|7|2|77|62|152|136|119|212|139|138|218|148|53|152|171|114|160|101|165|98|152|167|130|192|111|249|79|50|7|117|104|229|48|221|30|139|56|136|173|228|43|71|27|48|63|34|63|59|36|2|209|
Overall Best: 0.8889 Generation: 15

Generation 17
Average: 0.8698 Best: 0.8945
Best Individual: 
C0 15|112|190|54|157|77|1|63|95|109|160|151|111|97|200|28|228|75|254|33|47|105|75|55|147|230|119|99|73|105|99|253|91|98|27|236|145|77|102|38|31|156|138|83|211|196|124|58|122|33|90|144|62|3|94|13|132|60|192|168|67|121|105|133|161|119|124|1|100|172|48|76|141|71|53|194|75|224|186|77|163|69|83|165|106|220|94|187|5|246|68|177|185|117|220|187|4|54|237|1|174|228|122|194|172|185|169|193|255|83|85|106|205|247|20|13|155|243|202|137|238|232|135|89|25|190|150|54|172|105|83|26|71|30|234|22|151|13|218|50|12|218|196|148|206|153|115|144|202|203|144|138|195|124|12|127|191|53|210|111|236|1|145|117|203|120|189|103|222|199|69|202|82|178|65|15|86|187|184|230|238|49|22|111|241|33|149|192|141|50|211|201|54|21|136|16|241|37|81|88|154|207|212|154|239|177|65|74|129|45|10|114|150|186|111|139|128|69|176|54|179|202|251|24|64|164|97|152|212|24|115|78|33|23|94|111|86|41|32|219|22|235|254|158|98|83|33|29|97|171|51|135|181|135|49|148|
Overall Best: 0.8945 Generation: 17

Generation 18
Average: 0.8721 Best: 0.8958
Best Individual: 
C0 15|67|190|54|157|77|1|63|95|109|160|151|111|97|200|48|228|75|119|33|47|105|75|55|147|230|232|99|73|105|99|253|129|98|27|236|145|77|102|38|53|156|138|83|211|196|223|58|122|33|90|144|62|3|94|13|132|60|192|168|67|121|105|133|161|119|124|1|100|172|48|76|132|71|119|194|75|224|4|77|163|69|83|165|106|220|94|187|5|246|68|177|185|117|220|187|4|54|237|1|159|228|122|194|172|185|169|193|89|83|85|106|205|247|20|13|155|243|202|137|238|232|135|89|25|190|150|54|172|105|83|86|71|30|234|22|151|13|218|50|12|218|196|148|206|201|115|178|202|203|144|138|195|124|12|127|191|53|210|111|206|1|145|117|203|120|189|103|222|199|69|202|82|178|65|15|86|187|220|230|238|218|22|111|241|33|149|192|141|50|211|201|54|21|136|16|241|37|81|88|154|207|212|154|239|177|65|74|129|45|10|114|150|223|111|139|128|69|176|87|179|202|251|24|64|164|97|152|212|24|115|78|33|23|94|111|86|92|32|219|22|235|254|158|98|83|33|29|97|171|51|135|181|135|49|148|
Overall Best: 0.8958 Generation: 18

Generation 19
Average: 0.8734 Best: 0.8895
Best Individual: 
C0 110|17|177|224|161|131|229|181|175|92|36|14|194|233|8|122|196|40|174|254|222|164|27|214|205|205|106|141|14|244|71|19|235|67|134|79|192|160|107|132|109|48|4|175|243|40|223|90|238|25|35|47|183|147|188|55|223|171|83|37|75|124|13|54|78|170|196|74|249|93|217|18|186|11|209|235|171|120|104|102|65|154|208|75|17|175|97|101|238|216|19|93|194|10|18|189|7|135|59|151|10|162|205|249|219|35|57|45|170|76|102|162|80|117|162|112|69|58|250|178|78|166|167|91|170|11|150|34|249|21|41|38|200|24|74|185|157|31|101|32|246|64|196|148|206|99|115|229|229|133|141|74|173|215|172|127|15|120|245|15|56|175|132|179|153|164|16|51|83|2|67|82|70|129|148|167|71|119|135|198|193|219|91|97|236|26|215|70|42|59|191|118|193|101|241|23|193|251|81|78|8|153|140|62|227|202|16|252|157|250|22|89|84|122|134|40|218|12|125|165|225|207|161|139|76|3|217|207|81|0|191|49|8|87|254|191|251|186|120|175|237|91|135|94|103|199|211|90|41|193|137|215|254|123|118|79|
Overall Best: 0.8958 Generation: 18

Generation 20
Average: 0.8716 Best: 0.8858
Best Individual: 
C0 15|215|142|139|145|77|182|103|31|109|7|182|75|97|251|142|228|75|254|170|47|62|92|27|147|230|119|251|73|105|44|11|231|193|227|236|247|77|102|38|54|143|138|83|180|196|59|58|122|33|90|144|62|228|94|13|132|60|192|204|240|121|105|72|116|119|124|78|100|172|139|76|89|252|53|194|87|224|186|160|163|69|187|2|161|220|94|4|133|195|135|211|169|61|243|47|76|208|171|31|251|75|122|198|172|128|222|63|137|199|212|1|205|149|49|13|52|76|229|58|75|179|135|245|25|181|150|121|75|165|88|26|2|24|74|185|35|31|212|32|246|64|196|148|206|227|115|229|246|203|33|74|173|19|148|10|70|56|195|148|236|155|204|250|176|81|82|99|40|71|69|224|145|250|26|15|86|207|184|230|238|49|57|76|157|177|56|239|189|102|24|202|118|89|87|98|29|72|11|85|154|171|29|207|184|217|81|76|102|167|42|24|248|104|86|216|196|129|27|9|109|163|247|124|176|152|167|130|91|111|249|225|56|208|117|221|225|232|96|107|81|10|123|160|149|187|198|55|87|101|246|201|38|135|194|146|
Overall Best: 0.8958 Generation: 18

Generation 21
Average: 0.8719 Best: 0.8883
Best Individual: 
C0 161|122|249|210|240|40|84|186|89|26|253|64|26|217|108|224|13|236|0|160|124|118|27|55|99|96|66|9|116|19|6|10|242|176|227|59|145|121|152|130|209|72|81|103|248|42|155|58|61|162|69|34|77|218|225|194|161|199|60|136|254|152|236|122|46|159|197|174|9|92|79|146|141|130|53|218|75|206|11|8|163|69|127|165|66|234|212|39|206|251|144|155|116|15|106|109|64|35|178|17|80|74|22|199|80|169|63|30|199|22|193|94|114|33|18|155|61|188|16|63|52|25|166|35|127|17|27|195|40|102|18|229|125|118|69|93|226|168|141|50|65|66|10|247|149|86|204|85|115|190|221|201|140|220|196|158|143|127|95|213|106|231|85|108|175|209|106|204|61|69|194|48|107|221|29|15|119|230|247|137|82|166|230|15|202|20|163|107|169|203|155|35|181|244|29|121|31|229|197|123|28|190|173|146|115|167|111|26|163|51|160|47|251|68|168|81|251|63|250|69|193|208|161|126|57|98|11|81|110|238|184|213|158|56|127|239|240|87|125|103|159|37|53|145|183|222|115|196|63|250|208|68|79|35|190|67|
Overall Best: 0.8958 Generation: 18

Generation 22
Average: 0.8735 Best: 0.8952
Best Individual: 
C0 111|148|189|15|240|152|162|62|196|26|166|238|121|3|11|72|152|112|97|138|98|244|35|7|173|139|160|66|109|171|117|135|12|38|39|39|100|13|180|132|38|242|130|175|94|194|232|162|83|75|219|122|252|134|29|211|161|65|206|217|126|97|55|244|195|170|58|108|113|209|146|91|43|45|236|249|87|192|186|160|163|38|50|165|106|220|94|187|5|88|116|177|70|158|111|187|4|62|116|202|174|119|122|194|45|185|142|1|72|21|85|217|157|11|160|233|155|110|113|137|238|232|135|82|25|131|150|145|61|105|83|26|71|30|149|185|100|129|141|250|61|166|10|173|149|86|46|221|79|109|232|25|245|159|126|29|42|53|192|94|236|188|111|163|203|59|235|36|162|14|98|199|93|153|165|68|242|248|135|198|220|234|91|128|241|23|13|120|141|105|63|95|54|21|26|16|241|37|81|167|154|47|212|154|235|217|155|237|59|162|234|28|203|112|232|23|160|9|153|171|195|182|101|165|103|127|88|123|192|111|249|24|221|177|117|104|198|150|221|30|218|8|195|92|208|43|72|188|204|63|138|19|193|109|195|129|
Overall Best: 0.8958 Generation: 18

Generation 23
Average: 0.8719 Best: 0.8895
Best Individual: 
C0 111|130|189|100|240|152|162|62|196|26|166|238|146|3|11|72|152|112|97|138|98|244|35|7|173|139|160|66|109|171|117|135|12|38|39|39|100|13|180|132|38|242|229|175|94|194|232|202|83|75|219|122|252|134|142|211|161|65|206|79|126|97|55|244|195|170|58|108|113|209|146|91|227|45|6|249|87|75|186|160|163|38|50|165|106|220|59|187|5|88|116|177|70|211|111|187|4|62|116|202|174|119|122|194|45|185|142|1|72|21|85|217|157|11|160|233|155|110|113|137|238|232|135|82|25|131|150|145|61|105|83|26|71|55|143|185|100|129|141|250|61|166|10|173|149|86|46|221|154|109|4|25|245|87|126|29|42|53|192|94|236|188|111|163|203|59|235|36|162|14|98|199|93|153|165|68|242|248|135|198|78|234|91|115|241|23|13|120|141|105|63|95|124|21|26|16|241|37|144|167|154|47|212|228|235|217|155|237|59|162|234|28|203|112|232|23|160|9|153|201|195|182|101|165|137|127|88|123|192|111|249|24|221|177|117|104|198|4|221|43|218|8|195|92|208|43|72|188|204|63|138|19|189|109|195|129|
Overall Best: 0.8958 Generation: 18

Generation 24
Average: 0.8712 Best: 0.8908
Best Individual: 
C0 111|130|189|100|240|152|162|62|252|26|166|238|146|3|11|72|152|112|73|138|236|244|35|7|184|139|160|66|109|171|117|135|12|38|39|39|100|13|180|35|38|242|229|175|94|194|232|202|83|75|219|122|252|134|142|211|161|65|206|79|126|180|55|244|195|170|58|154|113|209|146|91|227|45|6|176|87|75|186|160|163|38|50|165|106|220|59|187|5|88|116|177|70|211|111|187|4|62|116|202|174|119|122|194|45|185|142|1|72|21|85|217|11|11|160|233|155|110|113|137|238|232|135|82|25|131|150|145|61|105|83|26|71|149|143|185|100|129|141|249|61|166|10|173|149|86|30|221|154|109|4|25|245|87|126|29|42|53|192|94|236|188|111|163|203|59|235|99|61|71|200|40|145|53|26|15|172|3|151|187|193|196|86|229|38|23|13|120|141|20|63|95|124|21|26|16|24|37|144|246|154|47|123|228|235|217|155|237|103|162|141|28|203|112|232|23|160|9|153|146|195|182|101|165|137|127|88|123|192|111|249|24|221|177|117|104|198|4|221|43|218|8|213|92|208|43|72|46|204|63|138|19|189|109|195|129|
Overall Best: 0.8958 Generation: 18

Generation 25
Average: 0.8711 Best: 0.8895
Best Individual: 
C0 15|10|167|69|145|77|251|76|65|109|140|150|93|97|109|142|228|75|254|201|47|62|194|85|147|230|119|163|73|82|6|82|231|161|101|236|248|185|82|208|31|143|138|83|109|196|152|185|122|33|90|144|211|29|94|13|52|140|134|147|240|121|105|72|33|119|138|78|61|172|139|76|130|252|53|194|87|224|186|25|163|69|212|165|106|173|149|89|206|162|158|138|156|87|38|109|137|221|15|17|80|180|22|199|80|169|135|131|199|22|214|119|82|77|66|56|114|11|27|111|238|162|56|196|17|127|77|54|172|74|83|26|71|237|104|185|245|129|68|50|61|195|10|170|94|86|95|221|67|18|193|113|195|165|200|133|211|179|243|94|236|207|204|250|205|120|22|165|10|141|69|160|82|167|194|208|86|207|109|253|70|228|112|111|231|23|133|195|141|150|65|201|169|253|136|44|203|234|250|88|16|47|212|74|230|140|78|77|202|55|202|8|248|154|100|235|194|102|254|9|195|163|247|189|176|214|89|198|170|55|123|52|7|67|142|49|198|251|96|107|81|214|53|11|149|5|198|55|252|101|246|201|38|135|41|30|
Overall Best: 0.8958 Generation: 18

Generation 26
Average: 0.8718 Best: 0.8876
Best Individual: 
C0 60|34|27|98|61|41|188|32|74|56|145|206|116|178|56|176|193|55|9|86|106|148|129|246|85|224|107|225|79|171|106|135|12|38|118|128|3|10|238|101|49|33|148|39|254|245|82|144|208|160|150|116|162|149|26|13|53|203|83|33|143|174|180|232|78|170|185|55|130|81|44|91|150|11|236|75|187|96|99|49|204|205|7|86|229|175|14|114|155|9|27|93|155|124|81|33|234|15|165|138|68|87|205|179|225|89|220|124|169|145|149|147|6|150|32|243|176|221|111|167|94|30|10|9|118|142|151|47|122|25|125|77|190|15|22|231|149|13|218|60|132|218|237|148|206|32|113|30|96|73|255|25|177|198|144|66|17|110|153|90|74|247|54|170|31|231|194|107|97|159|242|167|222|222|20|240|84|140|2|161|63|176|220|91|243|176|168|38|185|246|159|229|175|235|225|143|115|37|91|89|109|65|29|154|31|254|28|227|102|166|177|155|248|126|3|33|239|102|254|232|219|223|247|189|104|214|126|201|170|27|123|4|7|106|163|106|198|251|141|17|81|10|75|11|101|187|86|139|73|13|31|14|76|100|30|59|
Overall Best: 0.8958 Generation: 18

Generation 27
Average: 0.8731 Best: 0.8952
Best Individual: 
C0 50|215|251|139|145|134|182|28|242|182|3|71|140|95|251|144|228|75|254|33|148|62|118|35|45|114|119|251|149|93|44|200|60|109|76|38|164|234|82|77|130|116|4|163|118|80|232|52|146|156|65|85|122|238|27|186|168|207|58|147|75|89|25|227|189|57|139|181|50|112|68|4|141|177|53|23|196|166|10|139|161|195|82|217|106|5|109|195|63|176|177|56|194|15|126|33|168|118|224|88|142|37|161|154|128|197|237|120|102|21|105|21|193|194|34|47|94|71|123|137|137|78|85|106|25|172|50|10|135|57|142|146|180|136|29|122|217|235|179|148|212|27|21|129|162|196|115|204|163|113|184|74|145|180|124|141|116|93|251|93|164|104|201|229|31|129|101|135|136|152|64|96|23|215|20|88|101|13|174|78|207|82|209|111|227|112|209|246|211|253|136|54|118|41|87|33|22|236|239|55|188|250|92|57|133|146|107|110|86|152|43|119|63|158|202|219|142|4|152|230|238|219|89|83|46|152|118|51|9|40|231|152|140|171|117|74|10|116|221|117|211|38|21|251|197|82|25|144|97|171|32|223|243|158|194|146|
Overall Best: 0.8958 Generation: 18

Generation 28
Average: 0.8743 Best: 0.8939
Best Individual: 
C0 90|172|58|1|135|182|194|172|139|109|160|246|135|97|0|28|228|108|154|33|47|105|4|177|147|72|70|53|73|105|52|44|75|98|128|161|173|60|102|66|31|37|69|83|142|196|25|201|170|183|23|144|68|21|186|194|178|94|110|14|110|153|125|192|49|22|50|181|51|77|238|175|148|105|97|113|76|5|11|226|163|69|148|205|106|220|193|229|231|195|20|204|44|87|209|109|253|35|145|17|249|186|27|210|180|165|168|92|199|116|124|97|6|183|120|35|155|164|243|156|157|160|56|222|138|72|150|68|172|10|207|201|63|30|234|185|225|13|141|50|128|66|199|33|200|171|40|144|163|113|103|236|145|214|12|127|190|73|57|119|236|204|36|127|38|68|189|103|210|146|69|202|223|120|65|234|90|131|89|229|238|28|81|111|241|109|99|205|141|50|39|225|248|151|68|16|241|37|81|57|12|180|97|95|235|217|35|76|205|144|56|35|167|57|144|139|240|69|58|54|179|205|56|144|64|84|107|133|110|147|57|47|33|195|94|111|86|131|76|96|100|235|211|158|65|43|33|123|97|173|51|135|181|135|154|182|
Overall Best: 0.8958 Generation: 18

Generation 29
Average: 0.8721 Best: 0.8870
Best Individual: 
C0 66|114|178|221|177|127|116|195|175|222|36|200|68|233|74|221|130|234|174|41|86|137|27|252|205|63|106|167|30|244|52|11|79|234|236|44|130|127|21|245|176|116|4|49|94|56|232|97|146|156|65|85|122|9|165|186|32|3|58|147|75|89|205|69|121|57|139|181|144|236|68|175|54|76|53|95|108|161|90|161|161|69|42|120|5|177|245|165|65|173|200|99|194|208|167|98|97|118|29|132|182|232|223|73|31|41|237|102|73|13|105|219|15|11|34|70|23|172|123|137|137|212|135|106|177|243|218|10|45|194|142|21|150|28|199|169|62|211|218|47|235|218|202|185|5|96|32|29|252|180|191|137|164|109|163|242|173|240|121|107|38|55|197|131|22|96|169|99|229|47|23|160|59|246|20|144|86|40|29|83|38|62|77|173|191|23|200|228|71|81|245|207|73|180|28|39|141|134|91|50|184|113|170|168|95|217|34|76|102|167|92|112|248|170|3|235|196|87|248|35|71|163|91|83|109|98|6|215|100|238|173|2|140|65|177|109|152|18|96|189|210|79|94|11|251|45|24|139|22|42|177|253|185|27|59|59|
Overall Best: 0.8958 Generation: 18
==================
    Best individual after 30 generations
    computed in 5,074.7370 seconds
    1427 elements out of 1593 correct.
    emerged in generation 18
    with fitness 0.8958
==================

