Starting evolution...

Generation 0
Average: 0.8914 Best: 0.9046
Best Individual: 
C0 0|1|2|3|130|246|50|7|76|9|10|132|13|221|240|15|16|145|18|19|192|21|22|112|24|235|26|237|197|147|203|181|182|33|223|35|131|189|56|164|253|41|37|250|44|45|46|47|48|49|121|51|127|98|146|226|178|166|81|59|134|162|109|139|171|156|245|67|137|86|75|238|154|73|159|36|8|252|104|79|80|30|191|92|84|105|39|64|150|6|186|91|111|160|94|85|42|177|53|99|100|101|102|103|144|227|106|214|108|135|152|83|179|113|114|230|125|117|89|119|120|63|180|123|124|118|126|233|165|129|68|187|11|133|151|74|220|69|58|193|219|107|142|143|77|236|4|40|148|57|88|60|110|153|82|209|65|157|158|62|167|161|149|163|32|128|61|93|168|169|170|66|201|216|174|175|176|97|38|23|122|31|140|87|184|185|231|29|188|241|251|78|5|141|96|195|196|247|198|199|204|172|28|138|200|71|206|207|208|155|210|232|211|213|20|215|173|217|218|190|136|183|222|34|224|194|55|95|228|229|115|90|212|72|234|255|205|27|17|239|14|225|242|243|52|12|116|202|248|249|43|54|244|70|254|25|
Overall Best: 0.9046 Generation: 0

Generation 1
Average: 0.8954 Best: 0.9083
Best Individual: 
C0 0|220|2|79|39|153|50|7|159|9|10|151|13|221|240|15|236|145|18|19|192|30|23|112|107|218|120|237|150|219|191|169|182|33|223|35|163|241|56|164|36|111|37|250|135|45|137|47|105|49|32|97|233|85|4|226|178|61|38|59|126|92|141|193|254|115|64|122|119|69|209|215|72|73|242|253|103|77|78|68|202|21|203|186|63|170|86|87|88|206|224|31|161|113|94|53|96|51|98|99|109|228|71|149|195|89|106|143|76|90|208|230|22|93|114|28|116|183|118|201|171|212|130|65|246|121|134|127|204|129|110|131|3|133|216|214|136|176|138|139|179|24|142|44|144|16|146|147|239|162|197|83|101|124|235|155|156|157|181|108|46|41|6|104|8|123|166|167|60|251|48|168|205|132|82|175|67|177|81|140|180|173|40|117|247|148|57|187|188|189|158|54|5|100|42|252|196|26|198|174|165|172|102|58|200|238|227|207|11|184|210|232|211|213|20|66|91|217|199|190|1|152|222|34|231|194|55|95|245|229|128|74|84|154|234|255|160|27|17|185|14|225|62|243|52|12|125|80|248|249|43|29|244|70|75|25|
Overall Best: 0.9083 Generation: 1

Generation 2
Average: 0.8966 Best: 0.9090
Best Individual: 
C0 0|1|182|179|119|193|6|54|8|209|248|92|33|13|79|23|16|178|123|230|205|41|170|251|224|25|253|27|28|168|133|34|32|185|240|113|254|239|156|195|183|11|42|227|56|72|17|214|87|38|190|238|126|118|138|111|61|70|22|59|196|36|136|115|98|208|64|67|217|146|122|202|75|57|12|45|76|77|110|85|80|153|243|93|255|14|5|142|88|89|48|46|116|20|164|58|96|37|81|99|198|101|68|103|104|137|106|107|108|109|210|83|199|10|176|245|234|117|9|91|55|121|215|135|132|125|223|127|167|129|130|131|114|120|159|160|191|71|65|139|150|252|95|241|24|35|231|147|148|154|244|151|31|128|152|19|69|192|163|29|78|201|40|52|94|15|50|228|155|169|187|171|186|173|63|175|124|158|62|194|180|181|2|18|82|184|60|105|188|189|7|134|73|174|51|39|222|26|145|112|66|149|242|203|4|100|47|207|21|221|162|211|212|213|43|141|216|229|218|219|3|53|204|90|144|74|226|166|172|102|206|49|232|233|220|200|177|237|236|97|165|84|30|157|246|86|140|247|161|249|250|225|235|197|44|143|
Overall Best: 0.9090 Generation: 2

Generation 3
Average: 0.8985 Best: 0.9140
Best Individual: 
C0 231|110|2|248|174|64|164|254|200|213|65|252|76|0|246|15|54|253|18|12|197|23|47|36|24|25|223|27|245|28|251|31|50|122|3|112|96|44|158|228|206|73|42|14|85|45|241|114|219|101|53|35|189|230|118|235|191|182|80|59|240|19|244|233|136|173|16|67|10|69|106|145|222|41|66|75|238|1|232|193|152|79|243|83|57|143|202|5|68|221|63|38|92|196|94|229|51|171|74|60|22|56|32|163|20|105|82|194|108|33|119|87|121|113|70|115|133|117|40|132|146|77|160|225|48|62|7|127|128|140|168|55|120|211|116|11|148|208|109|139|215|188|89|95|209|195|150|179|237|99|212|176|144|153|131|147|4|151|91|130|93|161|162|155|6|165|125|81|157|227|46|181|172|149|166|205|239|177|207|102|180|86|72|9|184|242|30|187|175|236|201|49|78|103|29|141|13|210|137|199|183|129|135|203|204|97|220|39|250|98|88|134|52|71|216|123|156|247|170|124|214|169|61|178|111|159|107|126|198|142|43|186|104|217|34|8|90|37|58|218|234|84|192|224|190|26|17|138|100|249|167|226|21|154|185|255|
Overall Best: 0.9140 Generation: 3

Generation 4
Average: 0.8990 Best: 0.9109
Best Individual: 
C0 36|77|148|200|232|147|83|133|33|46|82|221|162|178|210|14|209|243|116|100|64|91|22|48|174|115|150|27|179|154|205|107|31|245|98|79|180|118|189|96|176|73|42|81|85|45|12|38|206|101|89|215|51|183|44|39|198|57|4|88|203|251|238|10|220|102|13|56|3|204|155|175|144|129|43|75|222|161|78|111|201|235|99|199|59|62|24|217|47|20|190|131|226|93|177|95|112|213|114|15|58|135|239|218|130|110|182|50|87|146|208|244|94|166|249|65|68|124|34|49|120|240|122|186|106|159|216|187|137|168|35|185|71|84|128|236|136|60|80|105|230|141|142|143|253|145|207|5|233|211|224|202|231|127|113|108|156|250|158|90|160|193|151|69|164|165|152|2|184|181|170|241|132|21|103|86|40|255|0|225|70|246|192|67|188|6|214|153|194|18|97|242|117|41|61|248|54|197|196|195|219|119|1|76|138|172|237|121|227|247|125|234|212|104|228|72|92|254|126|32|171|23|169|134|123|9|30|173|157|229|53|28|19|74|29|37|11|63|17|109|52|223|8|25|139|16|149|66|167|191|163|7|252|26|55|140|
Overall Best: 0.9140 Generation: 3

Generation 5
Average: 0.8999 Best: 0.9134
Best Individual: 
C0 193|148|6|235|232|116|123|23|225|134|194|221|158|22|210|151|209|212|60|223|159|47|178|166|37|115|142|111|254|205|117|107|227|245|32|79|150|109|19|39|176|51|171|174|85|73|172|38|253|53|89|33|156|42|246|96|198|57|239|88|76|28|251|10|220|102|13|237|31|204|70|106|138|50|43|75|15|160|90|125|121|200|99|199|72|248|228|250|3|20|40|131|30|179|177|95|130|226|114|24|58|135|81|165|112|45|182|94|87|195|208|119|152|187|249|65|229|124|67|49|98|240|122|224|110|104|9|48|14|168|17|185|92|84|36|236|136|231|80|105|230|197|161|163|126|145|207|5|78|34|64|118|147|141|83|238|69|190|108|18|233|201|91|219|164|202|129|191|155|169|120|41|149|128|63|175|16|167|62|71|180|181|2|29|82|184|146|133|188|26|170|46|93|61|86|196|11|183|35|206|144|186|154|203|4|100|214|173|21|143|162|153|56|213|127|241|216|217|218|113|132|0|222|242|12|137|243|157|244|68|77|27|101|74|211|103|54|59|247|44|52|97|8|25|139|215|234|66|255|192|1|7|252|189|55|140|
Overall Best: 0.9140 Generation: 3

Generation 6
Average: 0.8994 Best: 0.9102
Best Individual: 
C0 193|148|6|235|232|116|123|23|225|58|194|221|158|2|234|213|209|245|60|135|159|47|178|166|37|115|142|111|254|205|117|99|227|212|32|79|150|109|19|40|176|51|171|174|85|9|172|38|253|53|89|33|156|42|246|244|198|211|239|88|76|28|251|78|3|102|13|237|31|204|70|106|94|50|43|75|15|160|90|125|124|200|107|199|72|248|228|250|220|20|39|131|30|179|177|95|130|226|114|24|134|223|81|165|222|45|182|138|87|195|208|119|152|187|249|65|229|121|185|49|98|240|122|224|110|104|73|48|62|168|17|67|92|84|118|68|136|231|80|105|230|236|161|163|126|145|207|5|10|34|64|36|147|141|83|238|69|190|108|18|233|201|91|219|164|202|129|191|155|169|120|41|149|128|21|175|66|167|14|71|180|181|22|29|82|184|146|133|188|26|170|46|93|61|86|196|11|241|35|206|144|186|154|203|4|100|214|173|63|59|162|153|56|151|127|183|216|217|218|113|132|0|112|242|12|137|243|157|96|197|77|27|44|74|57|103|210|143|247|55|52|97|8|25|139|215|54|16|255|192|1|7|252|189|101|140|
Overall Best: 0.9140 Generation: 3

Generation 7
Average: 0.9014 Best: 0.9115
Best Individual: 
C0 193|177|48|235|128|116|80|23|17|142|251|0|158|22|89|151|209|56|60|223|159|118|178|99|31|115|134|111|175|205|117|107|42|245|164|143|150|194|19|39|184|51|188|63|85|197|120|62|253|53|210|33|156|34|203|104|198|57|153|232|76|28|113|254|179|102|152|146|140|204|41|106|138|222|43|75|155|160|21|79|121|200|86|206|18|248|228|250|3|191|64|131|30|87|94|95|130|226|91|24|58|135|144|165|112|45|182|167|29|195|208|119|13|186|11|37|229|133|67|49|92|196|149|88|110|96|9|6|14|168|82|185|98|84|8|236|122|231|219|105|230|162|161|180|126|207|145|5|78|132|40|47|147|127|83|216|103|190|108|10|234|16|114|240|12|50|61|148|93|169|233|218|246|71|174|241|176|213|73|224|239|129|15|220|154|163|214|124|171|141|173|242|181|65|166|109|249|35|187|199|136|201|225|125|243|20|237|26|90|227|217|252|212|100|172|72|238|38|46|123|183|221|202|70|32|157|4|137|244|68|77|27|7|74|211|69|54|59|247|255|52|97|36|25|139|215|170|66|44|192|1|101|81|189|55|2|
Overall Best: 0.9140 Generation: 3

Generation 8
Average: 0.9017 Best: 0.9102
Best Individual: 
C0 85|179|115|95|243|93|80|189|157|57|184|223|164|15|59|6|42|205|232|204|12|123|183|101|24|159|242|48|145|3|120|110|53|196|215|96|47|99|255|226|150|41|64|107|90|244|1|23|146|192|50|89|240|98|220|81|152|238|206|100|32|174|118|194|19|26|218|67|66|212|222|230|87|31|83|108|210|140|168|169|137|229|163|136|29|253|79|207|116|170|149|236|161|76|176|22|198|185|44|138|143|167|39|103|104|30|172|180|156|69|144|4|148|211|35|28|38|8|13|130|52|208|191|5|239|188|10|177|160|193|233|187|62|135|245|74|33|11|18|82|178|162|58|40|197|16|25|134|248|142|125|151|112|68|165|124|21|213|181|88|54|121|106|246|158|113|166|2|91|209|20|122|203|51|247|86|237|94|254|219|155|139|117|45|216|234|214|153|171|249|173|224|78|37|61|105|250|227|186|231|128|201|141|55|97|60|14|235|154|43|217|49|92|56|228|72|182|70|46|63|241|221|202|127|84|225|114|109|9|199|147|77|111|36|195|200|251|126|133|34|75|190|0|27|131|102|17|175|7|65|71|73|129|132|252|119|
Overall Best: 0.9140 Generation: 3

Generation 9
Average: 0.9014 Best: 0.9127
Best Individual: 
C0 192|99|161|115|144|195|21|123|178|9|72|11|12|25|43|67|120|112|57|255|218|74|1|94|73|36|122|63|250|188|20|164|66|56|53|35|148|109|77|55|166|75|143|233|65|45|116|48|101|135|221|234|23|96|252|110|171|125|4|44|223|24|104|59|81|196|241|117|246|62|41|40|98|83|100|244|26|203|170|58|139|156|54|8|93|76|29|198|182|71|215|206|46|247|68|95|179|126|151|129|197|173|14|163|217|130|207|107|209|51|113|162|106|85|82|174|121|172|19|42|136|193|2|118|200|224|167|191|111|184|229|153|80|183|91|124|231|137|138|205|119|160|254|133|70|22|16|228|50|180|78|230|49|157|38|152|13|17|186|146|235|248|84|194|32|88|61|213|86|169|245|0|201|150|211|175|176|177|189|97|147|243|237|87|185|5|92|249|52|127|39|238|34|37|90|240|253|159|225|199|15|128|27|79|190|28|140|145|154|155|132|226|60|10|30|141|216|108|47|158|3|69|134|168|227|149|64|239|33|102|236|242|232|7|103|210|219|208|89|105|165|114|187|220|214|6|222|212|202|181|18|251|31|131|204|142|
Overall Best: 0.9140 Generation: 3

Generation 10
Average: 0.9006 Best: 0.9127
Best Individual: 
C0 152|107|79|155|171|85|113|50|70|68|64|94|143|221|181|103|15|17|56|237|176|138|60|44|54|24|248|18|25|219|110|169|161|173|193|244|203|246|111|39|129|38|92|234|198|57|83|86|148|116|254|206|196|96|1|2|165|250|32|91|119|164|5|160|243|230|12|209|98|232|239|122|48|140|240|229|249|170|172|7|200|81|75|30|251|136|188|153|108|208|27|11|182|58|9|135|134|71|47|184|144|236|102|191|37|121|212|175|6|125|149|45|120|115|187|167|178|255|89|179|10|104|76|109|33|72|13|124|137|51|139|197|194|69|88|8|117|78|43|132|118|127|114|74|66|204|146|62|36|222|199|20|55|162|213|233|253|101|22|226|26|106|53|238|130|93|59|14|0|150|142|224|16|52|215|73|228|177|157|156|186|147|151|154|82|252|195|210|247|189|61|67|159|28|112|34|49|63|35|174|192|41|29|223|163|100|214|128|4|42|80|23|105|235|40|183|216|217|84|123|190|166|95|133|145|90|19|227|211|218|207|231|21|141|158|202|87|3|201|245|99|185|225|31|126|180|168|205|131|65|242|77|97|220|241|46|
Overall Best: 0.9140 Generation: 3

Generation 11
Average: 0.8992 Best: 0.9127
Best Individual: 
C0 227|24|170|239|65|224|216|147|76|14|130|230|156|44|59|47|42|160|131|117|49|119|183|101|202|84|52|194|18|58|46|212|53|162|4|96|218|213|68|78|36|50|223|107|125|118|209|175|143|192|138|229|134|109|251|90|152|238|86|100|6|226|12|51|19|106|148|67|13|172|222|43|136|105|211|72|110|201|94|139|210|166|163|74|29|79|145|146|169|80|55|236|161|233|5|45|196|115|149|129|11|167|1|103|250|254|188|31|32|69|153|102|155|151|214|28|252|141|89|99|193|81|191|56|198|93|10|177|197|113|91|187|62|228|104|0|82|22|176|121|253|128|179|244|124|217|168|231|114|171|9|38|245|185|135|184|16|23|158|173|95|88|204|195|37|140|20|30|21|150|164|237|63|7|112|246|85|73|219|77|122|248|97|87|154|215|165|39|108|127|137|242|181|111|54|240|249|208|225|41|15|144|64|35|190|243|206|116|8|180|203|182|17|255|234|2|132|98|60|247|174|40|123|83|92|25|3|186|120|199|241|159|221|57|200|220|207|61|70|34|75|133|232|27|235|157|205|26|48|33|71|178|66|142|189|126|
Overall Best: 0.9140 Generation: 3

Generation 12
Average: 0.9008 Best: 0.9165
Best Individual: 
C0 227|24|49|76|65|224|112|147|239|14|130|230|156|197|59|47|42|110|131|117|214|250|195|101|202|84|52|194|18|58|46|212|53|162|4|96|218|213|68|78|80|50|223|107|125|118|209|175|143|192|138|229|89|109|31|90|152|238|86|100|6|128|124|51|74|106|148|67|13|172|222|43|136|105|211|72|160|201|94|139|226|41|163|19|29|79|145|146|169|36|55|236|161|233|5|45|196|28|149|129|11|167|1|103|119|254|188|251|32|69|153|102|71|151|187|115|252|141|134|99|193|81|191|56|198|93|10|177|44|113|91|170|62|228|104|0|82|22|176|121|253|210|179|244|12|217|168|231|111|171|9|38|245|185|135|184|232|23|158|173|95|88|204|183|37|140|20|30|21|150|164|237|63|34|216|246|85|73|219|35|122|248|97|87|154|215|165|221|108|127|137|242|181|114|54|240|249|208|225|166|15|144|64|77|190|243|206|116|8|180|203|182|17|255|234|2|132|98|60|247|235|40|123|120|92|25|3|186|83|199|241|159|39|57|200|220|207|61|70|7|75|133|16|27|174|157|205|26|48|33|155|178|66|142|189|126|
Overall Best: 0.9165 Generation: 12

Generation 13
Average: 0.9011 Best: 0.9134
Best Individual: 
C0 33|85|4|66|175|133|230|98|46|239|234|179|132|235|190|162|238|119|97|120|7|241|13|128|192|68|184|99|10|78|220|160|24|154|172|211|41|80|147|216|176|225|131|255|199|224|36|18|77|151|122|240|76|196|112|249|26|143|32|109|92|153|94|227|168|15|71|208|222|124|14|237|70|90|137|186|69|163|254|130|96|25|118|188|47|134|83|244|197|226|59|19|177|159|12|126|44|145|42|171|89|129|114|167|74|104|205|95|50|106|107|115|111|0|103|43|34|138|48|212|40|8|165|170|243|31|135|202|189|236|116|9|178|209|218|248|185|82|2|84|245|117|142|65|193|110|86|136|161|23|228|157|60|81|6|206|35|181|182|56|105|215|247|251|75|146|100|93|207|194|253|61|140|63|164|210|229|64|156|72|51|158|123|30|73|252|213|39|62|125|150|88|139|173|22|79|54|148|91|102|219|195|180|5|17|16|231|52|250|37|169|203|121|204|49|20|21|242|223|149|67|183|144|155|1|87|221|38|101|174|201|55|3|127|45|214|233|200|246|108|187|198|58|141|217|166|27|29|11|113|53|232|152|191|28|57|
Overall Best: 0.9165 Generation: 12

Generation 14
Average: 0.9001 Best: 0.9102
Best Individual: 
C0 208|251|102|144|254|182|154|79|55|72|27|46|136|109|115|10|76|255|68|253|220|95|34|146|215|112|229|58|239|83|198|227|11|114|94|59|4|56|36|41|82|48|176|6|164|122|161|157|212|15|151|29|201|216|203|163|165|30|171|47|81|175|24|160|145|213|235|97|0|77|70|61|37|16|107|130|249|214|12|51|124|210|17|181|89|191|39|90|156|116|32|248|174|205|246|5|74|98|221|141|206|135|3|173|149|188|7|218|148|118|129|170|42|1|133|230|69|100|65|243|38|87|40|168|245|52|91|193|121|228|177|26|132|120|53|187|196|137|138|189|179|234|49|78|8|13|25|45|127|162|194|101|169|184|209|166|126|252|88|140|9|84|202|134|250|2|207|143|33|119|21|71|67|226|125|86|108|180|241|242|224|219|57|232|106|66|186|142|99|167|139|62|233|104|185|231|183|73|197|223|128|152|93|117|237|18|44|113|60|200|123|172|54|92|147|159|199|80|190|22|103|238|64|178|111|28|158|14|244|131|153|211|225|50|20|247|150|96|35|75|240|23|105|195|43|63|110|19|217|85|222|204|236|31|192|155|
Overall Best: 0.9165 Generation: 12

Generation 15
Average: 0.8993 Best: 0.9096
Best Individual: 
C0 211|209|32|43|46|212|90|164|48|80|28|240|118|176|61|137|110|154|0|51|17|216|96|7|122|195|237|4|189|244|139|197|49|128|124|245|92|97|170|153|82|241|77|224|94|182|127|194|167|31|165|199|64|227|235|83|53|65|60|106|133|34|107|52|114|25|36|138|166|147|3|192|120|221|104|18|161|119|185|74|230|146|249|220|103|218|174|181|238|226|59|169|205|40|12|126|44|145|213|129|11|190|242|56|109|254|188|251|163|69|81|202|71|151|187|115|252|141|134|99|193|88|191|112|198|62|10|177|200|113|132|131|247|47|186|2|178|234|1|159|29|148|142|219|63|173|86|136|117|160|208|157|23|222|6|58|196|19|5|255|105|79|236|26|125|76|155|35|45|239|16|85|140|172|204|210|229|179|156|30|68|158|123|20|223|100|67|39|93|201|150|184|253|102|22|215|54|24|225|38|243|78|180|8|57|233|130|84|116|37|50|203|121|162|228|55|21|175|73|41|111|183|144|72|248|87|14|168|101|15|206|135|66|98|207|214|250|171|246|108|75|95|91|149|217|70|27|9|89|143|231|232|152|33|42|13|
Overall Best: 0.9165 Generation: 12

Generation 16
Average: 0.8998 Best: 0.9153
Best Individual: 
C0 72|229|33|43|46|212|90|38|48|87|28|240|118|176|61|137|110|157|0|51|17|216|96|7|122|3|237|4|189|244|134|197|49|128|124|245|92|97|170|153|82|241|77|224|94|182|127|194|167|31|165|199|255|227|235|83|53|65|60|106|133|34|107|52|114|175|36|109|166|147|195|192|120|221|104|18|161|210|185|74|230|146|249|220|160|218|174|181|238|226|59|169|205|40|12|126|27|145|86|129|11|190|242|56|47|254|131|251|163|69|81|202|71|151|187|115|252|141|139|99|193|88|191|112|198|62|10|177|200|2|132|188|247|138|186|113|178|234|1|159|29|148|142|219|63|173|213|136|117|103|208|154|23|222|6|58|196|19|5|64|217|79|236|14|125|76|155|35|45|239|135|85|140|172|204|119|100|179|156|30|68|158|123|20|223|211|67|39|93|201|150|184|253|16|22|215|54|24|225|164|243|231|108|116|26|98|42|144|121|66|168|13|84|246|232|44|228|143|75|57|206|25|91|95|9|80|21|203|102|37|105|41|171|248|101|233|78|8|209|32|180|183|162|50|214|130|207|250|70|152|73|55|149|111|15|89|
Overall Best: 0.9165 Generation: 12

Generation 17
Average: 0.8990 Best: 0.9090
Best Individual: 
C0 119|168|246|97|85|73|225|80|192|165|152|253|98|99|92|112|230|13|234|7|29|151|39|162|30|211|138|228|218|101|122|187|247|113|78|26|132|160|241|11|89|220|33|209|108|5|46|133|114|199|198|240|124|224|58|18|68|227|32|109|195|180|28|143|154|245|71|164|238|116|14|237|70|107|137|184|226|69|254|130|239|43|196|93|47|212|83|244|202|163|2|147|177|1|12|126|44|104|42|194|213|77|222|144|74|45|205|95|242|56|90|115|111|252|103|203|34|142|48|134|40|21|76|206|243|31|75|65|189|216|24|182|178|249|96|172|185|82|59|171|86|117|55|197|193|110|15|136|153|191|255|157|91|88|6|175|35|181|156|170|105|155|149|251|135|118|100|235|207|229|36|84|223|127|79|210|204|64|123|72|51|121|9|186|10|0|120|188|62|125|150|129|139|94|22|49|183|148|60|102|219|176|161|169|190|16|231|52|250|37|141|57|158|61|208|20|233|128|19|106|67|54|167|215|159|87|221|38|41|174|214|146|3|173|145|201|131|200|25|179|8|4|140|17|166|81|23|236|232|217|248|27|66|53|63|50|
Overall Best: 0.9165 Generation: 12

Generation 18
Average: 0.8980 Best: 0.9090
Best Individual: 
C0 250|134|231|182|42|102|88|82|237|223|14|46|87|109|84|190|76|73|116|185|89|67|49|22|35|186|103|58|119|53|2|150|204|245|96|149|175|232|122|41|246|48|23|64|164|47|128|81|8|15|151|30|239|244|147|54|100|213|160|139|86|79|181|106|85|28|113|60|138|218|188|166|37|52|71|130|32|214|77|27|43|210|13|133|226|191|39|187|156|197|235|248|174|140|233|161|74|145|93|141|157|195|167|136|51|127|9|10|18|171|44|31|242|24|94|97|236|92|108|165|38|144|110|179|61|131|91|193|155|228|177|26|132|120|16|101|202|137|36|189|56|240|34|243|208|172|25|11|70|6|194|196|203|184|209|207|57|252|117|4|7|199|247|251|17|125|212|0|69|105|148|163|123|45|200|180|65|3|78|230|83|19|21|206|162|99|221|225|205|142|114|112|80|173|5|121|153|168|201|178|33|126|216|154|107|72|129|241|20|170|254|98|198|217|29|111|95|219|238|146|229|12|59|158|135|253|222|143|115|63|220|227|55|215|62|90|75|1|183|211|234|68|66|224|124|118|40|255|159|249|169|152|176|50|192|104|
Overall Best: 0.9165 Generation: 12

Generation 19
Average: 0.8991 Best: 0.9134
Best Individual: 
C0 97|3|124|1|136|101|214|37|85|166|7|212|200|28|215|244|210|255|195|72|21|180|160|64|42|233|45|14|197|103|111|63|169|162|164|46|4|254|24|105|114|119|41|224|27|251|161|157|170|192|9|113|58|184|67|158|51|2|175|0|87|168|8|26|127|141|104|205|156|190|81|47|65|171|12|194|78|151|140|128|53|121|230|147|125|83|19|92|95|55|77|231|91|252|165|188|120|84|176|208|227|221|196|240|191|60|138|93|5|241|129|89|43|145|133|179|69|33|48|134|40|250|76|73|237|31|62|238|189|216|116|163|178|182|52|56|123|149|59|236|126|86|96|223|90|217|66|29|220|137|202|143|152|34|193|98|186|18|226|82|167|228|229|68|32|74|201|213|17|15|106|198|203|199|94|245|131|20|117|232|107|71|88|172|187|110|154|219|54|11|50|247|234|102|25|115|38|183|118|239|225|153|57|253|135|209|35|108|132|16|218|130|75|150|204|146|122|39|142|246|112|242|22|100|185|70|36|30|148|206|139|10|207|173|248|174|61|235|249|44|80|222|23|79|49|6|177|181|109|211|13|243|144|159|99|155|
Overall Best: 0.9165 Generation: 12

Generation 20
Average: 0.8990 Best: 0.9115
Best Individual: 
C0 250|134|231|182|42|60|88|82|237|119|14|46|87|109|23|190|76|146|197|254|89|67|49|54|111|186|132|58|205|53|2|150|204|245|96|133|175|232|196|41|102|48|84|161|164|47|128|81|151|241|8|30|239|244|225|22|100|213|160|139|86|27|181|106|173|33|162|246|138|218|188|62|13|52|71|130|32|214|61|208|177|210|37|117|226|191|39|187|156|116|235|248|174|222|236|64|206|145|93|141|157|195|167|136|77|152|9|10|233|171|240|31|242|24|94|97|18|92|108|165|38|212|110|129|51|131|91|193|155|228|229|219|227|120|16|101|202|72|36|189|56|144|34|137|79|172|25|11|70|6|194|122|203|185|209|207|57|252|149|4|234|199|247|251|17|125|44|0|69|105|148|163|123|45|200|180|65|3|78|230|83|19|21|68|113|224|221|147|20|142|114|112|80|98|5|121|153|168|201|178|28|63|216|154|107|140|179|15|223|170|184|85|198|217|29|35|95|26|238|73|43|12|59|158|135|90|243|143|115|126|1|103|55|215|220|253|75|166|183|211|7|74|66|99|124|118|40|255|159|249|169|127|176|50|192|104|
Overall Best: 0.9165 Generation: 12

Generation 21
Average: 0.8991 Best: 0.9109
Best Individual: 
C0 0|210|182|234|172|72|163|9|84|144|56|76|171|54|96|39|46|8|118|12|220|206|66|228|65|53|64|143|18|97|63|222|218|157|184|93|79|10|180|156|7|109|120|209|166|5|26|129|168|62|59|71|123|94|229|17|48|146|32|58|195|115|253|33|98|24|240|130|167|161|78|3|23|194|202|137|216|73|147|232|88|237|231|160|11|211|241|196|197|89|52|242|74|101|188|131|191|42|136|81|34|31|246|126|103|105|86|125|236|119|85|185|49|127|183|40|69|91|77|122|189|175|154|114|245|255|135|181|192|170|113|252|132|14|243|187|104|133|13|207|164|138|61|165|235|212|108|15|44|151|117|124|177|51|205|149|251|107|145|178|4|142|248|238|68|35|223|226|224|45|199|27|82|28|230|153|254|247|55|134|186|217|139|43|193|110|112|83|150|249|213|227|159|162|75|30|203|148|60|244|219|176|152|169|190|16|121|22|250|37|141|57|158|2|155|87|233|128|19|106|41|50|90|215|239|20|221|38|67|174|214|47|200|92|225|80|1|173|36|99|179|201|25|100|102|208|140|70|204|29|111|6|95|21|198|116|
Overall Best: 0.9165 Generation: 12

Generation 22
Average: 0.8985 Best: 0.9083
Best Individual: 
C0 104|210|182|234|172|72|163|247|84|134|56|76|171|54|96|39|46|8|44|12|220|228|66|206|222|53|216|114|18|97|63|65|218|157|184|93|79|70|180|211|7|109|120|209|166|5|26|129|168|62|179|71|123|94|229|205|48|146|32|58|195|115|253|33|102|24|240|130|167|161|78|51|23|61|202|137|64|73|118|232|88|237|231|160|11|156|241|196|197|89|52|242|74|169|188|131|191|2|136|81|34|31|246|126|103|15|86|125|236|67|85|185|49|127|183|40|69|91|99|122|189|175|154|143|245|255|135|22|192|170|113|252|132|14|243|133|0|187|13|207|164|138|194|165|235|212|108|233|147|116|117|124|177|3|21|149|251|107|145|178|4|142|248|238|68|35|223|226|224|45|199|27|82|28|230|153|254|9|55|144|186|217|139|43|193|110|112|83|150|249|213|227|159|162|75|203|30|148|60|244|219|176|152|101|190|16|121|181|250|37|141|57|158|42|155|87|105|128|19|106|41|50|90|1|239|20|221|38|119|174|214|47|200|92|225|80|215|173|36|77|59|201|25|100|98|208|140|10|204|29|111|6|95|17|198|151|
Overall Best: 0.9165 Generation: 12

Generation 23
Average: 0.8991 Best: 0.9102
Best Individual: 
C0 0|23|193|52|46|179|3|69|219|92|114|220|229|176|86|215|65|145|181|8|116|56|168|135|13|28|104|11|207|42|143|212|166|206|73|208|188|88|107|195|95|169|146|200|66|60|54|62|70|204|93|203|221|80|29|209|178|5|235|253|255|79|132|7|131|211|119|251|26|230|30|15|238|159|225|6|35|150|205|141|36|49|110|50|19|128|130|108|82|34|103|125|154|18|101|236|198|147|217|177|37|105|89|43|71|122|226|45|190|38|39|31|192|120|136|171|233|223|47|197|137|81|182|139|17|228|222|32|156|12|91|57|129|99|254|224|174|58|152|247|133|210|161|244|187|243|175|231|106|41|67|2|25|250|124|213|64|27|84|248|149|59|140|165|4|185|20|55|21|127|85|44|74|153|216|162|214|10|78|186|170|201|76|157|22|241|163|202|40|14|90|180|242|51|245|160|142|123|63|48|24|115|126|183|196|134|237|246|172|144|117|138|100|189|111|83|249|72|33|234|61|240|113|184|118|252|94|121|239|68|199|109|227|98|232|87|75|167|151|102|155|9|194|53|164|96|148|191|173|77|16|112|1|158|97|218|
Overall Best: 0.9165 Generation: 12

Generation 24
Average: 0.8984 Best: 0.9096
Best Individual: 
C0 229|62|107|27|233|8|214|103|170|201|7|65|32|231|127|225|58|48|37|105|92|180|79|196|115|93|175|136|245|83|97|63|102|44|96|133|125|64|104|156|155|61|219|238|220|114|39|151|234|221|239|36|33|17|54|2|101|149|53|191|87|35|52|31|21|86|3|187|71|162|174|237|100|204|223|94|69|111|50|145|253|25|129|121|90|212|222|99|254|165|199|249|128|167|179|56|0|98|66|77|188|193|242|181|47|95|45|24|197|41|157|178|119|160|158|10|134|59|131|40|159|152|78|130|168|210|166|161|122|200|11|141|246|138|74|227|106|72|75|4|209|70|49|13|113|57|176|76|185|235|126|192|67|182|109|120|186|18|208|194|85|228|211|195|20|116|164|132|82|171|9|198|55|177|81|51|73|154|117|232|124|16|143|68|203|43|250|184|240|89|34|247|42|110|22|202|14|123|23|230|1|153|217|91|226|38|163|84|213|216|218|172|224|135|241|236|169|26|15|139|173|60|147|183|28|146|137|30|148|206|140|150|207|243|248|255|244|189|88|251|6|19|108|46|12|80|190|112|144|5|29|215|252|142|118|205|
Overall Best: 0.9165 Generation: 12

Generation 25
Average: 0.8982 Best: 0.9115
Best Individual: 
C0 178|4|44|156|110|90|127|128|27|234|73|186|14|33|139|243|85|84|9|46|173|109|43|107|160|10|213|89|146|79|174|197|212|147|102|255|152|82|69|249|229|75|74|253|100|251|246|119|32|123|63|199|58|179|168|241|51|2|175|17|131|163|238|118|5|64|148|50|11|202|81|47|183|171|12|194|115|13|97|62|77|105|230|137|211|83|19|78|205|219|23|88|30|158|165|231|242|182|176|204|76|54|196|245|61|198|164|223|237|129|0|225|193|169|133|145|72|248|101|34|122|8|180|177|67|91|94|132|96|70|126|155|28|209|125|87|188|154|144|111|140|135|208|71|26|3|207|200|117|45|190|217|108|36|216|181|201|18|120|247|130|7|159|103|195|161|68|35|66|172|1|185|113|116|250|210|42|38|170|65|187|149|189|124|203|166|221|206|227|157|86|6|143|239|53|114|56|92|95|48|16|236|254|235|224|31|98|39|41|37|22|25|232|233|106|15|151|220|55|104|20|59|136|244|99|52|141|80|93|192|153|215|150|112|121|191|21|24|228|218|60|252|162|138|222|167|49|214|240|134|226|142|40|57|184|29|
Overall Best: 0.9165 Generation: 12

Generation 26
Average: 0.8989 Best: 0.9102
Best Individual: 
C0 150|83|12|250|8|103|5|161|41|32|229|190|144|58|112|186|27|48|37|105|23|180|79|82|170|93|175|136|245|205|97|63|102|44|96|133|125|3|104|156|155|61|219|238|220|20|39|29|14|221|239|36|33|17|142|2|101|143|254|191|87|35|52|31|21|86|64|187|71|162|174|237|100|148|223|94|69|111|50|145|253|25|129|121|90|212|222|200|53|196|247|249|128|167|179|57|0|98|66|77|188|193|242|181|47|95|45|89|197|118|157|178|115|160|10|141|134|75|131|40|159|152|137|130|168|210|166|225|122|99|11|88|246|138|177|227|106|72|59|4|209|70|49|164|113|182|176|76|185|235|126|92|67|56|195|120|18|119|208|194|65|228|211|109|114|116|13|107|165|171|206|198|55|74|81|147|244|154|117|232|124|16|149|68|203|43|54|184|240|24|73|199|42|110|22|248|234|202|192|230|1|153|217|91|226|135|163|84|213|216|218|172|224|38|241|236|169|26|15|139|173|60|51|30|28|146|78|140|204|9|183|85|207|243|123|255|34|215|158|132|214|7|231|6|62|201|252|251|80|151|127|189|46|108|19|233|
Overall Best: 0.9165 Generation: 12

Generation 27
Average: 0.8984 Best: 0.9102
Best Individual: 
C0 144|183|110|234|138|229|96|16|236|205|208|219|140|115|63|81|114|86|71|160|209|244|11|172|52|222|48|28|5|42|64|226|34|206|73|103|165|31|107|195|137|135|228|43|66|60|54|204|253|149|93|102|221|72|29|69|178|33|235|120|255|79|87|32|131|211|119|15|123|129|230|159|59|216|217|78|35|37|111|14|85|49|170|50|22|128|130|108|82|166|247|125|251|18|118|2|104|44|192|112|239|105|89|99|8|167|212|45|21|38|179|88|154|224|136|171|39|223|47|197|70|10|237|139|17|146|56|51|156|12|254|210|92|148|252|95|174|134|152|74|46|57|145|184|232|243|177|231|106|41|67|83|25|250|163|150|143|27|84|214|68|238|126|188|4|185|20|218|190|127|36|202|91|203|241|162|122|9|227|186|151|201|76|157|113|200|155|147|40|141|90|26|242|7|245|94|142|75|246|153|1|30|207|0|176|182|164|248|168|173|53|233|124|116|193|97|191|189|181|117|80|169|121|215|98|109|198|3|58|19|101|55|180|240|158|196|13|65|213|100|187|225|23|133|77|194|175|62|61|220|161|249|132|24|199|6|
Overall Best: 0.9165 Generation: 12

Generation 28
Average: 0.8989 Best: 0.9134
Best Individual: 
C0 178|136|126|156|170|90|127|175|79|234|251|186|14|162|139|243|70|225|9|87|118|109|43|130|238|10|15|103|146|27|174|197|147|1|218|235|152|155|97|86|161|75|240|253|100|95|11|102|172|123|163|81|58|179|168|241|51|99|128|17|207|255|47|173|5|64|148|28|205|202|66|160|183|80|2|194|115|13|60|62|77|105|74|137|211|239|19|145|246|219|23|244|104|158|165|231|242|121|176|59|55|54|30|245|61|198|164|223|237|8|0|84|193|169|71|78|141|180|101|34|122|129|248|166|16|91|182|132|151|177|44|82|120|190|125|46|188|210|220|150|181|135|208|69|48|3|88|200|167|45|209|50|108|89|216|140|117|18|217|247|107|7|159|36|195|229|68|35|53|32|212|185|113|116|250|154|63|215|110|76|187|149|189|124|203|171|221|73|227|157|65|6|143|83|199|114|56|92|133|26|67|153|254|119|224|31|98|39|24|37|22|25|232|233|106|206|96|144|249|196|20|204|4|131|94|52|134|85|228|49|192|38|111|112|12|191|21|41|93|42|213|252|33|138|222|201|236|214|230|72|226|142|40|57|184|29|
Overall Best: 0.9165 Generation: 12

Generation 29
Average: 0.8996 Best: 0.9102
Best Individual: 
C0 167|23|9|134|58|227|145|207|241|65|126|251|229|235|211|162|13|36|193|187|94|56|169|160|157|10|203|202|123|42|242|3|66|244|73|218|48|179|132|77|164|168|156|200|120|60|54|62|30|137|221|68|131|83|91|181|178|71|67|154|49|191|246|82|140|86|119|220|26|33|133|165|237|199|104|6|52|159|172|240|230|102|79|253|252|255|45|198|12|214|22|125|24|11|136|55|108|147|2|177|206|28|34|80|69|51|226|130|103|117|39|84|182|113|139|224|116|223|16|197|124|81|174|196|109|110|222|32|47|135|29|75|192|78|247|138|166|151|152|189|171|14|161|186|232|190|0|112|238|41|76|212|25|61|213|155|38|254|74|248|40|20|105|100|4|127|59|89|21|141|85|18|204|180|205|35|163|249|217|101|99|115|111|43|64|243|106|44|150|57|7|208|19|93|176|231|209|185|228|188|236|128|210|50|142|95|96|107|225|201|216|72|245|87|129|122|8|184|15|17|92|215|114|90|98|144|233|250|234|153|37|175|143|183|27|121|173|149|88|195|70|63|194|53|31|239|148|219|118|170|146|46|1|158|5|97|
Overall Best: 0.9165 Generation: 12
==================
    Best individual after 30 generations
    computed in 5,025.0600 seconds
    1460 elements out of 1593 correct.
    emerged in generation 12
    with fitness 0.9165
==================

