Starting evolution...

Generation 0
Average: 0.8731 Best: 0.8964
Best Individual: 
C0 1|25|8|177|148|123|184|107|69|115|204|194|109|69|90|8|223|140|179|218|147|156|131|20|160|5|108|127|153|51|151|228|206|176|210|127|63|158|68|236|165|246|235|242|74|254|153|222|234|192|101|46|119|193|11|43|12|61|17|145|244|15|23|239|119|30|34|100|85|139|92|145|39|32|44|19|243|111|82|147|123|253|40|147|50|42|247|116|240|33|244|185|5|7|32|147|73|170|42|195|190|144|58|117|45|180|35|111|18|176|188|217|106|212|153|83|163|184|142|134|66|76|67|81|197|213|8|187|125|113|61|96|33|164|133|164|51|46|61|12|100|230|140|78|116|174|207|75|70|129|253|224|73|157|31|169|114|84|232|57|188|118|13|220|38|136|228|27|220|220|148|52|158|112|14|136|218|2|188|142|152|10|18|14|212|117|158|188|123|197|216|2|220|1|53|116|7|42|192|12|67|88|5|72|125|93|129|118|71|205|212|67|191|206|26|12|174|74|249|22|193|112|105|158|224|55|249|253|82|65|91|107|136|37|128|204|33|27|185|237|231|85|238|191|117|0|24|244|70|107|2|6|10|105|100|233|
Overall Best: 0.8964 Generation: 0

Generation 1
Average: 0.8750 Best: 0.8908
Best Individual: 
C0 202|130|175|118|12|65|96|172|68|6|60|112|173|52|6|47|52|216|225|88|238|178|200|244|21|222|74|245|184|177|127|115|155|249|163|227|161|159|18|162|26|111|150|118|11|32|150|60|139|192|213|128|71|62|80|86|8|90|146|67|68|12|168|131|117|101|97|126|170|116|233|240|45|24|145|94|45|192|22|47|238|164|11|10|214|211|175|66|176|99|35|187|159|190|157|177|10|191|110|208|230|217|244|167|77|0|160|230|224|85|218|173|44|164|243|81|2|116|205|177|245|39|179|34|194|245|96|115|220|167|113|163|42|92|43|36|31|200|63|1|46|17|35|181|50|158|225|54|60|158|180|157|29|60|141|186|221|110|64|187|174|52|21|23|25|146|225|112|122|199|24|27|78|110|66|149|86|105|121|22|107|172|62|47|0|252|180|31|229|189|212|205|102|214|183|145|112|204|208|214|180|244|109|209|40|131|228|81|1|219|100|253|62|43|131|215|200|198|152|193|33|208|124|102|195|9|105|108|186|66|56|203|239|70|72|79|156|205|27|115|74|202|137|244|223|130|123|52|49|223|225|34|180|196|198|218|
Overall Best: 0.8964 Generation: 0

Generation 2
Average: 0.8786 Best: 0.9021
Best Individual: 
C0 105|25|8|177|148|123|98|107|10|115|204|194|158|52|6|8|223|140|121|34|60|156|118|20|160|5|108|127|153|51|151|228|206|176|210|127|63|39|102|236|165|246|235|184|74|254|153|222|226|192|101|46|119|193|11|43|12|57|17|145|244|15|23|239|119|37|34|100|136|139|92|145|87|32|44|158|243|162|82|91|33|253|40|147|50|40|247|116|240|33|244|134|5|7|32|206|73|170|208|195|190|144|58|117|176|180|35|111|18|176|15|217|106|212|145|83|163|184|142|134|66|76|67|81|197|213|8|187|125|113|61|96|33|164|244|164|51|46|61|12|100|230|140|78|116|174|207|75|70|129|163|224|73|157|31|169|114|84|232|57|188|118|13|220|38|136|19|27|220|135|148|154|158|112|14|136|218|2|188|142|152|10|18|14|212|53|158|118|123|121|216|2|220|1|53|187|7|36|192|12|5|88|5|72|125|221|129|118|28|205|212|67|191|206|89|12|174|74|249|3|193|255|105|158|250|55|240|253|175|65|91|244|136|37|128|204|33|27|110|253|231|85|43|191|46|0|191|244|70|107|2|6|10|105|100|233|
Overall Best: 0.9021 Generation: 2

Generation 3
Average: 0.8808 Best: 0.9014
Best Individual: 
C0 105|25|8|177|148|123|98|87|69|115|204|194|112|69|90|101|223|140|220|10|87|109|94|178|106|83|240|124|213|28|44|228|206|176|210|127|63|39|68|236|165|246|235|17|74|254|153|78|141|168|56|112|238|24|126|9|231|109|184|112|211|204|62|149|79|48|165|81|250|86|61|145|164|204|182|217|10|20|175|241|74|147|160|30|205|224|129|42|219|94|77|165|127|181|144|156|193|230|185|147|149|167|246|193|144|83|250|81|107|208|92|152|128|253|20|199|177|181|103|133|99|26|5|59|245|28|184|12|31|188|65|1|48|130|62|190|189|249|227|183|34|29|190|138|168|49|145|35|226|108|161|247|69|42|5|162|54|157|165|151|219|106|11|146|236|223|43|176|54|69|234|145|154|69|17|126|18|153|127|113|132|113|4|110|224|208|198|172|137|86|91|84|28|26|158|152|167|116|236|14|122|9|111|176|124|105|110|191|65|146|2|174|71|210|85|40|229|119|29|77|4|48|65|158|224|55|12|253|175|65|91|107|195|37|117|204|33|27|110|253|231|85|43|191|117|0|191|192|70|98|2|6|10|105|100|188|
Overall Best: 0.9021 Generation: 2

Generation 4
Average: 0.8810 Best: 0.9014
Best Individual: 
C0 105|25|17|177|239|123|98|107|113|115|204|194|158|52|206|148|223|13|121|34|60|156|118|79|160|186|108|127|153|51|151|228|244|114|210|127|111|39|102|209|165|246|235|184|74|254|125|222|226|217|101|46|119|193|36|43|12|57|17|145|244|15|23|239|119|37|34|101|136|14|92|145|171|32|65|158|243|162|238|91|33|253|144|162|50|40|247|116|8|33|17|72|5|164|32|206|73|170|208|195|190|144|123|117|176|180|35|111|18|176|15|217|106|212|145|83|163|184|142|134|66|76|67|81|110|198|8|187|125|113|61|96|33|164|244|164|51|46|61|12|100|23|140|195|116|174|214|75|70|129|250|224|73|157|223|140|114|84|232|16|0|118|13|50|38|136|19|1|220|135|148|154|158|112|14|136|218|2|188|7|152|10|116|14|212|53|158|7|219|121|151|2|28|1|53|187|3|36|192|12|11|88|5|95|125|221|129|220|28|97|212|231|191|206|207|12|174|74|249|3|193|255|198|158|250|55|240|253|175|65|168|244|136|207|137|141|1|14|143|65|72|160|117|82|227|200|250|178|38|14|184|6|204|111|100|233|
Overall Best: 0.9021 Generation: 2

Generation 5
Average: 0.8818 Best: 0.9046
Best Individual: 
C0 198|11|230|64|213|177|224|196|4|165|32|18|27|35|76|49|161|214|190|20|217|253|155|82|132|91|30|26|46|228|235|59|150|36|186|186|133|242|137|161|89|92|155|58|167|237|112|222|104|192|236|46|119|193|168|196|12|57|181|145|88|15|177|239|130|222|34|100|136|139|155|114|115|32|44|133|243|210|148|187|201|253|40|147|50|42|247|116|240|33|184|134|5|7|99|147|73|170|208|70|190|165|58|117|45|67|112|122|18|18|193|24|106|212|145|83|65|184|142|251|126|106|67|81|211|233|8|187|18|113|61|96|206|164|244|95|87|46|61|12|100|230|140|78|116|174|207|75|70|129|234|224|51|157|31|169|114|92|232|57|188|118|13|220|38|136|19|27|220|220|148|154|158|112|14|136|218|28|74|142|125|136|18|116|82|53|158|188|123|121|216|86|139|254|250|228|116|5|44|85|67|75|208|108|103|173|202|161|156|64|197|146|104|98|172|227|80|252|97|80|231|13|199|242|105|76|8|132|238|182|206|206|17|207|137|141|126|55|143|79|32|106|166|218|245|53|241|142|198|222|197|46|63|243|184|181|
Overall Best: 0.9046 Generation: 5

Generation 6
Average: 0.8859 Best: 0.8996
Best Individual: 
C0 143|25|8|244|148|123|98|87|69|115|132|194|112|69|90|182|223|140|220|10|87|58|94|178|106|83|240|245|12|135|200|228|206|176|209|57|63|39|113|236|165|246|235|17|74|254|153|51|141|168|56|230|77|77|126|9|179|248|184|112|211|136|62|202|79|48|165|39|250|86|61|145|90|204|182|217|10|20|175|241|74|147|196|181|53|224|129|42|219|94|212|188|127|181|224|156|193|230|3|155|234|167|246|193|49|83|128|81|107|208|92|152|90|38|147|199|177|181|103|133|104|240|5|59|245|192|227|12|31|206|65|1|85|130|145|190|189|249|227|109|34|29|190|31|168|49|145|35|145|61|11|63|69|42|5|107|54|157|165|188|219|46|11|146|236|155|43|176|54|129|234|145|154|69|17|63|18|153|127|113|132|254|4|110|20|162|22|172|211|86|28|84|28|26|158|152|167|116|156|14|46|9|111|176|124|105|51|52|25|13|175|163|43|183|78|52|238|247|20|147|20|39|174|105|55|200|15|134|28|240|26|118|87|199|80|160|78|221|137|88|14|45|102|191|177|160|124|25|191|118|67|145|10|195|238|212|
Overall Best: 0.9046 Generation: 5

Generation 7
Average: 0.8862 Best: 0.8996
Best Individual: 
C0 105|25|8|177|77|123|98|58|10|115|204|194|177|105|6|8|210|119|121|112|184|21|118|154|160|5|197|210|153|51|151|232|206|176|77|127|109|217|193|236|82|246|235|113|74|239|153|136|226|192|101|46|119|144|11|43|12|171|17|145|244|15|23|239|35|37|34|100|149|139|92|145|87|32|44|227|85|162|10|158|33|253|40|147|207|40|247|87|168|163|157|167|5|220|32|206|181|182|208|204|42|153|58|98|176|180|176|164|167|197|15|217|106|212|122|83|163|96|214|134|129|160|67|81|197|168|8|187|188|113|61|6|33|164|244|164|246|15|8|12|142|233|140|78|92|174|61|75|91|129|163|145|220|120|31|45|134|84|232|28|54|118|13|220|38|136|19|27|114|135|148|164|158|202|240|166|218|226|135|74|122|10|142|14|19|53|158|93|123|121|216|2|114|1|53|187|150|24|53|230|250|44|150|72|244|103|129|118|28|205|163|67|183|188|81|12|174|74|12|3|193|170|151|158|147|55|186|253|175|210|205|244|203|37|132|41|33|28|110|45|102|85|43|231|183|0|191|215|246|120|142|6|6|133|64|233|
Overall Best: 0.9046 Generation: 5

Generation 8
Average: 0.8858 Best: 0.8983
Best Individual: 
C0 143|25|41|244|148|123|98|87|69|115|132|194|112|69|90|103|223|140|220|10|87|58|94|178|106|83|240|245|12|135|200|228|165|176|209|57|132|39|113|236|165|4|14|17|74|201|153|51|141|86|56|230|77|77|126|9|179|45|184|112|211|136|90|202|79|108|141|39|250|86|61|145|90|204|47|19|51|20|175|241|74|117|196|181|53|224|129|177|219|212|212|188|127|181|224|62|193|230|3|155|234|178|246|193|49|83|128|81|107|208|92|152|90|38|147|199|177|246|103|133|104|240|5|59|245|192|227|12|23|206|65|1|85|130|19|190|141|249|227|109|34|29|190|31|103|49|145|35|145|242|11|63|215|42|5|107|54|157|165|36|219|46|11|146|236|37|43|11|27|129|234|246|154|69|17|63|18|232|106|152|132|254|4|110|20|162|225|172|211|151|28|84|28|26|158|75|167|116|156|14|58|9|111|176|124|59|51|52|25|13|175|163|43|183|131|52|238|247|20|147|32|199|174|105|55|200|15|134|28|38|105|154|87|199|80|160|78|221|137|88|14|45|102|212|177|160|124|25|178|118|67|145|10|195|238|212|
Overall Best: 0.9046 Generation: 5

Generation 9
Average: 0.8860 Best: 0.9008
Best Individual: 
C0 143|25|8|244|148|123|98|242|69|115|132|169|127|69|22|182|223|140|199|10|87|88|7|178|106|83|135|245|12|135|200|54|165|237|209|57|45|39|113|236|165|246|235|17|90|122|153|30|141|211|56|230|77|77|126|224|179|143|184|112|211|136|62|202|79|48|165|39|250|86|61|145|90|13|161|178|167|180|121|172|244|240|125|109|125|127|34|196|189|169|127|117|245|94|117|156|193|230|3|155|234|167|246|193|49|83|192|81|7|208|92|152|90|38|147|199|177|246|103|133|104|144|5|61|245|192|227|187|31|236|65|1|85|130|145|190|189|189|227|99|34|29|190|31|103|49|145|35|145|152|11|63|215|42|5|107|54|157|165|36|219|46|11|146|236|155|54|11|27|129|234|246|154|69|153|107|18|153|106|113|132|254|4|110|20|162|225|159|211|193|28|84|45|26|158|75|167|58|111|14|58|9|42|176|124|107|51|52|190|13|175|52|43|183|131|52|238|247|20|147|32|39|174|97|55|200|15|134|28|240|26|154|87|199|80|160|225|221|137|147|14|45|102|212|177|160|124|25|178|118|67|145|239|195|238|212|
Overall Best: 0.9046 Generation: 5

Generation 10
Average: 0.8874 Best: 0.9027
Best Individual: 
C0 80|97|183|244|148|123|98|87|142|115|247|194|104|69|90|73|223|202|220|10|234|58|28|44|106|5|240|245|12|7|200|228|165|176|209|57|132|39|255|236|165|4|14|17|74|201|153|191|141|86|56|224|77|77|126|9|179|45|184|112|211|136|249|183|79|108|141|39|250|86|61|145|90|204|47|19|51|20|175|241|128|117|196|181|53|224|129|177|219|212|212|188|127|181|224|62|193|230|3|155|234|178|80|193|101|83|128|81|107|208|92|152|197|205|147|199|177|246|252|133|104|240|5|59|245|192|227|123|23|206|65|1|85|54|19|190|141|249|122|109|34|29|190|31|103|237|145|35|145|66|11|63|215|225|5|113|54|157|165|36|219|209|11|146|236|37|43|10|27|129|234|246|154|69|17|63|18|232|182|152|132|254|4|110|20|162|225|172|211|151|28|84|28|26|158|206|167|116|156|14|58|9|18|176|124|59|51|52|42|178|175|183|43|183|171|52|238|247|20|224|32|199|174|78|55|200|15|134|28|38|105|154|87|189|78|160|78|221|137|88|14|45|102|212|177|141|124|61|178|192|67|145|10|195|169|212|
Overall Best: 0.9046 Generation: 5

Generation 11
Average: 0.8869 Best: 0.8983
Best Individual: 
C0 79|25|223|177|169|123|98|32|173|115|92|114|233|189|90|245|83|35|220|10|188|109|94|20|106|83|240|219|213|28|44|235|181|104|210|199|57|39|68|109|148|150|163|240|192|254|91|78|235|164|56|112|238|90|126|82|233|109|67|112|211|57|133|27|238|48|72|253|94|3|242|145|164|49|238|79|10|20|175|117|191|147|78|98|110|16|129|254|127|169|74|165|109|90|97|79|193|230|185|153|177|245|94|181|144|229|250|74|107|174|19|152|128|253|168|137|63|46|103|198|121|26|5|59|37|140|94|26|86|18|65|1|188|71|34|96|189|249|58|185|34|160|102|138|49|78|245|220|195|16|82|76|161|104|252|125|88|46|7|227|240|230|240|136|197|128|196|12|89|194|44|88|28|16|17|187|165|212|164|93|135|24|17|144|188|183|121|9|164|152|155|56|61|113|53|208|150|94|53|230|250|44|35|72|244|103|129|201|28|205|163|13|103|68|45|36|132|173|160|173|4|104|65|33|159|55|125|253|160|65|91|118|134|186|117|204|103|27|236|7|46|85|108|13|154|0|62|33|133|98|2|83|123|98|100|188|
Overall Best: 0.9046 Generation: 5

Generation 12
Average: 0.8869 Best: 0.9014
Best Individual: 
C0 79|195|8|104|148|231|242|110|7|96|3|194|109|140|90|8|12|9|179|218|188|109|94|20|106|83|240|219|213|28|44|235|181|104|210|105|125|39|68|109|148|150|222|85|192|182|91|78|43|222|56|112|238|90|126|82|233|109|67|112|181|57|133|27|238|9|72|253|94|3|242|145|164|49|238|79|10|20|10|117|191|147|78|98|110|16|129|254|245|169|74|165|229|90|97|79|193|230|185|153|177|203|94|188|144|229|200|74|107|174|19|152|128|253|150|137|169|46|103|198|121|26|5|179|37|140|94|26|86|18|65|1|188|71|34|96|189|249|58|185|34|160|102|138|56|78|23|220|195|16|82|15|161|104|122|24|88|46|7|91|240|230|215|136|197|128|196|12|89|194|44|88|28|16|17|187|165|212|164|93|135|24|17|215|188|183|121|9|164|152|240|236|61|113|53|208|150|94|53|230|250|44|35|72|244|103|129|201|28|205|163|219|1|12|24|116|119|100|135|40|1|236|29|73|32|16|198|254|220|74|221|66|251|216|205|37|29|148|215|154|139|21|48|225|107|92|77|162|220|182|76|72|120|158|124|233|
Overall Best: 0.9046 Generation: 5

Generation 13
Average: 0.8858 Best: 0.9040
Best Individual: 
C0 79|195|8|104|148|177|79|78|212|41|76|140|109|140|27|8|12|215|179|218|188|109|94|20|106|83|240|219|213|28|44|235|181|4|210|105|125|39|68|109|148|150|222|77|192|182|91|78|19|222|56|29|238|90|126|82|233|109|67|112|181|57|133|27|238|9|72|253|94|3|242|145|139|49|238|79|10|240|10|117|191|147|78|68|225|187|129|254|220|169|74|165|229|90|97|79|193|230|55|153|177|203|94|188|144|229|200|74|107|174|19|152|128|253|150|137|169|46|103|96|121|132|120|179|37|67|94|26|86|18|65|1|188|71|63|96|189|249|58|185|34|160|102|138|56|78|23|220|195|16|82|15|161|104|122|24|88|46|7|91|240|230|215|136|197|128|196|12|89|237|44|144|28|16|17|150|165|212|164|93|135|24|17|215|188|183|121|9|164|152|240|236|61|113|53|208|150|72|53|230|250|44|35|72|244|103|129|201|28|205|163|219|1|12|24|116|119|100|135|40|1|236|29|73|32|16|198|254|220|74|221|66|251|216|205|37|29|148|215|27|139|21|48|225|107|92|77|162|220|182|76|72|120|158|124|233|
Overall Best: 0.9046 Generation: 5

Generation 14
Average: 0.8868 Best: 0.9090
Best Individual: 
C0 79|195|8|104|148|177|79|78|212|41|76|140|109|140|27|8|12|215|179|218|188|109|94|20|106|83|240|219|213|28|161|235|83|4|210|105|125|39|68|109|148|150|222|77|192|182|91|78|12|222|56|29|167|90|126|82|233|109|67|112|181|57|133|27|238|9|72|253|94|3|242|145|139|49|238|79|10|240|10|117|191|147|78|225|225|187|129|254|220|93|207|165|229|90|97|79|193|230|55|153|177|120|94|188|144|229|200|74|107|174|19|152|128|253|150|137|169|46|103|203|121|132|120|179|37|67|94|26|86|18|65|1|188|71|63|96|189|79|58|185|34|160|102|138|56|78|23|220|195|16|82|15|161|104|122|24|88|46|7|91|240|230|215|136|197|128|196|12|89|237|44|144|28|16|17|150|165|212|164|93|135|24|17|215|103|183|121|9|164|152|240|236|11|113|53|208|150|72|53|88|250|44|35|72|244|103|129|201|28|205|163|219|1|12|24|116|119|100|135|40|1|236|29|73|32|16|198|254|220|74|221|66|251|216|205|37|29|148|215|27|139|21|48|225|107|92|77|162|220|182|76|72|120|63|124|233|
Overall Best: 0.9090 Generation: 14

Generation 15
Average: 0.8877 Best: 0.9014
Best Individual: 
C0 121|85|7|236|147|37|152|195|120|97|157|229|77|136|42|189|147|146|111|139|117|31|239|228|77|121|74|77|192|196|188|144|25|141|241|21|76|57|124|69|6|255|157|70|243|59|32|212|82|99|244|185|244|160|43|134|231|89|34|129|136|57|203|27|79|48|27|222|224|93|242|145|34|102|37|79|39|20|139|220|171|147|160|30|110|103|5|101|187|216|212|188|127|181|224|62|193|230|155|155|234|4|80|193|101|181|128|49|107|192|92|152|197|156|208|161|234|46|242|133|81|228|113|8|179|186|137|235|205|174|171|32|146|179|229|92|53|205|191|37|56|27|48|181|193|158|9|54|214|84|17|76|29|61|150|199|73|110|64|25|32|52|253|9|2|144|139|147|81|24|57|130|31|236|240|89|80|105|224|90|229|115|169|47|251|246|63|251|211|145|228|13|99|128|69|125|107|13|190|39|210|168|36|229|133|221|129|2|28|215|212|204|108|157|207|232|213|74|224|106|46|122|198|160|250|55|38|63|252|65|79|106|110|207|245|170|1|73|204|65|101|218|101|51|138|154|163|14|79|83|90|25|180|83|163|152|
Overall Best: 0.9090 Generation: 14

Generation 16
Average: 0.8869 Best: 0.9046
Best Individual: 
C0 161|142|190|6|170|136|111|87|154|155|204|194|239|35|220|49|181|171|190|20|217|109|132|230|26|6|228|253|46|228|235|127|208|78|186|72|5|129|223|45|89|130|189|74|167|237|112|246|57|209|66|65|119|193|101|58|233|109|184|108|252|204|31|151|245|221|137|43|98|178|61|145|164|157|167|217|64|44|193|241|74|217|10|30|205|224|128|42|95|94|77|13|161|244|152|79|193|230|185|153|177|203|94|188|144|221|70|74|52|174|72|152|128|253|1|137|246|46|103|198|121|26|5|179|37|140|237|26|86|18|250|1|188|71|34|96|189|249|232|103|94|160|158|138|56|78|23|220|195|16|82|15|192|104|122|24|42|46|94|91|240|230|168|136|165|128|237|254|27|194|200|88|28|16|17|187|165|212|164|149|152|151|132|183|87|234|198|172|137|155|12|55|28|67|241|75|228|204|210|197|111|224|127|248|233|223|185|159|54|235|102|110|3|236|173|167|106|134|61|202|103|186|185|223|90|151|164|227|209|131|136|246|251|108|205|106|176|155|215|18|254|48|48|209|235|90|53|147|205|181|126|15|93|82|102|180|
Overall Best: 0.9090 Generation: 14

Generation 17
Average: 0.8880 Best: 0.9014
Best Individual: 
C0 143|201|8|119|33|166|96|172|5|191|140|62|197|224|236|235|136|120|148|99|56|253|134|197|179|24|209|231|203|181|56|142|104|36|186|144|223|109|93|26|116|13|143|139|167|37|0|252|153|73|186|187|90|24|15|134|231|187|34|87|211|57|133|97|238|62|72|222|176|3|242|145|161|81|83|79|10|99|212|117|171|180|160|30|198|146|176|107|220|166|101|225|137|70|113|6|77|143|236|83|66|111|58|117|216|172|218|122|191|176|193|24|224|212|42|254|45|245|234|49|66|118|89|81|255|69|8|24|164|113|61|25|194|88|151|34|51|190|55|12|100|191|140|82|116|49|10|80|70|129|205|224|252|186|31|200|114|226|65|65|73|165|104|126|51|213|225|174|241|143|148|159|229|235|101|57|189|33|121|22|106|152|73|66|79|103|198|105|96|235|79|204|206|1|241|175|210|63|170|37|21|139|127|229|191|221|100|2|28|215|238|78|228|23|67|111|170|140|88|147|74|252|78|129|10|142|167|204|109|52|6|156|249|199|212|160|78|221|94|88|232|235|102|93|229|160|105|30|191|118|122|145|19|165|238|212|
Overall Best: 0.9090 Generation: 14

Generation 18
Average: 0.8876 Best: 0.8996
Best Individual: 
C0 143|201|8|119|33|166|96|172|5|191|140|62|197|224|236|235|136|120|148|99|56|253|134|197|179|24|209|231|203|181|56|98|104|36|186|47|223|109|93|26|116|77|143|139|167|37|0|252|153|73|186|187|90|24|15|134|231|187|34|87|211|57|118|97|238|62|72|38|176|3|242|145|161|81|83|79|10|99|212|110|171|180|160|30|215|146|176|107|220|166|101|225|85|70|113|6|77|143|236|83|66|111|74|117|216|195|128|245|107|192|92|152|197|156|208|125|141|46|242|133|88|228|113|8|179|186|137|111|205|174|171|127|146|179|229|92|53|205|191|12|100|191|140|82|116|49|254|80|70|129|205|224|252|186|31|200|114|226|65|65|73|165|104|126|51|213|225|174|241|143|148|159|229|235|101|57|189|33|145|22|106|152|73|66|79|103|198|62|96|235|79|204|206|1|241|175|210|174|170|142|58|139|127|229|191|221|100|2|28|215|238|184|228|161|67|111|170|140|88|147|74|252|78|129|10|142|167|204|109|52|6|156|249|199|212|160|78|221|70|88|130|235|102|93|229|160|105|30|191|94|122|145|19|113|238|147|
Overall Best: 0.9090 Generation: 14

Generation 19
Average: 0.8874 Best: 0.9102
Best Individual: 
C0 121|201|8|119|169|19|212|107|43|196|66|194|197|249|109|230|136|108|148|99|195|250|210|46|110|23|180|57|80|125|130|125|161|15|188|179|69|13|124|114|98|232|199|182|191|50|60|238|163|94|244|70|209|101|71|217|140|187|40|112|234|43|133|92|8|9|72|253|176|190|242|145|240|184|59|79|160|3|41|197|171|180|160|30|198|113|176|107|220|166|101|225|137|34|32|102|30|196|122|121|66|111|166|117|100|172|218|122|65|176|193|24|224|206|42|124|46|5|50|83|66|98|89|81|255|69|113|2|147|113|61|23|237|226|151|27|51|182|92|12|1|50|118|99|103|49|145|198|213|74|11|166|215|42|5|107|107|34|141|50|223|197|253|59|80|197|137|147|122|20|183|157|75|227|176|89|80|74|211|223|180|188|7|165|147|53|254|162|244|90|132|157|93|104|250|13|26|3|237|241|67|70|169|56|64|81|129|121|33|13|21|75|43|183|72|52|46|242|23|147|32|55|59|48|141|245|229|231|28|214|105|154|87|104|235|160|78|88|170|186|20|212|4|230|177|160|124|25|178|192|63|145|218|109|213|152|
Overall Best: 0.9102 Generation: 19

Generation 20
Average: 0.8868 Best: 0.9021
Best Individual: 
C0 33|217|7|120|113|65|252|172|43|191|198|63|197|175|236|230|136|161|148|99|195|89|183|12|110|21|180|81|80|92|59|125|161|15|146|179|69|152|74|114|98|232|56|37|163|50|60|238|163|117|186|187|90|24|15|134|231|187|34|87|158|57|118|97|238|62|72|38|37|3|86|145|161|81|83|79|10|3|212|68|255|60|160|30|34|146|176|107|220|166|101|59|85|70|113|6|77|143|236|104|251|111|173|243|216|195|128|245|107|175|92|152|197|131|208|125|141|46|242|133|88|228|113|8|179|186|60|111|184|174|171|0|48|179|69|92|53|205|191|12|100|191|214|82|116|49|153|180|70|129|205|224|252|186|31|200|21|226|143|65|73|165|104|181|51|23|191|174|241|143|72|58|229|235|101|57|189|33|175|22|106|152|248|66|79|103|198|62|96|235|79|204|206|1|204|175|157|174|170|142|167|139|127|229|89|86|53|2|28|215|238|184|228|161|67|175|213|74|224|13|253|122|198|160|250|55|91|104|252|41|79|160|32|207|245|48|170|206|143|65|72|163|222|208|129|154|163|147|102|240|191|1|98|126|18|152|
Overall Best: 0.9102 Generation: 19

Generation 21
Average: 0.8869 Best: 0.9021
Best Individual: 
C0 161|142|190|6|170|136|76|87|154|227|204|194|72|96|220|144|181|35|190|20|178|30|93|129|16|6|176|177|46|228|235|127|208|78|114|72|183|129|223|45|89|130|189|137|167|237|112|246|163|117|186|187|126|24|15|134|231|187|34|87|158|57|118|97|238|62|72|38|37|3|86|145|161|81|83|79|10|3|212|68|255|60|160|30|34|146|176|107|220|166|101|59|85|70|113|6|77|143|236|104|251|176|173|243|216|195|128|245|107|175|92|152|197|131|208|125|141|46|242|133|88|228|113|8|179|186|60|111|184|174|171|0|48|179|69|92|53|205|191|12|222|191|214|82|116|49|153|180|70|129|205|224|252|186|31|200|21|226|143|65|106|165|104|181|51|23|191|174|241|143|72|58|229|235|204|234|189|92|175|22|106|152|248|66|79|103|198|62|96|235|79|204|206|1|204|13|154|243|237|218|72|0|162|239|194|81|3|19|241|42|229|75|43|90|131|52|192|242|23|147|236|232|50|48|141|245|179|17|28|214|105|154|87|104|0|171|78|88|137|186|20|231|254|81|235|251|53|147|205|181|126|62|93|25|156|189|
Overall Best: 0.9102 Generation: 19

Generation 22
Average: 0.8857 Best: 0.9040
Best Individual: 
C0 253|27|8|119|170|27|76|87|154|227|204|194|72|96|220|144|181|35|190|38|178|30|93|129|16|6|176|177|46|228|235|127|208|78|114|72|183|129|223|45|89|130|189|153|167|237|112|60|163|117|186|187|126|24|15|134|231|187|34|87|158|57|118|97|13|62|72|38|37|3|86|145|161|81|83|79|10|3|212|68|255|60|160|30|34|146|168|107|220|166|101|59|85|167|113|6|77|143|236|104|251|176|173|243|216|195|128|245|107|175|92|152|197|131|208|125|141|46|242|11|88|228|113|8|179|186|60|32|184|174|171|0|48|179|69|92|53|205|191|12|222|115|214|82|116|49|153|180|70|129|205|224|252|186|31|200|21|226|143|65|106|165|104|181|51|23|191|174|241|143|72|58|229|235|101|57|189|33|121|22|252|152|137|66|250|103|198|93|97|253|79|204|206|1|90|175|210|63|170|168|171|47|109|85|125|241|100|13|8|215|162|78|243|161|168|218|238|11|190|126|74|252|127|37|164|58|6|37|109|62|231|135|141|170|212|160|78|221|94|88|118|229|102|43|177|225|133|159|120|183|149|31|14|102|238|48|
Overall Best: 0.9102 Generation: 19

Generation 23
Average: 0.8863 Best: 0.8989
Best Individual: 
C0 253|27|8|119|170|27|76|87|154|227|204|194|72|96|220|99|181|35|190|38|178|30|93|129|16|6|176|177|46|228|235|127|208|78|114|77|183|129|223|45|89|130|189|153|167|64|47|153|224|192|2|138|109|231|208|72|191|183|97|155|217|20|27|178|236|215|76|124|110|86|20|178|240|184|233|79|160|3|133|197|133|179|160|157|74|113|176|107|220|166|72|76|63|34|32|102|26|196|122|95|66|247|84|108|28|172|218|122|65|176|193|24|224|15|79|124|243|59|186|164|66|98|110|165|255|142|162|2|47|156|61|70|237|222|151|188|165|116|18|162|1|10|140|99|125|49|10|75|21|143|237|224|132|203|31|200|104|84|73|202|73|156|39|126|51|254|241|235|241|242|7|157|67|227|176|89|156|253|211|134|217|109|7|138|108|53|198|93|97|253|79|204|206|1|90|175|210|63|170|168|171|47|109|85|125|241|100|13|8|215|162|78|243|161|168|218|238|11|190|126|74|252|127|37|164|58|6|37|149|62|231|135|141|170|212|246|78|221|94|88|118|229|102|43|177|225|133|159|120|183|28|31|14|102|238|48|
Overall Best: 0.9102 Generation: 19

Generation 24
Average: 0.8885 Best: 0.9071
Best Individual: 
C0 178|161|149|183|148|122|62|47|212|41|19|140|109|68|143|105|81|148|81|181|50|17|43|253|106|83|48|219|213|56|15|130|8|159|250|87|125|66|68|109|143|19|84|77|112|36|91|56|254|5|100|29|95|10|134|82|76|109|244|228|181|42|133|94|238|222|227|53|94|47|242|145|38|219|238|9|10|205|22|238|15|147|160|98|110|136|87|241|160|234|98|54|134|190|58|192|166|210|90|130|119|104|1|144|77|12|31|75|39|193|251|98|197|41|208|125|226|46|242|63|28|228|113|8|179|186|15|59|122|176|174|210|236|235|1|73|172|30|17|1|243|183|61|138|194|78|23|172|211|226|82|240|162|104|122|24|251|132|118|87|194|137|237|136|187|250|2|227|170|174|44|30|254|25|136|118|209|139|241|168|181|179|2|165|147|53|120|113|230|157|132|157|44|247|141|13|26|3|237|208|193|25|169|56|64|81|42|64|60|113|21|129|126|183|199|52|189|24|23|147|32|55|76|48|28|152|154|20|26|214|62|154|65|206|235|160|17|88|121|106|20|212|199|25|177|222|249|136|80|176|22|22|51|149|124|233|
Overall Best: 0.9102 Generation: 19

Generation 25
Average: 0.8881 Best: 0.9027
Best Individual: 
C0 13|85|41|212|64|181|53|153|43|191|234|115|195|37|118|26|86|196|225|66|40|178|185|239|88|222|169|163|123|244|61|28|238|222|163|149|161|39|96|12|161|0|253|234|251|199|105|83|174|192|61|106|25|186|8|39|99|57|157|45|15|218|251|76|128|83|142|152|94|3|46|129|38|2|238|208|10|10|22|181|221|147|160|78|110|136|178|155|160|18|98|54|208|249|208|22|71|230|70|233|177|203|187|184|144|66|69|74|10|174|110|182|12|95|19|137|246|46|109|58|121|26|5|130|116|134|61|60|67|18|91|1|101|230|34|105|178|148|232|103|94|160|102|165|56|78|53|138|6|16|82|15|192|39|84|26|96|60|7|0|194|155|121|136|187|242|177|226|89|174|44|23|229|206|110|89|144|139|70|196|115|177|174|72|126|80|176|109|57|97|66|197|29|211|250|232|232|255|137|92|229|217|212|24|207|221|60|55|176|48|29|180|118|10|40|52|130|204|58|225|162|76|180|249|235|207|66|250|81|116|107|219|174|145|42|141|147|31|24|145|90|107|1|107|225|16|163|173|107|200|47|25|131|110|163|152|
Overall Best: 0.9102 Generation: 19

Generation 26
Average: 0.8872 Best: 0.9014
Best Individual: 
C0 13|85|41|212|79|181|1|86|43|191|234|115|195|37|144|26|86|196|225|66|40|178|185|239|88|222|169|163|139|244|61|28|238|222|163|149|161|39|96|12|161|227|253|234|251|199|105|83|174|192|61|106|168|186|8|36|99|86|157|45|15|35|251|76|193|83|142|152|94|3|46|129|105|2|238|215|10|32|205|236|74|252|10|30|138|224|178|155|160|18|98|54|208|249|208|22|71|230|70|233|177|203|187|184|144|45|69|74|10|174|110|182|12|223|19|137|246|46|109|58|121|26|145|151|116|134|61|194|67|18|91|1|101|230|34|105|178|148|232|103|94|160|102|165|56|78|53|138|6|16|82|15|192|188|42|26|96|136|136|0|194|155|121|136|187|242|7|226|89|174|138|23|229|206|110|89|144|139|70|235|115|246|174|72|126|80|176|109|57|97|66|197|29|211|250|232|232|255|137|166|229|217|212|24|115|221|60|55|175|48|29|178|118|10|40|52|130|204|58|225|162|76|147|249|235|207|66|250|81|116|107|219|174|145|42|114|147|31|24|145|71|107|1|107|225|16|163|155|107|200|47|25|131|110|163|152|
Overall Best: 0.9102 Generation: 19

Generation 27
Average: 0.8890 Best: 0.9027
Best Individual: 
C0 121|198|202|233|188|9|105|172|62|162|90|118|62|175|93|209|97|161|252|99|69|60|229|233|227|23|175|136|25|119|175|111|0|227|188|179|246|178|225|15|57|232|9|182|69|145|175|238|14|109|56|95|161|194|81|3|241|89|144|63|145|225|158|145|248|193|253|235|7|142|242|189|64|67|182|66|48|3|151|182|183|147|176|255|37|193|213|57|193|94|6|13|207|48|222|22|193|57|179|40|177|203|148|0|144|55|69|82|107|99|3|152|197|191|28|44|141|224|242|11|88|228|113|8|51|45|100|32|184|84|232|129|101|140|110|131|92|177|82|103|128|160|102|180|56|235|9|4|50|104|237|182|46|12|31|193|114|24|73|102|73|206|159|17|18|226|93|67|241|143|148|110|229|240|212|218|221|33|241|5|181|196|2|165|147|53|120|113|13|157|5|157|44|247|141|13|26|3|237|208|13|217|162|219|76|140|104|125|107|254|156|181|118|143|59|5|209|74|228|225|193|76|69|144|250|72|170|250|81|207|210|10|5|59|102|25|78|18|184|159|249|229|34|174|222|225|87|25|164|156|149|170|76|40|208|150|
Overall Best: 0.9102 Generation: 19

Generation 28
Average: 0.8902 Best: 0.9096
Best Individual: 
C0 33|217|7|120|5|101|142|172|43|191|209|63|197|175|236|74|136|161|148|118|195|112|130|12|116|21|245|81|239|231|62|92|161|15|67|135|92|147|255|219|165|129|100|109|254|61|155|51|147|237|56|240|161|194|73|191|99|53|144|241|138|47|101|239|17|9|69|164|227|186|92|97|189|93|138|158|39|82|238|247|21|222|2|86|96|241|165|42|208|94|206|179|127|236|4|104|43|184|152|71|177|203|94|249|44|79|70|144|52|57|212|147|128|229|1|137|246|46|109|58|121|26|5|130|116|108|193|238|67|76|91|1|101|205|34|96|253|240|232|103|94|160|102|138|139|145|53|172|247|16|82|15|192|100|84|76|96|60|7|0|19|155|131|136|187|242|111|204|89|174|44|93|208|206|81|89|144|139|235|28|115|177|174|57|157|29|176|29|57|97|66|197|29|247|250|232|232|255|71|231|229|217|162|144|103|221|60|55|176|48|113|180|162|10|47|102|174|204|58|225|234|76|66|151|44|176|66|250|176|253|114|78|22|250|244|62|78|194|70|193|196|34|48|208|151|154|163|147|149|240|126|190|2|188|198|75|
Overall Best: 0.9102 Generation: 19

Generation 29
Average: 0.8897 Best: 0.9077
Best Individual: 
C0 33|217|7|120|5|101|142|172|43|191|209|63|197|175|236|74|136|161|101|118|195|112|130|12|1|21|245|81|239|231|153|92|161|15|67|135|92|147|255|219|165|129|100|109|254|61|155|51|21|237|56|48|161|194|73|191|99|53|144|241|138|47|226|239|17|9|69|164|227|186|92|97|189|235|138|158|39|82|238|247|21|222|2|86|96|241|165|42|208|94|206|179|127|67|4|104|43|184|198|71|177|203|94|249|44|79|70|144|52|57|212|147|128|229|106|137|243|252|127|84|238|98|14|11|255|142|16|59|122|156|83|155|228|160|96|4|69|76|233|12|45|178|51|99|67|140|145|14|116|74|11|44|215|42|204|215|107|167|19|120|128|65|253|59|57|218|63|212|35|77|131|180|208|206|81|89|144|139|235|28|115|177|250|57|157|29|176|29|57|97|66|96|29|247|250|232|232|195|30|231|229|217|162|144|103|221|60|55|176|48|113|165|162|10|47|102|174|204|58|225|234|76|157|219|44|176|66|250|176|253|114|78|22|250|244|62|78|194|70|193|196|34|48|208|151|154|163|147|149|240|126|190|2|188|198|75|
Overall Best: 0.9102 Generation: 19
==================
    Best individual after 30 generations
    computed in 3,952.8870 seconds
    1450 elements out of 1593 correct.
    emerged in generation 19
    with fitness 0.9102
==================

