Starting evolution...

Generation 0
Average: 0.8591 Best: 0.8908
Best Individual: 
C0 25|60|87|91|183|153|170|45|204|65|180|76|35|73|67|158|38|11|175|145|100|122|99|245|97|181|61|81|65|52|254|160|11|221|10|62|162|83|236|219|212|54|124|202|81|174|110|119|174|173|198|24|47|63|153|134|54|41|52|20|49|119|221|160|211|4|13|151|133|11|47|161|15|203|178|146|137|210|138|15|236|255|208|129|146|155|225|138|108|185|206|202|182|2|168|255|114|137|221|179|251|165|132|105|174|239|56|7|167|92|224|109|81|59|142|180|161|53|110|29|162|187|163|236|21|103|194|160|206|126|145|132|192|133|161|147|102|29|78|167|175|140|180|102|133|75|74|43|64|171|163|252|142|25|92|1|175|217|222|101|227|47|73|142|163|146|146|97|34|120|144|8|78|86|134|20|179|237|97|253|49|196|239|26|207|129|215|180|169|102|106|208|44|101|212|13|179|136|169|164|251|26|53|8|148|189|149|151|12|22|23|37|108|210|217|98|10|222|129|53|197|106|42|224|65|231|168|90|175|126|185|172|118|166|134|70|252|106|166|22|144|144|151|3|167|98|90|211|60|1|240|194|133|83|35|48|
Overall Best: 0.8908 Generation: 0

Generation 1
Average: 0.8661 Best: 0.8945
Best Individual: 
C0 25|60|87|91|183|153|170|45|204|65|180|76|35|228|67|158|38|11|125|145|100|122|99|245|97|181|61|81|65|52|172|160|11|221|104|62|162|83|236|219|212|54|124|173|81|174|110|119|174|173|44|24|47|63|153|134|54|41|52|20|49|119|221|160|211|4|13|151|133|11|47|161|15|203|178|252|137|210|138|15|236|255|208|129|146|155|225|138|108|185|206|202|182|126|175|255|114|137|221|179|251|165|132|105|45|239|56|7|167|92|224|109|81|59|142|180|161|53|110|29|162|187|163|236|21|103|194|160|206|126|145|8|192|133|161|147|102|29|78|167|175|46|180|102|133|75|74|43|64|171|163|252|142|25|92|1|175|217|222|101|77|170|91|142|131|146|146|97|34|120|144|8|78|86|134|20|179|237|97|253|49|196|239|26|207|129|215|180|169|102|106|208|44|101|212|13|30|136|130|164|251|26|216|8|148|189|149|151|12|22|23|37|108|210|217|8|10|222|129|53|197|106|42|224|65|251|168|90|175|126|185|172|118|166|134|70|252|106|254|22|144|144|151|3|167|98|90|211|60|1|240|194|133|83|35|48|
Overall Best: 0.8945 Generation: 1

Generation 2
Average: 0.8684 Best: 0.8901
Best Individual: 
C0 210|60|87|91|183|153|170|45|204|85|180|76|35|228|67|158|38|11|125|145|100|122|99|245|97|181|61|81|65|52|172|234|11|221|104|62|162|83|236|85|212|54|124|218|81|174|110|119|174|173|44|24|47|63|153|134|54|41|52|165|49|119|221|160|211|4|150|151|133|11|47|161|15|202|178|252|137|210|138|15|236|255|208|129|146|155|225|138|108|185|206|202|167|126|175|255|66|137|221|179|251|165|132|105|45|239|56|7|167|92|224|109|81|59|142|180|161|53|110|29|162|187|163|236|21|103|194|160|206|126|145|145|192|133|161|147|139|29|22|167|175|46|180|102|133|106|74|43|64|171|163|107|206|210|74|202|73|124|69|88|160|206|97|139|233|194|70|37|91|236|176|127|53|42|187|149|168|123|41|57|172|143|169|78|240|4|136|230|218|221|204|194|189|147|127|1|63|33|215|222|87|199|12|184|4|16|46|18|87|53|113|89|111|4|210|123|63|169|41|99|169|92|177|31|124|215|181|48|118|182|228|150|72|48|32|85|3|143|253|170|249|144|151|3|167|98|90|211|160|1|240|194|133|83|35|48|
Overall Best: 0.8945 Generation: 1

Generation 3
Average: 0.8718 Best: 0.8883
Best Individual: 
C0 25|60|87|91|183|153|170|102|204|65|180|76|35|228|67|158|38|11|125|145|100|44|99|245|97|181|61|81|65|52|172|160|43|221|104|62|162|83|236|219|118|54|124|173|81|174|110|27|66|173|17|24|47|63|153|134|11|41|52|20|203|119|221|104|211|4|13|151|133|11|47|161|15|142|178|252|137|210|138|15|56|255|208|129|146|155|225|138|108|120|206|174|182|126|175|255|114|137|221|179|251|165|177|105|45|239|56|7|167|92|224|6|81|59|142|180|54|53|71|29|162|187|163|236|21|87|194|160|206|126|145|8|192|71|161|147|102|29|21|167|175|37|180|102|133|75|74|43|30|171|163|252|142|25|92|1|175|217|222|224|77|170|91|75|131|146|146|97|34|120|144|118|78|86|134|20|179|237|51|253|49|196|239|26|207|129|215|10|169|102|106|156|164|101|227|13|30|23|130|164|251|26|216|8|148|189|91|219|12|244|23|37|108|210|216|8|10|222|129|53|197|106|42|224|65|251|168|142|175|126|185|172|118|241|134|96|252|106|172|123|144|144|151|3|167|98|90|211|60|44|240|194|133|74|35|48|
Overall Best: 0.8945 Generation: 1

Generation 4
Average: 0.8738 Best: 0.8914
Best Individual: 
C0 25|60|87|91|183|153|170|102|23|65|180|76|35|228|67|158|38|11|125|145|100|123|99|245|97|181|61|81|65|52|172|160|43|221|104|62|162|83|236|219|118|54|124|173|155|174|110|27|66|173|17|215|47|63|131|134|11|41|52|20|203|119|221|104|211|4|13|151|133|11|198|161|15|142|178|252|137|210|138|15|56|255|208|129|146|155|225|138|108|120|206|174|182|126|175|255|114|137|45|179|4|165|177|105|45|239|56|7|167|92|224|6|81|59|142|180|54|53|71|29|159|187|163|236|21|87|194|160|206|126|145|8|192|71|161|147|102|29|21|167|175|69|180|102|133|75|223|43|30|171|163|252|142|25|92|209|175|217|222|224|38|170|123|75|131|146|146|97|34|120|144|118|78|86|134|20|179|148|51|253|49|131|239|26|207|129|215|204|169|102|106|156|164|171|227|13|30|23|130|252|251|26|216|8|148|180|91|219|99|244|23|37|108|210|216|8|10|20|129|53|197|106|42|224|65|251|168|142|175|126|185|172|118|241|134|96|252|106|172|123|144|144|151|3|167|98|90|211|60|44|240|194|133|74|35|48|
Overall Best: 0.8945 Generation: 1

Generation 5
Average: 0.8735 Best: 0.8889
Best Individual: 
C0 255|217|9|83|228|120|95|179|15|47|59|247|253|186|199|153|9|146|215|29|183|208|91|100|236|105|82|20|189|134|4|235|87|137|254|58|222|244|195|198|54|231|206|28|216|62|129|183|20|141|29|214|175|221|139|122|91|124|74|57|134|38|168|212|159|108|190|249|154|164|117|194|56|12|107|152|6|188|94|172|178|160|144|35|122|213|2|209|167|162|97|134|146|241|93|120|200|230|224|61|80|38|56|16|14|229|138|5|101|80|129|168|29|52|213|66|234|192|160|175|171|239|14|210|174|140|213|206|34|115|57|168|213|204|145|56|200|114|74|236|103|223|120|226|250|50|212|66|152|43|241|109|202|26|133|140|138|219|153|40|175|103|77|230|159|164|172|255|175|10|60|2|237|101|231|185|55|126|18|213|6|184|65|51|198|51|57|64|102|131|247|168|111|183|115|75|139|18|34|187|121|47|143|176|145|235|191|25|171|112|204|198|143|247|211|221|24|134|175|128|231|16|192|16|4|169|37|139|201|42|236|169|133|232|66|8|183|67|12|239|91|120|186|137|212|178|184|83|145|135|219|47|160|135|91|148|
Overall Best: 0.8945 Generation: 1

Generation 6
Average: 0.8731 Best: 0.8876
Best Individual: 
C0 20|86|187|236|37|39|197|103|93|41|7|95|27|12|177|194|241|242|100|8|58|103|91|81|104|246|135|69|10|236|152|92|184|54|243|210|10|203|245|227|225|222|208|202|214|101|82|90|177|83|154|49|233|178|238|12|74|29|112|167|112|247|139|212|125|108|163|249|154|112|38|173|10|140|111|152|6|77|94|45|178|189|119|120|168|240|245|127|215|37|148|50|97|40|210|223|168|95|251|80|130|67|176|84|65|144|219|24|124|86|179|103|78|133|153|67|72|145|154|80|146|2|220|212|142|46|174|47|147|31|220|208|254|103|145|15|175|136|130|236|64|216|30|38|115|130|212|66|234|43|36|109|202|26|133|140|23|172|153|117|174|163|250|182|202|97|124|140|150|2|226|220|81|182|38|161|133|176|201|119|178|70|12|176|89|122|158|50|180|85|122|84|112|34|62|66|206|201|102|93|92|184|116|240|137|98|177|95|171|72|41|123|73|180|12|54|215|170|196|227|229|134|227|145|112|154|40|167|184|98|217|68|144|151|186|188|135|46|97|180|125|248|169|2|230|224|74|129|154|162|244|166|60|7|233|44|
Overall Best: 0.8945 Generation: 1

Generation 7
Average: 0.8739 Best: 0.8901
Best Individual: 
C0 148|81|247|169|22|35|164|86|75|165|193|138|228|105|245|140|80|68|150|196|154|46|205|82|211|15|102|29|112|84|182|90|188|207|239|237|41|53|114|163|39|161|10|132|162|207|238|130|164|63|197|216|105|127|92|178|236|76|186|187|190|193|78|231|12|91|221|172|250|166|168|91|92|103|1|112|90|242|122|43|229|79|220|111|96|13|90|130|2|238|207|25|66|111|236|4|224|183|10|168|142|94|87|15|251|249|212|68|44|86|20|103|78|133|153|29|149|104|154|80|190|2|220|212|142|46|174|47|238|31|220|96|138|103|225|15|56|2|89|174|49|165|196|179|185|55|157|217|185|38|161|91|129|141|131|109|122|214|239|176|178|222|180|201|80|124|21|46|148|154|39|86|235|244|182|160|167|155|30|211|67|51|115|108|15|191|73|44|59|252|225|63|166|190|99|131|42|106|196|124|22|35|66|197|15|246|29|139|49|63|211|243|124|145|62|139|129|117|51|227|168|134|131|57|110|217|148|121|14|9|13|235|103|63|229|130|186|209|182|163|128|99|121|2|230|224|197|116|154|162|131|166|241|11|237|234|
Overall Best: 0.8945 Generation: 1

Generation 8
Average: 0.8745 Best: 0.8952
Best Individual: 
C0 112|127|219|143|65|176|5|177|177|47|9|94|213|186|199|133|23|138|196|29|229|254|91|104|236|105|82|208|128|173|242|73|75|193|90|104|150|221|74|228|46|2|230|56|38|251|215|86|184|136|186|33|41|7|13|144|253|1|187|83|74|19|101|53|24|116|252|160|178|21|131|153|11|164|136|55|186|3|147|227|193|7|196|176|43|236|114|226|49|162|195|119|25|146|80|120|13|230|47|128|241|201|240|48|14|104|195|35|71|60|67|218|29|16|87|165|60|107|156|79|197|239|72|111|117|202|2|234|120|25|74|232|240|210|228|118|215|52|16|0|156|62|156|230|69|136|1|8|54|67|74|81|141|100|82|86|138|245|96|40|37|103|77|230|159|164|172|255|175|44|60|2|237|101|243|43|168|157|229|39|173|51|139|51|198|51|107|199|102|131|247|168|157|113|115|226|7|62|102|93|65|119|27|184|153|128|156|151|174|123|29|152|193|132|225|89|106|252|232|157|90|26|1|58|15|15|53|206|25|148|95|126|141|223|233|18|110|201|75|232|20|205|51|82|209|176|138|62|156|11|240|194|160|135|44|148|
Overall Best: 0.8952 Generation: 8

Generation 9
Average: 0.8769 Best: 0.8933
Best Individual: 
C0 255|217|98|189|60|19|135|174|247|48|43|96|196|230|177|194|249|117|157|123|217|75|46|152|31|29|44|60|63|237|236|206|249|78|69|11|162|84|105|168|45|56|128|11|196|59|86|166|218|185|225|33|186|102|216|241|54|26|235|217|49|119|221|2|51|227|13|151|133|11|108|161|15|203|36|252|137|210|138|15|56|137|71|62|137|40|113|147|108|120|13|174|182|220|82|255|114|137|221|179|251|4|210|129|157|239|8|30|89|140|192|157|81|42|152|199|54|97|110|202|229|187|163|236|188|87|49|160|206|126|145|8|192|71|161|146|35|29|52|167|69|37|151|102|179|75|74|15|64|171|198|31|7|25|92|172|175|217|222|224|77|69|227|182|105|52|244|33|23|169|134|15|186|217|10|3|245|102|94|158|235|154|39|211|124|162|152|7|174|242|88|74|47|80|115|15|115|168|169|58|243|181|181|252|76|236|138|21|197|21|164|84|200|46|16|221|98|76|175|125|231|16|192|96|4|169|173|139|201|42|226|169|133|232|66|8|2|67|12|239|91|227|70|154|212|15|184|142|90|74|34|26|63|135|154|178|
Overall Best: 0.8952 Generation: 8

Generation 10
Average: 0.8770 Best: 0.8914
Best Individual: 
C0 43|217|98|189|242|120|56|228|15|150|59|152|35|228|67|61|140|11|108|142|177|208|91|12|137|105|177|99|203|157|4|129|239|137|236|88|35|46|195|114|54|4|132|59|37|62|129|118|20|111|173|245|62|221|117|122|121|231|18|253|22|167|207|77|78|49|195|211|175|227|208|79|203|84|138|230|81|135|72|237|52|97|45|217|163|168|129|246|71|245|164|161|2|138|36|56|59|134|226|194|162|198|162|9|252|195|163|76|124|67|248|50|123|244|14|79|5|51|2|156|48|1|145|210|174|140|213|168|137|115|57|168|227|65|185|83|94|25|11|236|156|223|120|226|250|7|212|204|29|43|241|157|202|26|133|140|23|219|109|40|112|103|77|230|159|5|172|255|212|10|60|2|229|244|231|59|251|126|21|213|193|248|65|51|198|160|245|64|187|131|152|168|111|183|129|94|139|95|34|126|121|49|143|222|42|164|56|177|171|112|21|198|225|1|211|221|98|212|175|125|231|16|192|96|4|169|173|139|16|42|226|169|64|232|187|151|88|67|208|239|91|227|70|154|212|15|184|142|90|74|150|26|128|135|154|178|
Overall Best: 0.8952 Generation: 8

Generation 11
Average: 0.8776 Best: 0.8958
Best Individual: 
C0 2|127|182|26|65|176|5|35|102|47|9|94|213|230|199|133|43|225|196|29|183|183|173|62|33|105|125|29|112|84|182|90|135|207|18|237|41|53|114|163|39|72|10|132|171|207|238|130|164|63|197|216|105|133|151|178|98|76|218|245|190|206|122|231|240|91|221|172|250|166|80|196|92|103|145|188|186|3|106|135|193|7|196|176|43|236|76|181|247|62|62|34|168|126|210|122|168|95|178|80|130|234|210|78|10|191|56|7|167|70|22|157|81|59|178|172|54|53|129|39|237|111|229|100|64|145|146|233|186|172|58|149|73|34|194|38|56|2|136|174|62|72|196|119|68|55|160|156|74|38|161|121|129|122|61|109|80|65|133|79|19|108|213|98|80|124|18|77|175|44|60|2|34|152|146|43|21|157|229|176|173|51|195|51|238|51|29|199|102|85|205|168|232|113|115|226|7|16|102|93|65|243|27|94|42|67|170|235|209|123|29|152|193|132|224|89|106|187|232|157|90|26|1|151|160|245|53|139|201|125|236|130|146|204|180|202|111|90|181|40|133|47|107|56|212|160|66|130|142|219|219|189|183|71|197|147|
Overall Best: 0.8958 Generation: 11

Generation 12
Average: 0.8798 Best: 0.8970
Best Individual: 
C0 112|127|219|143|65|176|5|177|177|47|9|81|213|186|190|133|74|138|196|29|151|254|91|104|236|105|82|221|132|173|242|73|75|193|90|104|136|105|117|242|46|33|230|240|9|252|215|86|184|136|186|33|41|7|26|163|183|190|187|83|74|19|101|96|93|232|252|160|178|21|131|157|11|164|136|219|43|3|147|227|43|7|196|245|43|236|114|226|97|162|47|119|141|209|80|78|168|230|220|152|232|110|227|50|162|155|58|132|61|205|197|7|13|102|40|32|199|53|189|12|237|177|229|190|64|145|146|198|209|172|58|149|33|34|160|38|160|190|136|174|82|221|134|119|5|55|160|167|74|40|161|182|129|146|61|151|122|65|133|79|19|78|180|201|80|124|98|77|175|44|60|25|42|101|146|65|168|157|229|176|173|27|102|51|208|213|247|47|89|205|201|224|246|190|171|211|44|227|35|35|175|35|65|242|146|204|149|187|218|254|211|177|92|174|206|139|70|252|21|27|173|250|37|95|72|177|14|202|109|170|123|110|148|40|210|45|243|116|80|155|173|151|183|59|249|201|111|198|13|106|84|147|113|237|44|106|
Overall Best: 0.8970 Generation: 12

Generation 13
Average: 0.8795 Best: 0.8983
Best Individual: 
C0 122|60|188|210|171|153|170|102|204|96|116|59|141|246|67|236|159|73|237|145|120|163|177|245|154|181|61|81|65|123|216|160|226|244|14|62|162|235|136|205|42|36|10|60|213|1|180|31|174|183|126|236|91|202|147|45|249|58|245|71|136|47|193|31|17|162|223|26|88|71|240|230|183|79|25|215|20|3|71|84|148|178|211|8|57|40|186|194|52|157|62|199|248|193|131|255|75|47|6|179|182|155|4|92|241|131|22|81|82|71|77|179|130|232|177|79|118|230|82|246|67|160|49|247|21|205|33|160|25|94|91|8|183|19|161|120|97|29|21|167|241|37|36|2|22|26|81|255|30|152|45|239|142|25|167|79|165|41|169|224|77|170|91|107|160|146|210|220|97|192|12|142|111|135|198|152|36|189|177|68|149|244|139|85|198|247|157|199|102|171|194|51|112|190|60|131|45|21|196|179|92|117|158|240|229|98|127|39|171|72|27|40|73|10|184|54|94|248|211|227|122|134|44|113|216|15|179|71|22|237|95|62|246|212|207|18|110|201|75|155|20|205|51|82|237|176|185|62|215|111|240|228|127|74|35|98|
Overall Best: 0.8983 Generation: 13

Generation 14
Average: 0.8816 Best: 0.8958
Best Individual: 
C0 122|60|59|7|171|153|170|102|204|96|116|59|141|159|67|236|159|73|226|145|58|163|177|186|59|255|106|176|65|123|100|160|226|244|28|62|165|235|136|205|42|148|10|132|213|1|180|31|196|183|126|236|91|202|154|57|249|167|245|71|136|47|193|31|17|162|223|79|120|15|240|230|183|201|45|197|19|3|71|141|148|56|211|8|57|49|186|194|52|216|62|199|248|189|131|255|75|47|13|137|182|155|4|92|115|131|22|81|63|71|77|183|1|232|177|79|118|230|82|246|83|160|49|247|62|201|194|160|240|94|190|8|69|103|161|80|91|29|21|167|175|37|56|2|197|55|160|238|138|142|161|64|129|58|61|237|80|65|53|240|19|108|213|147|80|124|55|77|175|175|60|125|34|152|146|43|21|225|229|176|173|51|99|31|238|51|29|199|123|85|205|239|232|113|115|226|7|170|102|93|65|243|16|94|42|67|170|10|254|123|29|152|209|132|224|117|141|150|214|99|133|214|248|59|50|244|179|71|22|148|62|62|246|57|207|18|39|133|75|155|20|205|51|82|98|176|138|62|215|111|35|228|154|74|130|98|
Overall Best: 0.8983 Generation: 13

Generation 15
Average: 0.8805 Best: 0.8989
Best Individual: 
C0 122|247|188|210|171|126|170|102|204|96|116|59|99|188|67|236|83|17|73|145|61|50|177|53|202|239|177|51|186|205|100|160|190|244|14|62|162|161|136|205|42|70|10|60|213|1|180|31|174|183|126|236|91|202|147|45|249|58|245|71|136|47|193|31|17|162|223|26|88|71|240|5|183|79|46|215|14|3|71|84|148|178|211|8|57|40|186|194|242|157|62|47|248|193|213|65|75|47|6|179|166|155|4|92|241|131|22|81|82|71|77|179|130|232|177|79|118|230|82|173|178|160|49|247|21|205|33|160|25|93|91|158|74|232|71|120|97|143|21|109|241|37|36|190|22|26|81|240|30|152|45|110|142|141|167|212|165|41|169|224|135|170|247|107|38|146|210|229|97|192|50|142|126|217|143|148|177|21|101|129|132|175|84|241|103|129|160|10|169|230|49|51|96|86|227|14|226|232|136|40|138|158|8|60|11|245|143|244|71|140|223|48|122|22|204|120|41|172|208|59|242|214|46|59|217|15|53|71|25|207|39|62|213|212|187|18|110|189|214|93|20|192|51|13|239|100|188|62|156|72|240|228|127|74|88|95|
Overall Best: 0.8989 Generation: 15

Generation 16
Average: 0.8807 Best: 0.8952
Best Individual: 
C0 145|60|188|210|171|153|166|205|204|96|116|59|141|47|67|28|159|73|237|145|120|160|107|203|154|181|61|81|148|123|100|160|226|244|6|62|162|57|136|205|42|36|10|78|213|1|180|220|174|183|126|236|91|157|147|45|123|58|245|71|136|47|193|199|17|162|223|26|88|71|240|5|183|79|46|188|14|58|71|84|76|211|211|8|57|40|186|194|52|157|62|47|248|193|213|255|75|47|75|103|60|155|183|92|241|131|22|163|82|71|77|179|130|232|177|79|118|230|82|218|125|160|49|247|21|112|33|160|25|93|91|158|183|232|71|120|241|29|21|3|241|37|36|2|22|26|81|255|30|186|45|239|142|25|167|5|123|41|169|224|77|170|210|107|151|146|210|220|55|192|12|142|111|49|198|152|132|189|177|68|149|244|244|85|198|247|171|199|102|171|194|51|112|136|118|131|45|251|196|179|228|40|158|240|188|98|127|39|171|72|27|40|73|214|184|54|94|248|211|227|40|134|44|186|216|15|10|71|64|229|95|62|246|135|207|18|110|201|3|156|123|205|51|82|237|176|121|62|215|111|240|228|209|74|35|98|
Overall Best: 0.8989 Generation: 15

Generation 17
Average: 0.8811 Best: 0.9058
Best Individual: 
C0 2|36|182|26|65|176|5|74|102|231|42|168|142|12|131|166|241|163|47|127|159|103|1|71|104|170|96|69|10|36|92|160|248|50|243|30|162|211|245|243|169|54|220|213|127|101|96|242|212|83|65|14|228|27|93|12|236|122|24|223|112|247|168|178|125|108|5|130|186|189|38|45|102|23|145|159|97|52|106|135|193|7|28|176|43|253|76|114|247|120|62|34|163|68|210|122|67|95|178|80|130|209|121|78|10|191|56|83|167|70|22|157|63|59|178|172|54|53|62|39|237|111|137|224|9|145|42|233|186|67|58|149|73|34|194|38|45|23|136|174|129|63|102|78|68|192|121|115|67|38|90|252|54|208|14|170|165|98|222|224|141|170|73|107|132|146|245|144|34|120|32|124|127|245|1|229|106|189|177|68|149|244|35|85|167|29|243|199|102|135|79|51|164|86|84|14|54|183|136|40|138|171|220|130|153|97|225|244|71|140|223|48|122|74|204|62|136|187|232|157|90|30|1|151|160|216|89|48|201|125|160|130|146|156|180|188|111|52|181|53|249|47|73|56|212|138|66|43|142|219|219|189|183|212|119|147|
Overall Best: 0.9058 Generation: 17

Generation 18
Average: 0.8827 Best: 0.8977
Best Individual: 
C0 2|36|182|26|65|176|5|74|102|231|42|168|142|84|131|166|226|163|47|23|159|103|1|71|104|59|96|69|10|36|92|160|248|50|243|30|152|211|196|243|169|54|220|213|127|101|224|242|212|83|65|14|228|27|93|12|236|122|24|223|54|247|168|178|125|108|5|130|186|189|38|45|102|23|145|159|97|52|106|135|193|7|28|176|43|253|76|114|247|120|62|34|75|68|210|112|67|95|178|80|130|209|121|78|10|191|56|83|167|70|22|243|63|59|178|172|54|53|62|39|237|111|137|224|9|145|42|233|186|67|58|149|73|34|194|38|45|23|136|77|129|63|102|78|31|192|121|115|67|38|90|252|54|208|14|170|165|98|222|224|233|170|73|107|132|146|245|88|34|120|32|124|127|182|1|229|106|189|177|68|149|244|35|85|69|29|243|199|102|135|79|51|164|68|84|14|54|183|136|40|138|171|220|130|153|97|225|244|89|140|223|48|122|74|204|62|136|187|232|157|90|30|1|65|160|216|89|48|201|125|160|130|146|156|180|188|111|52|97|53|249|47|73|56|105|138|4|43|142|219|75|189|208|212|119|147|
Overall Best: 0.9058 Generation: 17

Generation 19
Average: 0.8823 Best: 0.8964
Best Individual: 
C0 2|36|182|77|65|176|5|74|102|231|42|168|142|84|42|166|226|163|47|127|117|103|1|71|104|59|96|69|10|36|92|160|248|50|243|30|152|211|196|243|169|54|220|213|127|101|224|242|212|83|65|14|227|27|93|12|236|122|24|223|54|247|168|178|125|108|5|130|186|189|38|45|80|23|145|159|97|117|106|135|193|7|28|176|58|253|76|114|247|120|62|34|45|68|210|112|67|95|178|80|130|209|121|182|10|191|56|83|167|70|22|243|63|59|178|172|54|53|62|225|237|19|137|224|9|145|42|233|186|67|58|149|73|34|194|168|43|23|136|77|129|63|102|78|31|192|61|115|67|38|63|252|54|208|5|170|165|98|222|224|233|170|73|107|132|146|245|88|34|183|32|124|127|182|1|229|106|189|177|68|149|244|35|85|69|29|243|199|102|135|78|51|0|68|84|14|54|183|136|40|138|171|220|130|153|97|225|244|89|140|223|48|122|143|204|62|136|254|232|157|39|30|1|65|160|216|89|48|201|125|160|130|146|156|180|188|111|52|97|53|249|47|73|56|105|245|4|43|142|219|75|189|208|212|119|147|
Overall Best: 0.9058 Generation: 17

Generation 20
Average: 0.8807 Best: 0.8945
Best Individual: 
C0 120|28|76|133|60|93|50|67|82|44|61|58|136|243|177|236|249|114|215|122|114|38|65|223|105|15|242|225|128|185|182|17|46|1|177|237|100|48|165|163|39|178|194|130|127|18|73|28|101|141|135|154|228|160|160|64|57|96|187|46|61|95|240|166|88|116|148|160|49|0|231|141|254|164|136|55|186|235|74|135|193|7|76|176|57|47|186|152|210|189|191|199|248|189|157|255|67|47|109|137|182|155|4|92|55|38|242|236|207|162|201|179|92|117|163|82|69|82|196|93|93|139|195|115|161|124|44|144|22|63|140|62|39|172|103|216|163|45|141|25|162|202|185|82|115|21|160|63|234|29|110|14|244|250|133|133|23|204|153|141|174|156|250|240|9|97|148|121|47|203|23|147|81|182|36|47|68|118|98|24|205|149|153|73|101|149|236|68|81|43|36|47|111|169|235|66|197|201|234|205|92|241|115|240|137|98|39|205|171|73|133|145|188|195|184|54|213|137|235|170|161|81|12|179|233|84|193|91|206|2|77|34|57|48|175|186|211|95|59|226|22|64|100|202|176|207|236|255|54|103|178|58|16|22|6|49|
Overall Best: 0.9058 Generation: 17

Generation 21
Average: 0.8824 Best: 0.9033
Best Individual: 
C0 151|127|240|184|65|66|245|74|102|139|113|203|189|175|25|171|241|195|13|157|241|94|232|71|104|170|96|69|10|81|92|146|46|1|239|237|6|231|175|85|39|161|68|132|127|92|73|99|177|83|181|85|228|27|93|12|236|76|136|223|112|247|168|178|125|108|5|130|44|147|145|45|17|23|176|242|97|80|106|135|193|39|5|241|70|253|0|114|216|120|62|34|135|68|210|122|67|95|115|133|130|209|121|78|10|191|56|83|167|24|22|11|63|59|178|172|54|99|62|43|237|111|137|224|153|145|42|233|112|192|90|149|73|122|53|38|45|23|136|174|129|143|102|78|68|192|59|93|67|158|90|252|54|219|14|237|165|112|222|224|141|170|73|107|190|146|148|173|86|177|223|147|47|190|38|30|21|245|202|119|178|180|15|59|251|140|158|50|197|193|41|83|112|195|60|185|42|155|29|121|92|117|12|240|108|121|254|39|148|138|153|132|54|10|240|54|94|127|211|78|64|80|247|171|245|15|55|194|25|76|95|62|246|212|187|45|249|154|178|28|6|47|164|56|77|26|184|247|189|2|219|121|52|102|197|166|
Overall Best: 0.9058 Generation: 17

Generation 22
Average: 0.8814 Best: 0.8970
Best Individual: 
C0 237|108|160|1|176|78|152|39|206|169|112|58|136|5|177|129|5|114|102|186|46|85|92|82|92|148|229|80|193|95|182|157|37|18|239|205|122|11|175|39|30|247|10|132|213|106|59|43|174|160|126|56|91|206|11|195|249|58|133|71|251|165|163|94|7|35|99|78|120|39|240|230|19|199|25|225|97|80|106|135|193|7|28|241|70|253|76|114|216|120|62|100|135|68|210|122|75|8|232|179|211|200|4|111|113|16|91|206|155|152|77|158|83|27|177|95|146|230|82|173|178|150|77|247|191|205|33|138|97|93|91|158|74|136|71|221|97|239|21|104|206|180|30|38|233|130|193|156|138|228|51|70|129|58|239|1|80|164|133|79|19|200|100|98|222|124|188|77|152|175|46|202|34|128|146|43|37|69|229|87|180|111|99|253|241|216|29|199|253|158|36|45|112|152|177|66|39|236|127|109|94|144|8|115|11|245|78|93|71|177|223|163|188|224|184|33|193|107|162|107|201|65|149|110|233|107|241|101|206|94|128|234|20|221|81|38|211|20|222|59|247|70|2|202|13|0|236|43|137|103|228|4|247|41|70|135|
Overall Best: 0.9058 Generation: 17

Generation 23
Average: 0.8827 Best: 0.8970
Best Individual: 
C0 112|32|116|65|177|176|5|177|134|73|62|94|190|186|56|177|57|7|196|109|151|10|62|165|236|137|177|3|186|205|155|41|190|244|14|210|162|165|136|205|82|185|95|145|121|163|154|188|227|183|126|181|5|55|147|182|50|182|245|43|75|103|250|31|52|82|223|175|135|71|240|58|183|54|155|95|223|132|71|136|79|242|143|69|248|47|245|35|79|46|120|12|182|40|27|186|159|252|47|254|130|241|128|84|2|42|254|123|129|122|104|239|35|221|193|235|228|82|193|93|146|202|169|250|233|108|117|230|218|36|132|161|186|103|164|50|175|223|192|117|196|135|170|211|77|130|93|66|156|244|119|188|3|20|226|216|23|60|85|52|2|85|77|88|237|124|32|210|249|177|213|147|47|190|38|151|212|168|202|119|178|74|15|59|89|140|97|50|197|184|41|83|112|36|251|42|42|96|29|223|22|44|116|240|109|121|169|186|174|212|165|62|213|132|59|69|225|35|232|5|90|236|120|95|49|192|160|18|109|114|164|56|218|215|153|137|154|23|203|40|157|44|76|56|249|210|138|62|247|185|240|145|113|15|132|148|
Overall Best: 0.9058 Generation: 17

Generation 24
Average: 0.8804 Best: 0.8958
Best Individual: 
C0 250|32|116|65|30|176|5|177|134|73|165|246|80|196|199|240|209|57|63|161|45|104|200|79|88|190|193|24|195|250|242|146|75|59|100|11|10|221|246|228|133|197|104|211|30|30|119|87|1|50|212|127|251|141|13|144|6|96|217|139|11|245|240|238|69|168|110|56|178|97|223|44|211|250|200|192|186|3|106|253|234|229|212|176|132|236|186|152|37|182|77|209|248|190|254|70|159|145|19|137|46|192|4|92|99|61|66|22|207|71|59|46|92|215|163|82|74|42|196|124|125|139|37|160|161|124|44|71|37|58|233|158|183|108|71|120|252|23|21|240|206|33|30|101|233|130|193|156|138|46|168|64|149|58|239|160|193|164|133|79|19|200|97|98|222|124|188|77|152|175|46|255|34|67|146|43|37|69|229|87|180|111|244|185|241|51|29|199|253|60|76|153|112|22|177|66|39|201|136|109|94|144|61|220|11|237|78|93|71|177|223|163|132|224|184|33|193|27|153|7|244|217|247|171|129|15|53|71|226|76|112|6|246|212|51|45|41|154|232|211|208|44|76|56|249|210|138|62|247|185|240|145|113|15|132|148|
Overall Best: 0.9058 Generation: 17

Generation 25
Average: 0.8808 Best: 0.9002
Best Individual: 
C0 112|32|116|65|177|176|5|177|134|73|62|94|115|186|102|177|57|107|210|109|151|10|97|165|236|137|177|3|186|205|155|79|190|244|14|210|162|165|136|205|82|185|95|145|121|231|125|188|15|183|253|181|47|127|44|182|50|182|245|139|11|245|240|238|69|168|110|56|178|97|155|44|211|250|200|192|186|3|106|253|234|229|212|176|132|236|186|250|37|182|77|209|248|190|216|70|59|137|19|137|46|192|4|92|99|61|66|22|207|71|59|46|92|215|163|82|74|123|196|124|125|139|37|160|161|124|44|249|37|58|243|158|183|108|71|120|252|23|21|240|206|33|30|234|233|130|60|156|138|206|168|64|149|20|239|160|193|164|133|79|19|143|97|98|222|124|188|77|152|175|46|65|34|14|146|43|37|69|229|87|180|111|244|185|241|51|29|199|253|60|76|229|112|169|177|66|39|201|136|109|94|144|61|220|11|237|6|93|71|177|223|163|17|224|184|33|193|176|153|7|244|217|247|171|49|192|160|18|109|114|164|56|218|215|153|137|154|23|49|40|157|44|103|56|249|210|138|62|247|40|85|189|113|15|139|87|
Overall Best: 0.9058 Generation: 17

Generation 26
Average: 0.8805 Best: 0.8977
Best Individual: 
C0 82|10|193|11|171|153|119|96|204|117|74|210|16|26|189|236|83|106|73|145|159|232|177|53|106|239|177|51|221|133|128|202|190|241|141|62|162|161|81|154|16|37|122|49|213|1|15|31|227|140|25|253|91|28|147|206|135|3|181|11|229|91|43|189|248|195|126|26|195|144|48|156|147|120|43|76|6|195|30|230|13|6|97|243|101|82|29|77|79|46|251|120|126|236|254|65|184|163|253|111|211|120|4|124|241|182|91|61|129|70|104|103|35|186|193|175|156|82|245|93|146|202|95|16|57|163|117|0|218|36|132|37|177|69|174|50|175|96|37|117|196|106|170|164|254|130|93|66|9|73|62|188|95|63|242|216|218|157|85|52|135|109|77|121|237|124|32|77|254|44|148|2|111|88|11|154|23|80|86|176|173|35|35|51|218|213|29|67|170|205|169|77|93|190|4|63|34|218|19|219|121|115|231|86|102|97|83|28|131|222|223|45|122|80|233|190|154|102|232|157|169|201|77|86|25|217|89|48|201|125|164|135|203|77|213|45|100|102|48|28|23|129|242|56|124|23|247|151|92|63|240|235|239|74|11|95|
Overall Best: 0.9058 Generation: 17

Generation 27
Average: 0.8818 Best: 0.8989
Best Individual: 
C0 237|108|143|199|176|78|152|39|174|117|112|141|136|104|102|177|57|107|210|37|151|10|97|165|236|23|177|3|186|205|155|79|190|244|14|210|162|165|136|205|82|185|95|145|52|231|125|188|15|183|253|136|47|114|44|182|50|182|245|139|11|245|240|238|69|168|110|56|75|97|155|44|229|250|83|192|186|3|106|245|234|229|212|176|132|236|8|124|50|182|77|190|248|190|216|70|59|120|19|137|46|192|4|176|99|61|66|100|207|71|135|46|92|199|163|82|74|153|196|73|125|139|37|160|161|124|44|249|189|58|243|158|63|108|71|120|85|23|21|240|206|239|30|234|233|130|60|156|199|206|168|82|149|20|239|160|193|164|216|79|19|143|38|124|222|126|21|77|152|175|52|65|34|14|146|43|37|151|229|87|180|224|244|185|241|51|29|68|231|60|99|229|112|169|177|66|39|201|136|109|94|144|61|220|11|237|6|93|71|100|223|163|17|224|184|33|193|176|153|7|244|217|8|171|54|192|160|18|109|114|164|56|249|215|153|30|154|23|49|128|157|44|103|56|249|210|236|43|137|192|228|4|231|41|118|135|
Overall Best: 0.9058 Generation: 17

Generation 28
Average: 0.8799 Best: 0.8933
Best Individual: 
C0 191|10|193|11|171|153|119|96|6|117|74|210|16|26|189|236|208|176|73|145|159|160|37|53|106|239|127|51|221|133|128|202|170|241|246|62|162|161|81|154|16|37|122|49|213|1|12|58|227|140|112|253|91|28|153|42|116|3|181|30|229|91|43|189|248|195|126|26|195|144|48|156|147|120|43|76|6|195|37|109|228|6|97|144|101|122|29|77|79|46|251|120|204|236|254|246|184|163|253|111|211|135|51|124|241|182|91|61|129|70|143|103|35|186|193|175|234|82|245|93|146|148|95|22|57|163|117|0|224|36|92|37|177|69|174|50|175|96|37|117|196|106|170|164|254|130|93|66|9|73|62|188|112|63|242|216|93|198|85|52|135|109|88|121|237|16|32|77|230|44|148|2|111|88|2|154|23|80|68|176|173|35|35|51|218|213|29|67|133|158|169|77|93|190|4|63|34|232|19|219|121|134|149|243|26|208|249|61|88|108|16|116|225|224|211|83|94|214|175|194|246|97|201|6|132|225|168|28|11|101|252|160|118|187|153|42|243|200|2|2|75|18|35|119|31|147|211|62|10|251|226|235|239|74|11|95|
Overall Best: 0.9058 Generation: 17

Generation 29
Average: 0.8802 Best: 0.8983
Best Individual: 
C0 237|108|235|184|89|78|152|39|174|117|148|213|136|104|102|177|57|107|210|181|11|10|97|131|236|177|177|3|248|205|155|208|190|244|14|210|162|165|136|203|82|185|145|145|121|145|51|188|15|183|253|136|230|127|235|182|50|182|245|139|133|245|240|238|69|168|29|113|75|97|139|44|211|250|27|192|188|83|172|253|186|229|188|176|132|236|186|250|37|182|112|209|73|190|216|70|59|101|19|227|46|1|4|85|220|61|66|22|207|71|94|46|92|9|163|82|237|123|196|227|132|185|37|160|161|158|44|249|209|162|243|62|40|108|71|120|24|23|21|212|206|238|30|28|233|240|60|156|199|219|168|64|149|254|239|160|236|164|216|79|19|143|38|98|222|124|21|144|152|175|46|65|204|14|251|43|124|137|229|87|180|224|38|173|166|51|35|199|253|60|107|229|112|45|186|66|39|201|125|109|178|144|61|220|11|237|6|84|71|63|214|163|17|224|184|33|173|176|153|7|244|217|8|171|202|192|161|18|93|218|164|37|218|215|153|193|154|102|49|140|157|44|103|56|249|210|236|166|137|192|98|4|231|191|118|135|
Overall Best: 0.9058 Generation: 17
==================
    Best individual after 30 generations
    computed in 3,997.8870 seconds
    1443 elements out of 1593 correct.
    emerged in generation 17
    with fitness 0.9058
==================

