Starting evolution...

Generation 0
Average: 0.7766 Best: 0.8223
Best Individual: 
C0 9|242|93|54|161|4|234|61|49|214|63|161|78|161|132|70|12|88|80|165|13|51|236|135|102|168|230|100|78|206|192|176|254|149|135|141|163|134|19|47|48|87|37|158|223|247|31|92|197|81|31|193|78|126|94|14|194|195|77|85|221|54|134|175|79|174|229|112|153|35|66|81|11|113|5|246|193|42|156|118|108|207|22|12|101|181|125|115|2|126|127|246|87|41|173|165|177|86|50|195|198|131|50|235|73|203|25|59|237|207|20|14|250|87|127|253|151|79|189|8|162|222|216|206|106|102|162|113|235|79|164|102|58|208|209|97|171|254|68|93|214|154|144|139|17|131|234|249|14|210|79|137|120|10|40|248|222|27|96|119|11|107|151|159|18|99|99|91|116|131|181|167|183|136|77|8|77|135|241|209|58|163|100|111|24|91|126|60|5|59|187|133|229|51|98|193|248|170|235|65|242|235|221|245|35|104|34|79|229|244|50|146|115|8|186|121|127|182|56|103|105|29|254|240|204|194|118|21|237|90|210|227|77|82|156|45|218|146|66|26|136|192|139|139|224|125|93|135|254|27|79|229|199|90|194|251|
Overall Best: 0.8223 Generation: 0

Generation 1
Average: 0.7933 Best: 0.8261
Best Individual: 
C0 9|242|93|54|161|4|234|61|49|214|63|161|78|161|132|70|12|88|80|165|13|51|236|135|102|168|230|100|76|206|1|176|254|73|135|141|163|134|24|47|245|87|37|187|223|247|31|92|197|81|31|36|81|126|94|14|194|195|77|85|221|54|134|175|79|174|229|4|153|35|66|81|11|113|152|246|193|42|156|118|108|207|138|12|101|181|125|115|2|126|127|246|87|41|173|165|177|86|50|195|198|131|50|235|73|203|25|59|182|207|20|14|32|87|127|253|151|79|189|6|162|222|216|206|106|102|42|113|255|79|164|102|78|208|209|97|171|254|180|93|214|154|144|139|17|131|234|249|14|210|79|137|120|10|40|248|222|92|96|119|11|76|151|159|18|99|99|91|116|131|181|167|183|136|183|8|77|135|206|209|58|163|2|111|24|91|86|60|5|59|187|133|53|51|98|193|248|170|235|65|242|232|221|245|35|104|34|79|229|21|50|146|115|8|186|121|127|182|56|103|105|29|254|240|204|194|240|21|237|90|210|227|77|82|156|45|218|146|66|26|136|192|139|139|224|125|93|135|254|27|79|229|63|90|194|251|
Overall Best: 0.8261 Generation: 1

Generation 2
Average: 0.7962 Best: 0.8368
Best Individual: 
C0 9|242|93|54|161|4|234|61|49|214|63|161|78|161|132|70|12|71|80|165|13|51|236|135|102|168|230|100|76|206|1|176|254|73|135|141|163|134|24|246|245|87|192|187|223|247|31|92|128|81|31|36|81|126|94|14|194|195|77|85|221|54|134|175|79|174|229|4|153|35|66|81|11|113|152|246|193|42|156|118|108|207|138|12|101|181|125|115|2|126|127|246|87|41|173|165|177|124|50|195|198|131|50|235|73|89|25|59|182|207|20|14|32|87|127|253|151|195|189|6|8|222|216|206|55|102|42|113|255|79|164|146|66|153|175|247|48|98|54|190|3|252|251|195|17|134|114|51|89|8|44|242|17|73|223|154|113|97|233|22|206|205|59|134|90|155|41|175|109|146|222|170|15|196|146|67|63|118|209|238|239|120|41|183|111|147|37|166|171|223|65|46|233|71|126|161|254|210|165|205|69|211|209|105|202|104|34|79|229|21|50|146|115|8|186|45|127|182|56|103|105|29|254|240|204|194|240|21|237|90|210|227|77|82|156|45|218|146|66|26|136|192|238|139|224|125|93|135|254|27|54|229|63|90|194|251|
Overall Best: 0.8368 Generation: 2

Generation 3
Average: 0.8009 Best: 0.8286
Best Individual: 
C0 9|242|93|54|161|4|234|29|49|214|63|161|78|161|132|70|12|71|80|165|13|51|236|135|102|168|244|100|76|206|1|176|254|73|135|141|163|134|24|3|245|87|192|187|223|247|31|92|128|81|31|36|81|126|94|14|194|195|77|85|221|54|149|175|79|174|230|4|153|35|66|81|11|165|152|246|193|42|156|118|108|207|138|12|101|181|125|115|2|194|127|246|146|41|173|165|177|11|50|195|198|131|50|235|73|89|25|59|182|207|20|14|32|156|127|253|151|195|189|6|8|222|216|206|55|102|42|113|255|79|164|146|66|153|175|247|48|98|54|190|3|252|251|195|17|134|114|51|89|8|255|242|17|73|40|154|113|97|233|22|188|205|59|18|90|155|41|53|109|146|222|170|15|164|146|67|63|118|209|238|239|120|41|183|111|147|37|166|35|223|65|46|233|71|126|161|254|73|165|205|69|211|209|105|202|104|34|79|229|21|50|146|115|15|186|45|101|182|56|103|105|29|23|115|211|194|240|21|237|90|210|227|77|82|201|45|218|146|66|26|136|192|238|139|33|125|93|135|146|79|54|229|63|90|194|202|
Overall Best: 0.8368 Generation: 2

Generation 4
Average: 0.8046 Best: 0.8374
Best Individual: 
C0 18|62|130|76|168|226|11|178|176|122|140|162|222|243|83|123|28|38|104|179|10|88|132|76|121|240|233|179|63|219|202|41|59|22|59|85|105|161|142|221|174|65|73|96|199|160|136|170|253|195|148|155|184|28|238|211|172|30|122|161|133|212|149|56|135|198|218|50|10|23|67|161|25|85|231|84|108|189|84|125|95|159|157|30|102|126|161|191|129|235|75|75|84|156|126|104|157|76|189|101|170|1|134|120|246|222|44|77|30|8|134|161|154|139|114|214|99|147|56|41|111|151|178|96|143|147|239|20|101|21|9|172|172|111|1|184|121|151|156|143|179|194|185|61|28|143|18|118|248|103|63|196|14|20|161|140|154|112|22|11|39|132|87|167|187|63|253|50|110|129|69|192|117|96|211|249|52|229|127|242|179|116|115|102|57|194|16|245|209|139|143|45|131|211|74|179|59|140|222|147|87|14|96|233|69|31|146|127|91|76|128|226|67|138|65|206|78|152|184|5|81|193|155|223|39|242|109|113|18|108|71|178|139|179|107|106|75|164|116|69|220|107|81|224|59|14|219|234|32|81|61|103|74|11|27|167|
Overall Best: 0.8374 Generation: 4

Generation 5
Average: 0.8069 Best: 0.8311
Best Individual: 
C0 9|242|93|54|168|226|11|178|176|122|140|162|222|243|83|162|28|127|104|179|84|88|132|76|121|240|233|179|63|219|202|41|12|22|59|85|105|161|94|221|174|65|4|96|199|160|136|170|253|195|148|155|184|28|238|211|172|30|122|161|133|212|149|56|135|198|218|50|10|23|67|161|25|85|231|84|108|189|84|125|152|207|138|12|101|154|129|115|2|126|127|246|87|41|173|165|124|86|50|195|198|150|83|250|232|59|188|213|91|40|188|85|169|163|61|8|238|217|125|64|190|152|95|154|193|161|176|191|49|207|101|163|128|234|185|5|155|231|253|91|180|15|172|226|99|201|23|185|56|133|110|42|123|113|189|144|126|155|198|21|161|168|212|183|133|170|112|208|101|219|95|57|35|173|244|72|172|233|179|1|241|127|178|111|24|126|61|60|5|59|187|222|215|120|205|193|177|72|235|119|242|137|221|245|11|238|34|79|79|21|50|146|115|8|186|121|112|182|56|103|105|29|197|5|66|194|219|21|237|90|210|236|77|82|146|8|56|146|66|158|136|230|159|139|224|125|93|160|165|32|79|153|63|67|194|251|
Overall Best: 0.8374 Generation: 4

Generation 6
Average: 0.8056 Best: 0.8380
Best Individual: 
C0 72|119|249|210|16|152|47|141|188|20|60|162|246|174|116|111|24|15|81|8|204|175|244|46|139|180|35|49|162|121|109|193|188|179|151|62|64|83|221|121|28|109|13|240|171|177|237|116|160|148|181|116|81|188|41|133|228|255|7|119|70|37|254|152|194|26|227|38|155|160|66|191|1|126|127|38|89|150|117|16|42|63|195|39|183|117|179|134|233|136|82|162|44|255|165|220|78|38|1|249|240|133|202|145|45|110|226|23|104|139|77|241|189|28|43|26|16|116|16|59|21|79|11|238|254|82|111|105|204|40|155|131|10|59|225|221|99|43|14|158|104|100|22|145|233|41|197|126|73|65|142|90|195|70|53|224|151|38|194|11|87|54|49|97|55|219|96|71|220|71|82|45|164|12|195|191|212|126|110|127|108|97|173|31|167|197|224|18|238|95|250|59|113|18|212|79|67|203|187|178|105|239|200|216|81|70|116|186|54|229|154|104|39|165|148|120|239|250|185|101|158|220|63|204|40|39|62|3|116|127|20|149|38|50|13|46|182|115|86|18|113|90|181|40|11|164|168|180|205|174|162|109|97|141|100|227|
Overall Best: 0.8380 Generation: 6

Generation 7
Average: 0.8060 Best: 0.8343
Best Individual: 
C0 178|244|166|210|214|249|160|181|211|188|11|161|201|251|154|70|12|77|137|165|157|51|236|9|102|168|230|143|237|161|1|176|212|74|8|61|163|134|24|63|141|141|47|187|223|247|31|92|197|81|29|120|81|93|94|14|194|195|25|85|54|37|44|202|4|174|229|151|153|102|158|81|11|53|152|17|245|3|6|217|203|90|255|70|104|22|203|114|97|207|104|188|172|247|43|148|83|35|157|38|83|50|115|145|42|117|202|219|4|167|77|233|168|177|195|172|29|149|240|33|102|244|94|99|123|145|170|86|91|2|233|244|140|210|224|97|70|254|180|14|99|170|144|78|17|218|234|249|89|8|88|163|17|73|223|154|113|97|110|22|206|25|118|242|107|166|192|146|111|81|131|38|191|165|137|150|185|114|133|24|206|131|3|152|139|225|251|97|116|59|187|133|53|51|98|175|117|74|235|65|242|232|94|245|194|136|159|67|193|109|84|206|217|100|254|154|179|109|189|178|219|30|100|205|56|192|45|56|208|151|238|76|90|26|184|249|8|66|111|86|140|27|66|69|124|117|108|139|199|36|37|212|255|50|186|54|
Overall Best: 0.8380 Generation: 6

Generation 8
Average: 0.8097 Best: 0.8437
Best Individual: 
C0 72|119|249|249|81|152|47|141|188|20|60|162|246|174|116|16|67|85|81|8|204|94|244|46|139|180|16|49|162|121|109|193|188|179|151|62|64|83|221|121|28|241|13|240|171|177|237|116|160|148|181|116|81|188|41|133|228|130|7|119|70|37|247|152|194|26|227|38|57|160|66|31|1|218|127|38|89|150|117|253|42|183|195|184|183|117|179|134|233|136|155|162|44|144|165|6|78|38|1|249|240|133|40|145|54|110|226|23|104|139|77|143|160|28|43|26|16|116|202|59|21|79|11|238|230|2|111|105|204|40|155|131|10|59|225|195|40|213|63|73|139|29|190|216|32|55|68|138|193|12|40|219|252|124|119|54|0|43|48|193|241|173|12|174|230|179|104|154|43|71|82|45|164|12|195|191|212|126|110|172|108|97|173|31|167|110|241|18|238|133|250|59|113|18|212|79|67|203|187|178|105|239|108|216|81|70|116|186|54|229|154|104|39|165|148|120|239|250|190|101|158|220|63|204|40|39|222|3|116|129|20|149|38|238|13|46|120|115|86|18|113|90|181|40|0|164|168|180|205|174|162|109|97|141|100|112|
Overall Best: 0.8437 Generation: 8

Generation 9
Average: 0.8115 Best: 0.8506
Best Individual: 
C0 254|53|133|158|112|140|97|46|179|223|104|39|201|76|63|49|8|177|82|69|74|21|120|231|158|194|92|228|116|174|85|27|26|238|224|182|12|230|129|219|173|176|180|47|32|192|105|107|94|125|136|106|52|142|15|147|55|231|115|48|175|147|168|237|197|170|235|238|60|227|208|225|138|187|11|40|246|4|18|181|127|166|193|148|66|132|140|105|251|116|124|91|127|246|86|140|147|64|114|4|45|147|38|100|99|149|63|240|253|120|94|44|53|73|212|49|201|225|140|101|239|90|149|27|138|27|238|128|70|250|129|205|76|71|82|221|174|43|14|158|104|100|144|108|233|41|197|126|73|65|76|90|92|70|53|224|151|140|194|11|107|93|49|97|55|155|96|91|60|169|250|110|49|16|255|241|159|236|58|30|210|163|2|78|54|103|72|226|235|106|99|120|118|4|116|155|184|42|37|231|171|213|53|144|81|108|48|173|105|188|60|233|103|113|191|105|25|165|227|136|130|59|212|185|45|78|8|196|236|11|96|67|140|212|235|249|79|250|229|54|84|211|172|83|108|54|127|160|203|132|166|242|154|211|30|6|
Overall Best: 0.8506 Generation: 9

Generation 10
Average: 0.8135 Best: 0.8443
Best Individual: 
C0 254|53|133|158|112|140|60|46|179|223|104|39|201|76|63|49|8|177|82|69|74|21|120|231|158|194|92|228|116|174|85|27|160|238|224|182|12|230|129|219|173|176|180|47|32|185|105|107|94|125|136|106|52|142|93|147|55|231|115|48|175|147|168|237|197|170|235|238|60|227|208|225|138|187|11|40|246|4|18|181|127|166|193|148|66|132|140|105|251|116|8|91|127|246|86|140|147|64|114|4|45|147|38|100|51|149|63|240|253|121|77|241|74|28|43|26|232|116|219|59|21|79|64|238|254|82|111|21|204|242|70|131|10|59|225|221|200|43|14|158|104|100|22|145|233|111|197|126|73|36|142|90|195|78|53|137|151|97|110|22|206|25|118|242|107|107|192|146|111|129|131|38|191|165|137|158|100|114|133|24|210|163|2|78|54|103|72|226|235|106|99|120|118|4|116|161|184|42|37|231|92|213|53|183|81|108|48|173|105|188|60|233|103|113|191|105|25|165|227|136|130|59|212|185|45|78|8|196|236|11|96|67|26|212|235|249|79|250|229|8|84|211|172|83|108|54|127|160|203|132|166|242|154|211|30|6|
Overall Best: 0.8506 Generation: 9

Generation 11
Average: 0.8155 Best: 0.8487
Best Individual: 
C0 254|6|133|192|112|140|60|46|179|223|104|39|201|122|63|49|8|177|78|69|74|21|120|231|158|194|92|228|11|174|85|27|160|238|224|182|12|53|129|219|173|176|180|47|32|185|105|60|94|148|20|116|81|188|41|133|171|255|215|119|238|141|115|26|194|58|232|89|232|238|52|109|98|204|204|23|162|76|55|176|253|66|42|101|243|138|64|26|78|63|252|58|241|215|165|220|236|38|1|249|240|133|155|60|45|110|226|184|99|48|77|241|74|28|43|26|112|223|9|149|21|1|233|20|101|192|177|96|235|163|12|122|241|181|225|61|99|89|233|90|122|23|157|245|20|225|121|126|237|65|142|148|195|232|241|224|24|38|194|137|138|93|31|242|27|31|174|119|129|128|47|38|191|63|25|150|52|156|107|183|35|51|128|152|185|9|24|233|98|216|245|178|170|175|222|243|93|225|156|166|148|226|212|110|163|185|202|129|105|149|48|233|103|8|200|230|166|40|189|84|130|59|94|191|45|78|8|196|236|11|96|67|26|212|235|249|79|250|229|8|84|211|172|83|108|54|127|160|203|132|166|242|154|211|30|6|
Overall Best: 0.8506 Generation: 9

Generation 12
Average: 0.8151 Best: 0.8500
Best Individual: 
C0 254|160|133|192|112|140|60|46|170|223|104|39|201|4|63|49|8|177|78|5|74|21|120|231|66|194|92|228|11|174|85|98|160|238|224|163|252|53|129|219|173|176|180|47|32|185|105|60|94|148|20|116|81|188|41|133|171|234|202|119|254|141|155|26|194|58|232|183|232|238|52|109|98|204|204|23|162|76|55|176|253|66|42|101|175|147|77|56|97|207|104|211|130|24|43|180|61|35|157|38|111|50|223|145|42|117|202|219|191|71|77|233|168|177|195|172|29|149|240|166|102|121|94|132|48|247|43|139|116|21|9|86|172|111|3|184|167|212|232|143|3|80|120|150|28|143|215|238|234|25|65|54|252|251|119|54|0|43|48|193|241|254|66|174|103|242|165|50|171|28|26|61|117|96|211|232|135|4|193|183|135|51|169|152|191|248|24|233|98|216|245|178|170|175|222|243|93|225|156|166|148|226|212|110|163|185|90|129|105|149|48|87|103|8|200|230|166|40|189|84|130|59|27|117|45|78|8|196|236|11|96|67|26|212|235|249|79|250|229|5|254|211|172|83|108|54|83|160|216|126|166|242|154|211|30|6|
Overall Best: 0.8506 Generation: 9

Generation 13
Average: 0.8185 Best: 0.8519
Best Individual: 
C0 254|160|133|192|112|140|60|46|170|223|104|39|217|4|63|49|133|177|78|5|74|21|120|231|66|194|92|228|11|174|85|98|160|238|146|214|12|8|129|195|84|229|180|167|135|195|149|100|23|54|126|241|203|63|45|56|168|248|71|154|68|60|38|205|159|29|3|222|162|198|74|195|199|115|60|28|190|224|3|9|2|84|42|11|183|57|61|73|251|116|124|185|127|118|86|53|147|64|114|4|45|147|38|100|144|149|63|240|68|80|178|44|53|248|212|49|210|101|140|101|189|90|149|27|138|27|209|128|118|250|129|205|119|71|225|61|99|236|37|90|122|100|22|145|239|41|68|219|237|69|91|137|120|25|2|129|222|217|170|230|4|25|73|242|107|240|192|215|11|171|4|38|191|165|137|240|52|229|127|212|74|61|149|175|122|194|16|143|209|33|130|45|23|105|74|189|53|87|16|41|1|220|167|145|206|244|42|59|230|190|200|178|215|8|200|230|166|40|189|84|130|59|27|117|216|78|8|196|242|245|96|67|26|212|235|249|79|250|229|5|254|211|172|83|108|78|83|160|216|126|166|242|154|211|30|6|
Overall Best: 0.8519 Generation: 13

Generation 14
Average: 0.8190 Best: 0.8506
Best Individual: 
C0 254|160|133|192|112|140|60|46|151|172|104|39|190|4|63|49|133|177|78|44|74|21|120|231|66|194|92|228|11|174|85|98|160|238|146|246|12|195|129|195|84|229|180|167|135|195|149|100|128|54|126|241|203|63|45|175|168|248|71|154|68|60|38|205|159|29|3|222|162|198|74|195|199|115|60|235|190|224|3|9|2|84|42|11|183|57|61|73|251|116|124|185|127|118|86|53|147|64|114|4|45|147|38|100|144|149|63|240|68|80|178|44|53|248|212|16|210|101|140|101|189|90|149|12|138|81|209|128|118|250|129|191|119|71|225|61|99|236|37|90|122|51|22|145|239|41|68|219|237|69|91|244|120|25|2|129|222|217|170|11|87|3|254|97|40|219|96|91|60|59|129|105|49|16|255|240|52|229|127|212|74|61|172|175|122|194|16|143|209|33|130|45|129|105|74|189|53|87|16|41|1|220|167|145|206|244|42|59|230|190|200|178|215|8|200|230|166|40|189|242|130|59|86|117|216|78|8|196|242|245|96|67|26|212|78|198|79|250|229|5|254|211|172|177|108|78|83|160|216|169|166|242|154|211|30|6|
Overall Best: 0.8519 Generation: 13

Generation 15
Average: 0.8225 Best: 0.8588
Best Individual: 
C0 254|160|133|192|112|140|60|46|151|172|104|129|190|4|63|49|133|177|78|44|74|21|120|231|66|194|92|228|11|174|85|98|160|238|146|246|12|195|129|186|84|229|180|167|135|195|42|100|126|54|126|241|203|63|45|175|168|248|71|154|68|60|161|205|159|29|3|222|162|198|74|195|202|115|60|235|190|224|3|9|2|84|42|11|183|57|61|73|251|116|124|185|127|118|86|53|159|64|114|186|45|147|38|245|144|169|63|240|68|80|178|44|53|248|212|16|210|101|140|101|189|90|149|12|138|81|209|8|34|235|81|102|237|230|177|44|80|191|174|173|99|29|231|78|17|218|234|141|181|107|142|56|195|138|241|105|171|62|194|63|242|188|197|61|27|131|174|40|199|34|127|166|191|42|211|52|52|229|127|212|179|61|172|175|122|194|16|143|209|33|130|45|129|105|74|189|53|87|16|41|1|220|47|145|206|244|42|59|230|190|200|178|215|8|200|230|166|40|189|242|185|59|86|117|216|78|8|196|242|245|96|67|26|212|179|198|79|250|229|5|254|211|172|177|108|78|83|160|216|169|166|242|154|211|30|6|
Overall Best: 0.8588 Generation: 15

Generation 16
Average: 0.8236 Best: 0.8537
Best Individual: 
C0 254|95|133|192|112|140|60|46|151|172|74|129|190|4|63|56|18|177|78|44|74|200|120|231|66|194|92|228|11|174|197|151|160|238|188|246|12|195|129|186|84|229|1|167|135|195|42|100|126|54|126|241|203|63|45|175|168|248|71|154|68|60|161|205|159|29|3|222|162|198|182|195|202|182|189|235|190|224|3|40|2|84|231|11|183|57|61|73|251|116|124|185|199|118|86|237|159|64|6|37|45|147|121|245|144|169|63|73|68|80|178|44|81|248|212|16|210|58|140|101|189|150|149|12|138|81|209|8|34|235|81|102|180|230|177|44|80|191|174|55|99|29|231|78|176|218|234|141|181|107|142|56|195|138|241|105|171|62|191|63|212|167|197|61|27|131|174|40|199|34|127|166|191|42|211|52|52|229|127|212|179|61|172|175|122|194|16|143|209|33|130|45|183|105|74|189|189|87|16|41|1|220|47|145|206|244|42|59|87|190|200|178|215|36|200|230|166|130|189|242|185|59|86|117|216|78|8|196|242|245|96|191|26|212|179|198|79|250|229|5|254|211|172|177|108|78|83|160|216|169|166|242|229|211|30|6|
Overall Best: 0.8588 Generation: 15

Generation 17
Average: 0.8231 Best: 0.8544
Best Individual: 
C0 5|53|133|35|36|88|93|46|198|223|161|93|46|178|34|49|110|243|82|227|7|44|101|145|158|120|78|11|42|13|148|145|10|192|130|86|12|230|192|153|152|179|180|161|89|15|252|59|23|164|82|91|6|63|45|56|85|176|1|202|140|60|99|158|182|103|115|190|8|198|174|89|147|151|220|28|58|124|3|145|67|31|180|11|80|57|43|188|194|90|46|196|48|220|200|238|39|134|254|77|146|131|146|163|73|128|35|83|71|207|235|100|170|110|140|142|35|145|89|117|209|73|115|113|207|184|248|23|161|48|42|234|112|125|171|104|230|254|63|225|102|244|190|212|215|55|68|138|193|180|71|239|120|188|204|246|222|217|179|29|4|77|40|150|65|253|8|98|37|131|29|52|28|136|249|217|77|23|79|209|58|163|2|222|54|206|245|185|235|106|99|120|97|36|250|9|70|42|235|83|236|222|213|183|190|108|48|100|105|188|155|233|103|113|191|105|25|61|227|10|130|59|174|160|45|220|253|209|29|11|32|67|25|212|72|141|89|150|34|57|186|211|172|242|108|19|127|126|83|132|83|206|154|231|33|10|
Overall Best: 0.8588 Generation: 15

Generation 18
Average: 0.8205 Best: 0.8418
Best Individual: 
C0 254|95|102|22|112|140|60|201|151|65|74|129|190|4|63|212|18|177|78|169|74|200|120|189|66|194|92|228|11|174|197|151|160|126|188|246|12|230|252|121|152|176|181|108|150|195|249|155|171|54|126|174|246|86|204|22|155|232|186|201|96|117|90|40|33|224|87|145|40|157|164|242|90|226|204|190|226|242|146|65|171|137|121|90|244|243|182|219|28|215|29|125|77|219|40|38|195|76|1|224|45|212|121|245|144|169|63|73|68|80|71|44|81|248|212|147|46|58|140|101|189|150|176|12|138|81|209|8|84|235|81|160|180|203|177|164|80|191|174|55|94|41|230|78|176|187|234|141|181|107|142|56|50|144|159|105|171|62|191|63|212|167|197|61|27|131|225|40|199|34|4|166|191|42|211|52|52|228|127|212|179|119|212|98|122|194|16|143|209|66|130|45|183|105|74|189|189|87|16|41|1|9|47|145|37|244|79|59|87|32|200|58|215|36|200|41|48|130|189|242|185|59|86|117|216|78|8|196|14|245|96|191|199|212|179|198|68|244|229|5|254|113|172|177|108|78|83|160|37|246|232|73|255|212|30|6|
Overall Best: 0.8588 Generation: 15

Generation 19
Average: 0.8228 Best: 0.8437
Best Individual: 
C0 5|53|169|35|36|88|93|46|102|223|161|93|46|178|34|49|110|243|82|227|7|44|101|145|158|120|7|11|42|13|148|145|10|63|130|86|12|230|192|171|228|179|180|161|89|90|252|59|23|164|82|91|6|63|45|56|85|176|1|202|138|167|99|158|182|103|115|190|8|148|174|250|147|151|220|28|58|124|3|145|214|31|180|11|119|57|43|188|194|52|46|196|48|227|200|238|39|119|2|29|146|58|146|163|148|128|35|83|71|207|235|100|170|110|140|142|35|145|201|117|209|73|105|164|207|184|248|72|161|48|124|234|149|125|171|104|230|254|63|225|102|244|190|212|44|55|68|138|193|180|71|239|120|248|23|137|151|243|197|80|176|218|118|242|107|107|192|175|111|85|131|38|191|82|157|158|164|114|133|84|210|131|33|78|82|146|96|235|235|165|184|70|140|108|36|161|182|177|129|231|92|222|213|107|216|108|174|2|105|126|60|233|47|120|254|77|22|186|16|178|166|55|100|1|249|220|57|209|29|11|32|67|25|212|72|141|89|150|34|57|186|135|172|177|108|156|127|126|83|132|132|206|81|231|33|73|
Overall Best: 0.8588 Generation: 15

Generation 20
Average: 0.8235 Best: 0.8481
Best Individual: 
C0 146|53|133|35|36|88|113|46|179|186|161|189|101|40|34|49|188|37|203|107|7|207|37|141|240|96|78|227|198|245|5|108|33|238|130|86|12|230|152|159|163|176|90|222|150|195|238|35|84|209|38|16|167|151|146|172|104|175|49|78|196|99|196|197|172|195|241|45|133|161|19|250|138|18|28|136|84|42|63|217|141|61|219|15|183|57|83|145|61|116|124|98|189|131|166|92|51|14|169|4|76|65|240|100|144|149|231|240|253|96|178|44|202|49|140|104|215|178|249|51|209|195|96|32|105|184|42|108|161|124|42|4|78|242|177|89|56|1|135|36|181|103|201|15|167|55|5|201|186|178|154|113|120|167|40|216|222|87|96|72|75|190|40|32|43|253|179|252|22|211|217|55|181|208|60|101|243|15|64|183|233|51|128|152|216|48|75|210|98|171|245|178|228|71|222|198|93|141|37|231|228|87|37|185|2|70|2|162|218|11|110|109|44|235|148|174|140|107|227|124|159|59|25|189|141|82|154|162|172|169|255|221|208|62|23|97|155|39|30|83|16|134|129|198|128|253|7|126|82|132|83|156|6|105|33|10|
Overall Best: 0.8588 Generation: 15

Generation 21
Average: 0.8199 Best: 0.8544
Best Individual: 
C0 63|53|133|7|98|42|182|46|192|223|126|39|201|238|95|49|245|177|7|141|74|39|168|75|158|128|92|228|116|144|85|27|11|238|42|195|79|17|44|211|22|162|180|47|40|90|205|107|94|113|136|203|201|207|45|175|168|12|161|154|218|76|246|205|123|29|3|7|162|198|18|195|202|115|60|124|190|224|3|9|128|6|44|11|15|252|127|188|25|129|35|132|91|243|109|137|65|247|23|15|61|131|50|9|184|247|35|97|71|119|235|186|183|56|140|205|144|71|239|51|50|235|14|220|209|145|98|185|32|31|233|73|140|183|189|97|141|150|63|99|141|29|78|216|4|116|68|101|164|8|72|0|166|68|130|207|44|198|151|153|28|95|149|61|195|251|229|76|143|34|120|109|191|108|245|52|52|229|127|212|192|156|23|149|122|101|114|245|209|227|78|82|87|36|250|101|160|42|30|65|107|57|157|89|183|6|194|23|99|216|137|50|164|44|203|231|111|63|13|182|92|112|227|135|133|142|175|162|112|9|72|21|71|212|235|141|138|34|34|104|113|227|181|88|184|46|64|36|184|52|166|17|69|107|126|6|
Overall Best: 0.8588 Generation: 15

Generation 22
Average: 0.8240 Best: 0.8468
Best Individual: 
C0 254|85|195|192|75|14|102|46|170|223|104|209|251|4|153|49|8|28|38|47|146|34|244|231|159|78|92|32|11|174|185|167|216|76|102|163|236|80|162|193|126|178|15|94|26|55|190|154|92|74|176|109|171|237|27|146|172|192|44|177|160|7|8|235|151|112|241|220|66|75|164|170|136|226|204|95|72|35|63|217|180|198|126|12|206|212|201|183|238|112|85|156|14|59|154|148|235|95|130|163|119|122|181|203|216|6|87|167|6|73|240|246|16|168|164|114|210|20|172|112|172|188|162|116|209|99|192|55|33|177|197|161|183|65|165|231|230|49|248|225|62|36|190|212|215|63|115|242|181|95|65|185|177|156|200|54|0|24|48|82|57|35|33|97|251|242|130|50|95|222|143|166|148|66|149|52|52|229|127|5|179|61|172|175|122|128|16|123|209|51|130|45|129|105|19|208|53|87|16|174|1|129|47|124|206|175|34|205|230|190|31|178|114|115|25|182|237|247|146|136|18|51|234|135|30|79|154|104|150|76|121|21|26|160|51|249|146|206|94|5|137|108|240|185|108|92|73|160|23|30|82|106|121|211|83|165|
Overall Best: 0.8588 Generation: 15

Generation 23
Average: 0.8216 Best: 0.8437
Best Individual: 
C0 5|53|68|35|36|88|93|46|102|223|161|5|46|178|96|49|110|197|82|227|7|44|220|145|158|12|7|11|42|13|148|145|135|157|130|248|12|230|192|47|228|179|196|161|69|90|252|6|69|164|130|53|6|63|45|177|85|229|250|82|138|167|99|158|182|103|115|190|134|148|174|250|147|227|212|28|58|124|3|145|214|31|69|53|119|130|210|188|233|113|35|132|91|54|166|137|65|247|1|169|146|216|50|120|203|173|149|63|71|205|235|186|183|56|240|205|144|247|239|92|185|198|224|207|198|202|179|33|160|62|81|37|140|137|169|218|210|161|53|63|99|29|144|249|5|82|85|93|89|94|122|220|102|10|226|184|106|62|192|127|11|248|237|75|46|40|91|220|143|170|211|92|43|82|7|240|76|114|234|24|110|131|30|251|5|175|212|228|19|197|57|9|205|51|43|179|227|179|66|237|128|20|119|245|28|136|105|67|198|189|242|12|164|100|20|18|179|109|13|178|199|30|100|205|245|14|45|16|208|14|114|67|6|212|72|141|89|150|125|57|186|55|172|147|108|156|127|126|83|57|193|206|81|231|33|73|
Overall Best: 0.8588 Generation: 15

Generation 24
Average: 0.8207 Best: 0.8449
Best Individual: 
C0 254|85|195|192|139|14|102|46|170|140|104|93|172|178|34|148|110|243|82|227|151|44|230|145|158|169|7|11|42|109|148|145|128|107|8|86|28|167|176|199|228|79|180|161|89|129|252|59|23|164|82|227|168|203|45|246|85|176|83|202|238|2|99|174|182|103|62|190|187|198|200|250|71|32|220|173|58|124|71|145|141|31|9|91|32|57|54|188|194|52|28|196|48|35|68|238|36|134|210|56|146|131|146|163|7|117|35|83|15|34|235|100|235|115|140|142|200|145|89|117|178|235|215|94|170|77|27|247|116|21|9|120|172|116|28|184|213|7|239|161|209|130|185|238|28|253|18|134|8|130|65|185|177|156|200|54|0|207|48|82|57|201|50|0|251|242|130|130|199|222|143|166|214|66|149|52|52|1|188|5|179|61|172|175|122|194|16|123|19|117|242|9|205|51|43|25|129|87|16|242|175|129|47|124|69|175|252|205|115|190|31|178|114|115|25|182|237|247|33|136|18|51|3|135|30|63|152|104|150|76|121|21|159|34|209|249|146|201|220|5|58|211|69|185|108|196|186|160|23|30|2|106|121|211|83|76|
Overall Best: 0.8588 Generation: 15

Generation 25
Average: 0.8171 Best: 0.8481
Best Individual: 
C0 212|94|68|35|191|88|93|46|102|223|234|5|46|178|96|49|110|197|21|227|7|44|220|145|158|156|213|175|42|13|148|132|135|157|130|248|12|230|192|47|228|179|196|161|69|90|252|6|69|164|130|96|129|63|45|228|85|173|250|82|138|167|99|9|182|64|115|227|134|148|174|250|147|227|212|28|58|124|3|145|91|31|69|53|119|140|218|188|166|113|35|132|91|54|166|137|100|247|1|169|146|137|50|120|203|173|149|63|71|205|235|186|183|56|0|224|144|247|239|92|185|81|72|95|214|192|192|55|160|177|197|161|183|92|237|231|31|89|189|227|44|113|144|81|100|108|191|85|223|111|133|48|92|42|116|246|222|65|131|94|99|237|40|150|246|253|168|190|37|131|156|52|190|136|249|217|77|23|79|209|45|163|217|222|54|206|206|89|85|106|63|120|109|222|250|17|178|84|117|111|135|203|109|83|81|134|48|149|96|172|94|55|165|108|226|154|204|212|7|6|163|66|63|204|224|118|222|153|236|123|232|135|6|212|72|141|75|150|125|57|186|55|172|147|108|156|127|244|83|57|193|206|81|125|33|73|
Overall Best: 0.8588 Generation: 15

Generation 26
Average: 0.8186 Best: 0.8443
Best Individual: 
C0 212|94|68|195|191|88|93|46|102|223|234|5|46|178|96|49|110|197|21|227|7|44|220|145|158|156|213|175|42|13|148|132|135|157|130|127|12|230|192|47|228|179|196|161|69|90|252|6|69|164|130|96|129|63|45|224|85|173|250|20|169|167|99|9|182|64|115|227|134|148|174|250|62|227|212|28|58|185|3|145|91|31|69|53|119|140|218|188|166|113|35|132|91|54|166|137|100|247|1|169|85|137|50|120|36|242|149|63|71|205|235|186|183|56|0|163|144|247|239|231|185|122|72|95|214|192|192|55|160|177|84|161|183|92|237|231|31|89|189|227|44|113|133|81|100|108|191|85|223|111|133|48|92|42|116|246|202|65|131|94|99|237|40|150|246|253|168|190|37|131|238|52|190|35|249|217|77|23|79|209|212|163|217|222|54|206|206|89|85|106|63|120|109|222|250|17|48|84|117|114|5|203|109|83|81|134|48|149|96|172|94|55|33|108|226|154|204|212|29|6|163|66|63|204|224|118|222|153|236|123|232|135|6|212|72|141|75|150|125|57|186|74|172|147|108|156|127|244|83|57|193|206|81|125|33|157|
Overall Best: 0.8588 Generation: 15

Generation 27
Average: 0.8180 Best: 0.8475
Best Individual: 
C0 212|94|68|195|191|88|93|46|102|223|234|5|127|178|96|49|110|197|21|227|7|44|220|145|158|156|253|175|42|13|148|132|125|157|130|127|12|230|192|47|228|179|196|161|69|90|252|6|69|164|130|96|129|63|45|224|85|173|119|20|169|167|99|9|182|64|115|227|134|148|174|250|62|227|212|28|58|185|52|145|91|31|69|53|119|140|218|188|166|113|35|132|91|219|36|123|99|76|1|224|45|116|121|245|19|67|63|240|106|138|178|2|152|248|89|16|38|98|92|101|37|136|176|12|138|81|203|8|116|35|9|122|241|181|225|2|31|221|189|229|66|254|144|184|100|108|101|245|223|111|133|48|92|106|116|246|202|65|131|94|99|237|148|150|246|253|41|190|37|131|238|52|190|35|127|139|77|23|79|209|212|163|217|222|54|206|206|89|85|106|63|120|109|41|250|17|225|84|117|114|5|203|109|83|81|134|48|149|96|172|94|55|33|108|226|154|204|212|29|6|163|66|63|204|224|118|222|153|236|123|232|135|6|212|188|141|75|150|125|57|186|74|172|147|108|156|127|244|83|57|193|206|81|125|33|157|
Overall Best: 0.8588 Generation: 15

Generation 28
Average: 0.8155 Best: 0.8462
Best Individual: 
C0 5|53|161|35|36|145|93|97|102|39|161|93|46|143|34|49|110|243|82|227|151|17|221|145|158|83|232|175|44|13|148|132|135|157|130|127|204|103|192|47|60|179|196|161|69|90|252|6|69|192|130|96|129|63|45|224|85|173|159|20|169|41|99|9|182|64|115|227|134|148|58|135|62|227|212|28|58|185|79|145|91|31|69|53|119|140|218|188|166|224|35|132|24|54|166|137|100|124|1|169|91|137|16|120|174|242|149|63|71|205|235|186|183|56|0|163|144|247|239|231|185|122|72|95|214|192|192|55|160|177|84|14|183|221|11|231|31|89|189|90|147|78|113|81|100|137|120|175|89|218|132|90|62|42|53|246|105|210|179|94|99|237|131|205|214|219|218|175|201|85|131|28|191|22|157|33|164|106|29|90|16|3|173|66|102|167|15|250|235|76|184|70|245|44|210|37|56|130|11|85|225|11|213|6|136|212|91|72|148|236|234|209|91|56|191|101|5|111|206|78|4|69|174|102|134|89|16|209|123|25|192|67|169|212|185|249|89|190|34|5|32|134|172|226|98|191|78|24|84|227|22|2|85|27|58|196|
Overall Best: 0.8588 Generation: 15

Generation 29
Average: 0.8172 Best: 0.8431
Best Individual: 
C0 5|53|161|35|20|145|93|97|244|204|234|47|46|143|34|49|110|93|82|227|216|17|221|145|158|169|213|175|44|13|148|237|135|157|130|127|12|103|192|47|228|179|117|27|92|155|249|185|171|64|126|174|246|249|215|22|144|232|186|75|92|62|110|40|198|213|123|145|189|151|130|119|14|186|191|190|226|244|86|65|133|137|121|117|244|242|149|215|196|102|48|8|225|75|40|93|195|210|174|87|10|223|188|163|7|117|35|228|15|34|235|35|95|98|103|142|37|145|201|228|188|73|144|6|220|238|248|170|161|48|124|131|149|125|171|156|230|167|214|94|215|244|22|107|44|55|122|133|113|199|215|119|101|104|143|165|198|9|186|138|44|218|40|150|246|253|168|190|177|131|88|200|190|35|249|217|77|23|79|209|212|163|217|222|207|206|31|89|85|106|63|120|173|222|250|201|246|84|117|114|31|203|109|83|81|134|48|79|96|172|94|55|33|212|226|65|179|161|68|87|165|250|100|205|120|120|133|16|108|8|192|67|66|151|185|249|89|190|34|5|221|134|172|226|98|191|24|24|84|227|22|2|167|27|33|196|
Overall Best: 0.8588 Generation: 15
==================
    Best individual after 30 generations
    computed in 3,848.2260 seconds
    1368 elements out of 1593 correct.
    emerged in generation 15
    with fitness 0.8588
==================

