Starting evolution...

Generation 0
Average: 0.8893 Best: 0.9033
Best Individual: 
C0 195|78|165|150|138|46|144|145|208|131|49|184|161|4|44|118|112|125|31|236|33|118|134|26|194|152|73|159|22|191|193|77|48|167|123|86|197|77|164|91|168|92|253|107|182|26|154|58|233|164|226|227|180|109|160|226|171|108|103|218|160|139|137|74|168|121|13|78|71|53|87|0|217|76|52|78|165|251|164|118|109|55|97|191|60|183|88|106|49|39|123|75|94|198|25|1|146|189|162|36|172|198|52|123|106|186|106|177|22|252|2|174|37|229|173|102|25|150|236|136|13|225|49|42|31|121|161|93|196|157|201|54|35|90|31|204|54|88|209|81|9|54|148|104|128|100|9|180|87|122|92|118|173|27|55|24|46|114|113|117|57|179|53|167|171|197|50|67|180|241|30|224|45|28|89|8|5|208|217|160|11|51|104|61|24|170|78|210|189|2|1|130|10|134|208|155|148|169|229|13|3|119|172|228|103|86|155|235|105|77|232|157|237|83|214|99|19|244|143|41|154|238|73|30|159|79|29|192|60|244|111|1|42|88|242|197|167|216|102|199|233|228|217|69|63|215|244|211|135|83|246|49|25|174|85|192|
Overall Best: 0.9033 Generation: 0

Generation 1
Average: 0.8927 Best: 0.9083
Best Individual: 
C0 23|209|99|205|113|132|39|35|202|169|38|73|248|102|38|9|115|69|113|63|71|13|24|163|11|92|177|219|154|30|39|74|59|201|237|153|82|115|72|134|76|80|18|26|159|128|148|11|193|248|246|8|171|2|115|195|108|28|17|71|140|245|232|32|123|96|109|181|247|117|62|208|205|252|209|174|224|62|161|32|121|64|120|114|132|246|60|56|1|213|248|79|140|11|229|14|46|166|169|4|127|34|166|190|146|223|137|32|91|142|104|133|63|92|40|68|90|137|66|177|136|209|210|10|176|204|194|56|208|140|110|63|119|85|245|120|170|134|1|121|43|114|41|77|215|53|33|40|97|222|148|1|250|83|74|62|169|225|121|8|230|127|104|211|178|58|86|65|253|160|205|111|49|19|63|149|1|130|102|205|26|93|131|57|56|128|89|173|48|54|35|113|234|234|60|7|253|144|204|63|116|28|48|36|167|30|83|164|129|19|24|85|73|88|39|237|66|153|228|128|179|176|83|163|233|247|226|219|206|53|152|10|63|99|238|12|238|216|201|69|136|168|238|237|214|120|2|76|85|101|158|129|70|99|173|18|
Overall Best: 0.9083 Generation: 1

Generation 2
Average: 0.8931 Best: 0.9102
Best Individual: 
C0 221|223|253|92|133|2|130|221|24|79|75|110|211|44|131|91|64|206|159|160|46|7|64|159|158|148|23|146|247|37|109|30|227|75|47|100|73|118|151|153|245|33|61|142|8|254|11|109|96|107|233|54|224|167|135|180|35|245|254|76|101|189|192|64|156|135|45|235|47|181|87|213|225|102|149|185|58|84|146|82|12|211|57|31|218|78|29|37|73|86|114|237|123|204|228|192|231|242|122|23|135|42|166|232|91|68|139|65|42|121|218|246|41|193|81|168|138|69|141|162|14|41|100|3|103|90|151|226|252|16|241|149|57|41|254|225|5|50|1|252|72|190|97|253|164|10|137|228|95|182|184|97|244|244|160|182|3|35|225|178|160|194|205|161|218|253|170|196|186|120|113|147|6|242|86|154|90|120|75|194|37|157|215|246|122|208|240|208|110|250|219|20|53|211|254|206|130|45|223|99|76|144|22|155|94|226|201|176|42|171|115|146|161|44|187|150|122|126|80|32|181|104|34|255|204|173|118|91|221|1|41|230|23|43|83|5|169|24|31|45|76|153|57|131|114|119|78|175|24|224|53|208|10|50|206|79|
Overall Best: 0.9102 Generation: 2

Generation 3
Average: 0.8949 Best: 0.9071
Best Individual: 
C0 23|209|169|121|194|230|138|88|129|212|50|147|138|54|158|136|95|202|217|139|183|206|163|109|217|140|106|253|15|235|95|208|117|245|140|206|14|106|207|77|54|51|83|229|230|131|120|195|33|48|151|148|192|161|47|8|24|122|216|144|30|130|95|75|114|75|160|162|151|126|66|122|56|158|205|96|185|197|156|59|195|159|227|155|69|195|32|208|181|185|92|15|13|92|2|38|37|46|217|29|143|78|104|191|166|184|147|119|208|167|79|161|65|148|175|147|51|204|213|149|239|94|104|18|46|22|183|178|141|143|208|52|64|182|232|219|237|227|163|16|146|50|10|128|56|241|24|124|29|232|54|59|84|170|142|184|192|113|170|8|230|127|104|211|178|58|86|244|152|160|205|111|49|19|63|149|1|130|102|205|193|93|131|57|56|146|89|173|27|54|35|113|234|78|60|7|253|154|211|63|222|28|48|253|167|227|83|153|129|19|24|85|73|88|39|237|66|153|228|86|179|176|83|163|233|166|226|219|206|180|152|176|63|99|238|12|238|216|201|69|136|168|248|10|116|134|2|76|85|101|30|246|200|99|114|18|
Overall Best: 0.9102 Generation: 2

Generation 4
Average: 0.8970 Best: 0.9134
Best Individual: 
C0 146|105|147|58|153|24|138|246|117|171|61|54|19|110|36|55|50|138|157|0|92|137|142|250|236|7|178|53|103|61|25|209|118|153|137|45|177|214|65|197|162|120|98|124|117|216|79|96|88|6|42|113|20|212|217|179|119|78|168|50|119|47|32|218|134|8|187|84|89|91|167|249|106|33|32|100|187|105|144|34|104|30|192|134|55|161|40|43|44|158|139|31|179|9|200|55|15|121|172|68|86|118|206|64|143|77|80|20|152|207|144|122|224|9|121|47|207|95|235|176|27|195|69|176|100|198|26|89|206|144|18|212|239|6|209|108|58|225|224|81|82|39|213|253|160|194|15|69|21|41|164|227|195|193|163|84|176|230|152|152|55|197|245|72|197|157|110|25|169|254|156|22|20|73|214|3|176|147|63|97|220|73|68|175|60|27|113|192|218|11|138|142|21|234|232|124|250|19|61|186|111|191|214|50|157|223|186|54|142|8|109|11|239|186|94|128|251|80|149|98|21|194|204|203|25|103|174|129|145|154|215|168|49|221|8|34|189|164|174|219|67|86|76|173|217|56|111|196|144|167|175|88|77|250|163|21|
Overall Best: 0.9134 Generation: 4

Generation 5
Average: 0.8966 Best: 0.9083
Best Individual: 
C0 108|63|143|92|194|29|91|88|213|212|50|188|138|54|158|136|95|224|40|198|212|212|163|99|217|140|75|253|168|181|95|208|117|245|52|109|14|72|27|77|210|203|106|229|218|12|156|146|215|48|1|148|192|93|47|8|24|10|216|144|30|130|234|75|114|75|210|162|98|93|66|33|56|33|96|12|216|160|156|245|195|159|227|135|69|195|75|121|131|185|73|15|39|38|240|119|168|36|217|79|40|78|104|196|166|253|56|128|208|210|228|177|132|237|175|182|40|204|213|9|239|94|44|18|103|22|183|34|250|52|168|52|64|182|232|219|32|11|31|52|208|34|10|255|168|241|134|92|135|138|54|59|78|170|142|206|192|113|132|196|146|4|133|156|97|127|109|185|126|24|127|212|51|183|96|51|151|74|71|2|12|72|97|65|140|38|205|84|217|5|88|214|65|233|181|167|128|42|198|195|215|236|121|171|212|184|79|79|11|248|64|254|148|239|223|254|210|175|240|137|83|43|142|27|17|113|3|200|207|103|123|103|199|192|118|230|172|86|252|227|67|165|85|92|102|85|119|93|92|83|101|98|147|130|10|67|
Overall Best: 0.9134 Generation: 4

Generation 6
Average: 0.8974 Best: 0.9090
Best Individual: 
C0 221|223|253|92|133|82|214|221|24|79|75|110|127|235|221|113|239|171|114|128|43|178|251|57|130|54|40|86|2|41|91|220|88|174|55|79|29|172|37|210|74|54|43|9|143|134|210|100|198|207|73|123|109|214|160|182|74|147|50|236|85|163|191|176|15|220|122|63|184|91|252|249|106|33|32|114|52|105|164|192|104|30|192|48|55|161|40|43|44|101|139|31|145|9|200|55|15|121|172|145|86|118|206|12|143|77|94|20|152|207|144|67|19|42|226|11|36|95|235|176|27|195|86|176|100|96|103|89|46|65|122|174|239|115|155|180|136|225|55|81|1|39|213|42|160|194|15|69|21|71|185|206|254|193|163|252|176|9|152|152|55|118|219|72|197|157|110|95|81|242|240|144|20|73|9|18|63|120|75|194|37|157|215|246|103|208|240|241|238|11|83|6|244|173|141|145|51|255|253|16|169|227|233|168|113|186|78|101|99|178|221|183|228|189|200|92|155|156|187|96|76|101|28|114|172|153|31|16|109|246|134|207|149|236|163|75|172|21|142|165|196|8|153|151|245|58|239|175|24|9|45|208|237|63|39|79|
Overall Best: 0.9134 Generation: 4

Generation 7
Average: 0.8982 Best: 0.9083
Best Individual: 
C0 125|105|111|58|72|24|93|51|62|152|42|234|101|217|180|55|50|60|210|0|99|152|142|250|252|7|93|87|140|64|160|209|118|153|137|45|95|214|207|77|124|221|78|254|218|12|156|204|98|48|1|148|192|161|47|8|24|9|234|155|30|130|234|75|114|84|210|162|236|126|66|33|56|190|233|12|216|160|156|86|195|159|227|135|69|195|130|27|83|86|179|16|39|46|124|235|56|210|237|108|40|78|104|113|166|184|147|30|208|189|228|108|132|195|5|182|35|167|213|73|197|94|229|18|46|22|84|34|160|95|208|45|58|115|232|219|158|35|163|16|146|223|10|128|56|241|24|163|29|67|54|74|194|170|190|184|192|127|170|166|50|102|20|28|45|236|224|246|81|159|239|241|122|3|78|31|164|37|239|151|158|165|178|55|9|89|63|16|126|143|8|28|86|1|221|231|16|136|154|73|193|68|240|99|125|6|69|70|129|19|24|85|243|88|39|35|69|153|12|140|179|114|83|163|149|115|226|82|206|246|152|87|21|216|238|185|3|216|201|217|136|77|191|232|95|120|250|140|193|13|101|62|41|209|163|21|
Overall Best: 0.9134 Generation: 4

Generation 8
Average: 0.8976 Best: 0.9083
Best Individual: 
C0 39|15|39|182|71|38|180|30|135|156|232|166|116|80|45|69|2|220|156|76|235|143|138|35|175|136|72|130|92|29|28|194|97|161|25|201|218|52|181|102|205|150|57|108|120|111|216|162|98|48|1|148|192|161|47|56|24|36|151|144|42|230|218|76|159|90|12|172|157|181|205|8|90|117|4|183|136|128|161|143|9|64|120|47|224|246|69|56|209|168|248|43|140|11|143|126|46|186|135|252|101|34|166|48|146|223|116|152|155|60|35|239|126|244|253|68|129|204|231|254|239|52|69|157|100|198|26|151|206|144|26|212|239|6|209|135|58|235|164|81|5|39|213|253|124|236|15|69|254|41|57|227|195|193|163|84|176|209|132|32|146|4|219|156|203|54|172|56|200|179|17|212|51|183|34|156|105|94|27|44|12|72|165|65|233|123|98|84|48|136|212|214|65|123|146|137|165|95|213|248|13|236|121|211|89|234|24|46|151|16|150|59|148|239|178|254|210|175|240|172|3|43|132|128|17|121|3|91|221|1|195|175|100|31|234|24|99|133|171|160|201|216|79|44|68|114|89|50|247|224|166|142|211|95|129|195|
Overall Best: 0.9134 Generation: 4

Generation 9
Average: 0.8986 Best: 0.9083
Best Individual: 
C0 125|106|147|184|77|24|138|175|39|152|210|54|254|236|180|55|50|223|157|232|79|225|8|63|155|7|178|53|140|61|47|27|118|69|137|251|17|214|207|25|53|162|148|60|70|12|156|184|33|231|10|9|192|161|8|81|254|20|216|144|30|130|234|75|248|154|179|20|92|126|66|33|56|12|189|12|216|160|61|45|195|69|227|135|171|195|127|166|108|65|179|15|114|92|120|168|226|211|89|203|40|146|62|233|166|100|137|116|152|106|135|67|99|42|8|11|36|95|235|176|233|195|86|234|100|198|228|253|206|9|26|212|239|24|209|160|46|254|164|81|5|39|213|253|110|194|15|47|21|41|164|227|195|193|163|84|176|230|100|152|55|197|103|7|82|253|170|211|186|234|96|147|103|242|97|205|90|18|127|19|118|157|54|194|14|46|82|144|74|224|61|99|67|95|118|19|108|17|135|210|169|130|248|54|113|186|78|160|99|178|169|192|239|186|94|127|25|80|53|98|21|243|169|203|25|150|189|128|76|75|215|168|49|221|8|34|189|164|174|114|67|86|155|187|217|56|111|196|144|112|166|47|41|250|163|21|
Overall Best: 0.9134 Generation: 4

Generation 10
Average: 0.8994 Best: 0.9109
Best Individual: 
C0 13|15|147|184|77|24|138|175|39|152|210|54|105|236|180|55|50|223|157|251|79|225|8|63|155|7|178|53|140|61|171|27|118|69|137|251|17|214|207|25|53|162|148|60|70|54|156|184|33|231|10|9|192|161|8|81|254|20|216|144|30|130|234|75|248|154|179|20|92|126|66|33|56|12|189|12|216|160|61|45|195|69|227|135|171|188|46|166|108|65|179|15|114|92|120|168|226|211|117|129|40|146|62|233|166|100|137|116|152|106|135|244|99|42|8|11|36|227|235|176|233|195|86|234|100|102|103|209|46|65|122|174|239|115|155|180|136|146|197|27|1|39|213|96|101|194|15|69|21|71|69|191|254|193|230|252|176|9|171|186|55|197|245|205|197|113|28|145|169|114|195|74|211|73|214|3|190|3|18|130|220|73|104|177|60|27|113|3|31|11|138|142|21|234|232|124|138|243|61|186|223|191|182|50|39|223|186|217|31|241|85|192|239|186|228|127|25|80|135|155|61|243|98|203|25|150|189|128|200|75|215|168|27|221|8|34|189|164|99|114|67|86|76|173|118|239|111|196|144|167|186|177|246|250|163|159|
Overall Best: 0.9134 Generation: 4

Generation 11
Average: 0.8995 Best: 0.9127
Best Individual: 
C0 146|155|50|58|147|29|138|246|117|65|61|54|100|110|155|55|153|138|75|16|46|7|10|101|158|148|2|64|238|183|109|30|99|75|47|200|175|72|189|10|162|120|98|52|117|96|179|33|187|6|73|123|109|111|160|153|74|147|100|236|97|221|191|176|123|58|79|110|184|219|252|193|106|33|32|255|52|177|164|192|104|246|215|48|55|225|40|43|68|128|189|28|145|9|200|152|15|121|90|109|86|118|130|104|154|77|240|212|77|144|96|19|19|244|171|64|86|99|231|113|230|94|149|211|46|22|86|34|165|121|136|12|63|6|209|63|97|225|195|81|82|98|239|177|91|91|189|69|132|71|157|158|164|229|177|48|45|11|159|99|192|159|170|109|56|254|170|211|186|238|193|103|147|3|82|14|194|89|169|127|142|237|219|238|114|7|230|117|69|5|72|212|209|7|181|96|172|240|9|150|56|104|10|77|189|192|164|125|44|222|108|141|161|181|70|70|32|188|112|204|73|204|136|47|32|51|208|158|199|1|86|26|100|88|35|87|99|0|175|206|226|142|177|33|102|85|119|93|2|19|166|137|41|68|163|21|
Overall Best: 0.9134 Generation: 4

Generation 12
Average: 0.9007 Best: 0.9102
Best Individual: 
C0 13|117|122|252|77|172|138|175|244|152|210|54|212|236|180|55|50|223|157|251|79|225|33|63|155|7|168|53|140|245|171|27|22|69|137|102|17|214|207|25|53|162|148|60|70|54|200|176|89|198|10|9|192|161|8|34|254|20|216|144|142|206|124|84|217|154|179|20|92|126|66|33|58|12|189|12|162|160|35|45|195|69|227|135|171|73|245|166|108|65|179|15|114|92|120|168|226|211|117|129|40|146|62|233|166|100|137|116|152|106|227|244|223|42|159|11|36|227|235|176|78|195|55|234|95|154|224|209|46|118|122|237|239|160|155|253|136|146|211|27|226|39|213|96|101|194|75|170|21|249|69|191|37|61|230|252|176|9|144|18|21|197|254|205|197|113|28|145|169|114|195|68|211|73|214|81|190|3|18|214|220|73|104|177|60|27|113|3|137|11|138|142|21|234|232|125|138|243|61|186|4|191|182|50|39|223|186|165|31|96|85|192|239|186|228|127|30|75|135|155|182|91|98|244|25|150|189|128|200|75|215|168|27|221|8|34|189|164|99|114|67|86|76|173|118|239|111|196|144|233|186|194|246|250|163|159|
Overall Best: 0.9134 Generation: 4

Generation 13
Average: 0.9007 Best: 0.9165
Best Individual: 
C0 108|18|53|182|194|131|213|88|96|45|59|22|138|54|58|136|27|202|2|139|244|43|14|25|5|153|106|253|15|235|95|208|117|245|180|232|74|177|240|147|54|51|83|229|230|79|9|113|195|70|151|148|84|120|169|43|30|122|212|144|254|130|135|192|104|223|231|188|210|125|166|98|56|232|205|96|108|197|75|106|164|193|139|155|69|195|32|121|192|10|153|15|182|92|2|38|37|66|217|35|166|78|83|23|216|36|147|119|103|22|79|161|65|234|41|147|84|204|113|149|150|218|52|33|46|56|56|164|141|173|57|52|108|182|232|205|211|84|229|52|208|34|246|212|60|46|61|117|221|196|54|59|78|170|142|184|192|145|159|140|146|11|209|156|96|74|155|28|7|198|113|147|149|242|54|110|113|6|60|194|62|49|134|214|176|48|27|241|78|249|72|187|41|203|207|215|228|243|100|100|87|6|88|77|172|174|166|26|201|103|27|78|238|44|102|150|122|236|182|32|181|45|60|255|8|236|118|91|211|180|118|176|45|17|238|12|241|216|55|99|150|168|128|141|102|233|65|75|7|72|133|206|61|80|136|209|
Overall Best: 0.9165 Generation: 13

Generation 14
Average: 0.9003 Best: 0.9121
Best Individual: 
C0 9|112|178|92|63|82|214|221|114|250|75|110|127|83|212|180|239|32|114|22|5|178|223|12|65|54|146|100|2|80|46|11|99|75|47|200|175|240|189|10|232|120|98|52|117|96|29|33|155|6|73|101|109|111|160|153|116|147|100|236|126|221|191|176|123|58|79|237|184|118|252|193|106|33|32|255|35|177|34|47|104|150|215|48|112|225|40|43|68|194|91|28|145|9|200|152|15|88|90|109|86|118|130|104|239|77|89|212|77|144|96|138|70|244|171|64|86|59|231|113|230|94|149|150|46|8|44|34|165|197|136|12|63|6|209|63|21|31|85|81|82|98|132|177|91|125|189|53|132|73|157|158|164|229|136|206|102|212|183|3|146|63|180|94|203|2|206|185|128|24|127|134|51|183|167|4|252|74|71|2|146|181|110|65|40|71|205|176|134|43|241|205|65|233|181|100|16|136|208|73|193|212|240|136|125|6|69|151|150|3|104|72|238|232|103|3|17|145|112|211|0|39|110|210|242|121|3|81|207|103|191|206|199|131|127|12|238|216|181|47|150|145|186|225|64|224|165|76|170|164|30|62|200|25|40|188|
Overall Best: 0.9165 Generation: 13

Generation 15
Average: 0.8993 Best: 0.9153
Best Individual: 
C0 146|131|50|58|147|29|138|40|117|65|61|54|100|110|155|55|153|138|75|16|46|73|205|126|175|54|238|242|2|169|59|14|88|119|104|216|17|184|228|157|201|54|145|242|143|134|210|99|31|207|161|123|109|111|228|30|82|168|254|78|101|189|170|45|68|195|245|5|178|93|76|235|156|12|189|12|174|24|35|45|195|69|227|135|171|73|189|166|108|6|179|15|114|92|120|168|28|246|85|129|40|146|62|125|166|100|137|76|152|106|227|244|223|244|37|64|38|31|150|113|230|38|44|138|38|174|223|88|112|29|235|210|101|182|106|70|64|11|199|52|32|90|10|30|168|27|134|92|13|138|207|36|22|170|177|48|162|11|232|99|192|159|123|24|76|254|170|34|77|238|193|103|147|3|82|14|194|89|169|127|6|237|111|238|114|7|230|151|101|5|72|247|209|7|75|96|38|68|9|150|56|88|243|77|189|254|164|125|44|222|91|141|161|181|70|70|32|188|170|204|251|210|208|134|32|147|96|140|89|183|32|216|250|154|35|87|99|0|175|206|226|142|177|33|102|178|249|93|2|19|166|137|130|68|163|21|
Overall Best: 0.9165 Generation: 13

Generation 16
Average: 0.9007 Best: 0.9134
Best Individual: 
C0 87|105|85|110|77|24|205|246|117|2|53|44|100|110|155|119|50|145|126|68|48|99|139|163|14|148|176|21|247|183|177|30|90|0|193|200|176|211|189|22|3|18|98|124|228|96|147|14|2|87|127|91|47|212|10|207|9|78|194|132|116|47|94|106|102|127|114|45|120|104|174|109|135|238|13|189|217|17|23|158|139|100|84|64|45|90|3|121|160|189|181|106|244|177|32|180|238|101|44|250|254|240|112|244|88|126|116|152|121|60|206|239|92|117|80|68|195|204|231|13|230|94|228|170|46|22|48|34|169|121|136|89|241|6|20|135|58|171|33|130|38|56|205|177|91|183|15|69|163|239|247|197|149|254|33|32|192|88|58|255|20|241|151|122|248|61|90|60|96|223|127|31|122|174|163|177|163|216|169|170|63|237|14|94|47|2|217|3|218|116|176|207|21|234|244|124|224|246|11|186|111|18|161|239|71|210|1|54|142|200|231|125|239|128|238|128|251|80|59|98|36|194|173|203|87|103|56|40|130|75|163|144|97|65|8|8|235|227|39|21|67|86|76|237|217|56|111|196|144|183|218|14|210|228|36|240|
Overall Best: 0.9165 Generation: 13

Generation 17
Average: 0.9002 Best: 0.9115
Best Individual: 
C0 20|209|153|51|194|131|238|88|100|45|110|22|138|54|58|136|27|202|2|98|244|43|14|25|5|153|106|253|15|235|95|239|117|245|180|232|133|144|151|147|54|51|168|229|230|165|9|113|195|119|91|148|89|120|169|43|30|122|212|115|254|130|135|192|104|223|231|188|67|41|166|98|56|232|205|239|215|197|160|106|164|193|139|155|75|129|32|121|192|10|153|209|182|92|2|38|37|196|217|35|166|150|155|23|216|174|147|119|103|58|79|161|204|234|41|147|84|199|113|149|150|241|52|33|46|56|56|164|141|80|57|107|108|182|232|205|211|84|94|52|208|34|238|212|159|46|61|117|180|196|54|59|78|8|142|52|84|145|159|140|146|11|209|156|11|74|155|28|52|198|116|213|149|242|201|110|101|6|60|194|62|49|134|214|176|48|27|241|78|249|72|187|255|203|213|30|228|243|100|100|87|6|57|77|172|6|69|151|150|3|9|230|238|44|191|132|0|172|182|69|154|45|60|29|1|4|202|26|202|180|22|176|45|75|238|121|212|123|201|245|150|144|81|160|116|13|24|76|171|77|255|162|163|234|114|64|
Overall Best: 0.9165 Generation: 13

Generation 18
Average: 0.9009 Best: 0.9134
Best Individual: 
C0 20|209|153|51|194|131|238|88|100|45|110|157|138|54|190|136|27|66|198|161|244|104|14|25|5|153|106|116|15|235|95|239|117|245|180|232|133|144|151|147|54|51|168|229|230|165|9|125|55|119|91|148|89|120|169|43|30|122|212|115|254|130|135|192|104|223|231|188|67|41|166|98|56|232|13|239|215|197|160|106|164|193|139|155|75|129|32|121|192|10|153|209|182|92|2|38|37|196|217|35|166|150|155|23|216|174|147|119|103|58|79|161|204|234|41|147|84|199|113|149|15|241|52|33|46|56|56|164|141|80|57|107|108|182|232|205|211|84|94|240|208|34|238|212|174|46|61|117|180|196|54|59|78|8|125|48|84|145|159|140|146|11|209|156|11|16|155|28|52|198|116|213|149|242|201|110|101|6|32|194|62|106|134|214|176|48|27|241|78|249|72|187|255|203|213|30|228|243|100|100|87|34|57|77|172|6|69|151|150|3|9|230|238|44|191|132|0|172|182|69|154|45|60|29|238|4|202|26|202|180|22|176|45|75|238|121|212|123|201|245|150|144|81|160|116|13|24|76|171|77|220|162|163|234|114|64|
Overall Best: 0.9165 Generation: 13

Generation 19
Average: 0.8996 Best: 0.9127
Best Individual: 
C0 145|21|115|58|255|189|126|246|62|152|219|132|254|96|61|38|50|48|157|171|249|218|107|58|132|193|24|160|160|160|52|229|67|53|195|26|181|10|24|178|9|160|173|219|68|12|194|208|229|38|80|136|225|33|160|192|24|38|207|144|30|65|166|75|81|116|223|68|166|137|109|11|249|96|7|39|152|206|172|151|195|16|92|140|148|204|75|166|198|42|135|15|65|135|175|124|198|23|76|15|46|111|251|79|13|210|165|52|49|189|156|161|74|85|80|12|129|61|110|179|239|159|69|157|100|198|26|151|178|253|90|213|217|172|124|135|104|63|164|130|38|39|213|19|244|62|129|69|184|73|97|227|78|211|133|10|154|206|167|164|146|91|27|12|162|127|237|209|147|24|127|31|236|238|82|178|163|87|99|170|63|26|222|189|2|36|124|193|78|35|72|187|23|107|14|167|128|80|91|116|4|236|8|171|149|105|100|113|32|144|64|56|50|212|211|12|210|239|240|43|206|18|150|42|130|0|170|116|41|138|69|26|28|221|231|93|65|227|41|253|165|86|99|173|217|2|2|196|74|230|175|143|194|212|172|66|
Overall Best: 0.9165 Generation: 13

Generation 20
Average: 0.9003 Best: 0.9140
Best Individual: 
C0 87|105|254|110|77|24|108|246|117|2|61|44|100|110|144|133|41|4|62|88|48|251|139|54|158|148|78|21|203|179|177|30|175|0|47|200|33|211|213|37|3|233|98|113|228|96|147|106|140|6|22|91|47|9|10|207|11|78|194|240|94|47|102|215|21|48|254|184|120|104|174|109|135|238|13|189|11|147|220|158|181|151|84|64|45|90|133|121|253|238|181|168|54|134|95|191|29|101|44|110|254|240|136|244|89|126|116|152|155|60|157|239|2|236|172|68|195|204|145|13|239|42|159|8|248|193|67|211|179|192|26|49|102|57|12|135|53|235|223|130|56|190|46|200|208|183|15|5|163|174|246|227|193|14|131|46|192|88|127|255|20|180|151|93|93|61|228|52|96|184|127|205|122|174|10|177|163|229|167|170|63|237|14|94|47|2|217|3|32|116|176|94|21|234|10|47|250|246|243|186|111|18|161|239|71|210|1|54|142|200|162|125|173|99|52|36|251|80|124|74|83|139|245|13|16|84|174|40|130|154|163|144|97|221|8|8|173|227|45|21|67|86|146|237|217|56|111|162|144|233|218|112|210|228|5|142|
Overall Best: 0.9165 Generation: 13

Generation 21
Average: 0.8994 Best: 0.9127
Best Individual: 
C0 72|252|236|182|60|154|180|30|26|70|111|116|69|214|177|243|173|6|67|62|181|43|230|37|176|40|194|251|203|179|177|16|175|0|47|84|48|211|213|37|3|75|98|113|228|96|147|200|140|6|22|91|47|9|10|207|11|78|194|240|94|47|102|215|21|48|254|184|120|104|202|109|135|238|13|189|11|147|50|158|181|151|84|64|45|120|133|121|253|238|181|168|54|134|95|191|29|101|44|110|254|240|136|244|89|126|116|152|155|60|157|239|2|194|172|68|195|204|145|13|239|42|159|8|248|193|67|211|179|192|26|49|102|57|12|135|53|235|223|130|56|190|46|200|208|183|15|5|163|174|246|227|193|14|131|46|192|88|127|255|20|180|169|100|93|61|228|52|96|184|127|205|122|174|10|177|163|229|167|148|63|237|14|94|121|2|217|3|32|116|176|94|21|234|10|47|250|246|243|186|111|18|161|239|71|210|1|54|244|200|162|125|173|99|111|36|251|80|124|74|83|139|245|13|84|84|174|40|202|104|64|176|45|242|216|12|27|10|171|160|225|44|79|209|223|64|89|50|36|62|209|142|58|239|58|211|
Overall Best: 0.9165 Generation: 13

Generation 22
Average: 0.9013 Best: 0.9140
Best Individual: 
C0 137|210|232|86|51|24|133|61|201|2|163|163|225|155|179|55|79|117|186|122|69|7|73|1|145|224|176|94|238|152|15|147|99|57|45|200|178|89|18|193|218|18|161|247|154|96|147|8|140|6|42|113|213|98|39|66|181|222|226|144|143|130|97|75|123|46|125|20|31|186|32|32|56|155|26|93|215|197|160|106|164|193|139|155|75|129|32|121|192|10|153|58|224|92|2|38|117|196|81|35|249|150|186|23|216|133|147|119|103|231|79|161|204|12|167|178|84|199|109|149|15|204|52|97|189|56|56|164|141|80|57|242|108|182|232|241|211|84|236|1|208|34|238|212|174|119|61|117|180|249|177|59|78|8|209|124|47|123|60|18|94|159|123|237|76|254|170|184|77|238|218|103|220|252|140|14|194|89|250|233|221|189|111|238|27|109|230|151|101|104|23|170|209|135|42|96|212|54|91|116|215|116|8|171|153|105|100|113|32|48|240|189|50|212|80|199|210|239|29|84|10|162|150|136|241|177|110|116|60|138|115|168|65|99|231|93|84|227|39|253|176|102|99|28|217|2|31|196|67|239|175|199|246|208|131|222|
Overall Best: 0.9165 Generation: 13

Generation 23
Average: 0.9015 Best: 0.9146
Best Individual: 
C0 170|116|53|101|13|28|213|177|96|254|34|251|120|54|58|147|176|92|2|247|244|43|14|248|5|178|106|253|15|224|95|28|117|245|180|232|240|145|122|12|119|124|215|108|120|151|216|146|98|71|210|148|192|104|45|133|184|104|210|196|231|174|97|163|141|97|125|32|218|186|17|0|56|12|160|89|129|160|6|127|195|159|49|71|160|62|118|16|145|231|190|15|114|204|120|125|49|91|54|121|141|221|42|194|171|126|115|91|66|122|81|247|40|33|27|182|152|183|141|83|31|189|223|188|134|47|245|180|17|229|153|10|116|82|12|69|89|23|179|103|23|163|193|82|60|189|61|35|29|219|93|152|78|72|16|211|192|248|122|251|146|11|209|77|182|114|218|176|8|201|127|134|130|37|167|115|252|74|106|47|233|129|144|159|65|7|230|61|159|51|99|148|18|145|182|2|6|62|208|9|44|212|219|136|194|6|69|151|7|222|91|141|132|42|70|158|32|48|170|204|188|212|142|87|126|107|119|145|193|174|118|18|45|66|158|106|241|216|55|60|165|168|128|132|102|185|65|75|175|36|168|93|61|3|25|205|
Overall Best: 0.9165 Generation: 13

Generation 24
Average: 0.9012 Best: 0.9096
Best Individual: 
C0 136|26|115|92|250|229|214|221|74|131|60|98|39|135|77|188|175|129|78|66|81|27|140|25|169|224|71|253|49|235|95|12|117|66|39|98|218|176|184|116|241|203|83|232|144|199|171|48|238|48|84|249|192|56|236|146|100|24|78|78|180|159|218|145|159|128|38|110|178|59|165|166|144|111|185|160|106|91|219|192|41|181|81|176|208|78|251|195|68|72|128|232|36|252|244|25|235|232|135|252|241|64|166|146|109|104|220|102|155|60|198|54|233|236|185|68|141|199|113|149|150|82|50|33|46|56|56|24|31|80|246|128|108|182|6|13|63|28|94|77|208|34|221|93|176|86|245|172|15|232|54|59|75|114|131|46|203|44|223|241|48|180|161|93|93|61|228|52|96|184|89|155|122|174|121|177|163|229|167|170|63|3|36|94|47|2|114|183|32|116|135|94|21|234|10|31|250|246|243|186|5|18|161|239|163|50|1|54|224|20|162|125|173|80|52|36|251|251|73|183|83|204|245|13|16|214|174|36|130|216|101|230|97|221|127|233|238|155|111|131|48|103|70|146|141|174|32|122|171|164|191|62|192|1|141|56|
Overall Best: 0.9165 Generation: 13

Generation 25
Average: 0.9019 Best: 0.9121
Best Individual: 
C0 174|116|53|146|13|44|213|177|205|79|34|71|9|54|193|8|176|92|2|247|83|244|216|252|11|178|41|38|15|155|95|28|117|219|180|232|240|186|125|101|244|124|12|108|120|158|216|78|98|124|117|148|192|233|45|10|6|101|6|144|215|3|27|75|180|145|157|98|87|76|150|33|56|12|199|221|240|160|180|35|195|159|49|49|193|134|231|186|93|65|77|44|115|22|23|38|201|196|236|27|254|240|108|97|149|198|152|77|169|137|81|111|9|33|94|113|152|74|61|239|128|211|223|188|179|31|102|18|17|127|48|239|64|82|68|206|136|42|10|103|23|163|141|51|110|191|61|164|141|11|191|137|78|72|63|211|192|93|122|251|146|11|209|77|182|114|73|100|174|201|203|171|187|37|167|115|252|74|106|69|83|129|106|159|246|7|186|61|159|51|99|106|50|129|182|2|25|119|208|73|112|212|219|48|21|249|241|48|10|209|167|141|175|145|70|158|32|48|170|202|188|212|64|87|138|107|119|100|193|174|118|18|92|66|158|105|241|216|55|227|150|168|231|132|102|143|65|54|175|13|122|139|235|3|25|64|
Overall Best: 0.9165 Generation: 13

Generation 26
Average: 0.9018 Best: 0.9153
Best Individual: 
C0 81|24|185|99|13|131|213|213|96|95|34|56|138|202|193|8|176|76|2|247|83|244|216|252|11|178|41|38|15|155|95|28|117|219|180|232|240|186|125|239|244|124|12|108|120|158|9|12|95|231|167|74|74|43|196|82|17|84|210|33|254|43|103|168|19|75|67|27|199|104|167|109|117|133|13|189|11|147|220|194|181|109|203|29|184|210|133|172|253|238|181|168|54|134|95|191|29|101|44|110|28|240|134|244|89|228|1|152|190|219|157|239|2|236|172|68|172|204|145|13|239|42|83|8|195|193|170|211|179|192|156|159|102|89|170|135|53|235|223|130|56|190|254|200|208|13|98|5|163|15|246|227|193|54|131|157|192|88|127|255|20|36|160|242|93|1|219|52|96|184|127|205|122|174|121|177|163|229|167|230|63|237|36|94|231|28|99|3|101|116|176|94|180|75|226|47|250|246|73|186|171|85|161|2|71|210|1|54|162|200|162|125|178|99|147|36|251|80|86|162|83|108|245|82|16|44|174|36|118|67|131|132|74|251|151|245|241|14|162|60|150|239|94|21|102|75|65|199|175|49|168|139|61|3|136|100|
Overall Best: 0.9165 Generation: 13

Generation 27
Average: 0.9003 Best: 0.9121
Best Individual: 
C0 243|209|153|181|186|131|238|204|157|217|136|22|8|240|241|227|32|160|212|143|40|171|3|185|126|7|178|65|7|49|115|194|97|254|25|179|41|1|63|102|254|203|140|147|148|90|156|106|10|224|255|156|192|161|84|133|202|101|8|115|160|69|27|76|1|154|179|238|34|155|44|9|56|12|32|12|137|172|75|236|1|74|145|234|151|17|144|87|235|10|172|71|54|134|130|191|29|55|72|70|254|240|80|244|89|126|116|152|25|73|157|239|57|70|37|21|195|242|58|80|239|42|172|8|30|193|232|211|179|192|26|230|105|57|12|136|53|235|223|47|56|190|164|200|101|58|80|107|163|174|246|211|176|14|34|46|156|236|139|118|204|165|27|8|73|99|114|183|12|90|168|2|212|71|12|84|42|134|135|15|68|166|113|227|36|204|27|95|220|140|96|212|147|134|72|179|138|84|153|167|230|191|182|41|81|137|184|75|77|130|140|78|9|44|131|40|148|236|108|32|235|45|119|58|16|90|118|91|17|159|28|69|100|110|238|110|28|18|55|120|150|168|233|44|102|150|143|204|39|127|106|162|163|232|114|64|
Overall Best: 0.9165 Generation: 13

Generation 28
Average: 0.9005 Best: 0.9115
Best Individual: 
C0 81|24|245|99|119|131|213|177|96|95|34|166|138|240|241|227|32|97|212|143|40|171|3|185|126|7|178|129|18|49|115|194|97|254|25|179|41|1|63|102|254|203|140|147|148|90|248|106|10|224|255|156|192|161|84|133|202|101|8|115|160|69|27|76|1|154|179|238|34|155|44|9|56|12|32|12|137|172|75|236|1|74|145|234|151|17|144|87|235|10|172|71|54|134|130|191|29|207|72|70|254|240|80|244|89|93|116|152|25|73|157|239|57|70|37|21|195|242|58|80|239|42|172|8|30|193|198|211|243|229|26|230|105|57|12|136|96|235|223|47|56|190|164|200|101|58|170|107|163|174|246|211|176|14|34|46|156|236|139|118|5|165|27|8|73|99|114|183|12|90|168|2|149|242|149|51|80|242|32|109|71|106|151|186|167|60|193|46|78|16|72|44|182|208|213|30|228|37|171|250|160|33|39|12|105|130|166|46|238|169|46|66|213|17|181|166|245|34|28|18|45|45|124|185|156|236|202|26|159|180|86|45|134|75|195|150|222|123|201|60|44|239|170|132|102|58|3|240|175|49|95|139|142|148|45|86|
Overall Best: 0.9165 Generation: 13

Generation 29
Average: 0.8999 Best: 0.9127
Best Individual: 
C0 81|24|245|189|119|131|213|177|96|95|34|56|138|1|58|51|136|92|112|218|177|95|39|248|5|241|15|253|213|224|95|100|8|69|186|212|41|245|122|12|119|124|192|108|216|44|216|67|10|67|210|33|127|248|45|133|154|104|183|196|228|152|62|47|141|97|130|78|33|104|83|109|117|238|13|233|11|147|99|158|91|178|42|29|59|210|92|172|253|87|159|194|236|134|43|191|180|101|44|110|28|194|13|244|89|140|1|109|207|235|11|161|171|64|41|169|1|162|102|173|9|99|12|157|185|71|125|158|41|54|108|123|10|7|61|209|195|67|91|138|176|42|163|17|13|21|126|83|152|239|121|227|193|210|87|61|192|88|132|45|58|226|35|222|150|59|64|38|237|163|62|146|248|53|94|94|163|42|153|170|150|99|40|160|148|89|134|241|220|11|21|212|245|88|76|173|60|118|248|167|234|191|182|50|237|49|22|75|98|221|62|55|12|190|130|2|155|168|172|113|109|124|60|86|1|4|202|26|202|233|235|130|45|75|224|150|222|228|201|60|203|239|170|132|102|58|3|240|175|49|95|139|132|148|45|86|
Overall Best: 0.9165 Generation: 13
==================
    Best individual after 30 generations
    computed in 5,957.0870 seconds
    1460 elements out of 1593 correct.
    emerged in generation 13
    with fitness 0.9165
==================

