Starting evolution...

Generation 0
Average: 0.7102 Best: 0.7935
Best Individual: 
C0 99|43|156|104|61|217|159|165|76|198|125|199|225|189|62|120|12|96|83|113|1|195|161|209|189|233|181|52|100|148|248|185|8|189|3|172|55|69|102|11|161|176|147|68|17|191|222|149|236|99|222|36|119|28|240|143|255|48|247|231|75|45|225|78|159|6|8|25|208|228|243|89|18|8|154|188|63|107|199|82|189|221|232|124|22|245|44|84|2|239|128|54|147|197|190|174|203|7|228|241|21|213|69|48|174|10|13|146|66|39|160|95|176|210|229|201|55|178|171|81|245|83|40|6|33|88|125|4|247|132|62|132|5|122|218|102|14|210|252|172|138|3|206|119|90|8|105|85|30|251|168|34|104|237|217|186|182|18|239|195|22|18|32|32|16|151|254|135|146|123|155|116|54|219|75|246|134|53|73|127|154|4|157|109|175|248|65|91|33|158|189|95|144|102|62|72|220|168|71|142|240|128|9|38|97|204|183|162|79|116|242|16|232|250|237|197|148|220|181|245|175|174|150|53|137|237|105|47|68|126|89|231|249|98|95|79|181|208|177|185|120|249|12|205|206|200|195|192|51|233|103|75|218|198|168|184|
Overall Best: 0.7935 Generation: 0

Generation 1
Average: 0.7278 Best: 0.7866
Best Individual: 
C0 99|43|156|194|9|32|159|165|76|199|125|199|225|189|62|120|12|96|83|113|1|195|161|209|189|233|181|52|132|148|248|185|8|189|3|172|55|69|102|58|161|176|147|68|17|191|222|149|236|99|222|36|119|28|180|143|255|48|247|231|75|45|225|78|159|6|8|25|208|228|243|89|18|8|211|188|63|107|199|82|189|221|232|124|22|183|44|84|2|239|128|54|147|197|190|174|203|7|243|241|174|213|69|48|174|10|13|146|66|39|66|95|176|210|170|181|89|248|45|114|165|109|214|103|54|85|91|223|207|250|79|123|232|2|226|159|128|230|212|248|144|43|154|34|211|212|131|11|66|239|111|152|254|111|135|180|82|135|50|141|40|12|124|205|36|157|83|248|151|112|107|120|201|31|12|8|82|189|249|12|15|227|195|26|98|177|196|205|85|1|130|79|124|177|185|144|97|197|2|74|171|106|102|210|253|51|141|142|133|116|242|16|232|250|237|197|61|220|181|245|175|174|150|53|137|237|105|47|68|126|89|151|249|98|95|79|159|208|177|185|120|149|12|205|206|200|195|192|51|4|103|75|218|198|168|184|
Overall Best: 0.7935 Generation: 0

Generation 2
Average: 0.7411 Best: 0.7872
Best Individual: 
C0 253|29|2|159|161|193|225|27|195|118|231|14|153|172|56|64|177|215|34|228|59|136|65|180|120|225|99|203|206|123|146|78|191|11|253|180|203|59|211|166|49|233|25|136|145|90|10|134|186|127|104|64|69|110|45|207|121|102|17|47|205|147|49|112|149|12|89|180|85|196|128|234|175|129|55|114|161|13|95|251|107|255|248|16|97|212|204|208|100|154|176|93|251|188|108|235|28|141|248|39|173|199|79|6|194|239|9|218|254|65|60|146|70|146|68|194|132|216|89|150|0|53|123|15|5|235|206|10|62|2|115|216|13|252|192|3|204|213|210|151|86|235|210|138|154|86|90|43|44|239|118|119|89|148|83|222|160|200|174|18|75|179|71|111|83|165|223|100|141|172|156|169|191|172|1|136|227|231|233|97|68|50|74|20|166|121|186|78|72|0|55|150|98|20|207|170|138|63|185|226|186|157|4|207|5|221|139|94|153|57|79|103|8|145|69|153|243|67|41|44|224|200|95|218|171|75|227|209|164|33|218|105|176|8|63|120|35|68|240|29|178|32|66|43|34|46|70|21|158|85|57|230|137|98|29|218|
Overall Best: 0.7935 Generation: 0

Generation 3
Average: 0.7436 Best: 0.7954
Best Individual: 
C0 14|29|2|159|161|193|225|67|195|118|231|44|153|172|56|64|177|84|34|160|59|136|65|180|120|225|99|203|206|123|146|78|191|11|253|180|6|59|211|166|49|233|25|136|145|90|10|195|186|127|104|64|69|110|45|207|121|102|17|47|205|147|49|112|149|12|89|180|85|196|128|234|175|129|138|114|161|13|95|251|107|255|248|16|97|212|204|208|100|154|176|93|251|188|116|235|153|141|248|39|173|199|79|6|194|56|75|218|24|65|155|192|70|236|68|194|142|216|89|150|0|53|123|103|5|235|206|10|62|2|115|67|13|252|192|4|204|213|210|151|86|235|210|138|154|86|90|43|44|239|118|119|89|161|83|222|160|200|174|18|75|179|71|111|83|165|223|100|141|172|156|169|191|172|1|136|227|231|233|97|68|50|52|24|166|121|186|26|72|0|55|150|98|20|207|170|138|63|204|226|186|101|4|207|5|221|139|94|33|57|79|103|8|145|69|22|243|67|41|44|224|200|95|218|200|75|227|209|164|33|218|140|176|8|63|120|35|68|240|29|178|3|66|43|34|46|70|21|158|85|57|230|137|98|29|255|
Overall Best: 0.7954 Generation: 3

Generation 4
Average: 0.7525 Best: 0.7941
Best Individual: 
C0 253|33|119|159|115|161|103|180|79|69|156|222|15|72|221|5|108|76|107|94|37|21|7|94|82|74|132|235|244|193|38|61|53|94|84|160|232|2|186|108|224|248|126|65|137|126|75|231|190|112|181|205|20|239|250|163|135|227|247|60|251|68|54|79|246|189|96|25|60|194|222|157|107|70|37|84|14|172|22|202|28|63|78|13|98|76|5|16|152|165|253|203|119|148|65|58|26|11|45|229|210|90|204|217|37|118|248|125|201|197|124|81|253|27|211|102|224|168|157|120|225|151|21|172|246|246|234|241|199|187|96|127|97|95|156|18|237|114|129|118|88|104|63|32|136|154|182|32|166|202|152|196|42|217|136|92|110|166|208|9|117|110|160|57|142|78|86|205|65|230|248|137|193|61|76|72|223|163|167|132|87|147|163|45|204|91|15|235|94|161|31|130|62|199|102|165|245|93|29|24|161|226|195|16|63|229|89|240|212|37|216|244|182|249|141|84|152|129|217|151|67|43|161|201|183|230|81|25|156|176|55|60|85|115|14|61|254|171|9|184|17|238|112|54|15|46|70|91|95|85|95|96|137|98|29|218|
Overall Best: 0.7954 Generation: 3

Generation 5
Average: 0.7536 Best: 0.7891
Best Individual: 
C0 99|90|156|194|9|39|122|165|76|234|125|199|5|50|62|199|12|96|161|113|148|195|161|209|50|243|203|52|132|148|236|200|8|102|3|172|55|69|104|58|161|176|238|146|214|191|252|149|236|99|222|105|119|97|146|143|186|48|247|17|167|114|16|156|109|66|200|44|156|32|203|176|33|120|169|141|93|162|239|171|101|79|93|202|233|184|37|19|249|211|2|207|137|100|171|156|233|183|118|193|116|77|211|200|118|121|242|252|144|197|124|202|253|27|211|102|224|134|157|129|225|151|101|172|246|246|30|241|247|187|96|137|238|133|79|18|237|4|129|83|88|104|63|215|166|154|182|32|166|202|8|58|212|58|136|243|160|93|208|9|117|110|216|44|142|78|5|42|65|230|137|82|29|61|76|21|97|163|167|77|87|147|67|254|119|187|216|217|47|100|236|214|47|191|210|20|250|134|113|88|236|102|0|95|52|174|252|27|6|207|46|29|14|197|162|76|197|250|170|24|81|182|150|53|137|237|121|101|68|79|140|151|249|98|95|79|17|208|177|185|120|149|81|205|206|200|195|192|51|4|103|75|254|198|168|154|
Overall Best: 0.7954 Generation: 3

Generation 6
Average: 0.7538 Best: 0.7910
Best Individual: 
C0 99|90|156|194|9|39|122|165|76|57|197|199|5|50|62|199|12|96|161|113|148|195|161|209|50|243|203|52|132|148|236|113|8|102|3|172|55|69|104|156|161|176|238|146|214|191|252|149|236|99|222|105|119|221|236|93|110|78|190|17|163|239|16|6|109|66|200|44|156|32|244|176|96|120|169|130|93|162|239|171|101|65|93|202|233|136|37|19|249|211|2|207|137|120|171|156|233|36|118|193|116|77|211|200|118|121|242|252|144|103|124|202|253|27|211|205|224|134|157|129|225|201|101|172|246|246|30|241|247|187|96|137|238|133|79|18|237|4|129|83|88|104|63|215|166|154|189|32|87|202|8|58|212|58|136|243|160|93|208|9|124|110|216|44|142|249|5|42|65|230|137|82|29|61|76|21|97|94|167|77|87|147|67|124|119|41|216|217|47|100|236|214|47|191|162|20|100|134|113|88|236|102|0|95|52|174|252|27|6|207|46|29|14|197|162|76|197|250|170|24|81|182|150|53|137|237|121|101|68|79|140|151|249|98|95|79|17|208|177|185|120|56|81|205|206|200|195|192|51|4|103|75|254|198|168|154|
Overall Best: 0.7954 Generation: 3

Generation 7
Average: 0.7562 Best: 0.7979
Best Individual: 
C0 76|143|119|159|115|161|103|101|103|69|156|222|15|72|140|5|61|76|107|94|37|250|7|232|82|74|132|235|244|193|38|129|53|94|75|174|232|2|186|108|112|35|126|116|137|181|75|231|190|112|138|219|20|239|250|96|203|227|247|60|251|68|54|148|170|189|96|25|60|143|222|114|107|70|243|92|14|245|250|226|45|63|142|13|98|76|5|231|152|43|253|203|119|32|211|58|198|11|62|95|210|54|87|217|166|118|144|125|9|149|124|176|253|27|211|102|224|240|157|190|100|99|21|172|241|60|234|241|29|33|96|146|97|95|79|160|237|215|129|128|88|145|63|215|175|121|198|103|98|202|152|196|18|217|136|243|117|250|208|9|117|246|160|57|142|72|80|42|65|230|248|21|190|172|76|188|220|163|40|206|87|147|163|87|204|91|15|235|94|167|191|179|62|248|41|165|173|93|29|24|161|226|195|16|242|229|89|5|212|37|216|159|80|249|107|38|152|129|217|151|67|132|161|74|183|141|81|25|223|176|55|201|85|33|14|61|30|147|227|85|17|195|112|105|122|72|73|21|133|43|150|230|137|98|212|218|
Overall Best: 0.7979 Generation: 7

Generation 8
Average: 0.7575 Best: 0.7878
Best Individual: 
C0 29|143|119|159|115|161|103|101|103|69|156|222|15|72|140|5|61|76|107|94|37|250|15|232|82|74|244|235|177|193|38|129|53|94|75|174|232|2|186|108|112|35|126|116|217|181|75|231|190|112|138|219|20|239|250|96|203|227|247|60|251|68|54|148|170|189|96|25|60|143|222|114|107|70|243|92|14|245|250|226|29|221|232|54|22|245|44|252|2|207|252|54|184|108|71|174|20|144|234|95|210|54|87|217|166|118|144|125|9|149|124|176|253|27|130|245|224|203|157|190|100|99|21|157|241|52|234|241|29|254|96|146|97|95|79|160|237|215|129|128|88|145|63|95|175|121|198|103|98|202|152|196|18|217|136|243|117|250|208|9|117|246|160|57|142|72|80|42|65|230|248|21|190|3|76|188|220|163|40|206|87|147|163|87|204|91|15|235|94|167|191|179|254|248|41|165|21|93|29|24|161|226|195|16|242|229|89|5|212|115|10|159|80|249|107|38|152|129|217|151|67|132|161|60|36|141|81|25|223|176|55|201|85|33|14|61|30|147|227|85|17|195|112|105|122|70|149|82|133|5|150|230|137|98|212|218|
Overall Best: 0.7979 Generation: 7

Generation 9
Average: 0.7569 Best: 0.7884
Best Individual: 
C0 127|115|119|60|115|161|103|180|79|69|156|204|15|72|221|5|133|76|252|93|9|250|145|139|193|119|100|235|112|22|38|27|166|94|42|102|210|2|186|108|88|226|167|65|137|126|75|231|190|88|23|101|20|239|250|163|37|227|247|11|251|68|202|117|169|127|96|25|42|194|225|89|16|240|46|84|14|245|56|202|45|44|142|13|98|76|5|231|152|165|91|203|159|132|65|26|224|196|55|19|169|186|107|162|217|6|90|71|124|47|163|239|60|187|229|237|55|119|230|81|204|245|21|174|246|179|234|241|29|33|96|164|115|95|79|21|79|215|232|118|88|145|149|188|89|154|84|24|212|168|252|196|42|175|122|38|13|122|209|145|203|110|160|38|40|78|80|83|108|253|36|141|236|22|174|12|81|74|33|196|29|203|100|217|52|44|246|185|24|178|219|77|88|135|147|115|197|97|29|24|128|27|155|16|242|250|89|17|228|37|171|159|80|249|250|38|18|129|217|228|31|104|161|201|183|141|81|25|7|176|55|201|85|33|53|61|254|156|98|193|11|207|49|22|122|205|244|232|14|43|150|230|137|98|29|218|
Overall Best: 0.7979 Generation: 7

Generation 10
Average: 0.7585 Best: 0.7828
Best Individual: 
C0 99|43|51|48|9|114|122|165|161|199|201|186|99|232|62|73|12|96|46|232|180|250|151|232|99|254|132|167|238|193|30|61|53|94|84|174|189|2|186|108|67|135|126|65|137|126|75|231|175|112|138|205|20|142|244|150|56|227|247|60|134|68|92|157|9|225|8|173|255|207|243|169|182|216|38|188|211|107|232|82|189|77|17|247|22|229|58|84|17|239|135|238|239|41|171|68|203|25|69|241|174|213|69|48|174|48|189|146|66|92|227|64|176|192|4|201|122|230|171|44|53|83|251|6|213|88|231|4|226|159|62|132|215|180|171|102|14|185|111|151|138|249|42|119|90|126|179|174|202|251|236|235|254|126|250|180|82|135|129|57|40|12|124|205|93|181|70|248|64|188|11|120|201|96|242|8|82|189|106|12|103|112|195|253|98|124|134|147|171|1|130|151|41|89|89|144|97|197|114|247|171|18|28|210|11|199|13|205|48|116|74|16|21|84|204|45|47|204|159|237|175|146|105|37|137|237|121|215|68|165|229|170|213|98|95|162|192|200|177|68|126|149|12|205|206|218|245|36|51|16|103|167|193|52|55|184|
Overall Best: 0.7979 Generation: 7

Generation 11
Average: 0.7578 Best: 0.7922
Best Individual: 
C0 253|33|214|159|97|161|69|9|229|92|181|161|56|247|165|63|124|91|107|94|128|21|7|94|82|74|132|235|86|193|38|61|221|14|246|160|232|2|158|108|224|42|8|65|137|65|149|186|190|180|36|111|119|38|37|200|1|133|247|214|75|38|121|47|186|152|189|48|154|82|156|78|25|100|108|194|244|55|136|184|79|198|180|127|168|211|61|98|45|119|253|142|27|151|144|156|163|73|228|241|21|213|99|126|237|39|9|146|66|160|160|95|176|192|153|201|122|230|171|207|53|83|251|6|213|88|231|4|226|159|62|132|215|180|171|102|14|225|8|151|138|249|42|134|107|72|145|174|202|251|236|235|254|126|250|180|126|135|151|57|152|12|124|205|93|181|70|248|64|188|60|120|201|96|242|8|82|189|106|12|103|112|195|253|98|124|134|147|171|1|130|226|41|89|89|144|130|197|210|204|161|226|195|16|188|229|89|119|212|15|23|97|182|19|141|150|152|129|6|145|110|43|134|201|172|230|81|25|52|64|195|60|224|233|82|222|254|171|9|184|92|35|129|54|197|46|177|91|70|62|217|96|137|98|19|124|
Overall Best: 0.7979 Generation: 7

Generation 12
Average: 0.7591 Best: 0.7910
Best Individual: 
C0 225|189|156|47|9|39|122|165|49|56|197|199|5|50|62|199|100|96|239|113|148|195|161|209|4|74|132|167|203|193|30|61|53|108|84|106|179|130|200|85|103|19|79|138|159|167|225|107|88|103|74|128|28|27|178|30|116|218|113|18|62|42|179|137|243|120|166|204|217|175|156|111|115|1|179|67|233|36|99|82|74|221|232|93|239|245|150|252|2|239|128|142|168|151|144|86|189|1|230|241|21|183|93|138|141|10|13|195|26|23|183|37|253|170|211|230|224|134|238|129|45|16|149|172|246|129|169|241|13|187|42|137|238|133|79|18|2|4|129|97|154|104|63|215|150|154|175|32|87|202|132|58|212|58|136|2|160|93|208|9|124|196|238|116|142|252|56|42|116|230|137|20|82|61|76|240|129|24|167|82|80|147|25|41|119|190|216|220|3|100|236|214|17|193|162|20|196|131|113|129|60|25|0|195|190|213|252|6|6|38|46|4|14|212|162|76|10|250|116|63|6|120|150|53|137|237|121|154|111|79|53|151|249|48|95|155|110|235|158|185|238|56|61|6|206|68|170|192|54|122|103|253|254|198|21|154|
Overall Best: 0.7979 Generation: 7

Generation 13
Average: 0.7639 Best: 0.7966
Best Individual: 
C0 253|33|214|159|97|161|69|215|229|92|181|161|56|247|165|63|124|91|162|94|128|21|7|94|82|74|27|114|86|193|38|61|221|14|246|160|232|2|158|157|88|42|8|65|137|194|149|186|190|233|36|111|119|38|37|200|1|81|247|214|75|38|121|47|202|152|189|48|154|82|96|100|179|100|108|194|14|245|155|202|45|44|199|13|92|76|5|166|152|192|12|203|12|132|152|26|224|196|55|54|169|186|107|194|31|6|58|214|109|173|163|16|60|187|216|117|121|119|22|81|179|245|21|49|246|179|122|5|29|127|219|164|115|216|79|21|79|20|232|118|88|145|149|242|89|154|84|163|212|168|252|162|47|175|122|97|13|251|227|22|160|110|160|177|40|78|80|158|108|253|36|141|236|39|174|16|81|246|33|196|29|203|100|224|52|229|246|185|24|178|117|174|88|244|147|245|197|30|190|165|87|27|155|200|242|250|89|17|228|37|171|233|190|249|250|234|18|154|217|228|31|104|97|201|183|141|81|25|7|224|55|208|148|33|53|61|254|156|41|186|30|207|49|22|122|32|244|189|70|62|217|96|137|98|19|124|
Overall Best: 0.7979 Generation: 7

Generation 14
Average: 0.7591 Best: 0.7910
Best Individual: 
C0 253|255|108|206|87|176|161|63|34|165|167|65|56|247|36|108|231|91|113|94|232|21|7|94|82|74|132|158|8|193|38|61|232|185|84|214|232|6|145|108|224|130|126|65|15|52|15|231|187|131|222|105|119|221|236|93|93|75|190|17|163|29|16|2|85|110|192|44|203|211|244|176|113|52|169|238|127|7|239|171|97|65|252|202|217|144|137|120|10|198|2|207|43|93|171|134|112|209|118|213|116|91|211|203|106|139|242|246|66|93|160|95|7|89|238|2|23|40|157|44|194|20|40|118|33|97|122|251|57|40|212|237|133|41|150|102|14|251|151|172|18|78|116|94|59|8|230|45|109|127|61|109|104|237|217|8|160|93|208|9|95|239|216|116|142|56|188|42|129|48|202|116|243|219|104|48|202|198|73|0|209|4|199|89|187|239|25|15|87|180|63|87|231|168|161|180|79|129|38|216|218|128|9|137|53|167|225|50|45|30|242|103|232|150|237|197|190|180|40|36|123|114|150|191|137|237|4|25|27|176|195|134|69|115|205|77|167|133|9|184|87|35|112|106|143|244|70|91|189|144|95|206|126|98|215|81|
Overall Best: 0.7979 Generation: 7

Generation 15
Average: 0.7642 Best: 0.7979
Best Individual: 
C0 99|90|156|47|222|39|122|165|49|57|197|148|15|72|140|17|96|83|107|94|206|250|12|98|82|189|162|235|177|193|230|129|53|94|75|25|147|57|186|159|112|35|126|199|217|72|160|39|116|112|138|52|92|105|54|158|203|227|247|63|251|173|54|148|195|151|0|15|86|143|222|114|107|230|243|92|14|245|250|72|116|31|234|181|229|126|105|23|2|73|252|54|20|53|54|17|20|144|234|95|210|93|87|84|166|10|144|253|9|149|134|176|253|27|130|232|122|41|121|190|100|99|21|253|253|173|126|241|167|254|96|60|97|140|69|160|184|251|138|172|138|207|164|177|145|194|81|45|109|153|8|110|104|237|217|215|43|49|150|126|65|129|113|32|206|151|110|230|146|2|155|116|79|219|88|139|40|21|116|221|42|4|176|217|190|248|61|91|199|125|205|167|185|102|140|198|215|255|120|103|86|226|246|85|75|229|16|71|141|75|223|179|168|202|141|52|12|61|6|145|12|13|132|188|238|200|195|47|90|101|245|185|29|205|190|131|31|173|182|75|168|85|164|131|78|66|193|108|23|61|70|67|229|37|154|6|
Overall Best: 0.7979 Generation: 7

Generation 16
Average: 0.7677 Best: 0.8023
Best Individual: 
C0 253|33|243|144|125|223|83|101|141|60|156|24|15|72|98|5|61|83|144|161|206|250|12|133|80|189|162|235|177|193|75|51|5|77|3|97|254|32|186|109|10|85|126|81|217|181|89|39|10|216|138|219|145|239|54|225|203|18|247|63|251|68|54|148|73|189|0|190|60|143|222|27|107|230|143|201|14|245|250|158|240|31|232|57|229|114|110|252|2|209|252|54|184|108|71|174|11|144|215|151|23|6|204|76|60|202|84|240|201|113|208|231|14|82|70|68|73|196|166|125|225|173|21|142|201|246|229|112|247|138|147|59|238|142|79|18|212|12|129|116|88|204|63|17|158|111|179|32|238|202|8|58|130|58|116|108|8|98|123|202|3|220|216|32|206|152|138|18|40|33|155|116|26|61|75|15|248|19|183|127|42|4|176|186|16|167|61|168|21|158|205|167|185|164|160|198|215|105|29|35|42|226|195|187|126|229|89|240|23|64|254|97|123|5|67|53|152|69|6|151|188|234|203|188|129|1|35|255|156|69|195|133|159|154|205|216|254|133|9|184|145|219|112|254|15|46|70|34|98|7|95|122|100|110|132|124|
Overall Best: 0.8023 Generation: 16

Generation 17
Average: 0.7676 Best: 0.7997
Best Individual: 
C0 253|33|243|159|115|223|83|101|141|189|156|24|15|27|140|5|61|196|144|161|206|250|53|133|80|137|162|235|177|11|75|51|5|244|3|76|254|32|186|109|10|85|126|81|151|181|89|39|10|216|138|219|145|145|54|163|203|18|247|127|241|68|54|194|208|189|0|190|60|143|222|161|107|230|76|201|113|245|250|158|29|107|232|54|229|255|214|252|2|209|252|224|184|108|71|174|11|144|215|151|23|90|204|76|60|119|84|240|201|113|239|231|14|92|70|68|73|196|166|25|227|173|21|142|201|246|229|112|247|138|147|59|238|142|72|18|72|110|129|198|88|204|63|17|39|111|179|32|238|202|8|58|130|58|116|108|39|98|208|239|3|118|216|32|206|199|138|18|40|33|155|116|230|61|75|15|248|21|183|97|42|4|176|186|16|167|61|91|21|158|136|167|185|164|209|198|215|105|29|35|42|226|195|150|231|229|89|240|212|64|254|97|123|5|172|53|152|69|6|151|6|77|203|188|129|231|35|153|156|69|195|133|159|154|205|132|91|216|9|103|145|219|112|202|15|46|70|34|98|7|95|91|100|110|132|124|
Overall Best: 0.8023 Generation: 16

Generation 18
Average: 0.7667 Best: 0.8067
Best Individual: 
C0 82|224|144|159|132|78|172|221|103|69|229|98|254|13|72|5|61|76|165|148|206|63|139|232|80|189|255|235|177|246|75|51|211|233|39|7|67|32|60|109|10|71|192|230|217|225|89|39|97|216|138|219|145|239|54|163|189|18|247|63|251|68|54|148|30|255|61|200|255|82|205|107|74|215|113|232|131|45|199|122|176|153|32|188|10|85|199|142|50|3|200|109|225|157|144|202|51|1|142|241|199|213|99|126|237|2|100|146|133|205|160|165|17|235|131|84|69|239|248|101|137|59|115|151|90|183|191|184|3|120|79|73|47|251|89|47|152|174|192|149|3|237|239|178|102|182|112|80|137|121|180|16|177|92|217|186|53|148|64|231|121|158|86|32|16|68|246|56|77|119|250|110|190|172|155|189|213|56|185|108|59|83|163|11|181|225|15|58|51|167|171|72|180|156|209|198|215|168|85|35|189|226|195|97|52|229|16|242|141|75|72|97|168|202|117|52|12|61|251|151|12|55|131|56|138|124|125|238|61|117|195|136|220|115|67|181|254|133|221|184|71|35|172|54|15|43|70|91|222|85|232|176|149|130|227|207|
Overall Best: 0.8067 Generation: 18

Generation 19
Average: 0.7669 Best: 0.8004
Best Individual: 
C0 253|99|103|159|140|51|50|101|53|127|152|253|65|225|140|5|61|33|145|20|37|122|15|232|162|74|216|160|177|120|184|129|28|206|221|174|200|2|186|142|112|219|40|81|16|225|159|104|110|216|141|219|171|136|97|158|200|251|71|58|251|199|54|148|49|107|8|173|59|2|243|114|155|132|143|92|14|179|250|37|31|31|232|115|177|126|112|89|2|100|62|54|33|37|181|111|20|77|210|140|8|93|87|119|166|163|250|238|9|149|124|143|253|116|77|145|132|85|157|190|62|25|233|224|33|2|234|241|75|202|166|146|72|250|79|48|52|173|151|33|211|145|63|113|74|14|133|201|96|202|34|196|72|237|217|8|160|99|76|9|19|124|216|16|142|56|188|42|73|97|46|116|243|139|104|68|200|198|235|165|209|4|105|89|56|239|25|194|41|13|63|205|231|168|23|21|220|149|187|123|192|114|69|38|185|82|30|238|79|54|49|244|134|11|186|27|82|28|22|151|53|29|200|28|57|45|106|126|68|204|93|128|215|18|159|114|213|227|137|184|145|35|112|17|170|9|149|3|243|105|95|86|95|149|62|113|
Overall Best: 0.8067 Generation: 18

Generation 20
Average: 0.7650 Best: 0.7997
Best Individual: 
C0 37|88|144|159|115|78|16|101|165|69|84|97|254|13|72|5|64|76|107|148|37|50|15|22|82|142|244|178|177|193|230|145|53|94|86|19|43|2|134|1|54|87|27|191|210|134|75|130|222|139|142|205|149|43|102|170|191|227|141|50|80|224|240|7|227|246|194|18|122|31|119|86|136|8|108|124|143|147|150|82|206|131|208|137|225|151|35|30|50|3|95|109|225|157|144|202|228|156|142|241|199|213|99|213|18|10|173|17|162|216|152|111|17|242|82|112|86|88|98|49|20|123|113|35|128|235|30|162|149|253|96|137|238|223|68|87|97|114|129|135|73|147|203|32|136|86|92|160|166|22|81|152|148|170|75|46|41|200|235|50|186|68|169|198|62|55|51|224|63|245|139|216|247|45|97|133|14|139|190|120|228|248|81|199|81|26|32|235|75|8|112|130|189|27|155|136|250|134|124|175|236|161|2|115|178|232|86|21|118|75|57|97|70|86|117|52|12|83|41|151|12|13|40|210|157|124|117|238|124|42|251|136|220|115|67|233|254|133|221|184|46|35|172|54|15|45|70|140|250|85|144|151|138|98|246|186|
Overall Best: 0.8067 Generation: 18

Generation 21
Average: 0.7666 Best: 0.8029
Best Individual: 
C0 82|247|144|159|115|78|134|101|246|69|65|143|254|236|140|5|176|76|190|94|251|50|15|22|82|142|244|178|177|236|31|231|53|9|75|110|126|2|186|159|112|35|126|199|166|126|41|231|172|193|53|111|85|28|70|234|189|18|38|63|158|68|54|148|73|255|61|200|24|82|205|107|74|213|113|232|131|45|64|122|176|153|220|188|238|89|199|91|51|3|200|109|209|157|131|202|51|1|192|241|199|213|99|126|223|2|100|174|63|205|46|194|5|235|131|239|141|239|95|101|60|59|115|119|106|183|191|185|216|120|79|73|108|251|89|47|152|174|192|149|3|237|30|178|102|182|90|217|112|121|180|16|177|92|217|3|41|148|64|231|121|158|86|43|16|225|165|56|116|221|250|110|190|31|155|216|213|56|185|108|59|83|163|11|181|225|15|58|51|167|171|72|180|156|209|255|215|168|85|35|189|45|195|97|184|229|16|201|141|251|72|97|168|202|117|52|12|145|6|151|12|140|145|152|172|124|81|238|61|244|195|174|22|115|67|8|254|133|221|79|17|35|226|243|15|128|255|185|222|85|147|230|14|154|246|234|
Overall Best: 0.8067 Generation: 18

Generation 22
Average: 0.7695 Best: 0.8129
Best Individual: 
C0 97|224|144|159|115|115|134|62|103|69|156|222|254|72|140|6|194|83|24|254|28|250|12|169|82|74|198|222|177|77|1|136|28|128|204|174|232|120|113|155|27|190|73|83|217|243|55|124|110|38|168|135|192|191|54|179|29|19|72|63|251|214|35|148|57|168|186|208|24|107|174|86|74|8|100|199|143|160|150|34|132|67|23|137|169|151|44|252|40|39|127|225|98|26|136|118|214|27|226|241|126|89|4|59|78|10|173|17|148|243|91|111|243|58|82|112|216|27|108|192|123|202|113|112|128|93|158|241|171|213|96|137|238|167|68|27|165|114|129|97|73|147|91|130|136|104|0|11|166|8|146|152|148|170|75|46|41|44|76|145|208|227|180|163|62|55|141|224|32|245|147|216|144|215|97|133|14|139|190|122|228|248|195|45|204|91|32|235|75|138|114|130|189|27|209|29|220|169|29|24|161|149|10|135|150|88|139|168|126|116|71|16|182|61|69|52|116|251|167|151|12|13|160|184|172|3|81|238|61|117|195|99|211|115|67|8|254|133|221|236|17|71|194|54|233|122|96|16|222|215|144|230|102|223|246|80|
Overall Best: 0.8129 Generation: 22

Generation 23
Average: 0.7741 Best: 0.8054
Best Individual: 
C0 37|88|144|159|155|78|16|101|165|69|1|97|254|13|72|5|64|76|107|148|121|50|15|22|82|142|244|225|177|193|230|145|53|94|86|19|161|68|134|1|54|87|27|191|210|134|75|130|222|98|142|205|17|43|102|170|191|227|141|15|80|224|240|21|227|11|121|18|122|31|119|86|136|224|176|124|143|147|150|82|206|131|208|137|225|151|35|30|50|3|95|54|20|232|5|252|20|194|113|95|210|231|87|15|166|10|144|105|162|149|79|176|66|27|130|6|208|150|81|217|100|73|165|196|253|10|197|128|69|190|96|60|97|140|65|49|16|109|119|152|138|107|205|177|145|194|81|35|109|250|180|152|148|170|75|46|41|200|235|50|42|68|169|198|62|55|103|232|63|245|139|216|244|45|97|133|14|139|190|120|228|82|81|199|164|216|202|235|75|8|112|130|189|27|55|136|250|134|124|127|236|161|2|25|178|232|86|21|118|75|57|148|70|216|253|52|12|83|41|151|67|25|40|210|157|124|42|238|124|8|143|136|220|197|199|233|152|133|221|184|46|35|172|54|15|45|70|210|250|85|144|151|138|98|246|186|
Overall Best: 0.8129 Generation: 22

Generation 24
Average: 0.7705 Best: 0.8067
Best Individual: 
C0 80|33|43|140|164|78|121|20|113|69|156|222|4|219|129|249|61|83|204|161|206|63|12|148|206|155|218|235|177|99|75|51|133|77|29|231|208|32|105|109|192|71|75|81|217|245|155|39|97|216|138|196|232|159|54|158|88|237|213|142|225|163|54|148|49|107|8|100|209|147|15|114|110|232|159|92|14|4|169|37|31|136|232|249|229|126|79|252|89|100|62|54|33|64|72|136|153|77|184|50|8|40|87|252|166|163|250|238|115|199|74|176|57|41|130|122|122|248|47|190|142|122|94|253|161|2|97|241|85|202|49|146|72|140|79|208|52|173|151|134|132|232|207|115|74|57|245|43|211|219|21|168|72|64|217|120|46|99|228|9|19|207|240|16|35|56|188|42|248|97|46|156|206|219|157|89|125|198|235|139|209|65|122|238|45|239|25|194|41|13|63|219|3|98|45|21|220|149|48|211|192|114|69|38|97|82|85|238|31|54|180|244|114|11|186|54|221|100|247|151|90|29|228|168|206|45|106|126|174|204|40|128|164|185|190|12|88|221|137|184|152|35|72|1|170|23|104|34|23|118|95|96|100|111|35|124|
Overall Best: 0.8129 Generation: 22

Generation 25
Average: 0.7745 Best: 0.8123
Best Individual: 
C0 37|88|144|159|155|78|16|101|165|69|1|97|158|13|72|5|64|76|107|148|121|50|15|22|199|142|244|225|177|193|230|145|62|94|86|19|192|68|134|1|77|87|27|191|210|134|75|130|222|98|142|205|149|43|102|40|191|227|141|117|80|224|117|104|227|246|243|18|214|31|200|86|136|135|223|124|108|148|150|82|206|131|52|143|225|151|197|30|193|3|95|4|20|111|5|252|20|194|113|95|210|231|87|119|196|163|250|238|9|199|124|102|57|41|130|122|96|20|47|34|142|88|94|253|161|180|234|1|85|202|166|49|167|140|190|48|52|175|151|103|214|232|105|115|74|236|245|44|211|4|21|196|72|47|217|247|31|99|252|9|19|239|249|16|142|56|61|110|115|97|40|156|15|219|183|48|200|249|241|165|31|65|122|75|26|165|34|194|142|80|170|231|216|76|41|29|47|134|124|127|236|161|2|25|178|232|86|21|118|75|57|243|70|201|52|52|12|83|41|151|135|234|40|210|157|124|42|238|124|8|143|136|220|197|138|233|152|133|221|123|46|35|172|54|15|45|22|210|250|85|144|151|138|98|246|186|
Overall Best: 0.8129 Generation: 22

Generation 26
Average: 0.7738 Best: 0.8054
Best Individual: 
C0 104|4|170|149|97|161|157|193|102|230|171|212|56|156|165|49|227|181|99|133|235|80|200|189|102|62|254|250|86|56|60|51|133|65|29|231|93|32|118|109|167|106|75|81|217|245|155|163|97|216|138|196|98|139|204|213|88|237|213|142|225|163|172|148|51|107|8|173|209|18|161|114|107|16|243|174|14|84|216|200|195|108|224|181|229|97|141|50|42|183|252|54|127|123|239|34|20|73|194|95|139|231|87|43|166|249|27|96|65|149|134|176|253|27|130|6|208|5|121|57|100|127|62|18|253|173|126|128|167|203|96|114|97|140|65|160|103|53|146|172|138|163|59|177|181|241|79|35|109|191|179|85|17|237|90|123|206|93|42|66|27|56|30|241|183|35|143|163|18|207|68|50|30|115|37|117|91|21|33|189|60|32|210|186|16|220|25|194|41|13|63|219|153|98|45|21|220|149|48|216|192|220|24|59|95|82|85|238|31|39|180|244|114|11|186|54|221|66|247|151|90|138|194|188|210|237|190|71|196|101|245|185|29|62|120|131|31|26|182|75|127|122|164|183|253|24|193|108|14|223|234|114|137|92|19|115|
Overall Best: 0.8129 Generation: 22

Generation 27
Average: 0.7741 Best: 0.8048
Best Individual: 
C0 129|224|144|123|115|78|134|101|246|69|156|163|254|200|199|160|8|76|107|94|213|50|15|236|82|142|46|165|177|236|135|231|53|9|149|110|21|45|21|231|112|129|195|191|210|39|75|5|222|98|254|205|17|43|102|170|191|177|141|168|80|224|193|21|227|11|48|13|122|191|45|86|136|224|176|124|143|11|150|82|206|221|31|95|146|184|65|77|15|85|248|207|28|103|186|178|228|231|142|24|22|213|202|207|57|10|173|16|162|241|152|114|98|180|144|112|86|88|219|76|21|12|137|35|128|229|30|162|149|190|89|137|55|223|36|87|152|174|59|106|159|30|42|134|249|48|199|198|32|125|236|105|254|85|189|103|126|154|151|200|42|12|243|212|93|71|82|197|222|242|132|108|109|58|242|214|152|220|123|12|227|53|106|53|238|140|134|115|11|158|205|142|185|181|125|221|75|142|29|35|225|24|195|130|138|91|118|240|170|139|29|15|90|194|172|2|177|70|226|1|206|146|11|188|20|77|197|55|24|220|203|133|63|183|35|116|3|78|15|208|24|219|112|73|10|66|210|130|173|210|205|34|14|154|126|234|
Overall Best: 0.8129 Generation: 22

Generation 28
Average: 0.7717 Best: 0.8110
Best Individual: 
C0 139|88|45|143|155|78|47|101|165|163|1|97|158|13|72|5|235|76|107|148|184|160|15|22|199|142|244|225|177|193|230|197|62|94|86|253|192|68|32|155|77|87|27|191|210|88|75|130|78|98|160|205|149|43|102|40|191|107|204|117|80|224|213|104|227|246|44|230|214|132|205|14|118|8|248|68|131|170|72|115|167|167|209|85|146|184|46|100|15|230|95|207|28|85|186|75|27|169|4|229|92|90|24|133|37|106|169|12|153|130|79|148|100|224|49|168|36|226|187|250|186|26|210|196|253|72|111|128|49|180|234|60|97|83|65|160|203|109|201|152|140|40|205|177|145|194|81|35|109|184|224|6|19|167|42|218|30|47|57|9|214|86|172|250|55|251|246|56|94|119|3|110|154|189|62|189|213|209|53|113|59|83|172|11|236|49|179|212|20|8|164|127|90|21|19|104|97|219|29|200|111|136|42|109|42|36|139|168|231|67|71|45|172|8|233|166|12|124|146|151|87|130|25|205|124|124|62|238|244|8|143|136|220|197|41|233|96|133|221|123|163|35|221|74|15|45|22|210|99|85|58|170|138|231|246|186|
Overall Best: 0.8129 Generation: 22

Generation 29
Average: 0.7721 Best: 0.8010
Best Individual: 
C0 37|88|144|118|155|78|47|101|165|69|183|97|158|55|72|5|235|76|107|148|184|249|15|22|199|186|244|225|177|59|230|197|62|7|86|253|192|68|32|155|77|87|27|191|210|88|88|130|237|200|160|90|232|159|54|164|88|237|213|142|225|163|116|148|49|202|130|100|82|147|15|3|110|253|159|92|56|4|169|37|45|175|23|94|61|205|44|210|23|39|24|83|188|197|186|75|27|50|4|229|92|90|24|133|37|106|169|12|82|130|2|148|100|173|49|168|36|58|187|250|186|26|210|196|253|72|88|128|60|180|234|75|47|159|65|35|203|109|186|152|140|26|205|177|249|194|81|35|109|184|224|48|19|167|42|218|30|47|57|9|214|86|172|250|16|251|246|99|71|55|3|110|154|189|62|189|213|209|53|113|132|83|172|11|31|49|5|212|1|8|164|127|90|21|162|104|97|219|29|200|111|7|42|219|42|36|139|37|231|67|129|45|172|8|233|166|150|124|20|151|12|55|145|205|176|124|62|238|244|8|143|136|220|197|138|233|152|133|164|123|154|35|221|191|15|45|22|210|99|85|58|170|138|231|246|167|
Overall Best: 0.8129 Generation: 22
==================
    Best individual after 30 generations
    computed in 2,696.2260 seconds
    1295 elements out of 1593 correct.
    emerged in generation 22
    with fitness 0.8129
==================

