Starting evolution...

Generation 0
Average: 0.8654 Best: 0.8870
Best Individual: 
C0 63|234|73|33|233|110|140|132|248|13|112|169|91|153|77|112|251|201|109|81|92|31|240|168|138|54|223|97|87|172|117|209|45|208|143|7|170|35|138|94|44|152|103|169|231|135|229|239|173|18|114|65|130|4|45|226|56|253|2|166|226|238|200|34|145|254|161|251|225|26|96|144|51|127|145|184|9|245|220|153|192|114|218|244|61|57|30|180|81|234|62|234|157|28|195|244|113|138|136|230|178|93|193|240|29|62|29|10|86|157|160|148|40|227|178|159|206|200|140|170|213|184|149|228|25|140|168|57|146|173|244|136|97|40|76|246|2|13|3|58|11|14|8|109|232|13|242|21|232|28|173|157|167|40|30|197|110|100|176|52|47|105|210|155|6|208|159|157|196|12|164|2|211|34|130|136|240|0|52|15|137|253|100|183|107|78|195|10|31|34|90|26|233|96|37|51|140|234|190|142|22|168|187|40|214|179|129|222|34|54|165|165|25|225|189|190|173|34|83|140|72|123|248|228|251|242|24|95|234|169|176|140|183|84|122|173|253|149|44|241|172|204|70|21|187|103|176|152|67|70|188|209|6|105|129|109|
Overall Best: 0.8870 Generation: 0

Generation 1
Average: 0.8712 Best: 0.8920
Best Individual: 
C0 246|85|44|124|113|201|152|134|14|199|218|211|69|48|71|163|148|206|171|125|114|128|96|107|78|94|252|26|226|188|40|84|51|75|52|184|62|253|15|177|243|11|137|57|220|226|209|194|83|137|101|84|79|171|201|237|26|52|153|52|247|243|205|216|234|54|81|209|130|193|142|93|146|169|39|140|148|162|237|234|97|175|193|163|137|9|143|150|21|220|62|135|2|234|9|190|253|108|67|54|108|95|100|183|230|42|134|197|215|61|4|246|240|196|100|218|165|130|228|161|120|189|202|28|6|86|213|128|200|184|214|26|65|45|35|185|218|39|29|134|51|96|191|205|45|69|35|245|150|250|212|188|150|17|241|179|253|188|104|86|216|104|20|144|20|148|250|13|106|180|165|155|29|18|87|221|186|97|144|187|147|140|106|22|192|44|42|134|119|13|83|15|215|239|198|92|104|41|27|50|79|52|10|85|0|96|30|206|69|250|248|65|53|176|94|156|37|17|30|104|140|115|27|234|199|253|66|131|65|170|77|233|141|222|136|202|133|88|54|127|166|225|235|166|195|150|167|184|138|55|118|142|127|108|240|180|
Overall Best: 0.8920 Generation: 1

Generation 2
Average: 0.8750 Best: 0.8908
Best Individual: 
C0 106|161|177|64|233|131|104|225|243|247|24|204|31|157|123|59|7|79|150|27|11|230|104|62|55|154|10|211|207|24|233|89|254|236|198|19|98|98|145|148|223|146|17|245|208|239|181|50|243|162|123|65|192|119|82|41|148|5|94|139|11|209|33|54|42|204|37|40|129|247|161|3|64|153|17|235|168|184|51|51|158|95|102|214|19|32|1|124|7|244|95|31|44|254|178|91|119|215|92|136|5|121|16|194|130|177|125|97|2|84|213|138|68|36|109|244|31|44|41|14|80|65|230|190|147|59|53|14|182|241|81|156|202|211|158|44|154|170|122|210|195|238|147|253|22|195|103|130|163|145|130|175|205|38|141|77|49|5|165|116|84|134|252|8|162|36|101|21|11|233|57|198|110|53|194|198|183|200|226|77|111|113|241|3|6|179|41|242|170|146|133|219|42|234|236|13|30|114|75|41|25|19|210|19|180|194|113|40|252|100|61|168|246|253|241|40|39|47|168|237|141|182|45|143|56|108|210|51|37|221|115|149|137|1|159|16|240|28|142|79|84|32|51|64|27|27|116|215|87|68|38|115|189|166|126|161|
Overall Best: 0.8920 Generation: 1

Generation 3
Average: 0.8757 Best: 0.8908
Best Individual: 
C0 106|161|177|64|233|131|104|225|243|247|24|204|31|157|123|59|7|79|150|27|11|230|181|62|55|154|10|211|207|24|233|89|254|236|198|19|98|185|145|148|223|146|17|245|208|239|181|50|243|162|123|65|192|119|30|41|148|5|94|139|11|209|149|54|238|204|37|40|129|141|161|3|64|177|17|235|217|184|51|51|158|95|102|214|19|32|207|124|7|244|95|31|44|254|178|91|119|215|92|136|5|121|16|186|113|177|125|97|90|84|213|138|68|36|109|244|31|195|41|14|80|65|230|190|147|59|53|14|182|241|81|156|202|211|158|44|171|170|122|210|195|238|147|253|22|195|103|130|163|145|200|175|205|38|141|77|49|5|165|116|142|134|252|8|162|36|101|21|11|233|81|51|110|53|194|198|183|200|226|77|111|113|241|3|6|179|41|242|170|146|133|219|42|234|176|13|30|114|75|41|25|167|210|19|180|194|113|125|252|100|61|168|246|253|241|40|39|47|168|237|141|182|45|143|56|108|210|51|37|221|115|149|137|168|159|16|240|28|142|79|2|32|51|64|27|27|116|190|87|68|38|48|24|166|126|161|
Overall Best: 0.8920 Generation: 1

Generation 4
Average: 0.8771 Best: 0.8939
Best Individual: 
C0 174|182|58|98|129|244|107|168|116|139|75|12|2|192|163|138|172|24|83|65|47|180|139|132|96|238|175|161|128|11|119|228|209|190|2|155|69|78|168|148|83|111|211|84|126|89|252|246|15|197|184|143|16|171|196|124|179|69|63|120|1|81|24|54|9|88|83|107|12|192|205|106|22|101|153|163|88|55|40|146|104|250|27|217|248|181|188|22|9|196|114|162|22|218|75|55|115|27|220|97|49|181|1|146|164|150|177|95|120|31|219|134|193|76|95|8|55|236|205|249|140|13|114|63|52|235|61|251|147|141|76|197|244|118|143|62|239|43|169|219|15|232|234|101|44|79|9|254|166|179|50|52|13|122|206|185|14|171|82|193|126|85|207|34|122|21|80|109|57|149|151|107|237|3|158|221|186|97|144|187|147|140|106|22|192|44|42|35|119|13|83|15|215|123|198|243|77|107|214|50|168|103|145|210|0|96|30|206|69|19|248|65|53|176|94|156|107|17|30|104|116|139|45|147|97|127|175|180|107|197|158|209|64|42|45|220|115|151|77|173|66|226|165|24|116|221|113|55|28|152|78|55|228|227|33|240|
Overall Best: 0.8939 Generation: 4

Generation 5
Average: 0.8786 Best: 0.8977
Best Individual: 
C0 61|96|138|19|4|242|210|208|81|139|3|126|37|95|209|54|66|85|152|20|69|76|60|25|179|166|182|174|161|31|27|133|48|204|68|229|97|163|112|75|153|198|146|31|218|132|39|78|34|88|119|223|215|159|237|126|145|197|185|34|101|215|49|180|53|125|160|92|57|126|147|106|129|47|174|57|9|252|188|40|141|222|89|244|72|227|132|146|220|133|187|55|38|160|109|56|149|239|118|4|82|186|134|50|50|118|75|12|121|207|24|192|121|62|74|160|157|10|9|115|240|64|207|132|53|175|216|251|147|236|76|197|172|118|143|62|219|131|169|219|15|17|234|101|103|216|9|169|245|179|27|164|13|45|206|185|232|225|148|144|126|153|93|34|18|27|42|16|57|149|169|52|164|249|188|110|10|222|64|223|184|204|47|102|30|40|189|77|48|226|45|179|209|71|71|78|154|23|91|37|255|115|184|226|248|5|162|177|97|127|98|115|55|82|45|154|143|183|46|246|34|182|28|2|197|152|112|65|157|255|58|192|132|253|215|243|159|157|242|136|8|172|174|54|228|162|41|93|201|108|141|85|56|12|253|60|
Overall Best: 0.8977 Generation: 5

Generation 6
Average: 0.8812 Best: 0.8945
Best Individual: 
C0 94|155|53|175|104|196|32|98|114|90|176|65|144|0|55|9|36|208|45|15|84|251|59|132|151|159|54|190|241|163|144|93|53|32|94|78|6|88|241|204|8|147|135|12|27|22|38|248|93|8|177|1|85|56|139|103|112|156|65|123|115|217|88|236|9|171|50|225|20|36|30|28|67|196|195|214|153|196|139|180|23|116|169|1|204|65|134|178|42|79|43|231|29|46|168|197|44|164|70|201|88|192|152|214|56|202|76|22|96|12|237|104|27|101|127|62|161|191|83|8|139|108|34|14|242|162|26|116|82|80|109|18|188|128|221|169|16|78|132|201|8|150|38|127|198|24|11|149|34|202|205|149|255|62|166|202|179|236|202|55|195|141|252|3|229|143|237|220|216|64|77|49|182|121|43|158|228|34|74|87|84|149|175|198|48|114|29|222|23|118|34|63|98|201|87|88|48|75|50|125|161|170|207|235|58|86|39|87|177|254|243|143|224|171|105|119|183|165|166|233|170|206|20|146|111|15|41|63|243|106|66|44|228|55|73|132|227|177|113|191|167|80|165|83|195|54|94|238|80|164|225|164|118|99|168|167|
Overall Best: 0.8977 Generation: 5

Generation 7
Average: 0.8811 Best: 0.8958
Best Individual: 
C0 94|155|53|175|6|196|32|98|114|90|176|65|144|0|138|9|36|208|45|15|84|251|59|171|151|159|54|190|241|163|224|93|53|32|94|93|6|219|241|204|8|147|135|12|27|22|38|248|93|8|177|123|85|56|139|103|112|156|65|31|115|217|88|236|9|171|50|225|20|212|30|28|67|196|195|214|237|196|139|180|30|116|169|1|204|65|134|178|42|79|43|231|29|46|168|197|140|144|70|201|88|192|68|214|56|202|76|12|96|12|237|104|27|101|127|62|158|72|83|206|160|175|34|14|242|162|26|133|82|80|218|4|188|128|221|169|16|78|132|201|8|150|38|127|198|24|11|149|34|202|220|149|255|186|166|202|179|236|202|55|195|141|252|3|229|143|237|220|216|64|77|49|182|121|43|158|60|34|74|87|84|149|175|198|48|114|29|222|23|118|34|63|98|201|87|88|28|75|59|125|72|170|207|235|200|86|39|87|177|254|243|65|224|171|105|119|11|165|166|233|170|206|20|146|111|15|135|63|243|106|66|44|228|55|73|132|227|177|113|191|167|80|165|83|195|54|196|238|80|164|225|164|118|99|168|167|
Overall Best: 0.8977 Generation: 5

Generation 8
Average: 0.8809 Best: 0.8933
Best Individual: 
C0 201|2|24|98|9|172|220|81|116|61|254|110|2|192|134|138|230|104|48|20|69|171|60|73|179|166|182|174|161|160|6|133|48|204|68|229|97|163|112|194|52|198|146|31|218|98|39|78|34|88|119|223|215|159|237|126|145|197|185|34|101|133|49|180|1|125|221|92|57|64|147|106|129|47|174|57|9|252|188|40|74|222|89|244|72|144|194|146|220|133|191|172|38|160|119|249|149|239|118|4|82|186|134|50|50|118|23|12|121|37|53|164|60|15|104|25|12|56|165|130|41|181|63|235|196|117|238|130|215|102|217|172|108|198|161|140|151|208|57|120|146|50|238|234|167|68|233|12|5|176|98|247|249|86|89|156|251|9|215|87|140|224|217|198|161|141|133|163|119|135|133|247|65|164|196|167|27|44|232|57|119|23|105|163|99|79|116|217|143|119|104|7|225|252|236|58|61|236|96|100|31|108|87|226|248|5|162|177|67|127|98|115|115|37|45|154|143|183|90|246|34|182|28|2|197|198|112|65|102|35|188|192|132|190|215|205|142|157|242|136|17|56|21|213|221|78|233|136|181|26|54|102|98|165|160|180|
Overall Best: 0.8977 Generation: 5

Generation 9
Average: 0.8798 Best: 0.8920
Best Individual: 
C0 6|9|152|51|65|241|69|243|150|13|112|83|131|153|165|6|5|94|83|239|47|36|139|134|249|50|175|161|128|150|3|150|209|161|106|210|97|78|168|102|83|48|128|136|6|103|252|125|39|77|81|227|94|159|176|115|230|17|44|139|51|83|143|202|233|75|109|6|15|59|13|127|68|92|145|186|204|35|127|7|239|54|249|233|64|33|13|169|2|69|10|234|36|148|66|223|106|121|178|49|248|48|54|50|50|118|220|52|96|12|211|104|144|69|201|62|15|125|55|161|21|108|34|14|162|180|26|25|0|67|41|111|188|128|71|146|16|18|132|236|100|132|31|177|228|25|206|149|137|202|99|102|255|115|179|202|179|5|202|232|195|147|48|111|229|113|29|239|57|64|137|88|109|246|248|237|27|107|19|195|137|204|153|102|181|94|189|156|124|7|234|226|209|236|87|78|154|240|25|37|65|147|184|128|58|5|184|118|97|135|98|46|107|82|45|154|54|183|46|94|34|182|129|2|6|39|32|183|169|130|9|154|189|127|81|168|71|38|122|250|138|63|174|192|100|225|14|196|246|112|106|255|36|186|145|57|
Overall Best: 0.8977 Generation: 5

Generation 10
Average: 0.8816 Best: 0.8983
Best Individual: 
C0 167|60|178|133|36|243|252|119|167|13|112|37|242|153|108|6|169|70|83|239|25|128|139|132|249|50|175|161|128|145|119|102|209|161|221|210|29|78|168|102|91|241|128|149|151|103|252|71|15|88|81|142|16|159|176|115|122|17|44|139|228|83|106|202|233|203|109|192|97|59|13|159|147|243|177|186|62|176|117|7|33|182|117|226|210|33|8|139|2|69|227|242|118|10|180|198|110|57|10|223|206|206|149|36|177|79|130|85|53|196|97|212|241|155|203|225|96|126|26|169|82|149|169|247|208|122|198|248|65|25|207|126|143|157|115|168|26|111|222|221|208|96|114|145|173|222|108|47|249|141|247|154|88|52|155|123|240|8|19|250|231|180|119|159|47|96|82|10|50|206|104|33|61|99|112|56|35|212|203|198|180|254|143|168|0|217|44|89|4|60|189|23|98|194|145|186|209|215|3|238|208|224|62|46|16|115|87|118|112|80|183|146|112|84|191|228|244|80|241|235|118|76|229|95|239|68|200|232|114|134|77|46|15|101|155|219|49|105|122|16|122|63|146|192|100|225|41|196|226|45|23|255|93|186|148|242|
Overall Best: 0.8983 Generation: 10

Generation 11
Average: 0.8806 Best: 0.8989
Best Individual: 
C0 61|9|152|51|65|241|69|243|167|13|112|37|131|153|165|6|5|24|83|173|47|36|238|134|219|50|175|144|128|150|3|200|209|161|106|96|102|78|168|102|83|48|11|84|6|103|252|54|39|77|81|227|94|181|176|115|122|17|44|139|144|83|143|30|233|75|109|74|15|2|13|125|68|92|145|186|62|31|244|7|86|54|117|177|118|33|33|190|84|79|43|106|143|74|35|144|49|224|70|201|88|109|157|146|148|150|25|131|120|49|160|7|40|76|178|159|206|200|0|104|219|142|149|30|177|50|185|57|135|66|33|179|97|173|177|162|16|18|124|137|103|132|132|224|240|95|11|149|137|172|176|149|255|184|241|104|125|189|132|121|67|239|150|77|229|36|29|111|111|129|169|52|220|249|93|110|227|110|183|198|180|254|143|157|244|217|44|162|4|231|189|23|98|82|192|186|209|142|3|127|75|224|62|76|91|201|46|237|112|80|42|133|98|59|52|228|210|154|241|54|23|68|236|95|211|224|200|64|68|124|77|46|15|159|248|137|49|105|122|250|122|63|146|192|26|225|14|196|88|112|106|255|36|20|145|242|
Overall Best: 0.8989 Generation: 11

Generation 12
Average: 0.8817 Best: 0.8970
Best Individual: 
C0 167|227|110|240|65|164|69|169|139|13|112|37|243|78|83|6|5|24|83|239|47|235|135|71|29|50|175|161|178|150|119|30|198|161|128|210|166|19|168|102|174|241|128|34|118|177|252|71|169|77|81|11|94|159|38|115|122|194|44|138|51|130|106|202|233|75|109|113|196|155|108|83|182|22|102|102|230|72|177|133|251|108|110|81|11|148|23|188|191|15|14|97|15|0|143|6|69|27|220|97|214|192|11|157|164|128|25|95|120|13|155|253|178|115|95|8|102|232|16|18|140|13|104|63|52|60|221|251|152|130|127|178|244|86|143|62|239|43|169|10|101|232|9|121|194|192|9|254|2|120|50|219|13|122|206|185|130|165|111|64|231|180|162|159|48|96|82|10|50|206|141|33|61|99|112|56|146|218|203|198|180|254|175|168|0|217|44|89|189|202|183|23|98|194|32|186|229|215|3|238|208|224|62|6|104|51|87|118|67|80|183|146|117|84|141|65|24|80|241|235|118|76|229|95|239|68|200|232|114|134|77|46|15|101|155|219|49|105|122|17|122|138|49|192|104|225|41|206|226|45|23|255|93|186|145|218|
Overall Best: 0.8989 Generation: 11

Generation 13
Average: 0.8822 Best: 0.8989
Best Individual: 
C0 235|201|178|41|61|164|179|136|50|13|243|127|9|153|77|6|196|201|202|2|47|36|250|132|61|50|175|161|130|19|119|30|209|161|239|210|144|212|168|143|83|238|27|97|126|175|252|12|9|200|81|39|145|172|176|94|122|211|44|139|228|208|106|202|5|60|109|166|140|227|59|110|33|90|249|28|53|167|167|177|85|56|77|122|144|120|28|39|10|11|150|253|185|218|129|197|115|118|241|97|214|181|1|220|69|150|41|222|53|196|22|212|53|120|211|206|118|93|26|169|82|10|62|127|117|216|36|162|223|25|207|125|172|201|34|20|219|131|117|219|15|17|132|224|240|200|183|47|137|172|176|149|255|184|241|104|28|221|202|63|195|184|99|107|32|21|80|192|106|88|151|108|206|3|99|221|108|97|158|51|159|140|198|22|192|135|95|35|191|136|83|15|215|129|59|72|82|199|214|213|163|103|82|210|29|58|42|10|134|19|136|146|78|59|191|165|118|12|215|2|84|144|98|95|218|244|31|63|63|191|173|121|31|101|117|61|253|42|46|201|122|43|240|192|8|225|209|196|220|45|91|255|194|56|177|67|
Overall Best: 0.8989 Generation: 11

Generation 14
Average: 0.8828 Best: 0.9008
Best Individual: 
C0 167|120|156|156|239|109|17|13|212|114|100|37|192|83|60|38|186|8|177|49|225|98|16|19|106|189|141|53|152|250|5|168|5|144|145|44|171|41|237|127|159|30|219|150|177|53|172|244|47|253|212|106|124|213|47|143|238|112|121|149|13|15|161|64|11|231|51|165|33|175|14|182|29|241|71|79|49|100|4|180|133|99|254|78|170|77|13|212|2|133|60|234|190|10|122|198|151|60|162|230|206|173|227|143|74|57|103|129|96|201|126|15|27|29|127|62|120|161|190|238|108|47|245|37|225|210|96|49|188|228|208|38|175|35|217|35|218|39|204|34|159|75|131|205|17|213|151|168|227|143|189|99|186|91|69|85|37|118|202|232|195|147|110|111|98|113|29|239|234|165|104|79|182|121|43|158|60|21|189|87|84|149|185|198|227|79|29|222|23|92|197|140|98|188|87|88|28|75|59|208|72|62|207|62|20|86|39|158|177|80|183|212|100|112|153|228|242|154|113|249|3|144|229|67|193|224|200|132|184|186|148|146|15|173|107|61|254|105|101|196|175|43|0|193|50|224|222|39|1|133|166|173|30|77|15|104|
Overall Best: 0.9008 Generation: 14

Generation 15
Average: 0.8836 Best: 0.9027
Best Individual: 
C0 61|9|152|74|65|93|195|154|46|13|112|37|161|14|165|6|5|53|237|173|47|218|43|134|252|50|175|237|128|150|8|195|209|183|106|96|102|43|93|102|3|48|11|84|6|103|252|54|39|68|79|227|94|5|176|115|122|221|44|139|144|83|143|30|131|75|109|132|15|221|13|125|68|92|145|186|62|42|244|7|86|54|214|127|90|144|56|51|194|163|43|231|197|201|69|72|119|117|100|213|102|82|113|218|29|121|91|37|96|146|125|87|27|177|167|89|129|141|68|238|108|18|164|37|188|210|213|92|109|228|208|205|62|45|143|35|218|39|243|37|159|98|99|205|25|213|151|217|168|244|21|99|107|91|5|102|213|5|103|122|195|69|48|111|113|113|29|239|234|165|47|28|237|89|93|205|227|208|67|198|141|254|174|253|192|44|33|226|191|13|208|39|203|196|198|243|55|7|229|50|24|141|44|89|0|150|178|206|60|187|129|180|53|124|94|156|148|17|182|104|87|57|16|95|204|251|175|68|39|230|158|209|64|203|172|234|226|151|77|114|17|220|225|78|211|215|233|136|181|91|106|255|50|20|45|102|
Overall Best: 0.9027 Generation: 15

Generation 16
Average: 0.8861 Best: 0.9021
Best Individual: 
C0 201|2|24|115|29|83|196|21|179|61|254|195|2|35|134|138|230|104|48|20|181|28|203|73|206|166|182|174|161|160|73|7|123|146|122|212|108|163|149|16|52|198|81|80|140|62|155|132|34|88|153|88|176|77|237|126|145|151|185|34|101|216|49|180|106|147|221|92|144|246|172|106|96|47|174|110|9|235|199|130|74|108|214|244|217|144|56|51|224|163|43|231|156|10|180|12|110|57|66|4|166|186|107|149|94|118|23|12|248|37|53|177|60|255|202|25|12|16|15|130|41|149|63|235|39|117|91|130|215|152|105|172|108|11|134|118|172|208|96|120|70|50|227|188|93|68|202|44|5|176|83|247|161|86|234|121|251|26|70|205|172|14|240|3|132|113|29|239|234|165|47|143|237|246|55|221|186|145|139|84|6|204|106|253|194|44|33|35|11|13|208|39|203|123|198|228|126|92|229|50|56|244|44|89|245|150|178|119|210|224|129|4|88|176|94|156|148|17|203|69|204|57|16|95|204|127|175|180|128|161|158|135|64|203|136|220|201|83|77|114|142|56|21|78|221|78|233|136|181|116|85|12|98|234|92|155|
Overall Best: 0.9027 Generation: 15

Generation 17
Average: 0.8848 Best: 0.9008
Best Individual: 
C0 161|9|152|250|65|241|69|154|46|211|112|92|161|14|165|47|161|53|49|173|47|218|66|134|252|94|175|237|128|176|92|254|26|198|32|171|117|90|153|145|170|170|141|214|234|80|237|248|255|71|177|232|85|144|140|103|73|100|111|84|63|48|193|236|68|243|162|76|127|214|206|3|84|226|109|183|13|7|226|92|187|48|28|51|106|180|173|246|220|198|118|97|82|0|178|186|157|210|145|238|130|152|1|178|7|63|237|94|73|239|24|40|41|161|77|160|32|48|9|92|45|1|59|211|145|175|121|116|120|231|141|157|28|35|217|35|218|39|204|58|159|75|254|205|186|145|151|164|219|183|199|99|186|91|69|85|37|118|155|232|195|147|226|111|98|113|29|239|234|165|250|79|182|121|59|158|60|21|189|87|38|254|174|253|192|44|33|226|191|13|24|162|203|135|102|243|126|7|34|50|24|46|44|89|0|150|178|206|60|116|49|180|96|129|94|130|148|213|182|104|244|57|16|95|70|127|175|68|128|56|158|209|159|203|172|103|165|151|77|114|27|190|21|78|93|51|233|136|37|91|106|255|36|20|45|102|
Overall Best: 0.9027 Generation: 15

Generation 18
Average: 0.8845 Best: 0.9027
Best Individual: 
C0 161|9|152|250|65|204|69|154|46|211|112|251|161|14|165|183|134|244|146|250|235|219|18|42|56|12|42|228|87|176|92|254|223|198|8|36|241|93|127|207|45|47|219|150|177|94|172|244|119|253|212|106|124|213|120|143|176|112|121|149|13|15|119|144|11|231|51|116|108|175|225|182|205|241|71|79|63|61|4|180|133|99|67|78|170|48|13|212|2|32|60|152|101|10|59|198|82|60|162|163|66|152|1|178|244|63|106|94|73|239|24|192|21|47|114|27|7|10|108|63|97|206|3|15|255|183|198|29|65|157|207|27|143|157|115|76|43|100|248|236|208|119|114|15|173|4|51|113|249|70|247|154|88|186|239|119|240|46|8|250|231|180|110|129|229|183|151|10|238|234|124|6|237|78|112|111|36|103|134|139|180|215|107|103|242|196|34|207|237|54|135|38|89|39|198|66|95|3|214|50|162|103|82|248|225|143|44|141|115|19|136|180|96|129|94|179|148|138|182|104|244|57|16|95|70|127|175|68|24|56|158|209|159|203|172|196|165|151|77|114|27|190|21|78|93|51|233|177|37|91|106|255|36|20|45|102|
Overall Best: 0.9027 Generation: 15

Generation 19
Average: 0.8853 Best: 0.9002
Best Individual: 
C0 161|245|152|198|65|204|69|154|46|211|112|251|161|14|165|183|134|244|146|250|235|219|18|42|169|12|42|228|87|176|92|254|223|198|8|36|241|93|127|207|45|47|219|150|177|99|73|244|234|253|212|106|124|213|120|143|176|112|121|149|13|15|119|144|101|231|51|116|139|175|225|182|202|241|71|79|63|253|4|180|133|195|67|78|170|12|13|212|153|32|120|152|101|10|59|198|82|60|162|163|66|152|1|178|244|63|106|94|73|239|24|192|21|47|114|27|7|10|108|63|97|206|3|15|255|183|198|29|65|157|207|27|111|157|115|76|43|100|248|236|40|153|114|15|173|155|51|113|249|70|247|154|88|186|239|119|240|46|8|250|231|180|110|129|229|183|151|10|238|179|124|6|237|172|112|124|36|103|134|139|180|215|107|103|242|196|34|244|237|54|135|38|89|39|198|66|95|3|214|50|162|103|82|248|225|143|44|141|115|170|136|108|96|129|94|179|148|138|182|104|244|57|16|95|70|127|164|68|24|56|158|209|159|203|172|196|165|151|77|114|27|190|21|78|93|51|233|177|37|91|106|255|36|20|45|102|
Overall Best: 0.9027 Generation: 15

Generation 20
Average: 0.8852 Best: 0.8970
Best Individual: 
C0 167|28|47|156|239|109|250|13|212|231|112|37|192|83|153|38|186|8|177|130|112|98|120|19|10|180|141|53|152|250|164|168|5|144|128|44|48|215|237|192|159|21|3|110|177|53|192|244|47|103|212|106|176|213|47|143|238|112|121|149|66|15|117|64|11|231|51|165|33|116|14|182|29|241|9|10|48|100|232|172|133|99|117|9|200|33|219|190|177|135|185|195|224|222|17|20|208|97|70|239|147|109|235|234|148|48|28|244|120|215|165|253|178|115|58|41|9|45|16|40|70|13|77|213|132|53|61|104|193|29|35|20|244|70|197|206|239|75|112|215|57|232|245|116|26|79|75|203|13|108|231|243|117|87|222|101|26|238|236|193|126|11|199|107|250|77|80|123|104|223|43|59|237|3|149|56|253|218|203|198|180|212|2|44|0|1|121|89|170|202|183|23|1|1|32|7|55|108|3|238|165|117|62|6|72|40|87|181|67|234|208|146|96|112|153|75|242|69|161|249|3|144|170|37|135|248|200|132|69|186|232|198|151|173|231|61|254|105|101|196|175|43|0|193|50|194|222|31|157|133|166|110|72|204|15|232|
Overall Best: 0.9027 Generation: 15

Generation 21
Average: 0.8840 Best: 0.9002
Best Individual: 
C0 131|9|176|2|77|241|148|31|52|149|242|72|103|94|95|6|39|94|144|232|253|48|60|11|78|193|240|47|42|212|28|8|39|62|177|210|243|212|190|143|35|238|27|246|182|142|252|188|222|159|253|73|145|172|85|94|122|77|44|138|178|130|66|195|187|75|122|174|196|55|33|83|111|146|102|155|230|72|234|137|71|32|110|81|36|148|3|229|191|81|14|97|15|0|143|160|125|179|220|124|214|98|214|157|53|128|109|95|227|215|133|183|40|254|178|85|71|105|4|254|140|13|61|63|29|69|61|104|181|137|210|197|142|70|197|206|239|162|104|139|101|153|85|132|26|79|9|254|56|113|231|237|49|122|113|48|26|171|85|188|16|75|199|107|109|142|80|4|234|149|208|223|237|3|84|247|49|147|38|221|69|41|175|168|0|83|110|89|252|202|70|154|189|194|21|152|188|173|236|163|59|58|134|12|242|23|245|118|59|135|56|176|107|82|84|129|61|216|177|131|8|25|249|166|15|31|104|183|5|130|234|130|189|127|2|2|80|38|14|160|77|63|174|242|202|211|109|98|246|118|31|90|26|143|145|111|
Overall Best: 0.9027 Generation: 15

Generation 22
Average: 0.8846 Best: 0.9008
Best Individual: 
C0 244|147|161|43|119|74|47|76|116|75|9|129|23|164|163|88|250|59|205|83|241|124|224|240|39|197|175|97|29|150|80|204|65|45|145|44|171|231|76|127|139|42|219|207|134|20|172|121|119|253|208|106|71|166|120|230|238|112|128|149|13|15|125|40|11|231|98|231|85|78|14|195|88|69|71|252|63|100|4|180|223|252|254|78|236|38|13|212|57|133|60|128|190|95|1|76|151|60|162|83|102|5|113|224|74|146|203|129|152|143|126|15|107|139|46|215|129|109|190|6|108|64|89|32|130|183|198|57|63|157|207|27|143|157|115|120|161|101|248|133|150|128|20|99|173|4|51|228|126|70|97|154|128|186|239|171|213|243|202|232|195|224|95|240|229|27|236|219|76|143|55|146|81|134|49|122|186|97|95|134|206|41|214|147|192|98|12|35|159|188|24|222|111|25|155|88|28|96|59|208|72|62|30|62|20|86|200|158|145|168|98|1|175|209|67|85|104|169|152|225|125|168|223|253|20|185|4|244|110|55|173|160|193|101|103|110|23|160|199|44|66|226|6|46|250|74|105|201|78|188|78|98|186|52|18|31|
Overall Best: 0.9027 Generation: 15

Generation 23
Average: 0.8862 Best: 0.9071
Best Individual: 
C0 17|65|210|74|72|145|94|223|40|145|246|37|46|14|229|248|6|8|83|173|77|224|238|216|43|50|175|144|128|232|121|195|31|206|106|172|16|43|103|102|3|48|11|153|177|99|227|244|234|253|212|106|124|146|120|143|176|112|121|149|13|81|119|166|101|106|51|116|108|175|66|124|202|241|71|79|101|253|4|180|205|195|67|160|170|12|13|212|153|186|120|152|101|108|88|243|82|60|231|163|218|152|90|178|241|61|96|62|73|239|24|192|21|47|114|27|219|10|108|63|97|61|3|15|255|183|243|29|143|74|191|27|251|157|115|76|124|111|140|13|40|153|114|15|173|78|51|113|249|70|247|154|88|135|239|119|240|46|36|250|231|180|123|129|229|59|198|10|238|179|124|6|155|172|112|124|99|103|177|99|125|33|188|158|226|146|6|216|141|23|142|78|98|173|251|51|69|66|11|125|140|214|134|96|242|197|178|118|97|135|153|65|118|92|98|123|178|59|227|144|95|34|23|114|204|158|11|180|200|230|158|115|31|15|230|30|198|145|77|94|136|57|187|209|129|241|14|196|88|112|117|128|201|120|45|102|
Overall Best: 0.9071 Generation: 23

Generation 24
Average: 0.8863 Best: 0.8970
Best Individual: 
C0 38|9|152|225|63|88|105|192|72|13|214|144|161|14|165|47|113|53|158|173|123|218|66|99|162|5|175|232|131|176|92|82|31|136|106|216|17|43|105|102|3|195|11|51|55|85|227|65|234|253|212|106|99|213|120|51|252|112|121|149|13|81|119|186|66|231|158|174|113|55|136|83|111|146|109|159|13|7|226|239|15|236|11|234|137|6|4|86|122|140|118|53|70|177|90|124|3|210|25|21|130|61|218|178|244|63|237|94|134|239|194|154|41|202|77|160|32|48|9|229|126|79|122|208|145|250|144|116|235|44|162|156|28|178|27|162|131|113|13|72|103|198|96|240|105|52|55|113|249|79|247|154|88|135|239|96|240|46|36|50|231|180|110|129|41|183|151|10|238|179|124|6|113|10|112|124|186|240|23|108|163|114|37|158|226|146|6|186|141|8|142|78|98|173|251|51|69|66|11|163|140|214|134|96|242|138|178|70|97|135|153|22|107|82|98|123|54|11|227|144|95|75|68|114|122|117|175|70|200|230|158|115|31|15|230|30|198|62|40|50|136|57|148|108|129|164|14|196|233|112|2|128|201|20|122|102|
Overall Best: 0.9071 Generation: 23

Generation 25
Average: 0.8869 Best: 0.9021
Best Individual: 
C0 244|111|161|43|119|150|47|76|116|75|9|129|23|96|163|130|250|59|205|83|241|161|209|240|39|197|175|97|29|150|80|155|65|45|145|44|171|9|211|127|228|218|219|193|134|20|172|225|119|253|208|106|71|228|120|196|238|112|128|149|13|15|125|40|11|231|98|231|85|78|14|196|88|69|71|252|63|100|4|134|105|193|254|121|220|38|13|160|57|133|182|128|186|95|1|202|151|60|162|83|80|5|113|224|74|146|203|129|152|143|244|15|107|139|46|215|129|109|190|6|108|64|89|32|130|183|198|87|244|157|207|27|41|175|115|120|161|97|248|169|150|104|20|99|173|4|4|133|126|70|10|154|128|186|30|184|213|243|202|232|148|224|95|159|229|27|236|72|241|179|124|193|155|172|112|124|99|103|177|103|125|33|188|158|16|146|6|181|34|23|142|146|113|25|77|88|28|96|59|208|72|62|30|62|20|113|200|158|145|236|221|41|175|209|67|50|104|78|152|162|125|168|223|220|160|185|4|244|110|53|246|24|59|223|241|220|252|83|54|178|192|63|174|192|19|211|105|201|78|188|78|98|186|45|18|187|
Overall Best: 0.9071 Generation: 23

Generation 26
Average: 0.8859 Best: 0.8970
Best Individual: 
C0 161|9|152|35|153|89|194|188|254|13|214|68|101|120|210|231|113|53|146|130|112|144|120|175|172|133|141|40|152|250|164|120|242|144|128|44|48|118|237|192|213|130|145|225|177|99|169|254|234|216|212|238|123|23|120|117|122|234|121|149|13|15|96|115|101|98|51|213|139|109|175|61|4|241|71|66|63|253|1|18|132|195|118|78|190|12|85|59|109|32|230|152|45|10|59|136|82|193|210|101|98|218|1|178|194|63|106|130|42|140|77|192|12|47|9|27|7|10|108|20|97|29|3|132|68|183|198|29|65|157|28|27|111|157|101|115|226|248|82|127|62|5|205|116|26|73|209|138|13|236|170|237|53|122|113|34|26|171|251|193|37|75|199|107|33|230|116|188|89|200|106|223|237|116|149|204|42|104|203|198|40|22|32|14|209|47|86|188|74|119|119|150|89|131|198|245|172|3|192|152|135|103|82|245|225|143|63|41|173|174|212|108|198|213|121|179|82|138|190|6|244|107|25|153|204|86|126|180|2|230|158|133|31|129|136|195|165|151|66|94|27|220|135|18|116|0|123|190|223|91|255|255|199|20|45|87|
Overall Best: 0.9071 Generation: 23

Generation 27
Average: 0.8864 Best: 0.9052
Best Individual: 
C0 167|28|47|150|239|109|29|158|212|231|112|80|38|83|224|230|186|8|155|130|112|144|120|175|172|133|141|40|152|180|164|120|242|201|128|44|48|46|237|225|213|128|145|225|177|34|165|244|173|103|163|106|176|141|47|143|87|234|115|230|66|15|117|61|116|96|245|165|103|85|183|44|132|69|71|252|63|100|75|180|223|193|254|121|3|98|13|242|57|133|60|166|186|95|1|61|140|117|162|83|80|109|113|224|74|67|42|129|152|143|126|15|107|139|238|148|129|109|49|199|108|21|177|31|9|210|132|47|246|98|208|254|145|211|219|156|218|127|35|168|189|5|17|116|26|73|163|138|13|236|31|224|16|122|102|101|190|171|251|193|234|75|213|107|70|230|116|188|213|68|106|223|253|116|49|119|77|66|203|198|180|70|2|44|0|243|52|13|42|202|183|23|131|173|153|61|55|230|3|238|26|224|62|6|104|168|243|94|39|4|153|40|122|222|9|62|192|106|120|111|118|194|34|105|64|155|89|136|6|131|114|112|103|245|72|187|79|105|241|220|33|162|56|6|124|21|38|0|36|87|106|62|16|204|15|232|
Overall Best: 0.9071 Generation: 23

Generation 28
Average: 0.8862 Best: 0.9071
Best Individual: 
C0 244|52|161|69|119|74|47|106|116|81|9|114|32|164|163|88|216|59|205|111|241|124|69|240|177|201|175|237|169|122|8|44|243|180|139|134|117|147|218|139|56|91|141|214|229|48|69|245|255|38|1|4|23|216|65|181|34|85|111|2|249|182|32|191|138|137|12|195|2|21|145|3|84|226|38|94|31|11|176|92|51|71|8|51|112|180|145|194|220|62|79|97|103|132|178|192|252|13|45|82|130|152|234|31|235|12|141|94|224|239|52|65|41|178|248|160|214|105|167|254|140|13|61|63|29|79|116|105|181|87|6|197|183|139|95|206|239|162|223|139|101|153|85|132|130|79|176|254|11|155|231|67|49|83|113|48|26|171|131|188|240|56|54|107|250|77|19|3|221|223|129|128|16|224|43|56|56|114|108|37|202|212|93|26|126|98|6|216|95|23|142|128|98|211|251|51|69|36|11|244|217|214|229|96|242|241|178|72|97|135|172|65|7|92|180|123|89|59|227|114|95|34|234|114|204|78|11|216|200|230|158|115|64|203|172|28|165|111|189|254|27|191|206|78|93|113|63|136|202|91|255|233|36|34|109|31|
Overall Best: 0.9071 Generation: 23

Generation 29
Average: 0.8863 Best: 0.9027
Best Individual: 
C0 17|131|152|74|14|24|94|223|216|145|70|231|161|239|229|78|178|118|205|126|241|201|69|240|232|61|175|237|142|71|92|254|227|180|139|134|100|147|218|139|60|62|27|214|229|196|69|245|255|28|173|4|43|135|65|50|209|215|111|27|86|116|194|191|138|44|162|231|177|214|96|3|84|118|182|94|31|7|238|92|113|48|11|66|155|180|173|194|220|102|53|97|249|0|178|192|30|13|145|111|176|152|234|72|191|66|193|94|183|239|166|74|41|105|248|215|209|109|71|81|108|232|89|60|130|141|121|251|234|26|207|144|7|157|115|70|27|54|111|133|6|22|121|99|173|4|51|228|116|244|224|252|84|232|95|90|148|94|244|230|155|171|240|240|155|91|236|219|40|0|55|154|81|134|0|16|186|97|95|114|191|41|214|98|167|240|132|35|54|188|180|66|111|25|155|119|28|77|59|208|7|93|168|96|242|138|54|70|153|135|153|1|234|82|67|189|95|11|227|144|95|74|68|114|122|117|175|70|200|230|17|115|31|40|215|30|198|62|142|50|222|57|148|108|129|80|212|116|215|112|2|128|201|194|45|37|
Overall Best: 0.9071 Generation: 23
==================
    Best individual after 30 generations
    computed in 4,505.5640 seconds
    1445 elements out of 1593 correct.
    emerged in generation 23
    with fitness 0.9071
==================

