Starting evolution...

Generation 0
Average: 0.8265 Best: 0.8575
Best Individual: 
C0 62|181|69|159|13|237|199|123|65|209|97|184|162|179|98|128|197|172|12|78|203|140|170|9|119|110|15|114|255|94|26|199|209|176|34|55|62|51|74|197|250|59|56|210|135|235|67|55|213|206|217|105|229|229|210|161|202|8|83|51|25|37|72|199|227|139|164|20|47|231|56|2|78|5|146|240|173|187|53|242|93|168|85|81|22|110|160|200|149|65|158|23|223|132|238|110|107|253|10|90|57|1|21|103|170|129|57|184|39|168|242|51|198|237|32|160|216|24|234|116|115|233|61|105|63|72|13|64|82|228|215|71|68|103|106|65|152|255|115|92|53|18|143|167|242|120|11|134|49|98|49|252|2|121|207|166|175|82|131|99|72|148|127|116|130|116|212|214|91|108|128|46|210|246|87|106|164|62|95|173|253|112|63|167|35|75|98|177|97|4|144|135|213|109|67|102|105|176|78|159|209|56|76|127|125|3|236|130|57|126|97|99|152|108|36|120|125|44|188|76|162|229|143|253|165|175|89|79|233|200|193|175|153|120|97|176|64|219|162|163|147|61|22|254|168|23|86|65|60|20|252|204|140|155|245|25|
Overall Best: 0.8575 Generation: 0

Generation 1
Average: 0.8349 Best: 0.8619
Best Individual: 
C0 138|136|65|114|99|240|70|102|221|34|150|171|230|100|111|224|125|70|156|188|14|170|81|98|153|147|241|82|11|225|255|251|23|182|236|65|115|1|175|62|74|130|159|102|155|146|92|148|9|228|179|144|112|116|105|18|135|128|125|226|211|70|179|40|186|162|236|193|83|92|135|231|46|57|14|164|132|118|214|38|137|98|223|250|63|170|230|223|51|166|74|52|58|234|204|136|206|74|89|73|152|92|83|71|129|247|144|46|250|69|84|231|59|228|81|160|130|33|201|169|112|41|166|204|142|103|145|84|253|88|236|146|122|192|99|122|54|94|35|24|170|196|240|109|50|237|237|41|244|166|113|64|247|54|54|57|167|91|233|73|31|32|133|15|67|46|217|204|219|142|74|113|27|201|63|199|197|74|145|77|222|33|2|243|170|187|8|60|240|212|60|133|60|138|12|65|19|124|252|73|180|188|53|207|119|231|107|6|75|70|150|149|243|96|113|100|13|16|235|76|238|1|79|173|170|184|68|67|188|198|59|41|212|128|184|28|161|158|148|246|252|31|154|48|132|119|238|146|15|142|9|68|91|20|68|119|
Overall Best: 0.8619 Generation: 1

Generation 2
Average: 0.8407 Best: 0.8644
Best Individual: 
C0 138|136|65|114|99|240|70|102|221|34|150|171|230|100|111|224|125|70|156|188|14|98|81|98|153|216|241|82|11|225|255|251|23|182|236|65|115|1|175|62|74|130|216|102|155|146|92|148|9|228|179|144|112|116|105|18|72|128|125|226|211|70|179|40|186|162|236|193|168|92|135|50|46|57|14|164|132|118|214|38|137|98|84|250|63|170|102|223|203|166|74|52|58|234|204|136|206|74|89|73|152|92|83|71|181|246|146|146|91|40|176|188|201|189|162|96|44|108|127|187|208|187|3|8|19|201|116|129|225|46|56|10|195|86|180|161|230|61|15|161|200|136|77|87|133|163|249|171|78|29|245|216|37|11|204|69|86|197|192|103|14|119|14|148|251|120|240|210|144|74|141|20|56|127|156|73|233|108|166|247|225|159|175|183|249|220|59|29|110|251|210|18|198|169|233|155|190|145|97|67|116|230|60|71|163|98|11|161|86|105|214|175|158|169|98|37|6|36|247|187|44|205|164|184|225|26|186|94|190|204|128|106|233|152|236|161|248|84|61|159|42|59|200|58|11|227|253|240|41|18|80|208|91|20|68|119|
Overall Best: 0.8644 Generation: 2

Generation 3
Average: 0.8392 Best: 0.8638
Best Individual: 
C0 22|198|97|98|210|93|150|175|96|148|69|224|47|178|245|131|177|192|79|80|135|113|199|191|195|13|229|168|46|176|211|77|90|49|144|181|116|56|40|135|85|230|150|228|40|218|213|186|9|182|118|212|164|60|152|43|158|67|231|19|8|141|56|253|49|128|124|223|57|98|133|1|225|129|235|70|216|253|192|144|23|114|129|42|211|252|59|43|181|79|71|234|120|112|66|72|86|225|253|103|233|208|188|152|122|145|227|8|218|218|98|17|153|249|20|241|102|179|160|30|93|238|230|55|234|243|204|142|106|112|240|206|193|207|243|194|150|88|246|58|100|70|41|185|250|67|108|91|98|68|29|48|186|115|140|210|244|245|1|64|46|121|101|168|190|151|140|169|172|173|133|229|24|136|109|184|216|51|144|72|37|2|108|5|88|73|58|21|63|252|212|238|30|76|8|2|135|250|54|11|248|244|175|210|122|15|6|123|64|254|238|249|220|234|89|107|139|230|4|28|67|8|2|75|110|137|123|61|182|112|200|31|107|135|123|111|72|40|91|7|145|203|161|153|176|101|155|73|250|146|132|156|76|56|95|85|
Overall Best: 0.8644 Generation: 2

Generation 4
Average: 0.8386 Best: 0.8701
Best Individual: 
C0 22|198|97|98|210|20|150|175|96|148|69|224|103|178|245|131|177|192|79|80|135|113|199|191|195|13|211|168|46|176|211|77|90|49|185|181|116|155|88|135|85|230|150|228|40|218|213|186|9|182|118|212|164|60|152|43|246|67|15|19|8|141|56|253|49|128|124|223|57|98|133|239|225|129|235|70|216|253|192|144|23|114|129|42|211|252|59|43|181|79|71|234|120|112|66|72|59|79|253|103|233|53|188|152|122|145|227|8|218|84|98|17|153|249|20|241|102|179|160|30|93|238|230|55|234|243|204|142|106|112|240|206|193|207|243|194|150|88|246|58|100|70|41|185|250|67|108|91|98|68|29|48|186|115|140|210|244|245|1|64|46|223|101|168|190|151|140|169|172|173|133|229|24|136|109|184|216|211|163|192|35|225|199|130|154|76|86|25|75|216|246|146|73|192|133|243|75|52|249|185|90|206|148|218|133|236|13|66|69|169|9|104|29|80|251|39|198|149|40|141|184|245|181|164|96|173|35|229|33|215|3|149|199|53|21|161|66|68|112|157|126|82|161|153|176|101|155|73|250|146|132|156|76|56|223|85|
Overall Best: 0.8701 Generation: 4

Generation 5
Average: 0.8429 Best: 0.8726
Best Individual: 
C0 34|202|154|168|13|237|199|146|140|244|175|184|179|234|78|93|56|166|83|216|147|110|161|90|44|222|224|37|11|104|255|47|206|182|236|65|115|1|175|211|5|130|216|102|155|146|23|148|9|228|179|144|112|116|105|239|72|228|125|226|102|70|179|204|186|162|142|193|39|92|80|59|46|57|14|164|142|118|202|146|137|98|84|250|63|143|102|223|203|166|74|52|58|193|204|136|206|74|247|162|152|92|197|71|181|56|175|146|91|40|46|188|78|169|162|96|44|108|127|187|188|130|3|252|63|82|103|31|211|90|226|175|12|134|146|37|151|33|120|60|110|79|92|161|192|51|37|154|180|128|235|146|47|118|74|150|195|111|238|160|222|55|196|68|233|151|41|164|99|114|208|153|124|219|115|30|60|48|225|93|137|6|21|37|97|171|83|96|38|119|165|43|176|241|113|137|112|99|182|70|96|224|76|127|125|3|174|115|89|106|212|181|53|98|117|50|141|122|43|191|155|21|149|25|45|175|87|107|106|30|36|219|123|168|154|13|14|42|204|221|132|248|81|6|141|145|101|158|222|241|246|204|75|208|78|170|
Overall Best: 0.8726 Generation: 5

Generation 6
Average: 0.8439 Best: 0.8719
Best Individual: 
C0 205|136|65|47|99|185|112|176|221|59|145|171|122|100|97|224|125|34|156|188|14|98|81|190|137|252|241|169|11|2|52|41|23|182|205|65|115|1|110|62|74|130|216|102|134|146|92|148|9|228|179|144|112|116|105|18|72|128|125|30|211|70|179|40|186|71|6|193|168|175|135|55|234|64|14|38|132|118|163|38|137|98|84|250|63|170|102|223|203|163|74|52|58|234|204|136|206|42|89|243|152|92|83|71|181|246|146|146|125|40|187|188|201|189|162|96|44|72|127|187|208|187|113|165|234|201|116|167|225|227|56|10|125|134|49|19|88|61|179|161|56|247|29|143|239|97|130|138|171|13|22|164|177|218|36|93|55|81|126|214|227|30|162|178|232|158|121|50|202|13|1|208|231|87|222|196|114|249|7|9|179|112|220|46|154|171|164|25|75|203|246|222|76|173|245|201|38|52|249|147|90|126|148|218|133|236|13|122|142|169|202|98|29|6|128|147|13|132|145|202|12|86|87|225|17|250|158|120|248|238|128|106|233|152|236|20|136|84|61|159|42|59|200|182|26|227|133|10|41|103|80|208|91|20|68|119|
Overall Best: 0.8726 Generation: 5

Generation 7
Average: 0.8445 Best: 0.8707
Best Individual: 
C0 205|136|65|47|99|185|112|176|221|59|145|171|122|176|97|21|125|34|156|188|14|98|81|190|137|252|241|70|11|2|52|41|23|182|205|65|115|1|110|62|74|130|216|102|134|146|92|148|9|228|179|144|112|116|105|18|72|128|125|30|211|70|179|40|186|71|29|193|168|175|135|55|234|64|14|38|132|118|163|96|137|98|84|250|63|170|113|223|203|195|96|52|210|234|33|136|206|42|89|243|152|92|48|71|181|246|54|146|125|40|187|188|69|189|162|96|44|72|228|187|112|187|113|165|234|201|116|167|225|227|56|10|125|245|49|19|9|61|179|161|56|247|29|143|89|97|187|138|171|13|22|164|177|218|241|93|55|81|50|214|227|30|162|178|10|158|121|50|202|13|1|38|231|87|222|242|114|249|7|9|179|112|220|46|154|171|164|25|75|203|168|222|76|173|148|201|38|52|249|147|90|126|148|218|133|236|194|122|142|169|202|98|29|6|128|147|13|132|118|202|12|86|188|225|17|250|158|120|248|238|128|106|19|152|236|20|136|84|61|159|42|59|200|182|26|227|133|216|41|103|80|208|91|172|68|119|
Overall Best: 0.8726 Generation: 5

Generation 8
Average: 0.8483 Best: 0.8638
Best Individual: 
C0 177|241|4|237|88|63|91|176|242|155|239|200|116|56|243|174|90|12|57|178|99|123|87|169|187|248|67|238|236|217|23|27|7|189|19|145|45|6|0|109|104|222|225|153|15|145|182|1|13|169|196|10|196|49|3|128|206|195|37|176|73|134|88|211|113|93|144|245|126|53|76|31|51|64|248|12|30|112|234|146|137|98|84|250|27|19|196|223|203|166|74|201|58|193|204|136|50|74|5|162|178|249|197|188|102|56|175|69|91|89|34|188|78|169|162|96|121|113|127|187|118|87|3|62|63|82|5|31|211|90|226|80|12|134|146|6|151|33|120|92|110|79|38|161|192|51|37|154|184|29|23|108|1|11|204|9|81|197|194|1|85|131|14|103|60|120|55|64|92|214|185|149|17|246|247|11|176|3|42|168|253|123|108|167|107|144|102|177|128|166|197|135|150|206|7|142|100|126|78|159|32|56|39|191|50|125|177|100|181|88|224|217|135|43|144|252|201|185|84|102|27|7|203|206|98|16|7|173|163|85|42|55|116|185|111|234|142|15|146|163|42|40|235|181|114|38|239|232|187|126|123|229|147|232|253|193|
Overall Best: 0.8726 Generation: 5

Generation 9
Average: 0.8495 Best: 0.8650
Best Individual: 
C0 186|181|69|80|13|149|199|123|108|171|97|184|50|124|98|128|197|108|12|78|178|140|88|63|54|156|240|222|255|94|53|199|209|4|188|59|161|84|78|210|249|102|160|159|205|1|112|236|178|65|105|162|199|90|175|43|3|110|112|227|209|79|231|237|102|107|14|144|254|122|76|68|144|231|171|7|145|112|118|64|164|180|59|215|137|119|58|204|198|10|79|211|113|237|229|32|203|252|10|252|57|209|72|74|116|40|62|233|233|102|86|87|17|143|66|171|193|252|13|123|241|63|151|99|64|206|179|245|21|14|166|111|64|122|255|195|245|224|108|161|160|172|13|75|9|67|57|205|183|114|213|27|222|232|216|95|243|225|178|39|181|167|9|178|158|241|121|34|202|238|127|200|40|87|222|194|114|249|180|188|68|112|217|94|154|1|15|169|244|19|211|185|24|179|159|57|164|128|249|47|10|156|217|240|107|100|198|250|23|48|233|153|250|127|249|212|61|249|43|247|54|4|141|103|157|175|75|97|232|46|36|166|153|180|90|176|64|219|162|210|202|165|53|254|41|42|86|65|60|200|252|57|41|9|194|88|
Overall Best: 0.8726 Generation: 5

Generation 10
Average: 0.8476 Best: 0.8675
Best Individual: 
C0 145|65|69|13|13|47|199|232|179|171|225|224|11|160|192|238|122|141|230|195|127|64|28|96|183|2|138|65|95|106|129|108|117|178|33|80|108|170|205|80|182|61|60|7|177|196|162|117|3|114|21|145|44|44|227|231|86|63|20|155|81|29|69|239|159|108|8|55|118|243|20|51|222|210|119|73|104|129|253|231|126|37|89|84|185|208|157|225|6|202|42|17|7|30|126|78|43|67|110|68|151|96|156|225|119|35|67|41|85|77|138|84|122|84|162|83|170|197|54|132|45|178|121|233|31|208|194|35|101|236|189|21|230|180|138|121|156|107|148|40|244|78|158|84|141|206|96|169|197|68|3|39|133|239|242|206|60|103|118|52|135|107|67|220|221|213|168|161|129|53|242|170|123|156|41|158|81|151|8|224|154|1|161|64|228|147|97|108|105|211|245|52|234|136|187|254|175|103|115|126|161|113|63|197|169|98|143|161|86|105|214|39|218|169|195|37|241|241|162|135|44|119|155|184|102|118|186|94|232|30|118|151|237|222|51|176|64|219|18|49|202|165|53|177|41|23|86|128|60|200|252|198|41|9|222|88|
Overall Best: 0.8726 Generation: 5

Generation 11
Average: 0.8468 Best: 0.8713
Best Individual: 
C0 145|82|69|122|106|47|199|232|179|171|225|224|11|160|192|110|122|141|230|69|127|64|28|96|183|2|138|238|95|106|129|108|117|178|33|80|108|170|205|80|182|61|60|7|177|196|162|117|3|114|21|145|44|44|227|231|86|63|20|155|81|29|69|239|159|108|8|55|118|243|42|51|222|210|119|73|104|129|253|231|212|37|89|162|185|208|92|225|126|202|42|17|7|0|126|78|43|67|110|68|151|92|245|151|181|246|146|207|207|40|187|103|201|189|242|51|185|30|86|187|208|187|113|165|78|201|116|167|179|109|56|10|125|192|16|162|88|61|98|161|56|247|243|143|95|25|219|138|171|13|22|164|177|218|36|14|55|34|184|44|135|107|67|220|221|213|168|161|129|53|242|170|123|156|41|158|81|131|8|224|154|70|161|64|228|147|97|108|105|211|245|52|234|136|187|254|175|103|241|126|161|113|63|197|169|98|143|161|86|105|247|39|218|169|195|37|241|197|162|135|44|119|155|184|102|118|186|147|232|30|199|151|237|222|51|176|64|219|18|49|202|165|53|177|41|23|86|128|60|200|252|198|41|9|222|88|
Overall Best: 0.8726 Generation: 5

Generation 12
Average: 0.8475 Best: 0.8688
Best Individual: 
C0 205|58|36|131|99|185|242|6|221|59|145|171|34|176|97|21|151|69|34|188|14|117|81|190|137|252|241|70|176|116|52|41|25|244|248|65|161|1|81|182|74|130|216|148|46|108|92|148|9|228|39|144|17|71|105|18|47|128|125|195|211|70|179|72|84|71|147|206|78|61|135|101|1|124|9|153|209|228|179|69|137|100|227|250|98|14|14|36|214|166|74|52|58|238|13|110|206|74|218|130|152|92|197|14|181|185|54|29|91|215|34|188|78|186|153|26|199|108|127|191|188|87|3|131|85|82|172|31|211|90|226|115|12|209|42|37|149|33|87|60|110|10|38|161|192|17|37|158|180|224|181|146|47|118|243|138|119|111|238|160|179|164|196|68|237|151|239|45|99|114|100|153|124|219|115|224|185|48|120|117|137|206|189|78|198|171|83|96|38|119|165|182|29|241|156|137|112|99|147|70|96|224|188|74|125|125|180|115|201|20|88|181|21|98|39|50|117|179|43|210|12|86|188|225|17|250|158|120|113|238|128|106|19|112|236|20|136|242|0|137|23|186|200|74|26|227|133|216|41|103|80|208|91|253|68|119|
Overall Best: 0.8726 Generation: 5

Generation 13
Average: 0.8516 Best: 0.8763
Best Individual: 
C0 205|160|65|47|99|185|112|179|32|139|102|92|198|155|6|79|15|208|11|161|191|172|198|96|120|25|26|197|122|202|84|158|52|143|18|15|39|127|145|14|177|228|234|58|242|61|189|110|90|78|136|146|182|104|147|42|91|67|15|249|8|103|130|253|133|128|124|223|66|98|46|239|239|198|235|70|93|46|7|14|251|214|85|224|142|151|18|18|142|244|115|191|137|123|66|72|59|79|5|162|178|92|180|188|102|99|175|69|209|139|34|188|250|234|179|215|5|106|138|187|112|187|74|93|234|201|116|167|204|192|56|10|93|86|101|19|9|61|250|101|56|247|29|143|37|50|187|41|54|13|89|164|177|89|241|93|161|81|50|35|227|30|162|91|10|158|54|36|202|13|220|116|231|145|189|242|169|249|106|9|147|112|220|46|42|62|142|25|74|203|170|222|62|136|50|201|152|152|249|253|161|113|63|197|169|253|143|161|86|105|247|39|218|6|128|93|227|132|43|133|195|147|130|139|248|250|0|170|248|238|146|51|19|157|236|20|87|242|61|159|87|59|200|156|54|245|240|141|41|226|204|208|167|83|68|119|
Overall Best: 0.8763 Generation: 13

Generation 14
Average: 0.8504 Best: 0.8726
Best Individual: 
C0 205|160|65|47|99|185|112|179|226|139|102|92|198|155|6|79|15|208|11|161|191|172|185|96|120|25|112|120|122|202|84|158|52|143|18|15|170|142|145|14|177|228|234|213|242|61|189|110|90|78|136|39|182|104|147|42|91|67|15|249|8|103|130|253|133|128|124|223|66|98|46|239|239|198|235|70|93|46|7|14|251|214|85|224|142|151|18|18|142|244|115|191|137|123|66|72|59|79|5|162|178|92|180|188|102|99|175|69|209|139|34|188|4|234|179|139|5|106|138|187|112|187|74|93|234|201|46|40|204|192|56|10|11|86|101|19|9|61|250|101|56|247|29|143|37|50|187|41|54|13|89|141|177|19|241|93|161|81|50|35|227|30|162|91|10|158|54|36|202|161|220|116|231|145|189|242|169|249|106|148|147|112|220|46|42|62|79|25|74|203|170|222|62|136|50|201|152|152|249|253|161|113|63|76|169|253|143|161|86|105|247|145|218|6|128|93|227|132|43|133|195|147|120|139|248|250|0|92|248|238|146|51|241|164|236|20|87|242|61|159|87|59|86|156|54|245|240|141|41|226|204|208|167|83|68|119|
Overall Best: 0.8763 Generation: 13

Generation 15
Average: 0.8516 Best: 0.8782
Best Individual: 
C0 203|160|65|47|99|185|112|179|226|139|102|92|198|155|6|79|15|208|11|161|191|12|185|96|235|25|112|94|122|108|84|34|52|143|18|7|170|142|145|14|177|228|234|213|242|61|189|110|90|78|136|39|182|104|147|42|91|67|15|249|8|28|130|19|133|128|124|223|66|98|46|239|239|58|100|191|66|20|249|228|39|211|100|229|141|167|75|170|200|58|31|165|93|232|65|86|112|195|105|254|26|2|1|45|117|173|146|195|64|225|128|188|27|241|107|195|44|48|163|132|81|67|104|244|78|239|212|134|179|81|58|204|195|193|196|123|232|138|15|179|8|226|120|42|47|231|149|222|58|195|243|71|77|197|236|184|190|77|169|122|97|60|45|230|38|129|44|151|150|108|137|116|231|145|189|242|169|249|106|148|147|172|105|46|42|62|79|25|74|203|170|222|62|136|50|201|152|152|249|253|161|113|63|76|169|253|143|161|86|105|247|145|218|6|128|93|227|132|43|133|195|147|120|166|248|250|0|92|248|238|168|51|241|164|236|20|87|42|61|159|87|59|86|156|54|94|240|141|56|226|228|208|167|83|68|133|
Overall Best: 0.8782 Generation: 15

Generation 16
Average: 0.8508 Best: 0.8807
Best Individual: 
C0 145|160|65|47|99|185|112|179|226|139|102|92|198|155|193|79|238|208|11|161|191|12|185|96|235|25|112|94|235|108|84|34|52|143|18|7|170|176|82|14|177|228|234|213|242|61|189|110|90|78|136|39|182|104|147|42|91|67|15|249|8|28|130|19|133|128|124|223|66|98|179|239|239|58|100|34|66|20|158|168|39|211|100|229|141|167|75|54|200|58|31|165|93|232|65|86|112|192|105|254|26|2|1|45|117|173|248|195|64|225|128|188|27|241|107|195|44|48|163|132|81|67|104|244|78|239|212|134|179|81|191|204|195|193|196|123|232|138|15|179|8|161|120|182|47|231|149|222|58|195|243|71|78|173|75|184|190|90|169|122|97|60|45|230|38|129|44|151|150|108|137|116|231|145|189|242|169|249|106|148|147|172|105|46|42|102|79|25|74|203|170|222|62|136|50|201|152|152|249|253|161|113|101|76|169|253|143|161|86|105|247|145|13|6|128|93|227|132|43|133|195|147|120|166|248|250|0|92|248|191|168|51|241|164|236|20|87|42|61|159|87|59|86|156|54|94|240|141|56|226|228|208|167|83|68|133|
Overall Best: 0.8807 Generation: 16

Generation 17
Average: 0.8514 Best: 0.8688
Best Individual: 
C0 240|117|65|204|165|185|7|99|221|59|145|181|105|176|153|21|100|34|156|39|14|98|81|55|158|222|76|9|255|94|51|143|209|134|45|24|47|183|127|128|249|61|76|229|205|1|242|163|247|65|119|109|14|245|236|18|21|128|161|151|212|64|166|68|162|9|5|79|163|173|3|168|202|167|91|51|168|206|249|12|39|218|25|28|97|32|171|121|238|58|41|200|78|99|65|42|112|195|105|180|108|63|21|42|117|173|107|161|64|225|128|188|96|241|107|160|44|34|163|35|135|67|177|244|241|239|212|134|212|62|58|204|195|86|196|123|232|162|15|219|8|226|120|42|132|231|149|236|127|195|87|71|77|197|236|55|190|77|169|129|97|30|45|230|178|129|44|151|150|119|212|157|100|187|144|157|197|32|73|106|57|199|101|243|36|79|217|220|199|68|143|56|203|70|138|239|47|127|73|129|226|12|201|183|16|129|80|53|175|144|188|159|110|43|9|212|202|184|204|231|199|255|173|101|10|25|18|220|80|252|36|136|153|213|141|63|39|23|162|210|185|165|211|134|189|227|106|216|41|103|129|168|243|235|136|10|
Overall Best: 0.8807 Generation: 16

Generation 18
Average: 0.8499 Best: 0.8732
Best Individual: 
C0 240|117|46|204|165|185|7|99|221|59|145|181|105|176|153|21|185|34|156|39|14|78|66|134|158|222|76|9|179|28|51|143|209|251|45|24|47|183|127|128|249|61|76|229|205|1|242|163|247|79|119|109|14|245|236|18|102|128|161|151|212|64|166|68|162|9|5|79|163|173|3|188|202|167|91|51|5|206|204|12|39|218|25|28|97|32|171|121|238|58|41|200|78|99|65|42|112|195|105|180|108|63|155|188|102|8|175|104|209|155|34|188|78|51|96|96|121|113|251|102|191|64|38|245|229|10|244|18|218|228|44|21|230|180|138|66|156|250|148|40|192|78|17|180|249|61|168|200|197|185|127|124|133|68|242|9|32|66|180|68|198|134|24|128|125|134|179|24|229|19|40|125|241|183|225|158|197|32|73|106|57|199|101|243|36|79|217|220|199|68|143|56|203|70|138|239|47|127|73|129|226|12|201|183|16|129|80|53|1|144|188|159|110|43|9|212|202|184|204|231|199|255|173|101|10|179|15|220|80|252|36|136|11|213|141|63|39|23|162|217|185|165|211|134|84|227|106|216|41|103|129|168|243|235|136|10|
Overall Best: 0.8807 Generation: 16

Generation 19
Average: 0.8501 Best: 0.8814
Best Individual: 
C0 216|73|65|62|63|253|144|177|176|206|138|5|179|27|78|4|56|165|9|59|39|198|161|155|164|211|224|231|77|104|58|107|7|117|69|65|202|124|130|177|5|61|76|229|205|1|242|163|247|79|60|238|14|245|236|18|102|128|161|151|212|64|166|68|140|9|5|79|163|113|3|188|202|167|91|51|5|206|204|12|159|221|25|28|97|32|171|121|238|58|41|200|78|99|65|42|112|195|105|180|108|63|155|188|102|8|175|104|209|155|34|188|78|51|96|96|121|113|251|102|191|64|38|245|229|10|244|18|218|228|44|21|230|180|138|66|156|250|148|195|187|78|17|180|249|61|168|200|197|185|127|124|133|68|242|9|32|66|180|68|198|134|125|128|125|134|179|24|229|19|40|125|241|183|225|158|197|32|73|106|57|59|135|99|228|225|171|20|105|159|245|205|234|129|42|254|175|103|158|108|16|241|209|218|249|236|130|95|75|175|202|98|108|160|195|116|167|197|16|106|101|127|159|184|102|205|84|170|197|2|146|51|19|40|236|20|87|145|224|17|190|215|156|187|67|214|35|125|215|231|221|215|109|238|176|211|
Overall Best: 0.8814 Generation: 19

Generation 20
Average: 0.8509 Best: 0.8745
Best Individual: 
C0 197|82|22|122|106|171|199|232|179|61|15|77|103|160|193|110|122|141|226|69|186|64|191|240|183|2|138|238|139|106|129|108|117|178|5|178|192|121|110|62|74|147|64|167|52|100|244|97|189|149|92|10|29|84|175|238|167|222|8|135|81|118|231|237|176|239|42|29|80|133|236|68|144|70|213|113|145|29|118|85|164|95|25|241|231|143|208|89|203|248|99|16|128|161|71|212|224|178|67|77|3|116|217|215|121|16|175|73|91|40|53|188|156|169|75|206|9|113|96|1|191|64|38|15|229|37|244|18|33|228|183|207|45|76|6|151|210|114|60|226|122|65|38|139|241|25|37|208|106|157|248|146|65|231|243|244|55|34|184|44|84|107|206|220|68|48|29|62|229|53|81|39|174|149|41|197|81|131|12|224|3|188|68|135|153|150|62|8|88|38|38|226|234|136|187|254|147|5|77|70|196|218|124|197|235|248|143|161|232|105|108|53|220|219|195|37|7|60|14|135|207|119|155|184|228|118|117|147|136|30|110|133|10|181|202|176|212|4|18|250|202|33|123|177|41|23|107|128|64|200|252|115|202|217|222|156|
Overall Best: 0.8814 Generation: 19

Generation 21
Average: 0.8516 Best: 0.8745
Best Individual: 
C0 197|82|22|122|106|171|199|177|179|61|15|77|103|160|193|125|122|141|226|69|186|64|191|240|183|2|138|9|139|106|129|108|117|178|5|178|211|121|110|62|74|147|64|167|52|100|244|97|189|149|92|10|29|84|175|238|167|222|8|135|31|118|231|237|176|239|42|29|80|133|236|68|144|70|213|113|145|29|118|85|164|95|223|241|231|143|208|89|203|248|99|16|128|161|71|212|224|178|239|233|3|116|217|215|121|16|175|73|72|40|53|188|156|169|75|253|9|113|96|1|191|64|47|227|229|22|244|18|33|228|183|207|45|11|6|151|210|247|60|226|122|65|38|139|241|25|37|208|106|157|248|146|65|231|243|244|165|34|184|129|131|7|45|230|98|129|92|35|204|119|212|157|100|187|144|176|197|32|73|227|57|199|182|243|110|5|217|32|59|69|143|186|192|70|138|75|175|215|203|129|226|199|180|183|133|129|80|176|175|144|188|251|187|43|9|212|202|214|174|231|1|76|173|101|10|87|17|104|80|252|219|136|252|33|255|63|225|251|162|210|185|165|211|134|189|227|106|128|64|200|252|115|202|217|222|156|
Overall Best: 0.8814 Generation: 19

Generation 22
Average: 0.8519 Best: 0.8751
Best Individual: 
C0 20|68|65|204|160|73|69|99|221|59|145|78|105|176|153|21|0|27|156|39|42|203|198|55|158|222|49|9|255|94|51|107|234|117|69|65|25|124|189|177|5|247|76|229|205|1|242|110|90|78|155|161|4|158|175|5|225|226|12|139|179|75|130|39|133|128|192|42|193|98|46|136|205|254|11|195|157|46|100|108|153|161|159|101|24|184|18|53|150|35|238|165|154|223|146|212|224|178|209|162|152|20|0|4|241|16|175|146|226|83|50|139|156|169|206|186|53|200|27|196|37|235|113|165|242|239|40|134|212|222|58|204|83|86|240|123|232|162|15|219|8|226|26|42|132|203|149|236|127|195|230|71|192|197|23|55|190|101|169|129|97|30|45|77|178|16|15|151|150|182|137|116|192|145|189|242|178|217|142|109|147|176|105|46|42|179|111|140|61|88|233|104|188|18|182|201|83|230|3|117|16|142|166|48|146|236|18|30|183|169|117|95|29|6|83|222|227|132|1|202|195|197|160|47|79|181|247|202|19|76|26|51|241|164|150|222|87|42|61|51|87|59|86|223|54|94|240|141|230|226|112|208|252|83|14|92|
Overall Best: 0.8814 Generation: 19

Generation 23
Average: 0.8532 Best: 0.8751
Best Individual: 
C0 20|68|65|204|160|73|69|99|221|59|145|78|105|176|153|21|0|27|156|39|42|203|198|55|158|222|49|9|255|94|51|107|234|117|69|65|25|124|189|177|5|247|76|229|205|1|242|110|90|78|155|161|4|158|175|5|225|226|12|139|179|75|130|39|133|128|192|42|193|98|46|136|205|254|11|195|157|46|100|108|153|31|159|101|24|184|18|53|150|35|238|165|154|223|146|203|224|178|209|162|152|20|0|4|241|16|175|146|226|83|50|139|156|169|206|186|53|200|27|196|37|235|113|165|152|239|40|134|212|222|58|204|56|86|240|123|232|30|15|219|8|226|26|42|132|203|149|236|232|195|230|71|192|86|23|55|190|101|169|129|97|30|45|77|178|16|15|151|150|182|137|116|14|145|189|242|178|217|142|109|147|176|105|46|42|179|111|140|138|88|233|55|188|18|182|201|83|230|3|59|16|142|166|36|146|236|18|30|183|169|117|95|29|6|83|222|207|132|1|202|120|197|160|47|128|181|247|202|19|76|26|51|241|164|236|222|87|42|61|51|153|59|86|223|54|94|240|141|230|226|112|208|252|83|14|92|
Overall Best: 0.8814 Generation: 19

Generation 24
Average: 0.8519 Best: 0.8701
Best Individual: 
C0 216|73|65|18|63|253|114|218|176|206|138|5|179|27|78|78|56|165|9|227|178|198|161|240|81|211|224|204|77|80|58|107|234|84|69|65|122|124|173|177|244|247|76|229|205|99|242|110|90|78|0|39|4|172|61|42|225|58|12|139|179|75|152|169|126|128|192|30|193|98|46|136|162|75|66|195|157|46|100|14|153|137|159|90|250|41|254|160|238|58|41|133|78|99|39|42|91|195|95|108|191|199|89|186|192|100|54|146|254|40|130|54|201|219|162|90|12|108|127|132|81|206|136|98|59|239|212|250|98|84|93|62|195|193|196|164|138|138|188|63|8|161|202|191|40|104|149|222|58|195|50|71|78|173|1|245|190|0|169|122|97|60|45|48|38|155|118|95|150|130|212|157|85|40|144|157|197|121|47|106|4|199|188|135|36|106|217|181|188|68|146|79|203|26|138|177|24|134|149|159|23|28|76|35|118|174|42|1|173|165|247|5|74|108|206|166|177|74|50|83|162|255|173|101|10|107|17|56|100|252|219|136|103|241|255|20|87|157|224|17|190|114|25|187|167|25|35|98|95|231|221|140|109|238|133|211|
Overall Best: 0.8814 Generation: 19

Generation 25
Average: 0.8520 Best: 0.8782
Best Individual: 
C0 20|48|36|204|160|73|69|99|221|59|145|78|171|176|153|21|84|27|156|88|42|203|198|69|158|222|206|102|255|94|51|240|234|117|134|65|25|124|194|177|5|247|76|229|205|1|242|110|90|78|155|161|4|149|175|18|225|226|12|99|179|75|130|39|133|128|192|42|193|230|169|233|138|80|101|222|146|142|128|98|39|23|100|43|141|141|171|107|203|58|184|34|93|232|65|215|112|25|105|20|159|136|36|48|233|42|102|144|230|52|197|28|92|241|109|139|157|14|158|132|75|199|240|233|157|59|121|35|28|173|33|195|221|180|138|234|88|17|209|95|192|1|184|180|96|95|229|200|10|187|20|226|133|14|117|92|44|159|250|116|249|60|45|36|3|21|156|57|17|41|59|157|163|187|178|237|33|226|73|106|74|97|76|243|101|79|183|47|46|171|218|119|203|233|103|237|175|219|55|129|202|252|248|225|133|254|80|16|8|144|188|50|153|19|133|172|172|184|154|55|199|255|173|101|77|25|17|245|52|76|140|51|241|194|236|222|34|146|185|51|153|59|86|223|54|94|240|141|230|226|112|208|252|83|14|92|
Overall Best: 0.8814 Generation: 19

Generation 26
Average: 0.8547 Best: 0.8763
Best Individual: 
C0 240|54|65|92|181|185|7|99|247|59|145|135|105|176|78|78|56|173|9|227|178|198|72|240|81|73|28|204|77|80|58|225|234|84|45|24|47|183|80|14|177|228|67|147|230|12|220|110|76|78|155|40|6|90|175|5|225|226|12|139|179|120|162|39|190|128|178|42|193|98|178|136|110|254|11|195|157|220|148|95|153|126|159|101|24|184|18|53|150|35|32|44|224|39|163|212|224|178|213|211|48|118|0|137|241|16|165|64|226|40|161|188|186|169|52|138|155|177|239|113|37|235|113|165|81|14|218|133|169|53|252|153|195|146|187|70|148|154|15|219|8|226|248|195|132|78|234|39|127|195|87|177|192|63|103|55|20|224|169|231|97|112|45|133|180|16|153|151|243|206|118|157|85|2|16|89|26|113|73|118|165|199|101|243|36|240|217|53|188|167|146|191|13|6|138|118|55|132|105|28|226|12|103|183|16|55|80|171|184|144|19|36|22|6|186|52|230|97|164|71|199|249|9|101|238|25|59|10|26|219|36|136|153|82|86|41|39|23|245|132|130|165|107|134|251|227|106|191|188|108|236|87|124|192|136|127|
Overall Best: 0.8814 Generation: 19

Generation 27
Average: 0.8519 Best: 0.8763
Best Individual: 
C0 74|54|50|92|135|185|7|99|149|29|237|181|105|176|55|204|118|18|239|64|14|98|81|55|143|222|112|9|250|85|192|145|209|94|33|194|62|49|235|223|38|1|161|160|177|107|162|156|90|227|186|130|64|67|151|188|14|233|205|206|227|88|235|232|113|10|144|156|234|2|247|165|107|184|131|66|6|27|248|218|14|193|102|229|141|227|84|78|252|58|170|200|78|30|65|86|168|161|247|138|244|150|57|217|19|173|107|116|28|225|68|91|54|204|149|191|139|106|13|166|112|130|74|93|108|201|249|187|78|66|56|224|167|122|196|19|62|210|89|252|24|74|239|78|139|45|168|200|64|185|127|74|74|189|116|223|32|119|180|99|213|134|222|128|31|134|179|24|113|19|90|125|122|183|23|197|81|131|167|169|129|188|68|237|169|150|97|10|88|101|86|56|175|26|138|177|175|134|87|159|23|120|143|35|118|98|98|1|173|165|188|98|22|6|186|52|185|110|164|132|199|249|9|221|81|25|59|10|80|229|36|218|153|66|141|38|39|63|172|136|130|165|107|101|251|227|106|173|27|108|236|87|124|192|136|206|
Overall Best: 0.8814 Generation: 19

Generation 28
Average: 0.8553 Best: 0.8713
Best Individual: 
C0 117|226|100|122|119|180|194|46|200|194|58|161|52|15|82|48|159|141|239|35|191|104|8|59|127|177|65|238|157|75|155|126|117|56|45|12|47|163|80|88|193|114|234|93|176|108|233|243|91|97|31|74|95|7|74|41|123|114|116|249|97|91|128|204|25|118|246|38|23|224|231|188|208|86|198|195|223|235|100|14|153|113|61|17|250|41|2|160|238|58|115|133|78|126|39|42|0|195|95|108|191|199|89|186|192|100|225|63|254|194|130|3|101|219|162|90|12|108|120|132|81|78|43|244|41|239|181|66|66|84|93|62|195|156|196|164|138|189|188|63|252|161|120|191|40|18|168|200|64|185|127|74|147|149|233|223|32|177|180|117|213|134|187|82|204|77|179|24|113|249|90|125|64|183|244|197|81|131|160|169|42|156|68|204|98|150|97|59|88|101|200|56|203|26|138|177|201|134|87|159|51|3|76|35|118|174|17|178|153|165|188|97|29|165|186|187|26|129|247|105|253|235|219|174|92|250|160|154|248|26|218|47|168|229|248|176|223|46|18|141|202|24|53|52|95|59|205|177|251|87|252|202|12|232|255|234|
Overall Best: 0.8814 Generation: 19

Generation 29
Average: 0.8547 Best: 0.8726
Best Individual: 
C0 20|48|36|221|160|238|72|9|53|51|203|140|186|180|183|141|84|27|156|199|42|203|198|69|151|222|206|102|147|94|51|128|234|230|134|65|25|124|194|177|5|39|76|229|39|1|242|1|48|78|155|108|4|149|123|237|225|226|12|99|179|75|37|169|126|248|192|30|193|98|46|136|162|75|66|195|157|46|167|14|81|68|18|90|250|41|161|160|238|148|41|223|128|161|71|60|224|178|239|87|135|116|217|197|1|220|175|146|76|93|99|139|156|169|98|83|53|193|27|196|37|235|113|239|152|212|40|115|212|116|58|204|56|50|164|123|105|12|125|95|8|226|17|236|249|61|238|84|219|52|87|124|186|238|242|252|39|33|173|116|114|60|45|36|3|21|113|57|17|41|59|24|163|222|178|183|33|226|73|85|74|97|76|243|101|79|183|47|46|171|218|119|49|233|34|134|125|195|10|108|16|45|221|218|249|197|242|229|75|116|69|249|108|240|107|32|167|50|212|64|101|103|160|47|137|252|224|202|19|76|26|51|241|24|236|222|34|119|33|51|153|112|86|223|54|94|240|141|230|152|52|160|252|83|14|57|
Overall Best: 0.8814 Generation: 19
==================
    Best individual after 30 generations
    computed in 4,160.3190 seconds
    1404 elements out of 1593 correct.
    emerged in generation 19
    with fitness 0.8814
==================

