Starting evolution...

Generation 0
Average: 0.7926 Best: 0.8286
Best Individual: 
C0 140|130|208|154|242|14|241|254|102|122|131|188|228|132|220|136|91|144|132|134|233|8|36|99|182|113|234|242|146|76|172|54|52|77|47|81|123|252|220|80|162|208|52|228|33|237|92|3|108|75|56|84|213|140|143|148|19|49|243|156|49|184|52|167|44|60|101|105|123|155|199|21|129|208|4|252|255|19|146|127|73|128|106|28|57|199|117|52|162|184|163|146|60|23|224|27|210|4|178|72|239|75|151|184|234|111|5|17|219|225|20|154|193|233|218|142|164|211|189|171|136|194|221|232|132|20|73|59|81|142|110|45|86|202|223|196|68|30|102|134|245|251|253|180|129|83|83|191|32|141|21|204|194|240|94|168|0|249|99|205|72|194|121|87|36|18|155|140|183|171|122|95|129|146|63|179|221|129|57|120|189|134|196|174|130|197|220|43|239|172|246|152|195|144|242|123|127|89|43|46|171|91|246|181|232|140|36|10|229|97|97|197|118|55|209|190|211|217|111|185|74|238|74|140|107|58|44|111|57|118|144|189|136|61|123|122|87|231|36|251|178|109|39|192|63|115|92|26|124|93|48|107|98|225|9|38|
Overall Best: 0.8286 Generation: 0

Generation 1
Average: 0.8011 Best: 0.8431
Best Individual: 
C0 23|18|235|66|43|177|9|142|99|106|65|191|224|20|79|171|139|102|191|37|210|76|252|177|223|63|72|188|193|81|91|11|243|166|91|194|93|61|194|252|64|116|226|48|3|65|154|13|106|104|40|15|148|183|93|53|64|151|246|249|62|240|160|150|235|153|18|243|9|193|18|245|226|126|127|216|89|124|252|119|65|223|51|236|254|30|153|253|219|253|202|112|234|116|113|20|24|3|23|92|88|34|19|50|207|9|53|129|39|90|190|173|48|192|64|79|136|56|238|185|193|204|200|28|70|245|64|223|23|45|178|167|59|115|182|174|189|88|19|39|195|213|164|35|122|10|53|41|93|27|93|217|239|81|237|12|32|4|115|214|38|12|200|226|108|160|247|233|169|67|205|255|178|99|38|5|39|117|224|124|76|140|175|171|196|243|251|118|253|69|75|60|153|82|199|229|66|212|195|196|251|80|78|145|23|169|80|203|159|5|203|228|112|48|111|111|162|109|67|95|98|183|142|248|6|193|215|135|164|204|48|180|72|15|46|139|66|6|103|95|4|18|77|108|120|1|213|172|203|73|79|112|37|49|120|176|
Overall Best: 0.8431 Generation: 1

Generation 2
Average: 0.8081 Best: 0.8380
Best Individual: 
C0 150|107|183|65|185|18|142|206|32|176|178|149|3|67|93|7|233|28|170|131|86|219|236|26|131|46|231|215|107|177|11|151|185|127|161|58|81|204|12|166|186|135|152|181|23|207|176|226|89|239|98|102|204|195|88|27|216|59|184|117|123|201|71|178|51|2|92|64|180|83|178|246|166|157|191|148|107|75|79|199|71|187|34|75|119|220|149|242|185|118|110|111|33|35|208|153|118|198|212|180|220|91|225|244|46|4|125|107|60|48|249|23|109|207|158|15|89|4|241|153|32|123|116|228|188|223|177|53|236|50|169|28|46|214|114|204|147|38|141|173|143|151|142|70|10|6|87|255|74|140|161|24|35|146|145|43|105|232|183|65|254|85|113|145|246|176|39|108|38|52|105|197|69|76|7|173|245|164|60|198|20|199|73|70|36|157|72|161|3|211|246|248|142|164|8|84|8|249|24|58|1|244|117|206|80|143|232|152|229|181|112|91|249|185|123|210|28|6|252|26|252|160|47|218|138|191|223|125|198|75|140|233|114|10|159|228|101|221|119|151|235|211|198|204|78|197|210|7|136|74|66|30|16|230|243|107|
Overall Best: 0.8431 Generation: 1

Generation 3
Average: 0.8046 Best: 0.8330
Best Individual: 
C0 49|87|194|235|173|39|248|176|237|58|44|14|156|97|219|106|131|167|31|206|93|192|2|178|92|81|211|11|200|127|117|205|115|244|194|54|127|203|143|240|34|175|163|139|125|100|80|91|163|252|243|51|175|144|254|137|226|225|134|79|186|61|95|2|92|230|202|224|144|247|145|20|107|94|106|4|139|173|216|45|180|20|72|6|123|162|81|81|27|28|160|60|120|8|66|234|141|133|27|11|251|130|181|29|212|163|68|254|162|129|40|114|47|152|83|76|140|69|128|233|242|228|248|212|71|72|220|179|218|29|89|200|140|149|248|133|8|130|20|61|63|97|16|249|201|214|62|217|124|63|159|213|5|109|121|30|7|193|245|49|144|176|68|191|142|137|169|167|75|69|147|54|72|120|106|113|160|188|40|63|212|7|67|144|35|189|13|83|249|176|190|48|62|250|149|126|125|119|113|183|21|142|180|59|17|146|19|69|30|87|110|107|253|135|183|23|87|65|254|203|136|160|43|42|200|120|83|7|80|46|242|250|40|150|66|36|85|47|178|122|228|12|43|32|148|135|28|144|243|150|6|179|175|55|101|154|
Overall Best: 0.8431 Generation: 1

Generation 4
Average: 0.8112 Best: 0.8412
Best Individual: 
C0 135|133|235|70|231|142|178|108|85|195|121|234|46|192|114|177|220|127|12|167|138|212|191|102|74|12|97|170|47|102|227|49|43|164|151|69|255|3|129|159|79|188|245|162|221|239|69|222|111|72|169|121|188|28|130|106|201|237|90|174|226|117|70|79|138|186|128|242|233|112|194|13|20|253|213|10|1|112|140|45|173|16|75|22|175|91|248|89|142|11|211|90|56|124|109|85|190|9|179|216|60|191|190|27|50|46|197|153|52|26|18|110|39|178|141|32|138|192|144|163|91|68|29|122|122|83|145|14|203|77|59|155|208|128|123|42|152|10|83|174|46|214|47|10|51|3|178|34|111|110|89|247|227|117|61|83|54|153|8|31|56|222|221|235|208|77|116|164|66|135|236|230|194|232|130|61|98|87|74|145|48|153|71|114|236|189|119|227|159|201|161|176|75|165|51|117|191|59|146|139|106|81|94|173|119|227|3|98|126|80|180|42|185|48|162|179|231|191|182|47|77|193|197|193|111|6|16|153|190|173|66|183|196|44|196|253|187|196|52|177|220|165|168|133|140|210|150|109|58|34|42|146|81|235|105|144|
Overall Best: 0.8431 Generation: 1

Generation 5
Average: 0.8133 Best: 0.8506
Best Individual: 
C0 61|21|74|6|15|185|160|101|31|96|153|164|192|92|50|136|179|144|85|185|233|8|150|99|182|113|234|242|146|76|172|141|10|226|187|209|255|3|129|159|79|236|245|162|221|239|69|222|55|72|169|121|188|249|130|106|201|237|90|174|226|117|70|79|138|186|128|179|144|112|194|13|20|232|213|98|1|112|140|45|173|16|75|22|175|91|248|101|142|11|154|90|56|124|63|85|190|9|179|216|60|191|190|27|114|46|197|184|52|26|18|110|39|178|141|32|19|38|144|163|91|68|29|122|122|83|145|14|203|89|59|223|208|212|123|42|152|10|2|174|46|214|47|10|179|3|178|34|111|110|89|247|227|117|61|83|54|153|8|31|56|222|221|235|208|77|116|164|66|135|236|230|194|232|130|203|98|87|74|145|48|153|71|114|236|80|119|227|159|201|161|176|75|165|51|117|24|59|146|139|100|220|95|204|111|73|9|34|71|112|124|106|148|192|131|69|236|53|249|162|97|31|131|125|151|55|18|166|36|167|27|127|18|122|30|240|153|192|70|253|151|228|143|101|179|175|10|200|136|22|179|177|241|37|8|82|
Overall Best: 0.8506 Generation: 5

Generation 6
Average: 0.8168 Best: 0.8443
Best Individual: 
C0 61|21|74|6|15|185|160|101|31|96|153|164|192|92|50|136|179|144|85|185|233|8|116|99|182|209|234|242|146|76|172|141|10|226|187|209|255|3|129|159|79|236|245|162|221|239|69|222|55|72|169|121|188|249|130|158|201|237|90|174|226|20|70|79|138|186|128|179|144|112|194|13|20|232|213|98|103|112|140|45|173|16|136|202|145|255|56|233|114|62|76|110|146|129|97|69|179|183|120|149|105|79|19|208|157|86|92|233|69|75|13|194|117|121|156|141|84|112|35|102|27|249|229|230|161|46|107|31|162|29|167|66|45|142|147|225|166|60|116|42|185|128|142|88|167|19|77|148|156|96|81|239|213|183|206|9|203|6|180|251|153|109|233|81|23|98|37|67|216|147|59|46|193|232|233|198|161|87|74|201|48|153|71|114|120|80|141|245|159|201|161|176|75|165|51|117|24|59|146|139|100|220|95|204|111|73|9|34|71|112|124|106|148|192|131|69|236|53|249|162|97|31|35|125|151|55|18|166|36|50|27|127|89|122|30|240|153|192|70|253|151|228|143|101|179|175|10|200|136|22|179|177|241|37|8|82|
Overall Best: 0.8506 Generation: 5

Generation 7
Average: 0.8203 Best: 0.8493
Best Individual: 
C0 77|61|165|225|81|124|240|101|28|164|177|223|3|67|69|7|203|203|170|209|209|98|236|26|126|46|231|45|107|177|11|223|185|46|161|58|81|204|116|77|153|129|156|138|197|134|43|206|147|109|26|208|45|206|43|178|242|199|110|245|242|158|82|75|207|244|14|2|90|68|137|156|174|84|142|94|5|67|44|1|240|158|199|39|4|243|85|248|250|45|25|192|249|112|51|217|44|221|242|162|2|59|13|56|230|170|134|138|234|215|1|250|28|83|126|235|137|128|224|73|55|175|159|120|0|123|159|135|4|187|57|201|231|122|250|191|62|147|29|32|216|238|148|68|86|156|15|190|157|6|21|197|171|187|252|57|237|130|224|13|243|232|5|178|204|122|4|235|135|162|100|37|103|213|218|128|157|123|197|16|250|82|93|87|66|14|85|137|146|11|114|93|64|207|77|246|7|19|224|64|51|81|94|249|43|133|27|170|80|4|160|124|57|59|238|203|249|196|139|102|168|199|118|94|158|190|9|48|197|128|163|14|7|181|3|23|197|157|128|31|67|30|42|251|241|31|178|252|216|217|20|188|204|5|123|18|
Overall Best: 0.8506 Generation: 5

Generation 8
Average: 0.8208 Best: 0.8443
Best Individual: 
C0 187|80|102|202|139|120|106|176|132|85|153|164|192|83|186|21|179|144|85|134|233|8|158|141|182|206|4|242|79|76|172|118|10|181|65|209|124|245|78|113|29|118|192|54|237|120|19|91|131|81|233|246|34|174|95|72|186|176|50|159|127|193|238|0|80|239|204|105|123|233|199|139|31|157|77|132|141|37|21|37|63|26|136|217|78|255|56|105|114|190|146|137|146|109|242|236|16|136|23|205|105|79|115|3|98|193|243|103|69|180|62|194|50|121|34|141|151|162|35|203|72|208|178|145|240|52|166|83|34|95|188|9|119|79|67|254|191|95|193|156|141|58|174|222|100|101|15|226|85|77|101|7|90|183|206|121|203|24|180|20|114|69|168|252|47|227|67|197|91|191|65|48|134|55|13|118|215|27|175|108|22|83|150|204|222|214|117|9|10|11|186|180|69|207|110|246|221|19|224|64|116|81|94|173|102|227|3|98|126|80|180|42|185|106|78|29|231|19|212|47|77|193|197|233|111|6|166|153|55|173|66|182|196|44|196|253|20|13|161|176|140|185|46|91|160|93|250|111|136|52|44|50|125|83|176|160|
Overall Best: 0.8506 Generation: 5

Generation 9
Average: 0.8219 Best: 0.8468
Best Individual: 
C0 196|78|165|72|235|3|161|126|28|164|177|123|45|13|50|6|179|144|50|134|233|174|36|235|61|113|234|173|146|13|45|227|221|77|47|81|128|76|114|45|162|151|245|162|221|239|69|222|55|72|169|121|200|249|52|171|201|89|90|78|106|20|236|79|138|196|128|179|144|230|194|13|193|40|213|98|103|138|140|106|10|250|136|202|145|243|104|248|95|137|124|192|249|112|51|44|246|221|172|98|2|59|255|149|209|170|134|138|62|215|1|250|53|83|126|235|137|153|224|73|212|189|159|120|0|123|159|135|4|187|57|201|178|119|180|191|153|147|29|32|216|103|148|225|86|16|15|73|157|6|91|197|152|187|252|57|215|88|224|13|243|232|5|178|204|122|4|235|135|162|100|37|103|213|190|168|157|83|197|55|173|245|93|87|66|14|85|137|126|180|74|255|59|59|100|20|108|225|211|140|14|97|8|95|125|133|27|170|80|218|75|116|57|231|238|203|249|148|139|122|168|199|118|94|158|190|9|48|197|128|163|14|251|181|3|23|197|157|128|31|231|74|1|251|64|204|157|252|138|217|188|143|181|158|133|119|
Overall Best: 0.8506 Generation: 5

Generation 10
Average: 0.8223 Best: 0.8531
Best Individual: 
C0 125|5|235|70|231|142|178|49|85|207|120|84|46|192|114|177|220|62|12|167|138|212|184|179|83|139|97|170|178|102|227|216|43|164|152|246|237|202|78|105|197|119|161|54|237|49|19|91|230|81|233|109|170|97|165|59|186|176|50|159|45|30|28|231|185|200|201|169|69|115|10|174|216|104|242|142|61|187|83|159|85|55|224|115|155|245|88|140|79|209|213|118|49|141|208|115|211|215|109|5|84|254|127|182|220|38|192|191|120|26|182|114|70|207|245|224|222|98|99|51|23|180|247|93|11|109|7|7|60|255|187|56|130|178|188|165|34|72|125|232|241|166|154|130|21|219|182|124|74|216|105|184|100|144|146|102|22|141|25|69|53|48|105|62|186|145|176|118|105|54|190|122|113|175|102|6|86|185|171|49|144|114|16|44|155|194|19|54|206|133|76|233|176|145|253|110|45|108|252|99|213|211|60|190|253|20|61|211|222|217|185|28|94|27|211|13|216|98|25|57|9|31|96|66|90|181|221|132|74|248|87|168|119|126|147|24|66|24|181|137|37|141|1|133|104|163|150|109|229|93|42|146|81|171|30|144|
Overall Best: 0.8531 Generation: 10

Generation 11
Average: 0.8266 Best: 0.8556
Best Individual: 
C0 135|180|169|70|231|142|49|147|237|195|9|237|46|17|71|177|70|127|12|167|138|212|191|102|74|161|97|50|47|102|69|140|200|114|151|69|254|119|129|159|117|188|245|217|182|86|41|224|174|254|155|32|251|3|247|78|238|152|90|166|35|51|111|133|158|246|147|161|137|139|92|2|95|31|192|45|177|197|115|216|17|128|106|171|173|65|117|52|32|244|99|146|193|23|139|27|103|115|163|72|202|53|172|11|140|96|160|17|168|208|154|154|193|233|155|20|54|120|117|171|136|51|221|217|172|144|227|38|44|195|191|109|251|161|203|232|88|57|250|47|203|207|66|180|194|130|83|18|95|152|40|16|232|240|35|215|85|186|48|149|120|36|121|249|178|27|90|140|32|6|122|88|129|31|86|179|246|129|57|41|161|33|118|234|184|75|68|91|195|232|2|181|70|182|190|3|163|167|159|51|170|225|61|8|226|66|181|203|126|196|44|243|185|48|162|179|231|184|164|165|37|100|186|26|167|117|150|231|68|51|64|218|80|44|183|173|214|69|198|209|175|16|70|65|246|210|150|59|58|31|42|183|222|235|105|144|
Overall Best: 0.8556 Generation: 11

Generation 12
Average: 0.8267 Best: 0.8562
Best Individual: 
C0 187|80|102|183|76|120|165|108|132|85|14|84|224|192|75|177|220|74|12|167|172|150|191|102|99|139|36|170|178|102|227|62|10|226|42|29|49|3|16|77|234|129|126|128|197|149|43|206|147|109|26|208|246|208|43|52|242|135|178|210|236|38|82|196|207|154|13|113|227|68|137|87|174|114|142|6|5|67|231|1|240|158|123|223|4|245|104|248|95|251|124|49|249|112|51|44|246|48|172|98|233|59|255|149|209|170|134|138|62|215|1|122|20|83|126|235|137|153|224|73|212|189|159|120|14|123|159|135|4|187|57|201|178|119|180|232|153|147|29|177|216|103|148|211|19|16|198|73|157|6|91|181|126|187|252|7|215|88|224|60|243|243|5|178|204|231|36|121|235|162|100|37|103|98|190|168|157|83|197|55|173|167|93|68|66|14|85|137|126|180|74|255|172|70|100|12|108|225|211|67|14|97|67|95|125|133|27|170|80|218|75|116|57|59|238|203|81|148|139|165|239|93|235|122|48|19|234|148|34|145|120|83|99|192|54|65|20|13|161|176|140|185|126|91|61|57|69|67|136|135|44|50|125|190|16|160|
Overall Best: 0.8562 Generation: 12

Generation 13
Average: 0.8268 Best: 0.8544
Best Individual: 
C0 125|5|235|154|231|142|55|137|85|63|120|101|46|192|114|165|220|62|12|167|138|241|184|179|83|139|97|170|178|162|227|216|43|159|152|44|237|202|78|105|197|119|161|169|160|49|19|91|227|81|106|109|243|97|165|59|242|176|50|159|138|30|28|231|185|200|201|169|69|115|10|239|216|208|242|142|61|187|83|159|248|4|239|35|233|13|74|16|112|137|219|91|49|117|218|165|220|213|134|216|163|191|190|160|4|102|161|153|22|236|226|110|158|103|70|32|232|161|218|34|86|156|39|226|99|166|13|118|82|2|51|94|99|151|151|41|194|245|92|103|178|129|159|195|195|214|125|175|223|96|66|117|95|138|7|101|6|36|95|205|157|136|45|55|130|137|169|14|127|93|241|156|100|32|162|38|84|249|139|181|139|108|197|83|216|82|40|42|155|238|31|183|166|51|101|110|230|162|252|99|81|58|10|249|155|141|235|54|140|171|124|111|86|241|160|221|228|58|211|5|2|224|113|4|201|138|12|26|165|103|85|63|119|181|251|23|202|157|128|109|78|74|159|127|241|26|157|109|229|93|42|147|251|171|30|144|
Overall Best: 0.8562 Generation: 12

Generation 14
Average: 0.8263 Best: 0.8506
Best Individual: 
C0 187|80|57|183|76|120|205|108|132|85|14|79|224|13|75|177|228|74|254|167|172|150|191|102|99|139|36|170|178|56|227|62|70|71|42|29|49|3|16|77|234|129|126|128|197|208|43|183|237|109|72|208|246|208|0|52|242|135|178|130|49|145|159|217|80|239|247|105|123|98|199|191|31|243|78|43|245|79|146|17|70|128|86|35|233|168|74|66|164|83|107|126|212|237|162|231|88|104|239|140|138|30|226|170|221|201|170|69|103|129|50|183|68|30|47|41|1|76|182|179|220|111|27|221|90|214|12|167|8|7|21|126|189|248|49|217|113|95|193|207|105|129|75|195|195|222|145|101|48|109|167|13|215|179|252|7|215|88|224|60|243|243|12|178|204|231|36|121|235|162|100|142|169|98|190|168|157|83|197|55|173|167|93|68|22|14|85|137|126|180|74|232|172|70|100|208|29|110|211|67|14|181|67|193|40|133|27|170|80|218|75|136|57|59|129|212|81|148|139|165|239|93|235|122|48|46|234|148|34|145|120|116|99|192|164|65|20|57|161|116|140|185|248|29|61|66|69|67|136|135|44|50|130|190|16|160|
Overall Best: 0.8562 Generation: 12

Generation 15
Average: 0.8235 Best: 0.8512
Best Individual: 
C0 125|5|235|104|231|142|55|137|85|63|120|20|46|192|114|165|220|62|12|167|138|10|184|179|83|139|97|170|186|162|227|216|43|159|176|44|237|202|215|105|251|119|161|169|160|49|19|91|227|81|106|109|243|158|165|59|242|176|50|45|138|30|28|231|185|200|203|169|69|81|180|239|216|208|242|142|61|187|83|159|248|4|239|35|233|13|74|16|112|137|241|91|49|117|218|165|214|213|134|216|163|191|190|160|4|243|161|153|146|236|143|110|158|222|70|32|49|161|40|34|22|156|124|2|99|166|13|49|82|2|51|94|99|151|151|41|194|245|98|103|178|129|239|195|195|214|125|175|223|96|66|117|95|138|7|101|11|85|95|205|157|136|45|55|130|137|169|14|124|167|241|156|100|114|162|38|84|249|139|181|139|158|197|83|216|82|90|42|155|211|31|123|166|51|101|110|230|162|252|99|81|58|10|249|148|141|235|54|140|171|124|111|86|241|160|40|228|58|211|5|145|224|220|4|201|138|12|26|105|103|85|245|119|181|251|23|202|157|128|109|78|74|159|127|241|26|157|109|229|89|112|147|251|171|30|144|
Overall Best: 0.8562 Generation: 12

Generation 16
Average: 0.8222 Best: 0.8431
Best Individual: 
C0 125|5|235|104|231|142|55|137|85|63|120|20|46|192|114|165|220|62|12|167|138|10|184|179|83|10|97|89|186|162|227|216|43|159|176|44|237|202|215|105|251|119|161|169|160|49|251|91|70|81|106|109|243|158|170|59|242|176|226|45|138|30|28|231|185|200|203|169|69|81|180|239|30|208|242|231|61|187|83|159|248|4|239|35|233|13|74|16|112|137|241|91|49|117|218|165|214|213|134|216|163|191|190|160|4|243|161|153|146|236|143|110|158|222|70|32|49|161|40|175|22|73|124|2|99|166|7|49|82|2|51|138|167|151|243|41|194|245|98|103|178|129|239|195|195|214|103|175|223|96|66|117|95|138|32|101|11|85|95|31|157|136|45|55|130|207|169|14|124|167|241|156|100|114|162|38|84|249|154|181|139|158|197|83|216|82|90|42|155|211|31|123|8|51|101|110|230|162|252|99|81|188|10|249|148|141|235|54|140|171|124|111|86|241|160|40|228|58|211|5|145|224|12|4|201|138|12|26|105|103|85|245|119|181|251|23|202|157|128|109|78|74|159|127|241|26|157|109|229|89|112|187|101|171|30|144|
Overall Best: 0.8562 Generation: 12

Generation 17
Average: 0.8264 Best: 0.8468
Best Individual: 
C0 12|43|235|128|244|221|116|176|164|85|153|164|171|136|204|161|135|97|156|23|233|113|126|102|178|35|244|167|146|121|172|58|141|125|169|84|124|128|78|94|43|119|32|5|74|15|202|91|230|81|233|119|145|24|95|133|186|14|229|159|188|23|171|52|63|192|163|240|4|28|217|174|189|91|145|72|118|39|149|103|201|69|116|236|189|132|189|217|141|137|207|91|38|158|81|3|161|47|167|95|37|176|148|181|63|53|198|193|218|247|244|247|93|243|130|141|16|12|182|221|41|3|68|224|235|209|150|164|185|106|78|219|247|117|95|165|34|195|125|232|27|166|154|130|21|219|182|124|44|177|166|184|179|86|247|71|71|110|25|163|53|244|105|194|186|145|176|42|105|232|211|122|193|34|30|6|86|185|171|238|181|195|148|128|140|102|19|15|206|139|135|77|124|145|253|216|7|92|89|158|162|23|21|17|119|15|254|247|137|103|120|2|107|152|119|194|125|14|183|148|24|7|201|208|241|116|50|223|223|62|112|47|200|126|54|23|212|87|49|176|140|156|134|155|5|18|112|135|58|79|42|223|133|22|191|28|
Overall Best: 0.8562 Generation: 12

Generation 18
Average: 0.8245 Best: 0.8462
Best Individual: 
C0 175|80|116|117|231|142|55|137|85|163|92|20|46|192|114|165|88|62|12|167|138|10|184|179|83|10|97|89|186|162|227|152|43|159|176|44|237|100|215|105|251|119|161|211|160|49|251|91|70|81|106|109|243|158|170|59|242|176|241|45|138|30|28|231|185|200|203|169|69|81|128|239|30|208|242|231|202|140|185|159|248|4|239|35|233|13|74|16|201|137|240|91|49|117|218|165|98|213|134|216|163|191|195|209|4|243|161|153|206|236|143|110|158|71|70|243|49|161|40|175|22|223|124|116|99|166|167|49|82|142|51|138|129|151|243|41|194|245|62|103|252|129|239|195|195|214|103|175|223|96|66|117|95|36|32|101|11|85|135|31|157|136|45|32|130|207|99|14|124|167|241|174|100|114|162|38|84|249|167|181|144|114|206|44|123|194|10|208|161|89|48|2|244|163|155|149|74|52|129|255|236|211|60|215|83|50|209|212|222|217|197|28|94|233|211|241|15|242|219|57|9|31|78|66|56|181|157|23|196|248|140|168|93|157|243|250|31|196|138|240|190|175|133|12|96|171|16|166|71|238|44|242|146|177|59|238|
Overall Best: 0.8562 Generation: 12

Generation 19
Average: 0.8263 Best: 0.8562
Best Individual: 
C0 8|101|169|70|121|143|99|42|63|195|9|237|46|199|64|177|36|250|12|132|191|212|155|102|28|12|235|128|9|127|178|156|43|62|161|8|91|228|78|247|198|30|82|171|86|37|237|130|73|165|208|118|179|23|221|54|48|136|192|36|140|182|52|216|189|94|227|183|181|233|67|252|145|91|248|32|114|113|140|80|174|189|68|22|87|91|248|89|204|133|99|32|56|2|147|14|211|176|125|43|37|110|205|199|29|196|152|81|63|193|144|142|68|107|116|239|90|41|157|244|246|242|1|212|223|201|12|69|8|56|87|42|113|53|168|41|42|8|230|234|153|232|125|124|112|37|229|101|24|109|32|2|126|187|252|60|215|241|224|98|243|93|220|83|204|207|36|102|35|40|47|156|170|185|162|47|31|133|138|181|139|114|197|15|139|221|91|42|155|238|31|77|176|145|253|216|1|108|113|238|243|23|220|17|172|15|254|247|115|86|120|7|107|17|119|83|125|206|183|148|19|193|64|105|75|116|140|136|36|62|87|168|99|217|21|186|8|14|49|135|157|69|252|12|72|179|250|105|232|52|44|50|125|129|59|104|
Overall Best: 0.8562 Generation: 12

Generation 20
Average: 0.8266 Best: 0.8562
Best Individual: 
C0 7|126|235|104|231|142|92|131|85|197|120|20|46|192|114|165|220|62|246|88|138|239|184|179|83|33|97|12|72|186|104|80|3|62|161|251|91|67|12|247|179|135|64|171|86|122|193|226|139|111|123|203|231|23|56|247|48|243|192|71|235|132|84|133|202|18|126|175|133|205|137|14|177|162|255|71|61|187|160|11|201|157|116|107|9|132|222|15|141|135|219|91|145|251|163|176|204|115|163|68|31|191|29|12|215|243|162|169|71|236|1|122|20|83|126|95|18|153|224|99|212|80|61|120|14|95|244|148|4|187|220|201|178|119|180|232|129|147|127|23|216|163|148|213|6|16|153|39|23|6|105|184|100|238|2|102|95|86|231|223|53|102|8|62|128|176|175|32|168|125|49|63|134|51|102|56|84|135|1|181|140|158|197|83|216|82|60|42|155|211|31|239|8|119|88|144|103|162|119|18|81|188|10|249|148|141|5|54|140|146|57|111|86|241|160|40|228|58|211|5|136|224|12|198|201|219|12|26|164|103|255|128|119|97|230|204|202|157|223|109|8|28|201|125|241|52|157|178|1|89|112|187|215|171|30|74|
Overall Best: 0.8562 Generation: 12

Generation 21
Average: 0.8286 Best: 0.8575
Best Individual: 
C0 8|101|136|70|121|93|99|42|34|195|170|237|46|199|64|177|12|159|12|143|191|212|155|191|28|12|235|128|9|127|178|156|43|62|161|8|91|228|78|73|198|30|82|19|86|37|237|130|73|165|208|118|179|23|221|54|48|136|192|36|140|233|171|170|189|94|227|183|181|233|67|241|145|85|248|32|114|113|140|80|174|39|68|22|87|91|124|89|204|133|99|32|247|2|147|14|211|176|125|43|37|110|205|199|29|234|152|81|63|193|144|142|68|107|116|239|56|28|157|244|246|242|1|212|223|201|119|69|8|56|87|42|113|53|168|41|107|114|62|234|153|150|125|124|112|37|229|101|24|109|85|2|253|187|252|60|215|241|224|98|243|214|108|83|204|207|36|102|145|40|47|47|170|185|162|47|161|133|138|181|139|114|197|200|139|221|91|42|155|238|31|77|176|145|253|99|1|51|66|158|243|169|21|17|172|15|254|185|115|189|181|137|36|17|40|194|125|206|183|148|24|193|201|17|1|181|168|23|226|0|140|84|99|18|21|186|8|14|49|135|157|69|252|12|72|179|250|105|232|52|44|50|97|129|59|104|
Overall Best: 0.8575 Generation: 21

Generation 22
Average: 0.8291 Best: 0.8525
Best Individual: 
C0 125|5|235|170|231|159|132|131|85|211|120|20|46|192|114|165|202|158|59|128|138|241|51|179|83|26|97|45|134|156|104|22|169|62|161|141|91|67|12|82|179|135|64|171|86|217|44|183|237|50|59|208|246|236|0|12|69|135|178|210|9|98|108|15|124|89|238|249|106|155|3|239|216|208|215|72|225|94|83|159|248|148|46|35|233|107|169|78|112|43|77|238|167|117|39|3|161|47|167|190|37|23|148|181|63|35|19|146|244|247|244|125|39|212|229|141|4|137|182|245|41|3|68|224|110|73|150|164|180|9|4|47|247|207|75|45|34|30|182|232|27|166|154|163|190|228|79|187|167|6|105|184|80|238|2|102|95|86|121|31|157|169|45|32|119|207|99|172|176|167|241|174|201|127|162|57|107|135|233|8|139|10|237|252|161|213|46|42|155|211|31|239|8|51|75|45|11|117|119|18|29|149|10|233|97|141|73|54|170|171|57|111|86|17|160|40|228|58|13|5|136|224|184|203|198|219|12|26|105|193|85|245|41|180|145|23|202|157|128|167|78|28|201|168|169|52|172|121|1|89|62|187|101|198|30|74|
Overall Best: 0.8575 Generation: 21

Generation 23
Average: 0.8275 Best: 0.8506
Best Individual: 
C0 125|5|235|170|231|159|132|131|85|211|120|20|46|192|96|165|44|158|59|128|138|241|102|179|83|26|97|53|134|156|104|22|169|62|161|151|91|67|12|82|179|126|64|171|86|217|44|183|237|50|59|208|133|236|0|12|69|135|120|210|9|98|108|15|124|89|238|249|106|155|3|239|216|208|215|218|225|140|83|8|40|130|108|232|163|13|74|148|150|137|226|26|49|117|24|38|33|14|92|213|163|191|195|254|4|243|147|153|9|236|189|110|13|110|70|43|205|161|72|51|22|135|124|22|99|190|181|91|115|240|10|138|182|151|243|85|34|212|95|103|178|129|90|195|195|21|103|175|131|174|66|117|251|192|32|101|125|85|80|31|157|136|140|232|130|68|99|14|190|167|241|174|100|164|162|175|169|129|215|41|117|194|93|107|184|144|68|91|153|150|31|183|153|51|235|125|230|202|119|18|29|149|201|233|97|141|73|54|170|4|57|111|86|17|160|40|228|58|100|5|136|224|184|203|198|219|12|26|105|193|61|245|41|180|145|23|202|157|128|167|78|28|201|168|169|52|113|121|145|89|62|187|101|198|30|74|
Overall Best: 0.8575 Generation: 21

Generation 24
Average: 0.8287 Best: 0.8682
Best Individual: 
C0 125|5|106|170|231|182|132|131|85|211|120|20|46|192|206|165|44|158|59|128|138|76|102|179|83|26|97|53|134|156|104|22|169|62|161|151|91|88|12|82|179|102|64|171|86|217|44|183|237|50|59|208|133|236|0|217|69|135|31|210|9|98|108|15|124|89|238|246|106|155|3|239|216|208|215|218|225|140|83|8|40|130|108|193|163|13|74|148|150|137|226|26|49|117|24|38|33|14|92|101|163|191|195|254|4|243|147|103|9|236|189|110|13|110|70|43|84|161|72|51|22|135|124|22|99|190|181|91|115|240|201|138|182|151|243|85|34|212|95|103|178|104|90|195|195|21|103|175|131|174|66|117|251|192|32|101|125|85|80|31|157|136|140|232|130|68|221|14|190|167|241|174|38|164|162|175|112|129|215|41|117|194|93|107|154|144|68|91|153|150|31|183|59|51|235|125|230|202|58|18|29|149|201|233|97|141|73|54|170|4|57|111|86|17|160|40|228|58|100|5|136|224|184|203|198|219|12|26|177|193|61|245|214|180|145|23|202|157|128|11|78|28|201|168|169|52|113|121|145|136|221|187|101|198|30|74|
Overall Best: 0.8682 Generation: 24

Generation 25
Average: 0.8291 Best: 0.8638
Best Individual: 
C0 182|97|235|73|139|142|55|68|85|179|204|240|46|126|159|117|37|128|12|148|177|10|184|179|83|199|97|89|186|162|227|210|196|159|176|44|237|100|215|52|204|162|195|211|160|77|251|55|219|81|106|4|49|158|94|59|242|176|225|69|28|69|117|231|185|200|203|169|69|81|21|7|216|172|138|58|110|187|214|227|254|212|237|35|233|13|40|96|222|34|107|139|208|87|121|47|236|163|74|202|249|242|206|162|198|238|83|170|100|241|123|143|156|147|73|61|136|27|147|221|244|64|165|140|150|23|241|36|165|100|180|52|131|118|248|18|252|119|214|202|154|89|114|222|230|249|3|104|85|215|173|52|90|183|171|35|203|83|84|146|53|119|100|178|204|126|28|159|0|134|110|42|37|98|102|168|138|32|53|55|90|25|145|64|66|245|62|254|163|154|63|255|131|70|62|245|113|124|119|10|14|97|29|62|125|133|122|170|85|218|234|40|57|59|174|100|173|148|139|105|168|135|4|152|212|198|12|26|131|244|85|75|119|196|66|231|213|254|128|109|78|70|138|127|241|26|157|55|219|34|42|147|172|185|30|155|
Overall Best: 0.8682 Generation: 24

Generation 26
Average: 0.8298 Best: 0.8575
Best Individual: 
C0 86|30|108|75|28|161|251|131|156|176|120|20|52|37|126|165|220|7|181|88|138|239|58|179|83|33|124|12|45|186|174|80|43|62|161|141|231|65|254|14|127|151|213|121|33|74|43|3|237|174|11|208|150|24|0|87|69|237|239|242|9|46|70|185|124|179|238|206|70|155|150|100|216|208|215|168|225|93|83|242|248|148|239|35|157|107|74|78|112|137|77|57|240|117|68|3|161|47|102|24|37|23|148|181|59|35|19|146|44|45|244|125|2|212|229|157|230|137|182|242|41|180|10|224|69|214|185|74|186|91|20|240|81|107|140|153|34|38|182|232|211|166|154|1|190|219|79|98|217|193|244|184|146|161|117|113|118|110|25|177|13|244|105|194|186|176|205|156|105|202|211|122|129|10|158|251|18|222|175|214|185|38|77|128|100|102|168|67|227|238|31|180|235|250|12|137|230|248|96|158|90|58|65|249|173|237|235|54|38|171|95|230|227|104|44|114|119|206|17|105|254|212|43|119|1|17|250|200|154|7|87|181|208|154|65|192|221|87|49|138|140|207|157|53|216|225|225|135|215|189|248|162|32|240|161|101|
Overall Best: 0.8682 Generation: 24

Generation 27
Average: 0.8302 Best: 0.8594
Best Individual: 
C0 86|30|108|75|28|161|251|131|156|176|120|20|52|37|126|165|220|7|181|88|138|134|58|179|83|33|124|12|197|186|174|80|43|62|161|141|231|65|254|14|127|151|213|121|170|74|43|3|237|174|124|208|42|24|0|87|69|237|239|242|9|46|70|185|124|179|238|206|70|155|150|100|216|208|215|168|225|141|83|242|248|148|239|35|157|107|74|187|112|137|77|57|240|117|68|3|161|47|102|24|37|33|134|9|59|35|19|146|44|45|244|125|2|26|229|157|243|137|182|242|41|180|10|161|69|214|185|74|186|91|20|240|81|107|140|153|34|38|182|232|211|166|154|1|190|219|79|98|217|193|244|64|146|161|117|113|118|110|25|177|13|244|105|194|186|176|205|156|105|202|211|122|5|10|158|251|18|222|175|214|185|63|77|128|100|9|168|68|119|178|219|208|69|239|52|102|241|164|224|113|64|6|29|0|110|227|3|251|124|80|241|172|230|147|215|56|168|92|53|153|168|202|70|198|98|62|156|48|197|29|163|47|249|231|180|223|221|87|49|138|140|234|157|53|216|225|225|135|215|189|203|162|32|215|161|101|
Overall Best: 0.8682 Generation: 24

Generation 28
Average: 0.8290 Best: 0.8550
Best Individual: 
C0 86|30|108|75|28|161|251|131|156|176|120|20|179|37|126|165|220|7|181|88|138|134|58|179|83|33|124|12|197|186|174|80|43|62|72|141|231|65|254|14|127|151|213|121|170|220|43|3|237|174|219|208|56|115|0|87|69|237|239|242|9|46|70|185|124|179|238|206|70|155|150|100|216|182|215|168|225|141|83|242|248|208|239|35|157|107|70|187|112|137|77|57|240|117|68|3|161|47|102|24|4|33|134|9|176|35|19|146|44|45|244|125|2|26|229|157|91|136|147|185|244|170|219|212|120|23|222|83|28|157|37|151|124|79|67|18|34|212|27|182|178|104|7|195|186|219|79|98|217|193|244|64|146|161|117|113|118|110|25|177|13|244|105|194|227|176|205|156|67|202|211|122|5|10|158|251|18|128|175|214|185|63|77|128|100|9|168|68|119|243|219|208|69|4|52|102|241|164|224|113|64|6|29|97|110|227|3|251|124|80|241|172|230|147|215|56|168|92|53|153|168|202|70|198|98|62|156|48|197|29|163|47|249|231|180|223|236|87|224|138|140|234|157|53|216|225|225|135|215|189|203|216|32|215|161|101|
Overall Best: 0.8682 Generation: 24

Generation 29
Average: 0.8278 Best: 0.8537
Best Individual: 
C0 125|5|106|179|56|133|70|44|127|11|182|184|46|192|236|53|104|232|246|128|78|182|184|179|83|99|203|41|72|5|240|162|101|70|161|141|99|67|50|146|211|151|213|121|33|74|43|3|237|50|229|208|188|104|0|244|69|135|92|20|9|98|108|15|124|89|14|246|106|155|3|165|139|46|199|218|225|20|49|41|36|78|215|22|30|138|101|194|133|120|177|130|38|176|112|3|44|198|172|249|108|137|129|216|209|247|171|155|31|22|1|15|64|83|126|16|182|248|134|99|191|88|238|22|99|190|45|162|115|240|201|13|182|151|243|85|34|212|237|103|42|179|90|195|195|34|103|53|103|2|66|148|251|252|131|101|125|123|80|31|157|136|98|232|207|68|221|14|190|167|241|174|55|164|162|175|112|129|215|41|117|194|93|170|89|144|68|91|38|150|97|103|59|51|235|125|230|143|109|18|29|27|201|233|153|175|14|27|170|4|57|111|86|17|160|40|228|203|100|64|136|224|74|203|18|219|12|183|177|193|106|245|214|180|145|23|168|157|46|11|78|19|205|168|63|52|208|121|145|9|221|187|186|198|111|74|
Overall Best: 0.8682 Generation: 24
==================
    Best individual after 30 generations
    computed in 2,998.3280 seconds
    1383 elements out of 1593 correct.
    emerged in generation 24
    with fitness 0.8682
==================

