Starting evolution...
length: 34.0
feature_occurency: [50, 50, 50, 50, 50, 50, 50, 50, 50, 50, 50, 50, 50, 50, 50, 50, 50, 50, 50, 50, 50, 50, 50, 50, 50, 50, 50, 50, 50, 50, 50, 50, 50, 50]

Generation 0
Average: 0.8711 Best: 0.8860
Best Individual: 
C0 5|1|21|3|4|28|6|7|20|17|10|12|25|31|14|2|30|9|29|19|8|13|15|23|24|11|26|27|18|0|16|33|32|22|
Overall Best: 0.8860 Generation: 0
length: 34.0
feature_occurency: [50, 50, 50, 50, 50, 50, 50, 50, 50, 50, 50, 50, 50, 50, 50, 50, 50, 50, 50, 50, 50, 50, 50, 50, 50, 50, 50, 50, 50, 50, 50, 50, 50, 50]

Generation 1
Average: 0.8719 Best: 0.8946
Best Individual: 
C0 29|1|31|3|22|16|32|6|2|13|23|15|28|5|0|12|9|11|4|19|33|8|14|21|24|17|26|27|25|18|10|30|7|20|
Overall Best: 0.8946 Generation: 1
length: 34.0
feature_occurency: [50, 50, 50, 50, 50, 50, 50, 50, 50, 50, 50, 50, 50, 50, 50, 50, 50, 50, 50, 50, 50, 50, 50, 50, 50, 50, 50, 50, 50, 50, 50, 50, 50, 50]

Generation 2
Average: 0.8721 Best: 0.8946
Best Individual: 
C0 33|1|31|3|22|17|24|6|2|13|12|21|28|5|0|23|9|11|4|19|29|8|14|26|32|16|15|27|25|18|10|30|7|20|
Overall Best: 0.8946 Generation: 1
length: 34.0
feature_occurency: [50, 50, 50, 50, 50, 50, 50, 50, 50, 50, 50, 50, 50, 50, 50, 50, 50, 50, 50, 50, 50, 50, 50, 50, 50, 50, 50, 50, 50, 50, 50, 50, 50, 50]

Generation 3
Average: 0.8728 Best: 0.8889
Best Individual: 
C0 30|32|18|19|22|14|1|10|8|6|23|9|12|15|5|33|31|2|0|11|29|17|13|28|4|3|26|27|25|21|20|24|16|7|
Overall Best: 0.8946 Generation: 1
length: 34.0
feature_occurency: [50, 50, 50, 50, 50, 50, 50, 50, 50, 50, 50, 50, 50, 50, 50, 50, 50, 50, 50, 50, 50, 50, 50, 50, 50, 50, 50, 50, 50, 50, 50, 50, 50, 50]

Generation 4
Average: 0.8728 Best: 0.8889
Best Individual: 
C0 0|32|25|19|22|14|17|18|8|6|23|30|12|15|5|33|31|11|9|2|29|1|13|4|28|3|26|27|10|21|20|24|16|7|
Overall Best: 0.8946 Generation: 1
length: 34.0
feature_occurency: [50, 50, 50, 50, 50, 50, 50, 50, 50, 50, 50, 50, 50, 50, 50, 50, 50, 50, 50, 50, 50, 50, 50, 50, 50, 50, 50, 50, 50, 50, 50, 50, 50, 50]

Generation 5
Average: 0.8760 Best: 0.8889
Best Individual: 
C0 0|8|33|4|12|2|19|16|20|30|9|28|11|17|27|15|5|3|1|10|7|23|22|31|13|6|26|14|18|29|24|21|25|32|
Overall Best: 0.8946 Generation: 1
length: 34.0
feature_occurency: [50, 50, 50, 50, 50, 50, 50, 50, 50, 50, 50, 50, 50, 50, 50, 50, 50, 50, 50, 50, 50, 50, 50, 50, 50, 50, 50, 50, 50, 50, 50, 50, 50, 50]

Generation 6
Average: 0.8758 Best: 0.8917
Best Individual: 
C0 32|21|30|0|27|9|33|25|8|26|13|3|14|15|12|11|17|29|19|23|6|5|31|18|24|2|28|1|10|4|20|22|16|7|
Overall Best: 0.8946 Generation: 1
length: 34.0
feature_occurency: [50, 50, 50, 50, 50, 50, 50, 50, 50, 50, 50, 50, 50, 50, 50, 50, 50, 50, 50, 50, 50, 50, 50, 50, 50, 50, 50, 50, 50, 50, 50, 50, 50, 50]

Generation 7
Average: 0.8773 Best: 0.8917
Best Individual: 
C0 33|25|8|17|18|11|24|4|30|13|27|29|12|22|26|31|23|28|0|5|19|3|14|2|20|7|32|6|1|15|10|21|16|9|
Overall Best: 0.8946 Generation: 1
length: 34.0
feature_occurency: [50, 50, 50, 50, 50, 50, 50, 50, 50, 50, 50, 50, 50, 50, 50, 50, 50, 50, 50, 50, 50, 50, 50, 50, 50, 50, 50, 50, 50, 50, 50, 50, 50, 50]

Generation 8
Average: 0.8779 Best: 0.9003
Best Individual: 
C0 19|21|17|20|18|31|30|3|14|15|29|8|4|0|27|5|24|11|9|2|23|1|13|12|22|26|6|28|25|33|32|16|7|10|
Overall Best: 0.9003 Generation: 8
length: 34.0
feature_occurency: [50, 50, 50, 50, 50, 50, 50, 50, 50, 50, 50, 50, 50, 50, 50, 50, 50, 50, 50, 50, 50, 50, 50, 50, 50, 50, 50, 50, 50, 50, 50, 50, 50, 50]

Generation 9
Average: 0.8784 Best: 0.8974
Best Individual: 
C0 18|21|17|20|30|22|14|25|32|3|29|8|4|0|27|5|24|11|9|2|23|1|13|12|15|26|6|28|31|33|19|16|7|10|
Overall Best: 0.9003 Generation: 8
length: 34.0
feature_occurency: [50, 50, 50, 50, 50, 50, 50, 50, 50, 50, 50, 50, 50, 50, 50, 50, 50, 50, 50, 50, 50, 50, 50, 50, 50, 50, 50, 50, 50, 50, 50, 50, 50, 50]

Generation 10
Average: 0.8794 Best: 0.8946
Best Individual: 
C0 5|30|28|6|23|18|25|27|29|4|26|12|7|24|10|20|14|15|11|13|31|1|3|9|21|19|17|33|32|8|0|22|16|2|
Overall Best: 0.9003 Generation: 8
length: 34.0
feature_occurency: [50, 50, 50, 50, 50, 50, 50, 50, 50, 50, 50, 50, 50, 50, 50, 50, 50, 50, 50, 50, 50, 50, 50, 50, 50, 50, 50, 50, 50, 50, 50, 50, 50, 50]

Generation 11
Average: 0.8791 Best: 0.8974
Best Individual: 
C0 14|20|10|6|8|25|32|24|28|12|27|26|1|31|30|21|23|19|18|33|4|15|13|11|17|2|9|5|29|3|7|22|16|0|
Overall Best: 0.9003 Generation: 8
length: 34.0
feature_occurency: [50, 50, 50, 50, 50, 50, 50, 50, 50, 50, 50, 50, 50, 50, 50, 50, 50, 50, 50, 50, 50, 50, 50, 50, 50, 50, 50, 50, 50, 50, 50, 50, 50, 50]

Generation 12
Average: 0.8781 Best: 0.8917
Best Individual: 
C0 33|27|13|21|18|11|32|22|30|6|29|2|4|12|20|19|10|28|15|0|31|3|14|8|26|23|24|7|1|5|17|25|16|9|
Overall Best: 0.9003 Generation: 8
length: 34.0
feature_occurency: [50, 50, 50, 50, 50, 50, 50, 50, 50, 50, 50, 50, 50, 50, 50, 50, 50, 50, 50, 50, 50, 50, 50, 50, 50, 50, 50, 50, 50, 50, 50, 50, 50, 50]

Generation 13
Average: 0.8769 Best: 0.8917
Best Individual: 
C0 9|17|29|30|20|7|19|33|2|13|27|11|12|14|32|3|1|28|0|4|23|31|18|16|22|26|6|5|25|10|8|21|15|24|
Overall Best: 0.9003 Generation: 8
length: 34.0
feature_occurency: [50, 50, 50, 50, 50, 50, 50, 50, 50, 50, 50, 50, 50, 50, 50, 50, 50, 50, 50, 50, 50, 50, 50, 50, 50, 50, 50, 50, 50, 50, 50, 50, 50, 50]

Generation 14
Average: 0.8781 Best: 0.8974
Best Individual: 
C0 18|8|31|21|9|17|30|3|12|4|29|22|1|33|20|14|0|11|19|2|23|27|32|16|13|26|6|5|25|28|10|15|7|24|
Overall Best: 0.9003 Generation: 8
length: 34.0
feature_occurency: [50, 50, 50, 50, 50, 50, 50, 50, 50, 50, 50, 50, 50, 50, 50, 50, 50, 50, 50, 50, 50, 50, 50, 50, 50, 50, 50, 50, 50, 50, 50, 50, 50, 50]

Generation 15
Average: 0.8765 Best: 0.8917
Best Individual: 
C0 22|29|17|9|7|24|11|20|4|32|21|2|27|12|18|19|26|28|25|5|31|3|14|13|10|23|33|6|0|1|8|15|16|30|
Overall Best: 0.9003 Generation: 8
length: 34.0
feature_occurency: [50, 50, 50, 50, 50, 50, 50, 50, 50, 50, 50, 50, 50, 50, 50, 50, 50, 50, 50, 50, 50, 50, 50, 50, 50, 50, 50, 50, 50, 50, 50, 50, 50, 50]

Generation 16
Average: 0.8775 Best: 0.8917
Best Individual: 
C0 27|3|23|18|29|0|11|4|12|33|14|13|2|19|7|9|28|17|25|31|21|20|6|22|26|15|24|8|1|5|32|30|16|10|
Overall Best: 0.9003 Generation: 8
length: 34.0
feature_occurency: [50, 50, 50, 50, 50, 50, 50, 50, 50, 50, 50, 50, 50, 50, 50, 50, 50, 50, 50, 50, 50, 50, 50, 50, 50, 50, 50, 50, 50, 50, 50, 50, 50, 50]

Generation 17
Average: 0.8774 Best: 0.8946
Best Individual: 
C0 18|26|21|3|14|0|1|4|27|12|13|24|32|19|15|33|31|9|23|5|20|30|11|8|6|10|29|22|25|2|28|17|16|7|
Overall Best: 0.9003 Generation: 8
length: 34.0
feature_occurency: [50, 50, 50, 50, 50, 50, 50, 50, 50, 50, 50, 50, 50, 50, 50, 50, 50, 50, 50, 50, 50, 50, 50, 50, 50, 50, 50, 50, 50, 50, 50, 50, 50, 50]

Generation 18
Average: 0.8771 Best: 0.8974
Best Individual: 
C0 22|19|17|9|5|1|29|24|25|32|21|18|27|12|28|23|26|4|14|33|31|3|7|30|15|11|2|0|6|20|8|10|13|16|
Overall Best: 0.9003 Generation: 8
length: 34.0
feature_occurency: [50, 50, 50, 50, 50, 50, 50, 50, 50, 50, 50, 50, 50, 50, 50, 50, 50, 50, 50, 50, 50, 50, 50, 50, 50, 50, 50, 50, 50, 50, 50, 50, 50, 50]

Generation 19
Average: 0.8768 Best: 0.8917
Best Individual: 
C0 0|17|11|22|20|26|12|30|27|14|8|28|21|1|25|18|31|9|23|5|2|3|6|16|32|15|19|29|4|13|10|24|7|33|
Overall Best: 0.9003 Generation: 8
length: 34.0
feature_occurency: [50, 50, 50, 50, 50, 50, 50, 50, 50, 50, 50, 50, 50, 50, 50, 50, 50, 50, 50, 50, 50, 50, 50, 50, 50, 50, 50, 50, 50, 50, 50, 50, 50, 50]

Generation 20
Average: 0.8754 Best: 0.8917
Best Individual: 
C0 20|30|26|22|0|11|12|17|5|23|8|28|21|1|25|18|31|9|14|27|2|3|6|16|32|15|19|29|4|13|10|24|7|33|
Overall Best: 0.9003 Generation: 8
length: 34.0
feature_occurency: [50, 50, 50, 50, 50, 50, 50, 50, 50, 50, 50, 50, 50, 50, 50, 50, 50, 50, 50, 50, 50, 50, 50, 50, 50, 50, 50, 50, 50, 50, 50, 50, 50, 50]

Generation 21
Average: 0.8757 Best: 0.8946
Best Individual: 
C0 5|31|1|15|10|23|11|3|2|26|27|17|4|14|21|12|20|28|0|18|30|7|22|33|24|29|8|19|25|13|32|6|9|16|
Overall Best: 0.9003 Generation: 8
length: 34.0
feature_occurency: [50, 50, 50, 50, 50, 50, 50, 50, 50, 50, 50, 50, 50, 50, 50, 50, 50, 50, 50, 50, 50, 50, 50, 50, 50, 50, 50, 50, 50, 50, 50, 50, 50, 50]

Generation 22
Average: 0.8770 Best: 0.8946
Best Individual: 
C0 5|31|14|15|10|23|11|3|2|26|27|17|13|1|21|30|20|28|0|18|12|7|22|33|24|29|8|19|25|4|32|6|9|16|
Overall Best: 0.9003 Generation: 8
length: 34.0
feature_occurency: [50, 50, 50, 50, 50, 50, 50, 50, 50, 50, 50, 50, 50, 50, 50, 50, 50, 50, 50, 50, 50, 50, 50, 50, 50, 50, 50, 50, 50, 50, 50, 50, 50, 50]

Generation 23
Average: 0.8780 Best: 0.8974
Best Individual: 
C0 19|3|22|30|7|31|23|26|17|25|15|33|21|12|11|6|20|1|0|24|2|29|14|18|9|27|4|5|32|28|16|13|8|10|
Overall Best: 0.9003 Generation: 8
length: 34.0
feature_occurency: [50, 50, 50, 50, 50, 50, 50, 50, 50, 50, 50, 50, 50, 50, 50, 50, 50, 50, 50, 50, 50, 50, 50, 50, 50, 50, 50, 50, 50, 50, 50, 50, 50, 50]

Generation 24
Average: 0.8777 Best: 0.8974
Best Individual: 
C0 8|22|18|9|20|26|27|28|14|15|3|12|21|1|31|29|11|30|23|5|2|13|6|32|4|0|25|19|17|33|16|7|10|24|
Overall Best: 0.9003 Generation: 8
length: 34.0
feature_occurency: [50, 50, 50, 50, 50, 50, 50, 50, 50, 50, 50, 50, 50, 50, 50, 50, 50, 50, 50, 50, 50, 50, 50, 50, 50, 50, 50, 50, 50, 50, 50, 50, 50, 50]

Generation 25
Average: 0.8773 Best: 0.8974
Best Individual: 
C0 1|22|15|9|20|26|27|11|17|18|8|28|12|3|25|5|21|30|23|14|2|13|6|32|4|0|19|31|29|33|16|7|10|24|
Overall Best: 0.9003 Generation: 8
length: 34.0
feature_occurency: [50, 50, 50, 50, 50, 50, 50, 50, 50, 50, 50, 50, 50, 50, 50, 50, 50, 50, 50, 50, 50, 50, 50, 50, 50, 50, 50, 50, 50, 50, 50, 50, 50, 50]

Generation 26
Average: 0.8779 Best: 0.8974
Best Individual: 
C0 28|31|15|9|20|26|27|25|13|23|19|4|1|32|12|2|0|11|17|21|6|3|30|18|33|16|8|5|22|14|24|7|10|29|
Overall Best: 0.9003 Generation: 8
length: 34.0
feature_occurency: [50, 50, 50, 50, 50, 50, 50, 50, 50, 50, 50, 50, 50, 50, 50, 50, 50, 50, 50, 50, 50, 50, 50, 50, 50, 50, 50, 50, 50, 50, 50, 50, 50, 50]

Generation 27
Average: 0.8804 Best: 0.9060
Best Individual: 
C0 9|8|14|22|17|1|0|5|27|21|3|2|26|20|18|12|15|25|23|11|24|13|6|32|4|30|19|31|29|33|16|7|10|28|
Overall Best: 0.9060 Generation: 27
length: 34.0
feature_occurency: [50, 50, 50, 50, 50, 50, 50, 50, 50, 50, 50, 50, 50, 50, 50, 50, 50, 50, 50, 50, 50, 50, 50, 50, 50, 50, 50, 50, 50, 50, 50, 50, 50, 50]

Generation 28
Average: 0.8794 Best: 0.9060
Best Individual: 
C0 9|23|14|22|19|1|0|5|27|21|3|2|26|20|18|12|15|25|8|11|24|13|6|32|4|30|17|31|29|33|16|7|10|28|
Overall Best: 0.9060 Generation: 27
length: 34.0
feature_occurency: [50, 50, 50, 50, 50, 50, 50, 50, 50, 50, 50, 50, 50, 50, 50, 50, 50, 50, 50, 50, 50, 50, 50, 50, 50, 50, 50, 50, 50, 50, 50, 50, 50, 50]

Generation 29
Average: 0.8773 Best: 0.8946
Best Individual: 
C0 28|11|0|1|18|24|13|30|12|8|3|32|7|15|23|17|29|9|16|26|27|31|2|6|14|5|20|19|4|33|25|22|21|10|
Overall Best: 0.9060 Generation: 27
length: 34.0
feature_occurency: [50, 50, 50, 50, 50, 50, 50, 50, 50, 50, 50, 50, 50, 50, 50, 50, 50, 50, 50, 50, 50, 50, 50, 50, 50, 50, 50, 50, 50, 50, 50, 50, 50, 50]

Generation 30
Average: 0.8767 Best: 0.8974
Best Individual: 
C0 18|12|0|1|25|24|13|30|23|20|3|32|7|15|17|11|29|9|16|26|27|31|14|6|21|5|8|19|4|33|28|22|10|2|
Overall Best: 0.9060 Generation: 27
length: 34.0
feature_occurency: [50, 50, 50, 50, 50, 50, 50, 50, 50, 50, 50, 50, 50, 50, 50, 50, 50, 50, 50, 50, 50, 50, 50, 50, 50, 50, 50, 50, 50, 50, 50, 50, 50, 50]

Generation 31
Average: 0.8762 Best: 0.8946
Best Individual: 
C0 28|11|0|16|18|24|13|30|12|8|6|1|4|20|3|33|19|26|23|25|27|31|2|32|17|5|15|29|7|14|9|22|21|10|
Overall Best: 0.9060 Generation: 27
length: 34.0
feature_occurency: [50, 50, 50, 50, 50, 50, 50, 50, 50, 50, 50, 50, 50, 50, 50, 50, 50, 50, 50, 50, 50, 50, 50, 50, 50, 50, 50, 50, 50, 50, 50, 50, 50, 50]

Generation 32
Average: 0.8781 Best: 0.8974
Best Individual: 
C0 10|20|27|4|0|6|14|26|9|31|18|15|29|32|8|19|21|2|23|1|5|13|28|33|12|24|11|22|25|3|7|30|16|17|
Overall Best: 0.9060 Generation: 27
length: 34.0
feature_occurency: [50, 50, 50, 50, 50, 50, 50, 50, 50, 50, 50, 50, 50, 50, 50, 50, 50, 50, 50, 50, 50, 50, 50, 50, 50, 50, 50, 50, 50, 50, 50, 50, 50, 50]

Generation 33
Average: 0.8787 Best: 0.8946
Best Individual: 
C0 28|16|0|7|18|24|14|30|31|8|6|4|1|3|11|33|19|26|20|25|27|12|2|32|17|5|15|29|23|13|9|22|21|10|
Overall Best: 0.9060 Generation: 27
length: 34.0
feature_occurency: [50, 50, 50, 50, 50, 50, 50, 50, 50, 50, 50, 50, 50, 50, 50, 50, 50, 50, 50, 50, 50, 50, 50, 50, 50, 50, 50, 50, 50, 50, 50, 50, 50, 50]

Generation 34
Average: 0.8770 Best: 0.8946
Best Individual: 
C0 26|13|4|20|15|21|17|8|6|29|11|23|0|5|14|22|27|24|16|30|2|28|18|32|12|19|3|1|25|31|7|10|33|9|
Overall Best: 0.9060 Generation: 27
length: 34.0
feature_occurency: [50, 50, 50, 50, 50, 50, 50, 50, 50, 50, 50, 50, 50, 50, 50, 50, 50, 50, 50, 50, 50, 50, 50, 50, 50, 50, 50, 50, 50, 50, 50, 50, 50, 50]

Generation 35
Average: 0.8773 Best: 0.8946
Best Individual: 
C0 26|13|4|20|15|21|17|30|6|29|11|23|0|5|22|14|27|24|16|8|2|28|18|32|12|19|3|1|25|31|7|9|33|10|
Overall Best: 0.9060 Generation: 27
length: 34.0
feature_occurency: [50, 50, 50, 50, 50, 50, 50, 50, 50, 50, 50, 50, 50, 50, 50, 50, 50, 50, 50, 50, 50, 50, 50, 50, 50, 50, 50, 50, 50, 50, 50, 50, 50, 50]

Generation 36
Average: 0.8801 Best: 0.8946
Best Individual: 
C0 26|13|4|20|15|21|29|14|6|18|11|23|2|5|22|30|27|24|16|32|0|28|17|8|12|19|1|3|25|31|7|9|33|10|
Overall Best: 0.9060 Generation: 27
length: 34.0
feature_occurency: [50, 50, 50, 50, 50, 50, 50, 50, 50, 50, 50, 50, 50, 50, 50, 50, 50, 50, 50, 50, 50, 50, 50, 50, 50, 50, 50, 50, 50, 50, 50, 50, 50, 50]

Generation 37
Average: 0.8795 Best: 0.8917
Best Individual: 
C0 28|16|17|33|5|20|14|22|13|8|15|31|2|4|3|11|27|18|21|26|23|6|1|30|0|32|12|24|25|9|29|7|10|19|
Overall Best: 0.9060 Generation: 27
length: 34.0
feature_occurency: [50, 50, 50, 50, 50, 50, 50, 50, 50, 50, 50, 50, 50, 50, 50, 50, 50, 50, 50, 50, 50, 50, 50, 50, 50, 50, 50, 50, 50, 50, 50, 50, 50, 50]

Generation 38
Average: 0.8778 Best: 0.8974
Best Individual: 
C0 2|25|1|31|13|17|11|21|28|5|19|23|29|22|20|18|8|27|9|12|26|0|30|33|4|15|14|16|6|32|7|10|3|24|
Overall Best: 0.9060 Generation: 27
length: 34.0
feature_occurency: [50, 50, 50, 50, 50, 50, 50, 50, 50, 50, 50, 50, 50, 50, 50, 50, 50, 50, 50, 50, 50, 50, 50, 50, 50, 50, 50, 50, 50, 50, 50, 50, 50, 50]

Generation 39
Average: 0.8774 Best: 0.8974
Best Individual: 
C0 18|25|14|32|3|17|11|21|1|26|19|4|15|22|30|20|8|6|9|23|5|27|2|33|12|29|28|13|0|31|10|7|16|24|
Overall Best: 0.9060 Generation: 27
length: 34.0
feature_occurency: [50, 50, 50, 50, 50, 50, 50, 50, 50, 50, 50, 50, 50, 50, 50, 50, 50, 50, 50, 50, 50, 50, 50, 50, 50, 50, 50, 50, 50, 50, 50, 50, 50, 50]

Generation 40
Average: 0.8760 Best: 0.8974
Best Individual: 
C0 33|23|26|2|15|13|11|8|3|1|4|6|18|19|20|21|27|31|16|28|0|17|12|32|5|22|24|29|25|14|30|10|7|9|
Overall Best: 0.9060 Generation: 27
length: 34.0
feature_occurency: [50, 50, 50, 50, 50, 50, 50, 50, 50, 50, 50, 50, 50, 50, 50, 50, 50, 50, 50, 50, 50, 50, 50, 50, 50, 50, 50, 50, 50, 50, 50, 50, 50, 50]

Generation 41
Average: 0.8767 Best: 0.8946
Best Individual: 
C0 28|16|17|33|5|14|27|1|15|8|4|7|3|13|9|6|20|18|19|26|24|11|29|30|0|23|31|32|10|12|22|2|25|21|
Overall Best: 0.9060 Generation: 27
length: 34.0
feature_occurency: [50, 50, 50, 50, 50, 50, 50, 50, 50, 50, 50, 50, 50, 50, 50, 50, 50, 50, 50, 50, 50, 50, 50, 50, 50, 50, 50, 50, 50, 50, 50, 50, 50, 50]

Generation 42
Average: 0.8798 Best: 0.9003
Best Individual: 
C0 22|0|33|28|2|3|14|13|19|11|6|10|21|8|4|15|18|27|1|23|5|20|30|32|12|29|9|26|25|31|24|7|17|16|
Overall Best: 0.9060 Generation: 27
length: 34.0
feature_occurency: [50, 50, 50, 50, 50, 50, 50, 50, 50, 50, 50, 50, 50, 50, 50, 50, 50, 50, 50, 50, 50, 50, 50, 50, 50, 50, 50, 50, 50, 50, 50, 50, 50, 50]

Generation 43
Average: 0.8784 Best: 0.9003
Best Individual: 
C0 22|15|33|28|4|3|14|13|32|10|8|6|5|18|23|0|30|20|9|12|2|29|25|19|26|27|1|11|21|31|24|7|17|16|
Overall Best: 0.9060 Generation: 27
length: 34.0
feature_occurency: [50, 50, 50, 50, 50, 50, 50, 50, 50, 50, 50, 50, 50, 50, 50, 50, 50, 50, 50, 50, 50, 50, 50, 50, 50, 50, 50, 50, 50, 50, 50, 50, 50, 50]

Generation 44
Average: 0.8769 Best: 0.8917
Best Individual: 
C0 13|25|4|29|9|12|26|33|28|27|32|5|11|17|20|6|30|14|31|21|15|1|19|23|22|8|0|18|24|16|7|3|10|2|
Overall Best: 0.9060 Generation: 27
length: 34.0
feature_occurency: [50, 50, 50, 50, 50, 50, 50, 50, 50, 50, 50, 50, 50, 50, 50, 50, 50, 50, 50, 50, 50, 50, 50, 50, 50, 50, 50, 50, 50, 50, 50, 50, 50, 50]

Generation 45
Average: 0.8760 Best: 0.8917
Best Individual: 
C0 31|30|1|9|12|27|14|22|25|29|26|2|18|8|4|17|13|11|23|16|5|19|24|0|15|32|21|33|6|20|28|10|3|7|
Overall Best: 0.9060 Generation: 27
length: 34.0
feature_occurency: [50, 50, 50, 50, 50, 50, 50, 50, 50, 50, 50, 50, 50, 50, 50, 50, 50, 50, 50, 50, 50, 50, 50, 50, 50, 50, 50, 50, 50, 50, 50, 50, 50, 50]

Generation 46
Average: 0.8788 Best: 0.8917
Best Individual: 
C0 31|8|16|9|12|6|24|22|25|0|19|2|18|30|15|21|13|11|23|1|10|26|14|32|4|29|17|20|27|33|28|5|3|7|
Overall Best: 0.9060 Generation: 27
length: 34.0
feature_occurency: [50, 50, 50, 50, 50, 50, 50, 50, 50, 50, 50, 50, 50, 50, 50, 50, 50, 50, 50, 50, 50, 50, 50, 50, 50, 50, 50, 50, 50, 50, 50, 50, 50, 50]

Generation 47
Average: 0.8797 Best: 0.8946
Best Individual: 
C0 23|28|27|15|12|2|18|10|21|9|5|31|4|3|24|26|32|29|22|19|13|6|8|0|20|1|33|17|25|11|7|16|14|30|
Overall Best: 0.9060 Generation: 27
length: 34.0
feature_occurency: [50, 50, 50, 50, 50, 50, 50, 50, 50, 50, 50, 50, 50, 50, 50, 50, 50, 50, 50, 50, 50, 50, 50, 50, 50, 50, 50, 50, 50, 50, 50, 50, 50, 50]

Generation 48
Average: 0.8810 Best: 0.8946
Best Individual: 
C0 23|28|19|15|12|2|21|10|18|9|5|31|4|3|24|26|32|29|22|27|13|6|8|0|20|1|33|17|25|11|7|16|14|30|
Overall Best: 0.9060 Generation: 27
length: 34.0
feature_occurency: [50, 50, 50, 50, 50, 50, 50, 50, 50, 50, 50, 50, 50, 50, 50, 50, 50, 50, 50, 50, 50, 50, 50, 50, 50, 50, 50, 50, 50, 50, 50, 50, 50, 50]

Generation 49
Average: 0.8801 Best: 0.8946
Best Individual: 
C0 15|3|33|18|24|21|12|13|9|2|8|29|28|4|10|20|23|32|22|31|27|7|26|11|5|19|1|6|25|14|16|17|30|0|
Overall Best: 0.9060 Generation: 27
==================
    Best individual after 50 generations
    computed in 137.8260 seconds
    318 elements out of 351 correct.
    emerged in generation 27
    with fitness 0.9060
==================

