Starting evolution...
length: 34.0
feature_occurency: [50, 50, 50, 50, 50, 50, 50, 50, 50, 50, 50, 50, 50, 50, 50, 50, 50, 50, 50, 50, 50, 50, 50, 50, 50, 50, 50, 50, 50, 50, 50, 50, 50, 50]

Generation 0
Average: 0.8695 Best: 0.8974
Best Individual: 
C0 23|1|16|29|0|26|6|32|10|9|4|5|12|13|2|14|15|33|24|19|20|21|22|18|8|25|11|27|28|3|7|17|30|31|
Overall Best: 0.8974 Generation: 0
length: 34.0
feature_occurency: [50, 50, 50, 50, 50, 50, 50, 50, 50, 50, 50, 50, 50, 50, 50, 50, 50, 50, 50, 50, 50, 50, 50, 50, 50, 50, 50, 50, 50, 50, 50, 50, 50, 50]

Generation 1
Average: 0.8734 Best: 0.8974
Best Individual: 
C0 0|1|5|2|4|24|6|8|14|33|26|11|12|13|19|15|23|30|17|31|16|25|7|9|28|22|10|18|21|29|27|20|32|3|
Overall Best: 0.8974 Generation: 0
length: 34.0
feature_occurency: [50, 50, 50, 50, 50, 50, 50, 50, 50, 50, 50, 50, 50, 50, 50, 50, 50, 50, 50, 50, 50, 50, 50, 50, 50, 50, 50, 50, 50, 50, 50, 50, 50, 50]

Generation 2
Average: 0.8766 Best: 0.8974
Best Individual: 
C0 22|26|0|3|4|5|30|10|33|1|7|31|12|23|2|14|6|16|24|19|20|21|13|18|8|25|11|27|28|9|15|17|32|29|
Overall Best: 0.8974 Generation: 0
length: 34.0
feature_occurency: [50, 50, 50, 50, 50, 50, 50, 50, 50, 50, 50, 50, 50, 50, 50, 50, 50, 50, 50, 50, 50, 50, 50, 50, 50, 50, 50, 50, 50, 50, 50, 50, 50, 50]

Generation 3
Average: 0.8741 Best: 0.8974
Best Individual: 
C0 0|30|18|15|25|26|23|22|5|14|3|2|20|13|4|11|16|12|1|27|10|9|6|17|24|32|28|7|19|29|8|31|21|33|
Overall Best: 0.8974 Generation: 0
length: 34.0
feature_occurency: [50, 50, 50, 50, 50, 50, 50, 50, 50, 50, 50, 50, 50, 50, 50, 50, 50, 50, 50, 50, 50, 50, 50, 50, 50, 50, 50, 50, 50, 50, 50, 50, 50, 50]

Generation 4
Average: 0.8767 Best: 0.8974
Best Individual: 
C0 0|2|18|15|25|26|23|22|5|14|3|30|20|13|4|11|16|12|1|27|10|9|6|17|24|32|28|7|19|29|8|31|21|33|
Overall Best: 0.8974 Generation: 0
length: 34.0
feature_occurency: [50, 50, 50, 50, 50, 50, 50, 50, 50, 50, 50, 50, 50, 50, 50, 50, 50, 50, 50, 50, 50, 50, 50, 50, 50, 50, 50, 50, 50, 50, 50, 50, 50, 50]

Generation 5
Average: 0.8769 Best: 0.9003
Best Individual: 
C0 4|14|16|2|27|24|5|8|30|33|26|23|12|15|25|13|11|20|1|22|10|9|32|17|7|6|28|3|19|29|0|31|21|18|
Overall Best: 0.9003 Generation: 5
length: 34.0
feature_occurency: [50, 50, 50, 50, 50, 50, 50, 50, 50, 50, 50, 50, 50, 50, 50, 50, 50, 50, 50, 50, 50, 50, 50, 50, 50, 50, 50, 50, 50, 50, 50, 50, 50, 50]

Generation 6
Average: 0.8789 Best: 0.8974
Best Individual: 
C0 15|3|24|29|27|26|23|20|1|33|11|4|25|28|17|31|12|2|18|6|32|21|22|9|16|5|7|13|14|8|30|0|19|10|
Overall Best: 0.9003 Generation: 5
length: 34.0
feature_occurency: [50, 50, 50, 50, 50, 50, 50, 50, 50, 50, 50, 50, 50, 50, 50, 50, 50, 50, 50, 50, 50, 50, 50, 50, 50, 50, 50, 50, 50, 50, 50, 50, 50, 50]

Generation 7
Average: 0.8791 Best: 0.9031
Best Individual: 
C0 0|1|2|32|15|31|24|12|26|9|5|4|8|21|30|29|27|6|17|20|33|23|14|25|28|16|18|13|22|19|10|3|7|11|
Overall Best: 0.9031 Generation: 7
length: 34.0
feature_occurency: [50, 50, 50, 50, 50, 50, 50, 50, 50, 50, 50, 50, 50, 50, 50, 50, 50, 50, 50, 50, 50, 50, 50, 50, 50, 50, 50, 50, 50, 50, 50, 50, 50, 50]

Generation 8
Average: 0.8832 Best: 0.9060
Best Individual: 
C0 15|3|24|29|27|26|23|20|1|33|11|25|4|14|7|31|12|2|18|22|32|21|6|17|16|5|9|28|13|8|30|0|19|10|
Overall Best: 0.9060 Generation: 8
length: 34.0
feature_occurency: [50, 50, 50, 50, 50, 50, 50, 50, 50, 50, 50, 50, 50, 50, 50, 50, 50, 50, 50, 50, 50, 50, 50, 50, 50, 50, 50, 50, 50, 50, 50, 50, 50, 50]

Generation 9
Average: 0.8843 Best: 0.9145
Best Individual: 
C0 26|14|0|23|31|24|28|18|30|1|4|33|29|13|12|2|6|32|5|25|10|3|20|17|7|11|15|9|19|22|16|21|8|27|
Overall Best: 0.9145 Generation: 9
length: 34.0
feature_occurency: [50, 50, 50, 50, 50, 50, 50, 50, 50, 50, 50, 50, 50, 50, 50, 50, 50, 50, 50, 50, 50, 50, 50, 50, 50, 50, 50, 50, 50, 50, 50, 50, 50, 50]

Generation 10
Average: 0.8827 Best: 0.9060
Best Individual: 
C0 26|14|0|23|31|24|28|18|30|1|4|33|29|13|12|2|6|32|5|25|10|8|20|17|7|11|15|9|19|22|16|21|3|27|
Overall Best: 0.9145 Generation: 9
length: 34.0
feature_occurency: [50, 50, 50, 50, 50, 50, 50, 50, 50, 50, 50, 50, 50, 50, 50, 50, 50, 50, 50, 50, 50, 50, 50, 50, 50, 50, 50, 50, 50, 50, 50, 50, 50, 50]

Generation 11
Average: 0.8798 Best: 0.9060
Best Individual: 
C0 26|33|0|23|31|14|28|27|30|19|4|2|29|8|12|24|6|32|5|25|10|3|20|17|7|18|15|9|1|22|16|21|13|11|
Overall Best: 0.9145 Generation: 9
length: 34.0
feature_occurency: [50, 50, 50, 50, 50, 50, 50, 50, 50, 50, 50, 50, 50, 50, 50, 50, 50, 50, 50, 50, 50, 50, 50, 50, 50, 50, 50, 50, 50, 50, 50, 50, 50, 50]

Generation 12
Average: 0.8820 Best: 0.9060
Best Individual: 
C0 0|23|20|14|31|7|32|18|30|1|4|33|29|13|5|9|6|15|12|25|10|8|27|2|24|11|28|17|19|22|16|21|3|26|
Overall Best: 0.9145 Generation: 9
length: 34.0
feature_occurency: [50, 50, 50, 50, 50, 50, 50, 50, 50, 50, 50, 50, 50, 50, 50, 50, 50, 50, 50, 50, 50, 50, 50, 50, 50, 50, 50, 50, 50, 50, 50, 50, 50, 50]

Generation 13
Average: 0.8808 Best: 0.9060
Best Individual: 
C0 9|30|28|17|19|1|18|3|6|32|29|5|14|23|27|11|13|12|0|4|33|21|26|20|25|16|22|15|24|10|31|8|7|2|
Overall Best: 0.9145 Generation: 9
length: 34.0
feature_occurency: [50, 50, 50, 50, 50, 50, 50, 50, 50, 50, 50, 50, 50, 50, 50, 50, 50, 50, 50, 50, 50, 50, 50, 50, 50, 50, 50, 50, 50, 50, 50, 50, 50, 50]

Generation 14
Average: 0.8813 Best: 0.9003
Best Individual: 
C0 19|26|4|23|24|1|17|3|12|33|8|7|6|21|30|29|31|13|10|25|0|27|14|5|11|28|32|15|22|16|18|20|9|2|
Overall Best: 0.9145 Generation: 9
length: 34.0
feature_occurency: [50, 50, 50, 50, 50, 50, 50, 50, 50, 50, 50, 50, 50, 50, 50, 50, 50, 50, 50, 50, 50, 50, 50, 50, 50, 50, 50, 50, 50, 50, 50, 50, 50, 50]

Generation 15
Average: 0.8807 Best: 0.9031
Best Individual: 
C0 19|28|33|17|6|31|29|0|14|32|18|9|12|25|4|8|20|23|7|13|10|24|1|5|11|26|30|15|22|27|16|21|3|2|
Overall Best: 0.9145 Generation: 9
length: 34.0
feature_occurency: [50, 50, 50, 50, 50, 50, 50, 50, 50, 50, 50, 50, 50, 50, 50, 50, 50, 50, 50, 50, 50, 50, 50, 50, 50, 50, 50, 50, 50, 50, 50, 50, 50, 50]

Generation 16
Average: 0.8817 Best: 0.9031
Best Individual: 
C0 24|17|27|26|20|31|15|25|28|14|13|4|11|29|6|7|18|33|5|9|19|23|0|3|10|22|21|1|30|12|2|8|32|16|
Overall Best: 0.9145 Generation: 9
length: 34.0
feature_occurency: [50, 50, 50, 50, 50, 50, 50, 50, 50, 50, 50, 50, 50, 50, 50, 50, 50, 50, 50, 50, 50, 50, 50, 50, 50, 50, 50, 50, 50, 50, 50, 50, 50, 50]

Generation 17
Average: 0.8811 Best: 0.9003
Best Individual: 
C0 31|27|14|1|29|33|26|3|11|28|24|17|20|5|10|13|6|12|23|7|2|4|25|30|21|32|0|15|22|18|16|8|19|9|
Overall Best: 0.9145 Generation: 9
length: 34.0
feature_occurency: [50, 50, 50, 50, 50, 50, 50, 50, 50, 50, 50, 50, 50, 50, 50, 50, 50, 50, 50, 50, 50, 50, 50, 50, 50, 50, 50, 50, 50, 50, 50, 50, 50, 50]

Generation 18
Average: 0.8833 Best: 0.9060
Best Individual: 
C0 20|13|14|4|15|1|27|30|32|8|6|2|31|11|10|26|24|12|23|7|19|33|25|3|21|29|0|17|22|18|16|28|5|9|
Overall Best: 0.9145 Generation: 9
length: 34.0
feature_occurency: [50, 50, 50, 50, 50, 50, 50, 50, 50, 50, 50, 50, 50, 50, 50, 50, 50, 50, 50, 50, 50, 50, 50, 50, 50, 50, 50, 50, 50, 50, 50, 50, 50, 50]

Generation 19
Average: 0.8814 Best: 0.9060
Best Individual: 
C0 20|24|14|4|17|28|29|30|1|32|27|12|10|23|13|26|31|6|11|7|19|33|25|3|21|15|0|2|22|18|16|8|5|9|
Overall Best: 0.9145 Generation: 9
length: 34.0
feature_occurency: [50, 50, 50, 50, 50, 50, 50, 50, 50, 50, 50, 50, 50, 50, 50, 50, 50, 50, 50, 50, 50, 50, 50, 50, 50, 50, 50, 50, 50, 50, 50, 50, 50, 50]

Generation 20
Average: 0.8837 Best: 0.9145
Best Individual: 
C0 20|24|14|17|4|0|29|30|1|32|28|12|10|23|13|26|31|6|11|7|19|33|25|3|21|15|27|2|22|18|16|8|5|9|
Overall Best: 0.9145 Generation: 9
length: 34.0
feature_occurency: [50, 50, 50, 50, 50, 50, 50, 50, 50, 50, 50, 50, 50, 50, 50, 50, 50, 50, 50, 50, 50, 50, 50, 50, 50, 50, 50, 50, 50, 50, 50, 50, 50, 50]

Generation 21
Average: 0.8825 Best: 0.9060
Best Individual: 
C0 28|27|8|4|29|33|0|5|11|26|24|14|19|31|12|32|30|23|3|7|20|6|17|25|18|9|13|10|22|21|16|1|2|15|
Overall Best: 0.9145 Generation: 9
length: 34.0
feature_occurency: [50, 50, 50, 50, 50, 50, 50, 50, 50, 50, 50, 50, 50, 50, 50, 50, 50, 50, 50, 50, 50, 50, 50, 50, 50, 50, 50, 50, 50, 50, 50, 50, 50, 50]

Generation 22
Average: 0.8806 Best: 0.9031
Best Individual: 
C0 31|6|14|29|10|33|26|12|11|13|23|17|32|5|4|21|27|0|20|8|24|30|19|28|1|2|25|22|15|18|16|7|3|9|
Overall Best: 0.9145 Generation: 9
length: 34.0
feature_occurency: [50, 50, 50, 50, 50, 50, 50, 50, 50, 50, 50, 50, 50, 50, 50, 50, 50, 50, 50, 50, 50, 50, 50, 50, 50, 50, 50, 50, 50, 50, 50, 50, 50, 50]

Generation 23
Average: 0.8799 Best: 0.9060
Best Individual: 
C0 23|1|8|12|31|26|25|14|15|13|33|11|22|5|4|17|24|29|9|27|30|0|28|18|6|3|21|16|19|20|2|7|32|10|
Overall Best: 0.9145 Generation: 9
length: 34.0
feature_occurency: [50, 50, 50, 50, 50, 50, 50, 50, 50, 50, 50, 50, 50, 50, 50, 50, 50, 50, 50, 50, 50, 50, 50, 50, 50, 50, 50, 50, 50, 50, 50, 50, 50, 50]

Generation 24
Average: 0.8811 Best: 0.9031
Best Individual: 
C0 8|1|13|12|31|26|25|14|15|23|33|4|22|5|24|6|0|29|9|27|30|11|28|2|17|21|3|18|19|20|16|7|32|10|
Overall Best: 0.9145 Generation: 9
length: 34.0
feature_occurency: [50, 50, 50, 50, 50, 50, 50, 50, 50, 50, 50, 50, 50, 50, 50, 50, 50, 50, 50, 50, 50, 50, 50, 50, 50, 50, 50, 50, 50, 50, 50, 50, 50, 50]

Generation 25
Average: 0.8825 Best: 0.9117
Best Individual: 
C0 8|1|21|12|31|26|25|14|15|23|33|4|22|5|24|6|0|29|9|27|30|18|28|2|17|13|3|11|32|20|16|7|19|10|
Overall Best: 0.9145 Generation: 9
length: 34.0
feature_occurency: [50, 50, 50, 50, 50, 50, 50, 50, 50, 50, 50, 50, 50, 50, 50, 50, 50, 50, 50, 50, 50, 50, 50, 50, 50, 50, 50, 50, 50, 50, 50, 50, 50, 50]

Generation 26
Average: 0.8808 Best: 0.9031
Best Individual: 
C0 26|1|20|24|27|11|25|33|5|23|14|29|13|15|17|6|12|4|9|32|28|21|30|16|0|3|7|18|22|19|2|10|8|31|
Overall Best: 0.9145 Generation: 9
length: 34.0
feature_occurency: [50, 50, 50, 50, 50, 50, 50, 50, 50, 50, 50, 50, 50, 50, 50, 50, 50, 50, 50, 50, 50, 50, 50, 50, 50, 50, 50, 50, 50, 50, 50, 50, 50, 50]

Generation 27
Average: 0.8825 Best: 0.9060
Best Individual: 
C0 17|31|14|0|33|30|6|12|8|19|11|2|28|21|20|22|26|23|29|25|24|4|32|7|18|9|27|5|1|10|16|3|13|15|
Overall Best: 0.9145 Generation: 9
length: 34.0
feature_occurency: [50, 50, 50, 50, 50, 50, 50, 50, 50, 50, 50, 50, 50, 50, 50, 50, 50, 50, 50, 50, 50, 50, 50, 50, 50, 50, 50, 50, 50, 50, 50, 50, 50, 50]

Generation 28
Average: 0.8827 Best: 0.9060
Best Individual: 
C0 17|31|14|32|33|30|0|12|8|19|11|2|28|22|20|21|26|23|29|25|24|4|6|7|13|9|27|5|1|10|16|3|18|15|
Overall Best: 0.9145 Generation: 9
length: 34.0
feature_occurency: [50, 50, 50, 50, 50, 50, 50, 50, 50, 50, 50, 50, 50, 50, 50, 50, 50, 50, 50, 50, 50, 50, 50, 50, 50, 50, 50, 50, 50, 50, 50, 50, 50, 50]

Generation 29
Average: 0.8822 Best: 0.9031
Best Individual: 
C0 22|23|4|0|33|29|6|31|8|11|28|5|27|19|30|24|3|2|12|7|1|14|26|20|18|9|10|15|17|21|16|32|13|25|
Overall Best: 0.9145 Generation: 9
length: 34.0
feature_occurency: [50, 50, 50, 50, 50, 50, 50, 50, 50, 50, 50, 50, 50, 50, 50, 50, 50, 50, 50, 50, 50, 50, 50, 50, 50, 50, 50, 50, 50, 50, 50, 50, 50, 50]

Generation 30
Average: 0.8835 Best: 0.9088
Best Individual: 
C0 26|32|19|13|30|1|31|21|4|8|28|7|11|15|18|17|5|23|29|14|3|22|33|20|10|9|25|27|16|2|0|12|24|6|
Overall Best: 0.9145 Generation: 9
length: 34.0
feature_occurency: [50, 50, 50, 50, 50, 50, 50, 50, 50, 50, 50, 50, 50, 50, 50, 50, 50, 50, 50, 50, 50, 50, 50, 50, 50, 50, 50, 50, 50, 50, 50, 50, 50, 50]

Generation 31
Average: 0.8812 Best: 0.9088
Best Individual: 
C0 26|32|19|18|30|1|31|21|4|8|28|7|11|15|13|17|5|23|29|14|3|22|33|20|10|9|0|27|16|2|25|12|24|6|
Overall Best: 0.9145 Generation: 9
length: 34.0
feature_occurency: [50, 50, 50, 50, 50, 50, 50, 50, 50, 50, 50, 50, 50, 50, 50, 50, 50, 50, 50, 50, 50, 50, 50, 50, 50, 50, 50, 50, 50, 50, 50, 50, 50, 50]

Generation 32
Average: 0.8817 Best: 0.9174
Best Individual: 
C0 26|22|1|18|30|19|31|21|4|8|28|7|11|15|13|27|5|23|29|14|25|32|33|20|10|9|0|17|16|2|3|12|24|6|
Overall Best: 0.9174 Generation: 32
length: 34.0
feature_occurency: [50, 50, 50, 50, 50, 50, 50, 50, 50, 50, 50, 50, 50, 50, 50, 50, 50, 50, 50, 50, 50, 50, 50, 50, 50, 50, 50, 50, 50, 50, 50, 50, 50, 50]

Generation 33
Average: 0.8819 Best: 0.9031
Best Individual: 
C0 29|21|9|4|33|23|0|31|11|12|26|17|27|20|6|7|10|30|24|14|25|15|18|28|22|8|5|32|19|2|3|13|16|1|
Overall Best: 0.9174 Generation: 32
length: 34.0
feature_occurency: [50, 50, 50, 50, 50, 50, 50, 50, 50, 50, 50, 50, 50, 50, 50, 50, 50, 50, 50, 50, 50, 50, 50, 50, 50, 50, 50, 50, 50, 50, 50, 50, 50, 50]

Generation 34
Average: 0.8817 Best: 0.9031
Best Individual: 
C0 33|11|4|31|21|26|25|20|2|23|15|13|7|30|1|27|22|24|19|5|14|6|8|32|29|3|9|18|17|16|12|28|0|10|
Overall Best: 0.9174 Generation: 32
length: 34.0
feature_occurency: [50, 50, 50, 50, 50, 50, 50, 50, 50, 50, 50, 50, 50, 50, 50, 50, 50, 50, 50, 50, 50, 50, 50, 50, 50, 50, 50, 50, 50, 50, 50, 50, 50, 50]

Generation 35
Average: 0.8808 Best: 0.9031
Best Individual: 
C0 32|25|16|31|14|20|26|7|2|29|11|24|22|19|27|6|28|1|23|15|13|3|4|33|9|10|8|17|5|0|30|18|21|12|
Overall Best: 0.9174 Generation: 32
length: 34.0
feature_occurency: [50, 50, 50, 50, 50, 50, 50, 50, 50, 50, 50, 50, 50, 50, 50, 50, 50, 50, 50, 50, 50, 50, 50, 50, 50, 50, 50, 50, 50, 50, 50, 50, 50, 50]

Generation 36
Average: 0.8807 Best: 0.9060
Best Individual: 
C0 33|4|10|20|26|25|14|30|13|12|5|24|9|7|19|0|27|21|1|23|28|6|29|2|3|31|11|18|15|16|8|17|22|32|
Overall Best: 0.9174 Generation: 32
length: 34.0
feature_occurency: [50, 50, 50, 50, 50, 50, 50, 50, 50, 50, 50, 50, 50, 50, 50, 50, 50, 50, 50, 50, 50, 50, 50, 50, 50, 50, 50, 50, 50, 50, 50, 50, 50, 50]

Generation 37
Average: 0.8827 Best: 0.9060
Best Individual: 
C0 33|4|10|1|14|25|26|30|13|12|5|24|0|31|19|9|27|21|20|23|28|6|29|2|3|7|11|18|15|16|8|17|22|32|
Overall Best: 0.9174 Generation: 32
length: 34.0
feature_occurency: [50, 50, 50, 50, 50, 50, 50, 50, 50, 50, 50, 50, 50, 50, 50, 50, 50, 50, 50, 50, 50, 50, 50, 50, 50, 50, 50, 50, 50, 50, 50, 50, 50, 50]

Generation 38
Average: 0.8831 Best: 0.9088
Best Individual: 
C0 5|4|10|20|14|1|26|30|13|12|6|3|0|31|19|9|27|21|25|23|11|33|29|18|24|16|28|2|15|7|8|17|22|32|
Overall Best: 0.9174 Generation: 32
length: 34.0
feature_occurency: [50, 50, 50, 50, 50, 50, 50, 50, 50, 50, 50, 50, 50, 50, 50, 50, 50, 50, 50, 50, 50, 50, 50, 50, 50, 50, 50, 50, 50, 50, 50, 50, 50, 50]

Generation 39
Average: 0.8830 Best: 0.9060
Best Individual: 
C0 15|27|17|2|26|32|33|24|13|3|14|12|5|19|21|6|7|1|4|20|9|11|23|28|22|8|10|30|0|29|25|18|16|31|
Overall Best: 0.9174 Generation: 32
length: 34.0
feature_occurency: [50, 50, 50, 50, 50, 50, 50, 50, 50, 50, 50, 50, 50, 50, 50, 50, 50, 50, 50, 50, 50, 50, 50, 50, 50, 50, 50, 50, 50, 50, 50, 50, 50, 50]

Generation 40
Average: 0.8816 Best: 0.9003
Best Individual: 
C0 22|30|28|27|5|0|32|16|26|14|12|23|17|29|3|6|2|4|19|15|31|33|25|24|13|7|20|1|8|10|11|9|18|21|
Overall Best: 0.9174 Generation: 32
length: 34.0
feature_occurency: [50, 50, 50, 50, 50, 50, 50, 50, 50, 50, 50, 50, 50, 50, 50, 50, 50, 50, 50, 50, 50, 50, 50, 50, 50, 50, 50, 50, 50, 50, 50, 50, 50, 50]

Generation 41
Average: 0.8798 Best: 0.9031
Best Individual: 
C0 13|0|12|31|22|15|26|4|29|1|11|8|33|19|14|32|20|5|27|23|28|6|18|7|9|3|16|30|17|24|25|10|2|21|
Overall Best: 0.9174 Generation: 32
length: 34.0
feature_occurency: [50, 50, 50, 50, 50, 50, 50, 50, 50, 50, 50, 50, 50, 50, 50, 50, 50, 50, 50, 50, 50, 50, 50, 50, 50, 50, 50, 50, 50, 50, 50, 50, 50, 50]

Generation 42
Average: 0.8795 Best: 0.9060
Best Individual: 
C0 13|0|12|31|7|15|26|4|29|1|30|8|23|19|16|32|27|20|25|33|11|14|22|18|28|3|21|9|17|24|5|10|2|6|
Overall Best: 0.9174 Generation: 32
length: 34.0
feature_occurency: [50, 50, 50, 50, 50, 50, 50, 50, 50, 50, 50, 50, 50, 50, 50, 50, 50, 50, 50, 50, 50, 50, 50, 50, 50, 50, 50, 50, 50, 50, 50, 50, 50, 50]

Generation 43
Average: 0.8788 Best: 0.9117
Best Individual: 
C0 1|21|2|24|33|32|31|11|13|12|17|4|14|26|19|15|8|20|27|23|28|6|18|7|9|3|16|30|5|22|0|29|25|10|
Overall Best: 0.9174 Generation: 32
length: 34.0
feature_occurency: [50, 50, 50, 50, 50, 50, 50, 50, 50, 50, 50, 50, 50, 50, 50, 50, 50, 50, 50, 50, 50, 50, 50, 50, 50, 50, 50, 50, 50, 50, 50, 50, 50, 50]

Generation 44
Average: 0.8842 Best: 0.9031
Best Individual: 
C0 7|4|18|30|14|32|15|5|13|2|23|16|26|6|1|0|33|3|28|12|8|27|20|11|17|31|19|9|24|21|25|22|29|10|
Overall Best: 0.9174 Generation: 32
length: 34.0
feature_occurency: [50, 50, 50, 50, 50, 50, 50, 50, 50, 50, 50, 50, 50, 50, 50, 50, 50, 50, 50, 50, 50, 50, 50, 50, 50, 50, 50, 50, 50, 50, 50, 50, 50, 50]

Generation 45
Average: 0.8850 Best: 0.9088
Best Individual: 
C0 3|6|13|9|19|10|26|33|22|4|12|24|5|2|27|11|7|23|14|30|8|32|20|15|17|31|28|16|25|21|18|1|29|0|
Overall Best: 0.9174 Generation: 32
length: 34.0
feature_occurency: [50, 50, 50, 50, 50, 50, 50, 50, 50, 50, 50, 50, 50, 50, 50, 50, 50, 50, 50, 50, 50, 50, 50, 50, 50, 50, 50, 50, 50, 50, 50, 50, 50, 50]

Generation 46
Average: 0.8825 Best: 0.9088
Best Individual: 
C0 8|6|13|9|19|32|26|33|22|4|12|24|5|2|27|3|7|23|14|30|11|10|20|15|17|31|28|16|25|21|18|1|29|0|
Overall Best: 0.9174 Generation: 32
length: 34.0
feature_occurency: [50, 50, 50, 50, 50, 50, 50, 50, 50, 50, 50, 50, 50, 50, 50, 50, 50, 50, 50, 50, 50, 50, 50, 50, 50, 50, 50, 50, 50, 50, 50, 50, 50, 50]

Generation 47
Average: 0.8852 Best: 0.9060
Best Individual: 
C0 32|31|13|21|19|7|11|14|29|6|25|26|5|10|18|12|27|24|17|33|4|8|1|2|28|16|23|30|20|0|9|3|22|15|
Overall Best: 0.9174 Generation: 32
length: 34.0
feature_occurency: [50, 50, 50, 50, 50, 50, 50, 50, 50, 50, 50, 50, 50, 50, 50, 50, 50, 50, 50, 50, 50, 50, 50, 50, 50, 50, 50, 50, 50, 50, 50, 50, 50, 50]

Generation 48
Average: 0.8840 Best: 0.8974
Best Individual: 
C0 28|32|18|4|20|7|19|5|3|27|22|6|21|23|14|1|12|24|26|17|13|11|0|15|30|31|8|16|25|2|10|33|29|9|
Overall Best: 0.9174 Generation: 32
length: 34.0
feature_occurency: [50, 50, 50, 50, 50, 50, 50, 50, 50, 50, 50, 50, 50, 50, 50, 50, 50, 50, 50, 50, 50, 50, 50, 50, 50, 50, 50, 50, 50, 50, 50, 50, 50, 50]

Generation 49
Average: 0.8842 Best: 0.9031
Best Individual: 
C0 17|31|24|21|33|15|32|23|22|11|12|29|5|6|30|13|27|19|10|3|4|18|14|20|26|2|7|28|16|8|9|1|25|0|
Overall Best: 0.9174 Generation: 32
==================
    Best individual after 50 generations
    computed in 126.9370 seconds
    322 elements out of 351 correct.
    emerged in generation 32
    with fitness 0.9174
==================

