Starting evolution...
length: 21.74
feature_occurency: [33, 54, 68, 45, 48, 51, 54, 62, 57, 47, 52, 58, 55, 41, 49, 38, 51, 42, 51, 49, 45, 43, 42, 46, 54, 59, 64, 50, 64, 45, 51, 56, 56, 20]

Generation 0
Average: 0.8756 Best: 0.9145
Best Individual: 
C0 6|6|5|4|26|12|19|17|6|10|0|30|26|18|7|24|4|17|1|32|2|10|5|9|6|24|19|18|32|26|28|18|19|19|
Overall Best: 0.9145 Generation: 0
length: 21.4
feature_occurency: [37, 50, 65, 43, 62, 49, 61, 65, 57, 50, 46, 62, 60, 46, 55, 39, 45, 44, 52, 53, 53, 39, 45, 46, 50, 55, 64, 49, 65, 40, 40, 51, 45, 17]

Generation 1
Average: 0.8785 Best: 0.9117
Best Individual: 
C0 22|6|5|4|26|24|19|17|17|10|0|30|26|4|7|24|4|17|1|31|2|10|5|30|6|24|19|18|32|26|28|18|19|19|
Overall Best: 0.9145 Generation: 0
length: 21.28
feature_occurency: [44, 51, 69, 36, 78, 47, 52, 75, 55, 37, 47, 59, 53, 40, 62, 55, 39, 43, 55, 67, 50, 27, 44, 55, 55, 45, 70, 42, 66, 33, 44, 42, 43, 20]

Generation 2
Average: 0.8807 Best: 0.9060
Best Individual: 
C0 28|23|6|26|18|5|15|14|7|28|7|7|11|16|1|3|10|24|13|1|26|5|11|7|23|27|11|0|16|17|23|2|13|8|
Overall Best: 0.9145 Generation: 0
length: 21.44
feature_occurency: [47, 59, 79, 31, 80, 53, 57, 77, 51, 37, 45, 47, 45, 45, 57, 48, 40, 38, 69, 80, 45, 23, 37, 59, 58, 42, 75, 35, 65, 34, 52, 40, 32, 18]

Generation 3
Average: 0.8859 Best: 0.9088
Best Individual: 
C0 0|11|21|5|5|12|23|7|24|26|15|30|24|8|3|24|4|17|1|31|13|10|5|30|6|14|19|18|18|26|28|18|19|11|
Overall Best: 0.9145 Generation: 0
length: 21.24
feature_occurency: [42, 63, 78, 29, 87, 57, 55, 68, 55, 39, 43, 40, 46, 38, 55, 46, 35, 35, 68, 76, 42, 29, 45, 64, 57, 43, 82, 41, 54, 34, 55, 39, 41, 19]

Generation 4
Average: 0.8879 Best: 0.9202
Best Individual: 
C0 20|14|11|10|17|29|8|23|31|15|14|18|30|26|23|4|11|5|27|1|15|15|24|15|31|3|1|7|12|30|33|26|30|23|
Overall Best: 0.9202 Generation: 4
length: 20.64
feature_occurency: [40, 62, 65, 34, 90, 50, 54, 69, 50, 43, 41, 47, 51, 36, 59, 44, 39, 34, 82, 83, 42, 34, 47, 60, 59, 35, 74, 40, 57, 27, 49, 44, 46, 13]

Generation 5
Average: 0.8868 Best: 0.9174
Best Individual: 
C0 20|14|11|10|17|29|8|23|31|2|14|18|30|26|23|4|11|5|27|1|15|15|24|3|31|3|1|7|12|30|33|26|30|23|
Overall Best: 0.9202 Generation: 4
length: 20.66
feature_occurency: [39, 67, 67, 39, 81, 55, 56, 70, 53, 35, 39, 48, 56, 39, 58, 54, 36, 37, 59, 88, 39, 26, 39, 76, 59, 23, 92, 37, 64, 34, 42, 46, 29, 18]

Generation 6
Average: 0.8912 Best: 0.9174
Best Individual: 
C0 23|7|12|5|32|7|21|0|31|8|19|31|19|7|4|4|11|31|19|3|14|19|11|15|23|18|1|8|12|19|3|6|19|14|
Overall Best: 0.9202 Generation: 4
length: 20.78
feature_occurency: [35, 65, 60, 51, 89, 59, 51, 70, 47, 29, 35, 44, 57, 34, 56, 42, 37, 34, 53, 99, 35, 25, 32, 91, 64, 25, 99, 36, 70, 33, 41, 52, 29, 21]

Generation 7
Average: 0.8939 Best: 0.9231
Best Individual: 
C0 23|7|12|5|32|7|21|0|31|8|19|31|19|7|4|4|11|31|19|3|14|19|11|15|23|18|1|8|12|19|7|6|25|14|
Overall Best: 0.9231 Generation: 7
length: 21.2
feature_occurency: [41, 65, 60, 60, 94, 65, 48, 60, 57, 32, 38, 44, 58, 25, 55, 44, 31, 29, 49, 104, 38, 24, 27, 95, 59, 30, 95, 38, 61, 31, 34, 59, 29, 21]

Generation 8
Average: 0.8961 Best: 0.9231
Best Individual: 
C0 7|31|23|5|18|5|15|23|31|15|14|1|30|6|23|4|11|5|27|17|23|10|5|19|23|19|4|0|5|17|16|1|23|8|
Overall Best: 0.9231 Generation: 7
length: 20.38
feature_occurency: [41, 65, 48, 49, 107, 78, 42, 62, 58, 41, 30, 52, 53, 25, 54, 42, 26, 30, 52, 120, 33, 32, 23, 111, 51, 26, 77, 37, 56, 29, 32, 69, 32, 17]

Generation 9
Average: 0.8966 Best: 0.9259
Best Individual: 
C0 8|20|27|29|2|12|27|31|11|22|19|8|26|4|13|30|1|27|19|32|14|19|2|15|23|18|27|28|14|16|4|26|30|23|
Overall Best: 0.9259 Generation: 9
length: 20.72
feature_occurency: [45, 63, 48, 47, 125, 69, 47, 66, 64, 34, 29, 52, 52, 30, 56, 32, 32, 28, 47, 132, 32, 24, 21, 115, 46, 28, 77, 38, 44, 32, 31, 67, 26, 21]

Generation 10
Average: 0.8982 Best: 0.9288
Best Individual: 
C0 7|31|23|5|18|11|15|23|31|8|19|31|19|7|12|4|11|33|19|3|14|19|11|1|23|19|4|0|10|17|16|1|23|8|
Overall Best: 0.9288 Generation: 10
length: 21.06
feature_occurency: [48, 61, 43, 42, 120, 61, 38, 65, 67, 26, 39, 57, 64, 31, 48, 40, 36, 25, 42, 139, 37, 19, 24, 132, 43, 30, 71, 35, 31, 39, 33, 64, 28, 22]

Generation 11
Average: 0.9009 Best: 0.9288
Best Individual: 
C0 4|6|5|33|26|10|4|8|11|20|0|14|26|4|4|4|29|26|19|22|25|19|11|24|23|13|4|0|7|20|23|30|31|8|
Overall Best: 0.9288 Generation: 10
length: 21.18
feature_occurency: [40, 57, 46, 35, 119, 51, 38, 71, 65, 17, 39, 58, 67, 32, 45, 42, 32, 17, 35, 140, 43, 20, 27, 126, 39, 39, 79, 40, 32, 51, 36, 69, 33, 20]

Generation 12
Average: 0.8985 Best: 0.9202
Best Individual: 
C0 4|6|5|33|26|10|12|2|25|26|0|14|26|4|4|4|29|26|19|32|14|19|2|15|23|19|4|0|7|2|23|30|31|8|
Overall Best: 0.9288 Generation: 10
length: 21.14
feature_occurency: [45, 54, 37, 39, 126, 48, 44, 63, 59, 16, 42, 64, 52, 34, 44, 42, 24, 22, 41, 139, 41, 22, 27, 135, 53, 42, 77, 34, 24, 51, 41, 68, 33, 17]

Generation 13
Average: 0.9000 Best: 0.9231
Best Individual: 
C0 4|6|5|33|26|10|4|8|25|26|0|14|26|4|4|4|29|26|19|32|14|19|24|15|23|11|4|0|7|2|23|30|31|8|
Overall Best: 0.9288 Generation: 10
length: 20.82
feature_occurency: [51, 53, 34, 41, 121, 43, 47, 58, 48, 15, 55, 66, 47, 31, 47, 41, 36, 19, 34, 142, 36, 29, 26, 119, 63, 41, 86, 31, 36, 47, 35, 65, 38, 19]

Generation 14
Average: 0.9005 Best: 0.9316
Best Individual: 
C0 4|6|25|33|26|10|4|0|19|28|19|6|27|23|28|4|29|31|24|3|14|19|27|25|23|18|4|25|12|19|7|15|23|13|
Overall Best: 0.9316 Generation: 14
length: 20.84
feature_occurency: [46, 60, 36, 46, 112, 41, 41, 69, 49, 18, 57, 68, 56, 39, 52, 39, 26, 25, 37, 137, 35, 16, 26, 116, 56, 38, 89, 33, 35, 54, 29, 59, 36, 24]

Generation 15
Average: 0.8986 Best: 0.9345
Best Individual: 
C0 4|6|25|33|26|10|4|0|19|28|19|6|27|23|28|4|12|26|1|18|14|18|27|25|23|18|4|25|12|19|7|4|23|13|
Overall Best: 0.9345 Generation: 15
length: 20.86
feature_occurency: [57, 40, 43, 40, 131, 32, 41, 61, 43, 13, 62, 63, 50, 36, 65, 35, 25, 24, 38, 133, 40, 18, 25, 108, 48, 50, 110, 34, 39, 51, 25, 56, 34, 30]

Generation 16
Average: 0.9003 Best: 0.9259
Best Individual: 
C0 1|32|25|33|26|10|4|0|19|28|19|6|27|23|28|4|12|26|1|18|14|18|27|25|23|18|4|25|12|19|7|4|23|13|
Overall Best: 0.9345 Generation: 15
length: 21.0
feature_occurency: [60, 33, 34, 41, 131, 39, 50, 54, 43, 16, 64, 66, 40, 40, 57, 29, 26, 22, 35, 111, 51, 19, 27, 109, 55, 51, 125, 41, 45, 47, 26, 46, 35, 32]

Generation 17
Average: 0.8997 Best: 0.9202
Best Individual: 
C0 23|10|2|33|6|7|12|2|25|29|0|14|26|32|14|4|11|28|19|23|0|19|11|24|23|14|10|12|26|17|23|1|23|24|
Overall Best: 0.9345 Generation: 15
length: 20.98
feature_occurency: [55, 34, 33, 41, 129, 47, 60, 56, 44, 13, 65, 57, 35, 43, 50, 26, 19, 20, 34, 97, 49, 20, 30, 110, 58, 56, 121, 54, 38, 55, 35, 43, 46, 27]

Generation 18
Average: 0.9001 Best: 0.9316
Best Individual: 
C0 1|32|25|33|26|10|4|19|19|28|19|6|27|23|28|4|12|26|1|18|14|25|27|25|4|18|4|25|4|19|7|32|23|7|
Overall Best: 0.9345 Generation: 15
length: 20.6
feature_occurency: [59, 28, 35, 31, 136, 45, 60, 52, 44, 14, 67, 55, 40, 42, 42, 29, 16, 27, 33, 101, 49, 22, 33, 116, 52, 54, 125, 52, 36, 45, 41, 36, 45, 38]

Generation 19
Average: 0.9005 Best: 0.9288
Best Individual: 
C0 23|10|2|33|6|19|4|0|19|26|0|5|8|23|14|4|9|26|19|23|25|19|18|24|32|19|0|2|12|19|7|4|23|24|
Overall Best: 0.9345 Generation: 15
length: 20.26
feature_occurency: [66, 36, 36, 28, 140, 35, 44, 59, 47, 19, 57, 56, 36, 43, 52, 31, 14, 24, 28, 112, 56, 18, 23, 124, 56, 51, 114, 51, 38, 40, 43, 34, 46, 43]

Generation 20
Average: 0.9014 Best: 0.9145
Best Individual: 
C0 23|10|2|33|6|19|4|0|19|8|0|5|8|23|14|4|9|26|19|23|25|33|18|24|32|19|0|2|12|19|7|4|23|24|
Overall Best: 0.9345 Generation: 15
length: 20.68
feature_occurency: [75, 34, 45, 36, 141, 32, 52, 45, 47, 22, 56, 54, 43, 45, 54, 42, 18, 19, 26, 122, 51, 26, 27, 114, 54, 41, 107, 43, 38, 37, 34, 34, 43, 43]

Generation 21
Average: 0.9032 Best: 0.9288
Best Individual: 
C0 23|10|2|15|6|24|4|0|19|26|0|6|13|26|10|4|7|26|19|32|23|19|27|31|22|19|0|2|12|17|7|4|23|24|
Overall Best: 0.9345 Generation: 15
length: 20.76
feature_occurency: [68, 33, 44, 45, 136, 40, 53, 48, 45, 17, 58, 48, 49, 41, 48, 54, 23, 29, 28, 124, 44, 29, 34, 106, 50, 39, 118, 43, 29, 28, 30, 35, 41, 43]

Generation 22
Average: 0.9006 Best: 0.9316
Best Individual: 
C0 20|7|1|22|26|10|4|0|26|20|0|26|6|8|3|19|11|33|27|22|4|3|22|28|7|2|15|14|26|3|1|30|19|26|
Overall Best: 0.9345 Generation: 15
length: 20.48
feature_occurency: [73, 34, 41, 49, 144, 45, 53, 55, 50, 16, 60, 50, 45, 29, 54, 60, 16, 26, 22, 131, 46, 26, 51, 95, 52, 35, 116, 32, 26, 28, 26, 34, 39, 41]

Generation 23
Average: 0.9038 Best: 0.9316
Best Individual: 
C0 23|10|2|33|6|19|4|0|5|8|0|5|8|23|14|16|9|26|19|23|25|33|14|22|32|19|0|4|12|19|7|4|23|24|
Overall Best: 0.9345 Generation: 15
length: 20.32
feature_occurency: [86, 39, 42, 54, 133, 34, 57, 61, 46, 18, 55, 46, 45, 19, 46, 69, 18, 23, 25, 127, 47, 24, 61, 101, 44, 27, 130, 32, 26, 26, 27, 37, 38, 37]

Generation 24
Average: 0.9035 Best: 0.9288
Best Individual: 
C0 20|7|26|22|26|16|4|0|26|20|14|26|6|8|3|19|3|33|15|22|31|3|11|28|7|2|1|14|26|3|1|30|19|26|
Overall Best: 0.9345 Generation: 15
length: 20.2
feature_occurency: [93, 30, 45, 58, 123, 33, 58, 60, 45, 26, 57, 49, 43, 14, 56, 61, 22, 19, 23, 122, 47, 21, 64, 92, 45, 29, 128, 35, 29, 28, 31, 37, 35, 42]

Generation 25
Average: 0.9019 Best: 0.9316
Best Individual: 
C0 20|7|26|22|26|16|4|0|26|20|14|15|6|8|3|19|3|11|15|22|31|3|11|28|7|2|1|14|26|3|1|30|19|26|
Overall Best: 0.9345 Generation: 15
length: 20.84
feature_occurency: [84, 43, 42, 60, 115, 39, 54, 58, 50, 30, 53, 53, 38, 15, 68, 62, 28, 18, 23, 113, 46, 21, 63, 97, 36, 31, 121, 31, 32, 23, 32, 41, 34, 46]

Generation 26
Average: 0.9015 Best: 0.9345
Best Individual: 
C0 20|32|5|16|26|10|19|4|26|20|30|2|26|12|23|4|11|26|26|0|14|19|15|6|26|14|24|13|19|33|1|30|19|9|
Overall Best: 0.9345 Generation: 15
length: 20.94
feature_occurency: [70, 49, 49, 69, 98, 52, 55, 60, 51, 28, 60, 54, 27, 21, 67, 47, 41, 18, 26, 121, 49, 13, 52, 89, 35, 35, 133, 37, 26, 22, 35, 37, 31, 43]

Generation 27
Average: 0.9007 Best: 0.9231
Best Individual: 
C0 20|6|5|16|26|10|19|4|26|20|30|2|26|12|23|4|11|26|26|0|14|30|15|6|26|14|8|13|19|33|1|30|19|9|
Overall Best: 0.9345 Generation: 15
length: 21.1
feature_occurency: [61, 61, 52, 56, 93, 53, 53, 61, 51, 24, 56, 44, 37, 18, 64, 35, 37, 21, 29, 130, 49, 16, 55, 91, 32, 35, 140, 35, 28, 25, 45, 39, 36, 38]

Generation 28
Average: 0.9021 Best: 0.9202
Best Individual: 
C0 3|10|2|33|6|19|4|0|5|8|0|5|8|23|14|16|9|26|19|23|4|8|7|1|32|19|0|20|12|19|24|22|14|16|
Overall Best: 0.9345 Generation: 15
length: 20.76
feature_occurency: [61, 55, 62, 48, 114, 49, 54, 66, 45, 27, 53, 48, 39, 13, 61, 43, 29, 26, 35, 125, 50, 17, 49, 93, 38, 36, 131, 33, 28, 23, 43, 43, 25, 38]

Generation 29
Average: 0.9015 Best: 0.9202
Best Individual: 
C0 20|6|5|16|23|10|19|4|23|20|30|2|26|12|23|4|30|26|26|15|23|27|5|28|26|14|8|23|29|33|1|30|19|24|
Overall Best: 0.9345 Generation: 15
length: 20.66
feature_occurency: [66, 60, 51, 33, 105, 57, 60, 63, 35, 26, 52, 49, 43, 21, 57, 49, 29, 28, 31, 136, 55, 19, 38, 83, 47, 33, 133, 37, 31, 27, 42, 32, 31, 41]

Generation 30
Average: 0.8987 Best: 0.9288
Best Individual: 
C0 20|32|22|16|23|10|19|4|23|20|30|2|26|12|19|4|30|26|26|15|23|27|5|28|26|14|8|0|19|26|23|27|1|28|
Overall Best: 0.9345 Generation: 15
length: 20.98
feature_occurency: [59, 52, 46, 40, 112, 43, 66, 68, 37, 29, 47, 42, 41, 20, 41, 48, 24, 33, 26, 150, 60, 24, 41, 81, 46, 38, 134, 37, 36, 33, 50, 34, 25, 37]

Generation 31
Average: 0.8981 Best: 0.9231
Best Individual: 
C0 20|7|18|22|26|14|4|18|27|1|6|19|6|1|6|19|3|23|26|22|23|27|5|28|7|2|1|8|26|3|1|30|3|19|
Overall Best: 0.9345 Generation: 15
length: 20.54
feature_occurency: [55, 57, 48, 41, 110, 37, 55, 57, 34, 22, 40, 37, 36, 25, 52, 41, 28, 36, 30, 131, 69, 19, 35, 91, 44, 37, 146, 49, 43, 35, 56, 33, 33, 38]

Generation 32
Average: 0.9010 Best: 0.9231
Best Individual: 
C0 23|14|26|24|9|4|4|0|32|20|19|2|26|12|23|4|16|26|26|23|19|8|14|23|22|23|9|19|26|17|1|24|19|6|
Overall Best: 0.9345 Generation: 15
length: 20.48
feature_occurency: [50, 58, 35, 42, 103, 40, 60, 49, 33, 18, 46, 41, 43, 27, 52, 39, 33, 38, 30, 130, 61, 19, 40, 114, 37, 33, 147, 55, 43, 33, 47, 30, 41, 33]

Generation 33
Average: 0.9007 Best: 0.9259
Best Individual: 
C0 23|14|26|24|9|4|4|0|32|20|19|2|26|12|23|4|16|26|26|23|19|8|14|23|22|23|9|19|16|32|1|24|19|6|
Overall Best: 0.9345 Generation: 15
length: 20.7
feature_occurency: [42, 52, 32, 41, 104, 33, 64, 53, 36, 17, 38, 45, 44, 30, 52, 40, 28, 31, 31, 128, 62, 27, 44, 123, 37, 31, 149, 58, 48, 27, 44, 30, 50, 29]

Generation 34
Average: 0.9013 Best: 0.9231
Best Individual: 
C0 23|3|26|24|9|4|4|0|32|20|19|2|26|12|23|4|7|26|26|23|19|8|14|23|22|23|9|19|29|32|1|24|19|6|
Overall Best: 0.9345 Generation: 15
length: 20.54
feature_occurency: [40, 44, 32, 49, 108, 36, 70, 48, 39, 24, 35, 37, 36, 31, 58, 38, 33, 31, 38, 133, 58, 30, 39, 136, 35, 33, 132, 58, 39, 28, 43, 33, 47, 29]

Generation 35
Average: 0.9014 Best: 0.9259
Best Individual: 
C0 32|33|7|15|26|10|19|4|26|25|14|15|24|19|23|4|21|9|6|25|16|30|23|6|15|14|25|26|19|19|7|4|23|18|
Overall Best: 0.9345 Generation: 15
length: 20.62
feature_occurency: [47, 43, 41, 49, 99, 34, 57, 39, 50, 30, 40, 37, 36, 20, 57, 41, 44, 26, 35, 139, 53, 28, 50, 140, 47, 43, 140, 44, 30, 26, 41, 23, 47, 24]

Generation 36
Average: 0.9015 Best: 0.9288
Best Individual: 
C0 20|7|5|22|25|19|25|0|26|20|24|15|12|0|6|11|27|33|29|20|19|5|27|10|12|4|27|26|19|8|7|27|23|33|
Overall Best: 0.9345 Generation: 15
length: 20.42
feature_occurency: [36, 36, 38, 48, 90, 34, 63, 37, 39, 35, 46, 42, 39, 26, 57, 49, 46, 29, 44, 129, 56, 27, 43, 129, 55, 45, 142, 52, 23, 23, 38, 29, 47, 28]

Generation 37
Average: 0.8993 Best: 0.9202
Best Individual: 
C0 23|31|23|25|26|4|4|18|27|1|6|19|26|15|31|0|3|27|26|22|23|10|20|20|4|19|24|3|26|6|14|24|12|19|
Overall Best: 0.9345 Generation: 15
length: 20.88
feature_occurency: [44, 42, 31, 58, 88, 24, 72, 38, 34, 37, 47, 35, 33, 23, 61, 48, 35, 36, 36, 122, 51, 26, 39, 129, 61, 47, 144, 43, 21, 28, 53, 35, 43, 36]

Generation 38
Average: 0.9005 Best: 0.9202
Best Individual: 
C0 23|10|10|11|26|4|4|0|32|20|19|2|26|7|23|4|11|0|26|26|19|29|14|17|22|8|4|33|29|32|1|24|3|2|
Overall Best: 0.9345 Generation: 15
length: 20.68
feature_occurency: [48, 39, 35, 61, 102, 29, 66, 39, 37, 30, 42, 37, 29, 22, 60, 46, 34, 40, 30, 118, 56, 33, 34, 119, 65, 43, 150, 40, 25, 30, 51, 29, 41, 40]

Generation 39
Average: 0.9032 Best: 0.9259
Best Individual: 
C0 32|33|15|3|16|10|19|4|4|27|28|20|26|5|23|13|10|17|3|0|12|19|14|23|6|23|27|26|13|4|10|10|33|19|
Overall Best: 0.9345 Generation: 15
length: 20.48
feature_occurency: [53, 44, 42, 59, 92, 27, 56, 42, 39, 27, 50, 36, 32, 24, 60, 43, 30, 33, 34, 126, 63, 25, 38, 113, 49, 43, 160, 41, 31, 31, 41, 27, 43, 46]

Generation 40
Average: 0.9028 Best: 0.9259
Best Individual: 
C0 32|33|15|3|16|10|19|4|4|27|28|20|26|5|23|13|10|17|3|0|12|19|14|23|6|23|27|26|13|4|10|10|33|19|
Overall Best: 0.9345 Generation: 15
length: 20.86
feature_occurency: [59, 46, 49, 63, 107, 30, 55, 46, 36, 24, 41, 43, 32, 22, 67, 49, 29, 29, 25, 108, 59, 24, 31, 112, 50, 35, 156, 45, 42, 35, 37, 15, 54, 45]

Generation 41
Average: 0.9023 Best: 0.9231
Best Individual: 
C0 16|32|15|29|23|3|19|24|26|23|6|11|6|1|23|30|1|26|26|0|1|23|16|30|33|20|31|0|19|26|7|3|12|12|
Overall Best: 0.9345 Generation: 15
length: 20.78
feature_occurency: [56, 42, 49, 71, 114, 24, 53, 56, 33, 24, 39, 37, 44, 18, 61, 44, 30, 33, 34, 103, 64, 22, 32, 111, 56, 30, 146, 49, 44, 37, 28, 18, 50, 48]

Generation 42
Average: 0.9022 Best: 0.9231
Best Individual: 
C0 32|33|15|3|16|10|19|4|4|27|28|20|26|23|23|9|3|6|12|0|12|2|14|23|20|23|27|26|13|4|10|10|33|19|
Overall Best: 0.9345 Generation: 15
length: 20.74
feature_occurency: [49, 55, 50, 67, 114, 28, 40, 65, 43, 28, 42, 39, 39, 26, 63, 44, 32, 30, 33, 99, 61, 29, 34, 108, 58, 24, 137, 47, 40, 39, 36, 18, 39, 44]

Generation 43
Average: 0.9002 Best: 0.9202
Best Individual: 
C0 8|11|31|15|14|15|24|13|4|30|19|21|2|27|4|17|5|19|26|18|23|3|23|28|26|14|8|26|28|19|7|15|20|30|
Overall Best: 0.9345 Generation: 15
length: 19.86
feature_occurency: [47, 45, 51, 78, 120, 23, 44, 64, 48, 21, 43, 40, 32, 21, 63, 37, 32, 28, 39, 106, 54, 23, 32, 124, 57, 32, 128, 53, 43, 39, 33, 21, 37, 42]

Generation 44
Average: 0.8996 Best: 0.9231
Best Individual: 
C0 15|18|7|23|33|0|4|18|26|19|19|2|26|14|19|1|1|20|33|0|1|7|18|6|15|13|24|14|31|3|14|3|19|20|
Overall Best: 0.9345 Generation: 15
length: 20.22
feature_occurency: [55, 49, 52, 65, 118, 24, 55, 67, 47, 14, 35, 43, 37, 31, 66, 39, 30, 25, 44, 94, 64, 25, 31, 119, 51, 29, 129, 62, 34, 38, 26, 27, 38, 37]

Generation 45
Average: 0.9012 Best: 0.9288
Best Individual: 
C0 13|14|6|17|6|8|19|4|26|25|19|5|4|7|26|17|4|3|15|18|23|13|20|23|24|14|8|23|26|23|7|1|19|23|
Overall Best: 0.9345 Generation: 15
length: 20.18
feature_occurency: [53, 57, 39, 70, 122, 34, 60, 61, 52, 14, 30, 43, 41, 23, 62, 38, 31, 26, 43, 91, 51, 26, 36, 135, 51, 39, 126, 66, 35, 36, 20, 23, 39, 27]

Generation 46
Average: 0.9017 Best: 0.9259
Best Individual: 
C0 20|20|1|11|20|4|18|1|25|8|14|15|0|19|11|33|21|26|23|26|1|23|16|23|4|28|2|3|19|4|23|27|12|0|
Overall Best: 0.9345 Generation: 15
length: 19.74
feature_occurency: [47, 66, 40, 67, 127, 29, 68, 50, 54, 20, 25, 34, 47, 27, 57, 37, 29, 33, 42, 107, 61, 25, 40, 138, 51, 29, 125, 61, 24, 36, 18, 26, 31, 29]

Generation 47
Average: 0.9034 Best: 0.9288
Best Individual: 
C0 28|20|1|11|20|4|18|1|25|8|14|15|0|19|11|33|21|26|23|26|1|23|16|23|4|28|2|3|19|4|23|27|12|0|
Overall Best: 0.9345 Generation: 15
length: 19.96
feature_occurency: [50, 64, 42, 79, 129, 28, 59, 58, 48, 17, 28, 35, 54, 31, 52, 35, 26, 30, 42, 110, 62, 26, 36, 138, 39, 28, 120, 67, 23, 33, 19, 26, 37, 29]

Generation 48
Average: 0.9063 Best: 0.9231
Best Individual: 
C0 21|17|15|14|23|22|19|4|12|11|14|15|22|19|13|33|8|24|26|20|26|4|23|0|20|14|4|3|19|20|7|3|11|26|
Overall Best: 0.9345 Generation: 15
length: 20.24
feature_occurency: [55, 67, 45, 75, 108, 24, 66, 54, 41, 17, 22, 40, 48, 35, 49, 41, 30, 33, 35, 112, 64, 37, 33, 139, 43, 26, 134, 73, 20, 35, 17, 26, 28, 28]

Generation 49
Average: 0.9061 Best: 0.9316
Best Individual: 
C0 3|18|7|23|33|0|4|17|12|23|19|11|6|1|2|30|29|0|15|0|29|29|20|23|3|2|6|14|31|3|0|3|19|20|
Overall Best: 0.9345 Generation: 15
length: 20.26
feature_occurency: [58, 62, 42, 78, 104, 13, 62, 54, 44, 23, 23, 43, 43, 35, 50, 40, 22, 43, 35, 105, 74, 36, 31, 146, 41, 25, 133, 71, 20, 30, 23, 31, 35, 25]

Generation 50
Average: 0.9055 Best: 0.9316
Best Individual: 
C0 23|19|10|16|0|28|5|23|4|29|19|27|4|7|23|31|25|26|23|26|1|4|23|6|26|14|4|0|1|26|12|6|26|13|
Overall Best: 0.9345 Generation: 15
length: 20.14
feature_occurency: [45, 68, 54, 73, 96, 16, 66, 55, 44, 23, 27, 46, 42, 41, 42, 34, 29, 36, 37, 116, 66, 38, 34, 154, 42, 21, 134, 60, 16, 35, 19, 41, 25, 25]

Generation 51
Average: 0.9055 Best: 0.9316
Best Individual: 
C0 23|19|10|16|0|28|5|23|4|29|19|27|4|7|23|31|25|26|23|26|1|4|23|6|26|14|4|0|1|10|12|6|26|13|
Overall Best: 0.9345 Generation: 15
length: 20.2
feature_occurency: [48, 73, 64, 63, 97, 17, 65, 54, 34, 22, 32, 48, 40, 37, 44, 28, 28, 38, 48, 122, 61, 38, 34, 146, 44, 23, 129, 45, 18, 42, 22, 48, 18, 30]

Generation 52
Average: 0.9036 Best: 0.9259
Best Individual: 
C0 24|5|20|31|24|19|4|0|12|23|19|11|6|16|18|30|17|23|27|16|1|8|23|3|26|14|4|0|1|26|12|20|19|2|
Overall Best: 0.9345 Generation: 15
length: 19.96
feature_occurency: [56, 80, 61, 55, 104, 23, 66, 45, 26, 16, 34, 47, 46, 44, 51, 27, 34, 37, 55, 125, 53, 36, 33, 141, 41, 23, 132, 47, 23, 37, 23, 38, 12, 29]

Generation 53
Average: 0.9040 Best: 0.9345
Best Individual: 
C0 23|19|3|16|7|28|5|23|4|29|19|27|4|1|23|27|8|24|23|26|1|4|23|6|26|14|4|14|1|10|27|6|26|13|
Overall Best: 0.9345 Generation: 15
length: 20.12
feature_occurency: [54, 78, 58, 58, 108, 27, 69, 52, 27, 19, 30, 35, 50, 37, 53, 26, 30, 26, 59, 113, 59, 33, 38, 148, 41, 28, 124, 51, 26, 41, 17, 39, 19, 27]

Generation 54
Average: 0.9056 Best: 0.9345
Best Individual: 
C0 23|19|3|16|7|28|4|17|8|23|19|27|23|1|23|26|8|24|23|26|1|4|23|10|26|14|4|14|1|10|27|6|26|13|
Overall Best: 0.9345 Generation: 15
length: 20.7
feature_occurency: [51, 70, 56, 51, 112, 30, 58, 43, 37, 22, 36, 37, 52, 39, 47, 21, 34, 35, 55, 101, 57, 36, 31, 148, 42, 26, 131, 61, 28, 43, 16, 44, 26, 24]

Generation 55
Average: 0.9020 Best: 0.9231
Best Individual: 
C0 23|19|3|16|7|28|4|17|8|23|19|18|2|1|23|26|19|24|23|1|1|4|23|12|26|14|4|14|1|10|27|6|26|13|
Overall Best: 0.9345 Generation: 15
length: 21.04
feature_occurency: [45, 64, 47, 48, 113, 31, 53, 45, 46, 23, 40, 37, 54, 47, 46, 27, 41, 29, 57, 99, 51, 45, 23, 165, 45, 25, 111, 67, 29, 41, 13, 36, 29, 28]

Generation 56
Average: 0.9017 Best: 0.9259
Best Individual: 
C0 23|19|3|32|7|28|4|17|8|23|19|18|2|1|23|10|19|24|23|1|1|4|23|12|26|14|16|14|1|10|27|6|26|13|
Overall Best: 0.9345 Generation: 15
length: 20.9
feature_occurency: [44, 70, 51, 48, 105, 34, 48, 41, 55, 16, 41, 35, 51, 44, 49, 31, 40, 36, 50, 91, 41, 42, 20, 160, 48, 23, 115, 76, 33, 39, 17, 35, 39, 32]

Generation 57
Average: 0.8993 Best: 0.9231
Best Individual: 
C0 23|32|2|16|4|28|5|2|4|8|14|15|26|21|32|25|18|26|1|26|24|22|23|0|26|20|3|2|3|4|23|14|6|15|
Overall Best: 0.9345 Generation: 15
length: 20.7
feature_occurency: [39, 70, 53, 47, 99, 27, 46, 37, 48, 10, 49, 32, 48, 43, 50, 34, 47, 27, 53, 92, 30, 38, 22, 162, 53, 19, 126, 83, 45, 41, 25, 32, 38, 35]

Generation 58
Average: 0.8985 Best: 0.9288
Best Individual: 
C0 23|19|3|20|7|28|4|17|8|23|19|23|23|1|23|26|8|24|23|16|1|4|23|10|26|14|19|14|1|10|27|2|26|13|
Overall Best: 0.9345 Generation: 15
length: 21.0
feature_occurency: [39, 79, 52, 39, 115, 34, 47, 33, 37, 21, 50, 38, 34, 47, 49, 25, 46, 34, 44, 97, 33, 36, 21, 170, 50, 20, 131, 69, 43, 38, 33, 32, 32, 32]

Generation 59
Average: 0.8995 Best: 0.9259
Best Individual: 
C0 23|19|19|2|0|13|4|13|16|23|19|11|23|19|12|6|21|23|0|2|20|33|8|0|8|21|26|29|26|4|24|23|24|13|
Overall Best: 0.9345 Generation: 15
length: 20.48
feature_occurency: [33, 77, 51, 44, 126, 36, 47, 40, 36, 22, 45, 31, 34, 47, 53, 25, 39, 32, 46, 98, 36, 35, 24, 180, 45, 19, 113, 68, 45, 33, 43, 37, 27, 33]

Generation 60
Average: 0.9003 Best: 0.9202
Best Individual: 
C0 23|19|3|10|20|30|23|4|15|9|19|1|23|1|23|26|32|24|23|16|1|4|23|3|8|14|23|13|31|31|27|6|26|13|
Overall Best: 0.9345 Generation: 15
length: 20.2
feature_occurency: [31, 79, 49, 42, 129, 35, 47, 38, 34, 24, 61, 38, 30, 41, 55, 24, 44, 23, 44, 96, 39, 29, 26, 192, 44, 19, 118, 74, 44, 36, 37, 35, 21, 22]

Generation 61
Average: 0.9007 Best: 0.9231
Best Individual: 
C0 2|27|26|18|33|20|23|4|28|10|6|23|26|11|19|11|26|23|26|29|5|30|26|19|15|0|26|27|7|4|12|24|3|23|
Overall Best: 0.9345 Generation: 15
length: 20.6
feature_occurency: [32, 82, 49, 43, 113, 39, 45, 41, 31, 20, 58, 32, 31, 44, 64, 29, 36, 29, 47, 100, 42, 27, 25, 183, 44, 19, 119, 74, 43, 44, 42, 30, 20, 23]

Generation 62
Average: 0.9009 Best: 0.9259
Best Individual: 
C0 2|23|26|12|6|0|19|15|26|23|20|26|14|10|27|27|28|24|23|20|1|4|23|4|26|16|4|14|1|10|27|29|33|13|
Overall Best: 0.9345 Generation: 15
length: 20.18
feature_occurency: [24, 85, 56, 35, 109, 36, 39, 36, 34, 22, 49, 30, 28, 37, 81, 36, 30, 25, 48, 101, 46, 28, 27, 186, 51, 17, 123, 75, 46, 46, 37, 32, 18, 27]

Generation 63
Average: 0.9019 Best: 0.9288
Best Individual: 
C0 2|23|26|12|6|0|19|15|26|23|20|26|14|10|27|27|28|24|23|20|1|4|23|4|26|13|4|14|1|10|12|24|3|13|
Overall Best: 0.9345 Generation: 15
length: 20.16
feature_occurency: [28, 78, 62, 35, 111, 41, 46, 34, 31, 33, 52, 23, 31, 34, 75, 31, 34, 23, 38, 107, 45, 33, 25, 184, 57, 18, 123, 79, 48, 50, 26, 27, 22, 16]

Generation 64
Average: 0.9052 Best: 0.9231
Best Individual: 
C0 14|19|19|2|1|13|4|13|16|23|4|11|17|19|7|6|21|20|19|22|5|12|28|19|4|14|6|12|14|7|31|4|9|23|
Overall Best: 0.9345 Generation: 15
length: 20.02
feature_occurency: [25, 73, 62, 38, 121, 39, 40, 36, 26, 29, 53, 29, 48, 40, 76, 34, 38, 21, 24, 95, 57, 37, 32, 187, 54, 12, 111, 82, 40, 45, 25, 36, 19, 16]

Generation 65
Average: 0.9039 Best: 0.9259
Best Individual: 
C0 2|23|26|22|4|0|19|15|20|23|20|26|14|10|21|27|2|24|23|20|1|4|23|23|28|14|16|14|26|4|10|23|24|13|
Overall Best: 0.9345 Generation: 15
length: 19.88
feature_occurency: [22, 67, 58, 34, 122, 39, 44, 32, 32, 32, 44, 32, 54, 47, 75, 39, 41, 17, 28, 92, 60, 44, 29, 186, 52, 9, 119, 88, 32, 30, 26, 33, 24, 17]

Generation 66
Average: 0.9035 Best: 0.9231
Best Individual: 
C0 2|23|7|14|17|30|23|4|15|23|19|22|6|1|30|4|8|23|27|16|1|26|23|1|23|4|6|7|8|30|20|3|3|13|
Overall Best: 0.9345 Generation: 15
length: 20.08
feature_occurency: [19, 58, 52, 46, 125, 34, 29, 35, 43, 25, 43, 37, 61, 42, 71, 40, 36, 19, 32, 78, 65, 39, 30, 188, 52, 10, 133, 73, 33, 30, 42, 29, 30, 21]

Generation 67
Average: 0.9063 Best: 0.9373
Best Individual: 
C0 19|19|26|28|20|30|26|5|16|31|4|20|26|19|7|8|7|20|19|22|5|12|28|19|4|14|6|26|15|4|10|26|32|10|
Overall Best: 0.9373 Generation: 67
length: 19.64
feature_occurency: [18, 62, 63, 40, 133, 39, 27, 28, 49, 15, 56, 33, 57, 44, 74, 48, 27, 20, 24, 86, 68, 44, 25, 177, 44, 11, 150, 65, 34, 26, 36, 25, 31, 21]

Generation 68
Average: 0.9075 Best: 0.9373
Best Individual: 
C0 5|23|26|12|21|2|19|23|25|23|20|26|14|10|27|19|28|24|23|1|5|12|23|4|15|18|4|6|33|4|10|26|26|13|
Overall Best: 0.9373 Generation: 67
length: 19.6
feature_occurency: [19, 55, 55, 38, 131, 45, 31, 21, 42, 18, 75, 28, 66, 37, 76, 42, 16, 23, 34, 85, 71, 42, 20, 167, 43, 12, 163, 62, 31, 30, 33, 25, 34, 30]

Generation 69
Average: 0.9094 Best: 0.9259
Best Individual: 
C0 2|23|3|20|5|20|4|20|8|23|19|23|5|21|6|10|8|23|26|9|5|4|27|26|8|23|26|15|15|4|10|26|26|26|
Overall Best: 0.9373 Generation: 67
length: 20.02
feature_occurency: [19, 56, 48, 36, 128, 47, 37, 21, 41, 20, 77, 26, 62, 46, 67, 44, 19, 28, 37, 89, 69, 36, 26, 158, 31, 18, 164, 58, 27, 34, 33, 33, 40, 25]

Generation 70
Average: 0.9041 Best: 0.9345
Best Individual: 
C0 19|19|26|28|20|2|19|23|15|23|19|1|4|19|30|4|10|23|20|16|3|26|23|19|26|16|4|14|1|4|3|27|31|7|
Overall Best: 0.9373 Generation: 67
length: 19.88
feature_occurency: [14, 50, 45, 29, 131, 47, 38, 25, 44, 18, 76, 19, 71, 34, 66, 50, 24, 30, 36, 90, 80, 32, 21, 150, 23, 22, 170, 64, 32, 34, 32, 30, 41, 32]

Generation 71
Average: 0.9039 Best: 0.9430
Best Individual: 
C0 19|19|5|28|20|30|26|5|16|27|4|20|26|19|7|20|8|23|26|16|5|10|23|12|26|27|4|20|33|4|10|26|26|6|
Overall Best: 0.9430 Generation: 71
length: 20.26
feature_occurency: [20, 46, 60, 23, 108, 51, 41, 23, 41, 24, 67, 18, 62, 37, 67, 51, 28, 28, 35, 92, 88, 29, 20, 153, 28, 22, 165, 67, 35, 27, 31, 32, 46, 35]

Generation 72
Average: 0.9045 Best: 0.9316
Best Individual: 
C0 19|19|5|28|20|30|26|5|16|27|7|20|26|19|7|20|8|23|26|16|5|10|23|12|26|27|4|20|33|4|10|26|26|6|
Overall Best: 0.9430 Generation: 71
length: 20.32
feature_occurency: [15, 50, 63, 25, 109, 46, 39, 22, 36, 31, 63, 22, 53, 37, 68, 50, 30, 23, 44, 79, 95, 30, 16, 147, 33, 18, 167, 74, 31, 29, 37, 37, 45, 36]

Generation 73
Average: 0.9051 Best: 0.9288
Best Individual: 
C0 17|19|19|27|20|30|4|15|11|23|20|26|0|10|19|27|2|23|26|6|5|4|33|4|26|8|2|14|1|32|20|20|33|13|
Overall Best: 0.9430 Generation: 71
length: 20.0
feature_occurency: [16, 47, 64, 24, 108, 49, 39, 27, 35, 35, 58, 24, 49, 40, 79, 53, 39, 21, 39, 75, 96, 33, 13, 143, 26, 15, 160, 65, 31, 26, 47, 38, 45, 41]

Generation 74
Average: 0.9043 Best: 0.9259
Best Individual: 
C0 19|24|19|28|20|30|4|15|11|23|3|26|0|10|19|27|2|23|26|6|5|4|33|4|26|16|1|14|1|1|10|26|11|15|
Overall Best: 0.9430 Generation: 71
length: 20.2
feature_occurency: [23, 53, 60, 30, 99, 53, 37, 36, 38, 33, 45, 24, 60, 40, 70, 52, 35, 25, 38, 77, 81, 42, 17, 149, 27, 23, 164, 56, 33, 25, 41, 30, 46, 38]

Generation 75
Average: 0.9012 Best: 0.9231
Best Individual: 
C0 19|3|5|28|7|28|19|23|13|1|20|32|23|19|23|19|23|12|15|0|26|29|26|30|26|27|26|20|33|4|10|26|26|6|
Overall Best: 0.9430 Generation: 71
length: 20.18
feature_occurency: [30, 54, 54, 32, 92, 57, 44, 35, 38, 30, 54, 29, 66, 42, 58, 53, 28, 32, 30, 74, 71, 41, 19, 146, 29, 23, 179, 49, 33, 32, 45, 25, 40, 36]

Generation 76
Average: 0.9013 Best: 0.9316
Best Individual: 
C0 19|3|5|28|7|28|19|23|13|1|20|32|23|19|23|19|23|12|15|26|26|27|26|30|26|27|26|20|33|4|10|26|26|6|
Overall Best: 0.9430 Generation: 71
length: 20.58
feature_occurency: [30, 57, 51, 36, 87, 53, 43, 37, 33, 29, 64, 28, 61, 37, 55, 42, 22, 38, 35, 75, 74, 44, 26, 139, 37, 21, 181, 47, 39, 36, 52, 24, 29, 38]

Generation 77
Average: 0.9000 Best: 0.9316
Best Individual: 
C0 19|3|5|28|7|28|19|23|13|1|20|32|23|19|23|19|23|12|15|26|26|27|26|30|26|27|26|20|33|4|10|26|26|6|
Overall Best: 0.9430 Generation: 71
length: 20.58
feature_occurency: [32, 49, 44, 43, 84, 43, 48, 34, 22, 24, 69, 29, 69, 41, 57, 44, 16, 33, 37, 68, 83, 38, 26, 134, 45, 18, 188, 50, 43, 30, 57, 30, 31, 41]

Generation 78
Average: 0.8998 Best: 0.9231
Best Individual: 
C0 21|23|26|14|27|8|4|23|13|14|1|32|23|8|23|19|23|12|15|26|26|27|26|30|26|27|4|20|33|4|10|17|26|12|
Overall Best: 0.9430 Generation: 71
length: 20.16
feature_occurency: [23, 41, 38, 39, 87, 33, 51, 32, 33, 28, 58, 29, 83, 39, 58, 49, 14, 30, 31, 76, 76, 37, 25, 140, 47, 18, 207, 55, 41, 30, 56, 30, 26, 40]

Generation 79
Average: 0.9028 Best: 0.9316
Best Individual: 
C0 19|3|5|24|24|28|19|16|31|20|20|32|23|19|23|19|23|12|32|12|25|29|26|13|26|27|26|20|33|4|10|26|26|9|
Overall Best: 0.9430 Generation: 71
length: 19.96
feature_occurency: [33, 48, 31, 42, 81, 30, 45, 24, 35, 26, 55, 29, 78, 42, 49, 41, 20, 41, 26, 76, 76, 29, 26, 135, 46, 21, 219, 55, 50, 29, 57, 29, 29, 47]

Generation 80
Average: 0.9028 Best: 0.9288
Best Individual: 
C0 21|15|26|14|27|8|4|23|13|14|1|28|13|8|23|19|23|12|18|26|29|24|7|21|8|19|26|20|33|6|19|19|26|12|
Overall Best: 0.9430 Generation: 71
length: 19.76
feature_occurency: [25, 38, 25, 45, 81, 34, 46, 27, 41, 21, 54, 37, 71, 43, 46, 38, 24, 30, 29, 89, 68, 35, 18, 145, 46, 17, 215, 53, 59, 40, 60, 23, 27, 50]

Generation 81
Average: 0.9034 Best: 0.9259
Best Individual: 
C0 19|19|28|28|23|16|26|3|31|20|1|0|0|10|12|26|8|23|23|24|5|10|23|4|21|29|14|28|23|4|10|26|30|33|
Overall Best: 0.9430 Generation: 71
length: 19.96
feature_occurency: [26, 44, 15, 41, 87, 45, 48, 26, 50, 24, 46, 41, 61, 40, 43, 37, 25, 36, 31, 89, 72, 36, 17, 134, 45, 18, 217, 58, 54, 37, 60, 17, 31, 49]

Generation 82
Average: 0.9042 Best: 0.9231
Best Individual: 
C0 19|3|5|14|15|24|19|23|1|20|20|33|3|21|6|18|2|23|18|4|32|27|24|32|26|27|26|20|33|4|5|26|11|6|
Overall Best: 0.9430 Generation: 71
length: 20.08
feature_occurency: [28, 47, 20, 50, 92, 43, 58, 35, 36, 20, 52, 39, 46, 38, 37, 41, 18, 39, 26, 83, 72, 29, 20, 142, 56, 19, 212, 59, 53, 30, 54, 21, 33, 52]

Generation 83
Average: 0.9075 Best: 0.9259
Best Individual: 
C0 15|23|13|14|27|3|11|23|26|26|21|11|10|2|23|23|13|0|4|16|26|31|26|7|26|27|17|20|33|4|6|17|26|12|
Overall Best: 0.9430 Generation: 71
length: 20.2
feature_occurency: [25, 45, 21, 55, 111, 44, 56, 30, 42, 18, 55, 29, 51, 40, 35, 42, 19, 40, 33, 82, 70, 33, 17, 142, 58, 18, 184, 64, 52, 36, 49, 25, 34, 45]

Generation 84
Average: 0.9044 Best: 0.9288
Best Individual: 
C0 21|15|26|14|27|8|4|23|28|8|12|2|11|19|9|19|23|10|13|26|20|27|23|22|26|27|16|19|33|24|19|19|32|12|
Overall Best: 0.9430 Generation: 71
length: 20.32
feature_occurency: [18, 45, 31, 50, 110, 38, 53, 27, 46, 24, 57, 22, 47, 38, 39, 41, 25, 39, 37, 87, 67, 34, 19, 145, 56, 17, 199, 63, 47, 41, 39, 23, 35, 41]

Generation 85
Average: 0.9048 Best: 0.9288
Best Individual: 
C0 33|23|26|14|27|8|4|23|25|23|18|8|1|19|3|3|23|10|26|2|26|24|12|32|26|27|26|20|33|5|12|26|26|23|
Overall Best: 0.9430 Generation: 71
length: 20.1
feature_occurency: [12, 38, 38, 46, 120, 36, 53, 29, 53, 23, 53, 15, 56, 31, 39, 45, 29, 39, 42, 88, 63, 32, 19, 137, 57, 22, 200, 78, 36, 39, 29, 21, 43, 39]

Generation 86
Average: 0.9059 Best: 0.9288
Best Individual: 
C0 21|3|5|15|24|28|19|33|11|23|20|4|14|29|23|23|10|23|26|7|19|18|26|6|26|21|4|20|31|4|3|25|26|10|
Overall Best: 0.9430 Generation: 71
length: 19.98
feature_occurency: [14, 44, 36, 56, 131, 32, 42, 17, 54, 16, 55, 20, 59, 27, 40, 43, 26, 32, 33, 88, 75, 32, 18, 158, 60, 19, 177, 76, 36, 43, 33, 23, 40, 45]

Generation 87
Average: 0.9068 Best: 0.9259
Best Individual: 
C0 21|15|27|14|27|8|4|23|29|8|12|2|26|19|17|19|23|10|13|26|20|27|23|22|26|27|16|19|33|6|27|19|32|12|
Overall Best: 0.9430 Generation: 71
length: 19.78
feature_occurency: [15, 40, 38, 59, 124, 34, 39, 18, 59, 5, 53, 24, 65, 35, 37, 31, 31, 37, 31, 97, 72, 33, 16, 157, 56, 20, 175, 82, 28, 41, 32, 26, 43, 47]

Generation 88
Average: 0.9070 Best: 0.9288
Best Individual: 
C0 8|23|1|14|27|8|24|6|22|8|15|26|23|19|23|19|30|12|32|16|17|4|2|32|4|24|26|28|33|22|8|19|26|6|
Overall Best: 0.9430 Generation: 71
length: 19.54
feature_occurency: [9, 45, 32, 57, 122, 38, 36, 17, 62, 8, 50, 10, 65, 42, 54, 31, 38, 33, 32, 86, 71, 34, 20, 165, 51, 19, 159, 99, 30, 34, 29, 28, 46, 48]

Generation 89
Average: 0.9087 Best: 0.9345
Best Individual: 
C0 21|15|27|14|27|8|4|23|2|12|18|25|1|4|23|19|23|5|20|26|19|26|26|4|29|28|4|20|33|24|27|19|32|12|
Overall Best: 0.9430 Generation: 71
length: 19.46
feature_occurency: [12, 48, 32, 56, 123, 24, 39, 24, 47, 9, 39, 19, 81, 47, 57, 29, 31, 33, 36, 88, 72, 29, 20, 169, 44, 25, 154, 100, 20, 35, 35, 28, 46, 49]

Generation 90
Average: 0.9076 Best: 0.9259
Best Individual: 
C0 25|24|10|3|13|1|19|23|14|12|18|20|1|4|23|19|23|31|13|26|19|26|26|4|8|27|4|20|33|24|27|19|32|30|
Overall Best: 0.9430 Generation: 71
length: 19.36
feature_occurency: [14, 51, 36, 59, 121, 20, 32, 28, 42, 12, 37, 19, 69, 57, 65, 28, 28, 33, 37, 100, 71, 23, 19, 168, 50, 16, 140, 104, 21, 37, 39, 34, 49, 41]

Generation 91
Average: 0.9048 Best: 0.9316
Best Individual: 
C0 21|15|27|14|27|8|4|23|2|12|18|25|1|20|4|6|23|2|20|16|9|26|26|4|29|19|10|20|33|24|27|19|32|12|
Overall Best: 0.9430 Generation: 71
length: 19.22
feature_occurency: [10, 50, 41, 69, 120, 12, 35, 31, 48, 16, 34, 14, 84, 50, 65, 31, 24, 29, 32, 100, 68, 29, 28, 173, 53, 19, 132, 113, 23, 35, 34, 32, 33, 33]

Generation 92
Average: 0.9050 Best: 0.9259
Best Individual: 
C0 12|19|12|6|30|26|19|27|26|26|24|23|8|19|23|19|23|10|13|2|26|7|13|4|14|7|32|19|33|19|20|26|28|29|
Overall Best: 0.9430 Generation: 71
length: 19.68
feature_occurency: [14, 48, 49, 62, 116, 13, 39, 34, 53, 18, 37, 19, 90, 42, 66, 29, 26, 29, 38, 110, 58, 23, 36, 162, 55, 14, 133, 94, 35, 38, 27, 23, 37, 33]

Generation 93
Average: 0.9066 Best: 0.9288
Best Individual: 
C0 21|15|10|14|22|32|23|0|14|30|14|23|1|16|23|21|22|13|12|26|24|4|12|16|4|27|26|6|18|24|4|23|26|15|
Overall Best: 0.9430 Generation: 71
length: 19.38
feature_occurency: [12, 61, 50, 72, 120, 19, 36, 31, 50, 10, 36, 16, 78, 43, 67, 35, 30, 23, 47, 107, 51, 24, 31, 159, 61, 23, 127, 93, 30, 40, 26, 24, 37, 31]

Generation 94
Average: 0.9094 Best: 0.9316
Best Individual: 
C0 24|31|4|14|27|19|4|23|18|12|18|12|1|14|16|19|19|17|26|2|26|7|5|13|8|27|12|1|33|16|27|23|19|23|
Overall Best: 0.9430 Generation: 71
length: 19.62
feature_occurency: [12, 57, 55, 86, 109, 25, 43, 39, 54, 12, 34, 17, 77, 49, 61, 35, 36, 26, 44, 106, 51, 20, 29, 163, 56, 26, 115, 84, 26, 28, 26, 30, 36, 33]

Generation 95
Average: 0.9062 Best: 0.9316
Best Individual: 
C0 2|22|27|14|27|19|4|23|2|4|26|24|1|20|3|3|12|23|26|18|19|18|13|23|4|24|26|7|19|15|22|1|26|30|
Overall Best: 0.9430 Generation: 71
length: 19.8
feature_occurency: [8, 61, 52, 90, 97, 27, 43, 42, 54, 15, 28, 25, 64, 51, 50, 30, 40, 17, 45, 108, 61, 24, 33, 151, 59, 23, 132, 81, 24, 34, 33, 31, 34, 33]

Generation 96
Average: 0.9054 Best: 0.9316
Best Individual: 
C0 13|23|33|28|3|3|19|23|14|4|23|18|1|32|19|14|26|23|26|18|26|13|23|27|26|27|12|19|2|33|1|26|26|23|
Overall Best: 0.9430 Generation: 71
length: 20.0
feature_occurency: [5, 61, 52, 84, 100, 19, 41, 44, 46, 18, 30, 30, 54, 47, 53, 29, 46, 19, 39, 108, 53, 26, 34, 151, 59, 30, 137, 90, 28, 29, 46, 31, 34, 27]

Generation 97
Average: 0.9031 Best: 0.9316
Best Individual: 
C0 2|22|13|32|7|23|32|23|2|4|26|24|1|20|3|3|12|23|26|18|19|17|26|23|4|24|26|4|19|15|22|1|26|30|
Overall Best: 0.9430 Generation: 71
length: 20.1
feature_occurency: [6, 64, 45, 83, 108, 18, 40, 45, 48, 22, 34, 32, 45, 49, 60, 36, 45, 20, 33, 101, 53, 15, 26, 157, 51, 30, 141, 89, 25, 33, 46, 31, 38, 31]

Generation 98
Average: 0.9044 Best: 0.9345
Best Individual: 
C0 14|19|27|4|30|9|7|23|2|4|26|24|1|20|3|3|15|23|26|16|19|18|26|23|4|24|0|4|19|15|22|20|26|23|
Overall Best: 0.9430 Generation: 71
length: 20.26
feature_occurency: [5, 59, 53, 92, 88, 18, 35, 41, 43, 24, 28, 33, 32, 53, 62, 41, 40, 15, 43, 114, 58, 18, 28, 157, 49, 26, 162, 93, 21, 23, 38, 35, 39, 34]

Generation 99
Average: 0.9047 Best: 0.9345
Best Individual: 
C0 14|19|27|4|30|9|7|23|2|4|26|24|1|27|3|3|15|23|26|32|19|18|26|23|4|24|0|4|19|15|22|20|26|23|
Overall Best: 0.9430 Generation: 71
==================
    Best individual after 100 generations
    computed in 128.3490 seconds
    331 elements out of 351 correct.
    emerged in generation 71
    with fitness 0.9430
==================

19|19|5|28|20|30|26|5|16|27|4|20|26|19|7|20|8|23|26|16|5|10|23|12|26|27|4|20|33|4|10|26|26|6|
