Starting evolution...
length: 34.0
feature_occurency: [50, 50, 50, 50, 50, 50, 50, 50, 50, 50, 50, 50, 50, 50, 50, 50, 50, 50, 50, 50, 50, 50, 50, 50, 50, 50, 50, 50, 50, 50, 50, 50, 50, 50]

Generation 0
Average: 0.8661 Best: 0.8661
Best Individual: 
C0 0|14|1|4|27|31|6|7|8|9|10|17|12|28|22|15|11|30|3|29|20|21|25|26|24|18|16|2|13|5|23|19|32|33|
Overall Best: 0.8661 Generation: 0
length: 34.0
feature_occurency: [50, 50, 50, 50, 50, 50, 50, 50, 50, 50, 50, 50, 50, 50, 50, 50, 50, 50, 50, 50, 50, 50, 50, 50, 50, 50, 50, 50, 50, 50, 50, 50, 50, 50]

Generation 1
Average: 0.8661 Best: 0.8661
Best Individual: 
C0 0|8|11|3|17|26|13|30|1|22|23|9|12|6|14|29|16|10|18|19|32|2|27|7|24|15|5|21|28|25|4|31|20|33|
Overall Best: 0.8661 Generation: 0
length: 34.0
feature_occurency: [50, 50, 50, 50, 50, 50, 50, 50, 50, 50, 50, 50, 50, 50, 50, 50, 50, 50, 50, 50, 50, 50, 50, 50, 50, 50, 50, 50, 50, 50, 50, 50, 50, 50]

Generation 2
Average: 0.8661 Best: 0.8661
Best Individual: 
C0 4|8|11|9|17|26|13|30|1|22|23|3|12|32|14|29|16|10|18|19|25|24|31|15|2|20|21|27|28|7|5|0|6|33|
Overall Best: 0.8661 Generation: 0
length: 34.0
feature_occurency: [50, 50, 50, 50, 50, 50, 50, 50, 50, 50, 50, 50, 50, 50, 50, 50, 50, 50, 50, 50, 50, 50, 50, 50, 50, 50, 50, 50, 50, 50, 50, 50, 50, 50]

Generation 3
Average: 0.8661 Best: 0.8661
Best Individual: 
C0 4|22|9|26|16|17|6|19|2|30|18|11|12|32|14|29|0|25|1|7|13|10|27|8|24|15|5|21|28|31|3|23|20|33|
Overall Best: 0.8661 Generation: 0
length: 34.0
feature_occurency: [50, 50, 50, 50, 50, 50, 50, 50, 50, 50, 50, 50, 50, 50, 50, 50, 50, 50, 50, 50, 50, 50, 50, 50, 50, 50, 50, 50, 50, 50, 50, 50, 50, 50]

Generation 4
Average: 0.8661 Best: 0.8661
Best Individual: 
C0 12|31|22|27|15|23|13|2|25|33|3|1|6|18|14|4|32|11|26|8|28|0|17|9|24|20|5|10|29|19|30|21|16|7|
Overall Best: 0.8661 Generation: 0
length: 34.0
feature_occurency: [50, 50, 50, 50, 50, 50, 50, 50, 50, 50, 50, 50, 50, 50, 50, 50, 50, 50, 50, 50, 50, 50, 50, 50, 50, 50, 50, 50, 50, 50, 50, 50, 50, 50]

Generation 5
Average: 0.8661 Best: 0.8661
Best Individual: 
C0 22|0|31|12|15|23|13|2|25|33|3|1|6|18|14|4|32|11|26|8|16|27|17|9|24|5|20|10|29|19|30|21|28|7|
Overall Best: 0.8661 Generation: 0
length: 34.0
feature_occurency: [50, 50, 50, 50, 50, 50, 50, 50, 50, 50, 50, 50, 50, 50, 50, 50, 50, 50, 50, 50, 50, 50, 50, 50, 50, 50, 50, 50, 50, 50, 50, 50, 50, 50]

Generation 6
Average: 0.8661 Best: 0.8661
Best Individual: 
C0 9|33|27|25|32|21|8|11|0|19|24|13|30|22|14|10|31|16|3|4|20|5|17|28|7|29|12|18|23|15|1|26|6|2|
Overall Best: 0.8661 Generation: 0
length: 34.0
feature_occurency: [50, 50, 50, 50, 50, 50, 50, 50, 50, 50, 50, 50, 50, 50, 50, 50, 50, 50, 50, 50, 50, 50, 50, 50, 50, 50, 50, 50, 50, 50, 50, 50, 50, 50]

Generation 7
Average: 0.8661 Best: 0.8661
Best Individual: 
C0 32|23|21|29|11|5|14|30|2|3|13|24|19|8|7|9|20|17|26|15|0|1|22|25|28|18|27|31|33|16|10|12|6|4|
Overall Best: 0.8661 Generation: 0
length: 34.0
feature_occurency: [50, 50, 50, 50, 50, 50, 50, 50, 50, 50, 50, 50, 50, 50, 50, 50, 50, 50, 50, 50, 50, 50, 50, 50, 50, 50, 50, 50, 50, 50, 50, 50, 50, 50]

Generation 8
Average: 0.8661 Best: 0.8661
Best Individual: 
C0 25|6|20|33|15|27|21|19|31|9|24|23|13|10|22|11|16|30|14|0|2|17|32|3|4|18|5|26|1|12|8|29|7|28|
Overall Best: 0.8661 Generation: 0
length: 34.0
feature_occurency: [50, 50, 50, 50, 50, 50, 50, 50, 50, 50, 50, 50, 50, 50, 50, 50, 50, 50, 50, 50, 50, 50, 50, 50, 50, 50, 50, 50, 50, 50, 50, 50, 50, 50]

Generation 9
Average: 0.8661 Best: 0.8661
Best Individual: 
C0 27|25|2|31|29|10|18|14|12|17|33|28|6|4|3|1|23|32|19|8|9|16|7|22|21|11|5|13|30|26|24|20|15|0|
Overall Best: 0.8661 Generation: 0
length: 34.0
feature_occurency: [50, 50, 50, 50, 50, 50, 50, 50, 50, 50, 50, 50, 50, 50, 50, 50, 50, 50, 50, 50, 50, 50, 50, 50, 50, 50, 50, 50, 50, 50, 50, 50, 50, 50]

Generation 10
Average: 0.8661 Best: 0.8661
Best Individual: 
C0 27|25|2|31|29|10|18|14|12|17|33|28|6|4|8|1|23|32|19|3|9|16|7|22|30|11|5|13|15|26|24|20|21|0|
Overall Best: 0.8661 Generation: 0
length: 34.0
feature_occurency: [50, 50, 50, 50, 50, 50, 50, 50, 50, 50, 50, 50, 50, 50, 50, 50, 50, 50, 50, 50, 50, 50, 50, 50, 50, 50, 50, 50, 50, 50, 50, 50, 50, 50]

Generation 11
Average: 0.8661 Best: 0.8661
Best Individual: 
C0 29|18|16|20|13|7|0|2|25|8|31|27|19|32|23|1|3|14|10|30|9|17|22|4|28|11|5|6|15|26|24|12|21|33|
Overall Best: 0.8661 Generation: 0
length: 34.0
feature_occurency: [50, 50, 50, 50, 50, 50, 50, 50, 50, 50, 50, 50, 50, 50, 50, 50, 50, 50, 50, 50, 50, 50, 50, 50, 50, 50, 50, 50, 50, 50, 50, 50, 50, 50]

Generation 12
Average: 0.8661 Best: 0.8661
Best Individual: 
C0 4|21|11|30|27|20|6|24|19|9|15|16|12|17|7|25|10|18|2|0|32|26|23|29|33|22|28|31|3|5|1|8|14|13|
Overall Best: 0.8661 Generation: 0
length: 34.0
feature_occurency: [50, 50, 50, 50, 50, 50, 50, 50, 50, 50, 50, 50, 50, 50, 50, 50, 50, 50, 50, 50, 50, 50, 50, 50, 50, 50, 50, 50, 50, 50, 50, 50, 50, 50]

Generation 13
Average: 0.8661 Best: 0.8661
Best Individual: 
C0 10|16|27|7|33|24|13|4|2|6|22|20|9|18|26|23|21|0|8|28|12|30|19|31|5|25|15|11|32|17|3|29|14|1|
Overall Best: 0.8661 Generation: 0
length: 34.0
feature_occurency: [50, 50, 50, 50, 50, 50, 50, 50, 50, 50, 50, 50, 50, 50, 50, 50, 50, 50, 50, 50, 50, 50, 50, 50, 50, 50, 50, 50, 50, 50, 50, 50, 50, 50]

Generation 14
Average: 0.8661 Best: 0.8661
Best Individual: 
C0 28|3|5|27|1|15|21|8|18|20|9|29|19|31|32|11|2|14|6|22|0|26|33|16|10|30|24|17|12|7|23|13|25|4|
Overall Best: 0.8661 Generation: 0
length: 34.0
feature_occurency: [50, 50, 50, 50, 50, 50, 50, 50, 50, 50, 50, 50, 50, 50, 50, 50, 50, 50, 50, 50, 50, 50, 50, 50, 50, 50, 50, 50, 50, 50, 50, 50, 50, 50]

Generation 15
Average: 0.8661 Best: 0.8661
Best Individual: 
C0 31|3|10|15|6|14|28|29|33|30|27|12|32|26|20|0|19|4|16|5|9|13|22|11|24|21|18|7|17|2|8|23|25|1|
Overall Best: 0.8661 Generation: 0
length: 34.0
feature_occurency: [50, 50, 50, 50, 50, 50, 50, 50, 50, 50, 50, 50, 50, 50, 50, 50, 50, 50, 50, 50, 50, 50, 50, 50, 50, 50, 50, 50, 50, 50, 50, 50, 50, 50]

Generation 16
Average: 0.8661 Best: 0.8661
Best Individual: 
C0 26|31|17|10|1|15|22|8|18|33|9|30|11|32|5|2|27|23|0|21|4|29|14|25|16|3|20|24|19|13|6|7|28|12|
Overall Best: 0.8661 Generation: 0
length: 34.0
feature_occurency: [50, 50, 50, 50, 50, 50, 50, 50, 50, 50, 50, 50, 50, 50, 50, 50, 50, 50, 50, 50, 50, 50, 50, 50, 50, 50, 50, 50, 50, 50, 50, 50, 50, 50]

Generation 17
Average: 0.8661 Best: 0.8661
Best Individual: 
C0 24|8|1|17|30|28|2|3|4|23|14|0|9|18|25|19|15|20|29|21|31|7|27|32|16|26|10|11|33|22|6|5|12|13|
Overall Best: 0.8661 Generation: 0
length: 34.0
feature_occurency: [50, 50, 50, 50, 50, 50, 50, 50, 50, 50, 50, 50, 50, 50, 50, 50, 50, 50, 50, 50, 50, 50, 50, 50, 50, 50, 50, 50, 50, 50, 50, 50, 50, 50]

Generation 18
Average: 0.8661 Best: 0.8661
Best Individual: 
C0 7|30|3|33|20|9|5|0|12|8|21|26|24|15|25|16|27|17|22|13|4|18|28|1|32|10|2|11|31|6|29|14|19|23|
Overall Best: 0.8661 Generation: 0
length: 34.0
feature_occurency: [50, 50, 50, 50, 50, 50, 50, 50, 50, 50, 50, 50, 50, 50, 50, 50, 50, 50, 50, 50, 50, 50, 50, 50, 50, 50, 50, 50, 50, 50, 50, 50, 50, 50]

Generation 19
Average: 0.8661 Best: 0.8661
Best Individual: 
C0 28|30|3|33|20|9|5|0|12|8|21|7|24|15|17|16|27|14|22|13|4|18|31|11|32|26|2|6|29|25|10|19|23|1|
Overall Best: 0.8661 Generation: 0
length: 34.0
feature_occurency: [50, 50, 50, 50, 50, 50, 50, 50, 50, 50, 50, 50, 50, 50, 50, 50, 50, 50, 50, 50, 50, 50, 50, 50, 50, 50, 50, 50, 50, 50, 50, 50, 50, 50]

Generation 20
Average: 0.8661 Best: 0.8661
Best Individual: 
C0 24|8|12|27|30|28|2|18|4|23|1|0|9|3|25|19|15|20|29|21|31|32|17|7|16|26|14|11|33|22|6|5|10|13|
Overall Best: 0.8661 Generation: 0
length: 34.0
feature_occurency: [50, 50, 50, 50, 50, 50, 50, 50, 50, 50, 50, 50, 50, 50, 50, 50, 50, 50, 50, 50, 50, 50, 50, 50, 50, 50, 50, 50, 50, 50, 50, 50, 50, 50]

Generation 21
Average: 0.8661 Best: 0.8661
Best Individual: 
C0 7|28|25|17|20|1|3|22|29|15|10|31|5|2|8|12|6|0|16|11|13|9|30|14|33|21|23|24|18|32|4|27|19|26|
Overall Best: 0.8661 Generation: 0
length: 34.0
feature_occurency: [50, 50, 50, 50, 50, 50, 50, 50, 50, 50, 50, 50, 50, 50, 50, 50, 50, 50, 50, 50, 50, 50, 50, 50, 50, 50, 50, 50, 50, 50, 50, 50, 50, 50]

Generation 22
Average: 0.8661 Best: 0.8661
Best Individual: 
C0 14|8|6|27|15|23|25|28|11|13|1|21|10|9|19|3|5|26|24|2|7|33|31|22|16|30|12|18|20|32|29|4|17|0|
Overall Best: 0.8661 Generation: 0
length: 34.0
feature_occurency: [50, 50, 50, 50, 50, 50, 50, 50, 50, 50, 50, 50, 50, 50, 50, 50, 50, 50, 50, 50, 50, 50, 50, 50, 50, 50, 50, 50, 50, 50, 50, 50, 50, 50]

Generation 23
Average: 0.8661 Best: 0.8661
Best Individual: 
C0 7|20|0|17|12|18|6|28|10|26|32|14|1|11|22|5|9|8|21|30|15|3|23|2|13|25|27|29|19|31|16|33|24|4|
Overall Best: 0.8661 Generation: 0
length: 34.0
feature_occurency: [50, 50, 50, 50, 50, 50, 50, 50, 50, 50, 50, 50, 50, 50, 50, 50, 50, 50, 50, 50, 50, 50, 50, 50, 50, 50, 50, 50, 50, 50, 50, 50, 50, 50]

Generation 24
Average: 0.8661 Best: 0.8661
Best Individual: 
C0 1|7|0|17|29|8|23|24|18|21|6|9|2|15|12|19|30|3|10|14|22|4|16|20|32|27|13|5|26|25|31|33|28|11|
Overall Best: 0.8661 Generation: 0
length: 34.0
feature_occurency: [50, 50, 50, 50, 50, 50, 50, 50, 50, 50, 50, 50, 50, 50, 50, 50, 50, 50, 50, 50, 50, 50, 50, 50, 50, 50, 50, 50, 50, 50, 50, 50, 50, 50]

Generation 25
Average: 0.8661 Best: 0.8661
Best Individual: 
C0 32|29|10|17|13|8|31|24|18|14|6|9|30|27|3|11|16|0|5|4|7|20|19|21|28|26|22|25|15|1|33|12|2|23|
Overall Best: 0.8661 Generation: 0
length: 34.0
feature_occurency: [50, 50, 50, 50, 50, 50, 50, 50, 50, 50, 50, 50, 50, 50, 50, 50, 50, 50, 50, 50, 50, 50, 50, 50, 50, 50, 50, 50, 50, 50, 50, 50, 50, 50]

Generation 26
Average: 0.8661 Best: 0.8661
Best Individual: 
C0 30|25|27|2|5|26|31|22|29|11|12|9|13|6|17|23|18|8|32|28|7|24|0|3|4|33|15|14|19|16|1|10|21|20|
Overall Best: 0.8661 Generation: 0
length: 34.0
feature_occurency: [50, 50, 50, 50, 50, 50, 50, 50, 50, 50, 50, 50, 50, 50, 50, 50, 50, 50, 50, 50, 50, 50, 50, 50, 50, 50, 50, 50, 50, 50, 50, 50, 50, 50]

Generation 27
Average: 0.8661 Best: 0.8661
Best Individual: 
C0 0|31|22|2|3|18|16|25|20|15|14|9|26|27|1|19|24|5|29|23|33|8|11|32|28|6|4|21|7|10|17|13|30|12|
Overall Best: 0.8661 Generation: 0
length: 34.0
feature_occurency: [50, 50, 50, 50, 50, 50, 50, 50, 50, 50, 50, 50, 50, 50, 50, 50, 50, 50, 50, 50, 50, 50, 50, 50, 50, 50, 50, 50, 50, 50, 50, 50, 50, 50]

Generation 28
Average: 0.8661 Best: 0.8661
Best Individual: 
C0 10|16|29|13|2|20|22|28|33|23|14|9|26|27|4|21|1|7|8|30|24|5|3|12|31|17|18|19|25|32|11|0|15|6|
Overall Best: 0.8661 Generation: 0
length: 34.0
feature_occurency: [50, 50, 50, 50, 50, 50, 50, 50, 50, 50, 50, 50, 50, 50, 50, 50, 50, 50, 50, 50, 50, 50, 50, 50, 50, 50, 50, 50, 50, 50, 50, 50, 50, 50]

Generation 29
Average: 0.8661 Best: 0.8661
Best Individual: 
C0 0|17|3|28|6|2|20|10|14|11|22|9|30|27|18|21|1|7|8|26|24|23|12|13|16|4|19|5|32|15|31|33|29|25|
Overall Best: 0.8661 Generation: 0
length: 34.0
feature_occurency: [50, 50, 50, 50, 50, 50, 50, 50, 50, 50, 50, 50, 50, 50, 50, 50, 50, 50, 50, 50, 50, 50, 50, 50, 50, 50, 50, 50, 50, 50, 50, 50, 50, 50]

Generation 30
Average: 0.8661 Best: 0.8661
Best Individual: 
C0 5|17|13|28|6|2|23|27|14|31|22|9|30|10|18|20|21|16|8|4|7|3|0|24|19|29|11|1|26|25|33|15|32|12|
Overall Best: 0.8661 Generation: 0
length: 34.0
feature_occurency: [50, 50, 50, 50, 50, 50, 50, 50, 50, 50, 50, 50, 50, 50, 50, 50, 50, 50, 50, 50, 50, 50, 50, 50, 50, 50, 50, 50, 50, 50, 50, 50, 50, 50]

Generation 31
Average: 0.8661 Best: 0.8661
Best Individual: 
C0 24|29|4|25|7|0|1|30|8|12|28|33|13|10|2|5|31|32|14|19|3|21|26|20|6|18|27|11|22|16|9|15|23|17|
Overall Best: 0.8661 Generation: 0
length: 34.0
feature_occurency: [50, 50, 50, 50, 50, 50, 50, 50, 50, 50, 50, 50, 50, 50, 50, 50, 50, 50, 50, 50, 50, 50, 50, 50, 50, 50, 50, 50, 50, 50, 50, 50, 50, 50]

Generation 32
Average: 0.8661 Best: 0.8661
Best Individual: 
C0 29|7|0|17|24|1|25|30|27|12|6|33|13|10|2|5|31|32|14|19|3|21|26|20|28|18|15|11|22|16|9|23|8|4|
Overall Best: 0.8661 Generation: 0
length: 34.0
feature_occurency: [50, 50, 50, 50, 50, 50, 50, 50, 50, 50, 50, 50, 50, 50, 50, 50, 50, 50, 50, 50, 50, 50, 50, 50, 50, 50, 50, 50, 50, 50, 50, 50, 50, 50]

Generation 33
Average: 0.8661 Best: 0.8661
Best Individual: 
C0 13|2|6|31|26|1|25|21|10|24|29|30|8|22|20|23|11|32|3|16|33|12|0|17|9|14|18|28|27|19|15|7|4|5|
Overall Best: 0.8661 Generation: 0
length: 34.0
feature_occurency: [50, 50, 50, 50, 50, 50, 50, 50, 50, 50, 50, 50, 50, 50, 50, 50, 50, 50, 50, 50, 50, 50, 50, 50, 50, 50, 50, 50, 50, 50, 50, 50, 50, 50]

Generation 34
Average: 0.8661 Best: 0.8661
Best Individual: 
C0 0|2|15|25|26|18|12|31|6|10|16|9|8|22|14|23|20|32|29|28|33|17|30|3|19|1|4|21|7|24|11|13|27|5|
Overall Best: 0.8661 Generation: 0
length: 34.0
feature_occurency: [50, 50, 50, 50, 50, 50, 50, 50, 50, 50, 50, 50, 50, 50, 50, 50, 50, 50, 50, 50, 50, 50, 50, 50, 50, 50, 50, 50, 50, 50, 50, 50, 50, 50]

Generation 35
Average: 0.8661 Best: 0.8661
Best Individual: 
C0 2|22|23|30|12|15|6|17|32|5|16|4|0|33|26|9|29|7|19|21|8|3|11|13|10|18|24|27|28|1|31|20|14|25|
Overall Best: 0.8661 Generation: 0
length: 34.0
feature_occurency: [50, 50, 50, 50, 50, 50, 50, 50, 50, 50, 50, 50, 50, 50, 50, 50, 50, 50, 50, 50, 50, 50, 50, 50, 50, 50, 50, 50, 50, 50, 50, 50, 50, 50]

Generation 36
Average: 0.8661 Best: 0.8661
Best Individual: 
C0 14|7|0|17|13|21|15|23|19|12|11|1|25|24|2|9|3|8|6|27|5|33|26|31|10|30|16|29|28|22|20|18|32|4|
Overall Best: 0.8661 Generation: 0
length: 34.0
feature_occurency: [50, 50, 50, 50, 50, 50, 50, 50, 50, 50, 50, 50, 50, 50, 50, 50, 50, 50, 50, 50, 50, 50, 50, 50, 50, 50, 50, 50, 50, 50, 50, 50, 50, 50]

Generation 37
Average: 0.8661 Best: 0.8661
Best Individual: 
C0 8|23|5|30|15|24|29|27|0|9|26|1|25|4|20|32|6|3|31|22|10|21|33|14|16|2|13|7|11|28|19|12|17|18|
Overall Best: 0.8661 Generation: 0
length: 34.0
feature_occurency: [50, 50, 50, 50, 50, 50, 50, 50, 50, 50, 50, 50, 50, 50, 50, 50, 50, 50, 50, 50, 50, 50, 50, 50, 50, 50, 50, 50, 50, 50, 50, 50, 50, 50]

Generation 38
Average: 0.8661 Best: 0.8661
Best Individual: 
C0 8|23|11|30|6|24|22|14|20|5|10|27|33|32|7|28|16|31|12|29|3|0|19|13|25|15|9|17|2|4|26|21|1|18|
Overall Best: 0.8661 Generation: 0
length: 34.0
feature_occurency: [50, 50, 50, 50, 50, 50, 50, 50, 50, 50, 50, 50, 50, 50, 50, 50, 50, 50, 50, 50, 50, 50, 50, 50, 50, 50, 50, 50, 50, 50, 50, 50, 50, 50]

Generation 39
Average: 0.8661 Best: 0.8661
Best Individual: 
C0 21|8|31|22|26|15|7|28|1|32|24|30|2|25|0|14|27|9|19|6|13|10|3|5|16|23|17|33|11|18|4|29|20|12|
Overall Best: 0.8661 Generation: 0
length: 34.0
feature_occurency: [50, 50, 50, 50, 50, 50, 50, 50, 50, 50, 50, 50, 50, 50, 50, 50, 50, 50, 50, 50, 50, 50, 50, 50, 50, 50, 50, 50, 50, 50, 50, 50, 50, 50]

Generation 40
Average: 0.8661 Best: 0.8661
Best Individual: 
C0 1|21|10|3|5|18|17|12|23|9|7|16|32|15|27|22|8|13|33|4|11|28|0|31|29|14|26|30|24|19|20|6|2|25|
Overall Best: 0.8661 Generation: 0
length: 34.0
feature_occurency: [50, 50, 50, 50, 50, 50, 50, 50, 50, 50, 50, 50, 50, 50, 50, 50, 50, 50, 50, 50, 50, 50, 50, 50, 50, 50, 50, 50, 50, 50, 50, 50, 50, 50]

Generation 41
Average: 0.8661 Best: 0.8661
Best Individual: 
C0 8|7|21|0|6|15|14|16|1|2|24|30|32|25|28|22|33|31|12|20|9|10|19|13|29|27|3|17|26|4|5|11|23|18|
Overall Best: 0.8661 Generation: 0
length: 34.0
feature_occurency: [50, 50, 50, 50, 50, 50, 50, 50, 50, 50, 50, 50, 50, 50, 50, 50, 50, 50, 50, 50, 50, 50, 50, 50, 50, 50, 50, 50, 50, 50, 50, 50, 50, 50]

Generation 42
Average: 0.8661 Best: 0.8661
Best Individual: 
C0 21|8|7|0|18|2|6|5|1|25|24|9|32|23|28|22|33|31|12|20|30|10|19|13|29|27|3|17|26|4|16|11|14|15|
Overall Best: 0.8661 Generation: 0
length: 34.0
feature_occurency: [50, 50, 50, 50, 50, 50, 50, 50, 50, 50, 50, 50, 50, 50, 50, 50, 50, 50, 50, 50, 50, 50, 50, 50, 50, 50, 50, 50, 50, 50, 50, 50, 50, 50]

Generation 43
Average: 0.8661 Best: 0.8661
Best Individual: 
C0 17|6|29|13|3|4|14|27|1|25|24|9|32|10|28|22|33|31|12|15|30|23|19|7|11|18|20|0|21|8|2|5|26|16|
Overall Best: 0.8661 Generation: 0
length: 34.0
feature_occurency: [50, 50, 50, 50, 50, 50, 50, 50, 50, 50, 50, 50, 50, 50, 50, 50, 50, 50, 50, 50, 50, 50, 50, 50, 50, 50, 50, 50, 50, 50, 50, 50, 50, 50]

Generation 44
Average: 0.8661 Best: 0.8661
Best Individual: 
C0 7|30|31|13|23|17|22|19|15|2|26|4|20|29|32|14|10|11|9|6|12|33|16|5|1|3|21|25|24|8|27|18|0|28|
Overall Best: 0.8661 Generation: 0
length: 34.0
feature_occurency: [50, 50, 50, 50, 50, 50, 50, 50, 50, 50, 50, 50, 50, 50, 50, 50, 50, 50, 50, 50, 50, 50, 50, 50, 50, 50, 50, 50, 50, 50, 50, 50, 50, 50]

Generation 45
Average: 0.8661 Best: 0.8661
Best Individual: 
C0 30|22|19|0|28|31|7|6|13|2|27|4|12|29|32|16|20|11|9|3|10|33|14|5|1|17|21|25|24|8|26|23|15|18|
Overall Best: 0.8661 Generation: 0
length: 34.0
feature_occurency: [50, 50, 50, 50, 50, 50, 50, 50, 50, 50, 50, 50, 50, 50, 50, 50, 50, 50, 50, 50, 50, 50, 50, 50, 50, 50, 50, 50, 50, 50, 50, 50, 50, 50]

Generation 46
Average: 0.8661 Best: 0.8661
Best Individual: 
C0 12|0|29|5|16|2|6|21|1|33|24|7|31|23|28|17|26|14|19|20|30|9|18|27|15|22|3|13|25|8|11|32|4|10|
Overall Best: 0.8661 Generation: 0
length: 34.0
feature_occurency: [50, 50, 50, 50, 50, 50, 50, 50, 50, 50, 50, 50, 50, 50, 50, 50, 50, 50, 50, 50, 50, 50, 50, 50, 50, 50, 50, 50, 50, 50, 50, 50, 50, 50]

Generation 47
Average: 0.8661 Best: 0.8661
Best Individual: 
C0 11|12|15|0|4|2|17|9|19|21|14|8|6|16|26|18|5|28|29|20|27|25|10|24|3|1|13|22|23|7|31|32|30|33|
Overall Best: 0.8661 Generation: 0
length: 34.0
feature_occurency: [50, 50, 50, 50, 50, 50, 50, 50, 50, 50, 50, 50, 50, 50, 50, 50, 50, 50, 50, 50, 50, 50, 50, 50, 50, 50, 50, 50, 50, 50, 50, 50, 50, 50]

Generation 48
Average: 0.8661 Best: 0.8661
Best Individual: 
C0 28|24|1|4|7|32|26|25|6|20|9|29|5|17|31|33|12|3|13|22|16|15|19|2|27|0|23|21|30|8|11|10|14|18|
Overall Best: 0.8661 Generation: 0
length: 34.0
feature_occurency: [50, 50, 50, 50, 50, 50, 50, 50, 50, 50, 50, 50, 50, 50, 50, 50, 50, 50, 50, 50, 50, 50, 50, 50, 50, 50, 50, 50, 50, 50, 50, 50, 50, 50]

Generation 49
Average: 0.8661 Best: 0.8661
Best Individual: 
C0 5|32|33|4|30|25|11|19|17|18|3|22|31|12|20|13|24|7|10|26|27|14|29|16|1|2|23|21|6|28|0|8|15|9|
Overall Best: 0.8661 Generation: 0
==================
    Best individual after 50 generations
    computed in 143.1190 seconds
    304 elements out of 351 correct.
    emerged in generation 0
    with fitness 0.8661
==================

