Starting evolution...
length: 34.0
feature_occurency: [50, 50, 50, 50, 50, 50, 50, 50, 50, 50, 50, 50, 50, 50, 50, 50, 50, 50, 50, 50, 50, 50, 50, 50, 50, 50, 50, 50, 50, 50, 50, 50, 50, 50]

Generation 0
Average: 0.7997 Best: 0.8832
Best Individual: 
C0 4|32|23|33|10|5|0|7|31|9|27|30|20|13|14|6|16|17|18|19|12|21|22|24|1|25|26|11|28|29|15|8|2|3|
Overall Best: 0.8832 Generation: 0
length: 34.0
feature_occurency: [50, 50, 50, 50, 50, 50, 50, 50, 50, 50, 50, 50, 50, 50, 50, 50, 50, 50, 50, 50, 50, 50, 50, 50, 50, 50, 50, 50, 50, 50, 50, 50, 50, 50]

Generation 1
Average: 0.8286 Best: 0.8946
Best Individual: 
C0 17|4|26|3|22|2|28|7|25|9|18|29|32|0|14|15|16|1|11|19|30|12|6|23|24|5|8|27|13|10|20|31|21|33|
Overall Best: 0.8946 Generation: 1
length: 34.0
feature_occurency: [50, 50, 50, 50, 50, 50, 50, 50, 50, 50, 50, 50, 50, 50, 50, 50, 50, 50, 50, 50, 50, 50, 50, 50, 50, 50, 50, 50, 50, 50, 50, 50, 50, 50]

Generation 2
Average: 0.8387 Best: 0.8946
Best Individual: 
C0 17|4|26|3|22|2|28|7|25|9|18|29|32|15|14|0|16|1|31|19|30|12|6|23|24|5|8|27|13|10|20|11|21|33|
Overall Best: 0.8946 Generation: 1
length: 34.0
feature_occurency: [50, 50, 50, 50, 50, 50, 50, 50, 50, 50, 50, 50, 50, 50, 50, 50, 50, 50, 50, 50, 50, 50, 50, 50, 50, 50, 50, 50, 50, 50, 50, 50, 50, 50]

Generation 3
Average: 0.8423 Best: 0.8946
Best Individual: 
C0 17|4|26|3|22|25|28|7|2|9|18|29|32|15|14|0|16|1|31|19|30|12|6|20|24|5|8|27|13|10|23|11|21|33|
Overall Best: 0.8946 Generation: 1
length: 34.0
feature_occurency: [50, 50, 50, 50, 50, 50, 50, 50, 50, 50, 50, 50, 50, 50, 50, 50, 50, 50, 50, 50, 50, 50, 50, 50, 50, 50, 50, 50, 50, 50, 50, 50, 50, 50]

Generation 4
Average: 0.8457 Best: 0.8946
Best Individual: 
C0 5|13|4|29|11|0|20|31|21|7|10|16|14|2|18|32|22|1|24|19|6|30|15|25|26|33|28|27|23|3|8|12|17|9|
Overall Best: 0.8946 Generation: 1
length: 34.0
feature_occurency: [50, 50, 50, 50, 50, 50, 50, 50, 50, 50, 50, 50, 50, 50, 50, 50, 50, 50, 50, 50, 50, 50, 50, 50, 50, 50, 50, 50, 50, 50, 50, 50, 50, 50]

Generation 5
Average: 0.8521 Best: 0.8917
Best Individual: 
C0 11|30|20|19|22|5|4|0|17|9|10|31|28|2|23|15|16|32|18|12|6|8|13|7|25|26|14|29|24|1|33|3|27|21|
Overall Best: 0.8946 Generation: 1
length: 34.0
feature_occurency: [50, 50, 50, 50, 50, 50, 50, 50, 50, 50, 50, 50, 50, 50, 50, 50, 50, 50, 50, 50, 50, 50, 50, 50, 50, 50, 50, 50, 50, 50, 50, 50, 50, 50]

Generation 6
Average: 0.8514 Best: 0.9031
Best Individual: 
C0 2|26|4|30|1|11|28|15|20|9|10|25|31|13|14|0|16|17|3|22|23|12|5|29|18|7|24|27|21|32|8|33|6|19|
Overall Best: 0.9031 Generation: 6
length: 34.0
feature_occurency: [50, 50, 50, 50, 50, 50, 50, 50, 50, 50, 50, 50, 50, 50, 50, 50, 50, 50, 50, 50, 50, 50, 50, 50, 50, 50, 50, 50, 50, 50, 50, 50, 50, 50]

Generation 7
Average: 0.8501 Best: 0.9031
Best Individual: 
C0 2|26|4|30|1|11|28|15|20|10|9|25|31|13|14|0|29|17|3|22|23|12|5|16|18|7|24|27|21|33|8|32|6|19|
Overall Best: 0.9031 Generation: 6
length: 34.0
feature_occurency: [50, 50, 50, 50, 50, 50, 50, 50, 50, 50, 50, 50, 50, 50, 50, 50, 50, 50, 50, 50, 50, 50, 50, 50, 50, 50, 50, 50, 50, 50, 50, 50, 50, 50]

Generation 8
Average: 0.8530 Best: 0.9031
Best Individual: 
C0 2|26|4|12|10|11|5|14|29|31|25|0|21|28|13|18|16|15|23|22|6|33|20|27|19|3|24|32|9|17|8|7|30|1|
Overall Best: 0.9031 Generation: 6
length: 34.0
feature_occurency: [50, 50, 50, 50, 50, 50, 50, 50, 50, 50, 50, 50, 50, 50, 50, 50, 50, 50, 50, 50, 50, 50, 50, 50, 50, 50, 50, 50, 50, 50, 50, 50, 50, 50]

Generation 9
Average: 0.8616 Best: 0.9031
Best Individual: 
C0 2|26|4|12|10|11|5|14|29|24|25|0|21|28|13|18|16|15|23|3|6|33|20|27|19|22|31|32|9|17|8|7|30|1|
Overall Best: 0.9031 Generation: 6
length: 34.0
feature_occurency: [50, 50, 50, 50, 50, 50, 50, 50, 50, 50, 50, 50, 50, 50, 50, 50, 50, 50, 50, 50, 50, 50, 50, 50, 50, 50, 50, 50, 50, 50, 50, 50, 50, 50]

Generation 10
Average: 0.8671 Best: 0.9145
Best Individual: 
C0 12|7|11|16|6|33|8|10|9|18|19|22|5|27|4|28|21|3|20|13|24|17|29|25|32|31|2|0|15|14|30|1|26|23|
Overall Best: 0.9145 Generation: 10
length: 34.0
feature_occurency: [50, 50, 50, 50, 50, 50, 50, 50, 50, 50, 50, 50, 50, 50, 50, 50, 50, 50, 50, 50, 50, 50, 50, 50, 50, 50, 50, 50, 50, 50, 50, 50, 50, 50]

Generation 11
Average: 0.8580 Best: 0.9145
Best Individual: 
C0 12|7|11|16|6|33|13|10|9|18|19|22|5|27|4|28|21|3|20|8|24|17|29|25|32|31|2|0|15|14|30|1|26|23|
Overall Best: 0.9145 Generation: 10
length: 34.0
feature_occurency: [50, 50, 50, 50, 50, 50, 50, 50, 50, 50, 50, 50, 50, 50, 50, 50, 50, 50, 50, 50, 50, 50, 50, 50, 50, 50, 50, 50, 50, 50, 50, 50, 50, 50]

Generation 12
Average: 0.8628 Best: 0.9145
Best Individual: 
C0 12|7|11|16|27|33|13|10|9|18|31|22|5|25|4|28|21|29|20|8|24|15|3|6|32|19|2|0|1|14|30|17|26|23|
Overall Best: 0.9145 Generation: 10
length: 34.0
feature_occurency: [50, 50, 50, 50, 50, 50, 50, 50, 50, 50, 50, 50, 50, 50, 50, 50, 50, 50, 50, 50, 50, 50, 50, 50, 50, 50, 50, 50, 50, 50, 50, 50, 50, 50]

Generation 13
Average: 0.8601 Best: 0.9060
Best Individual: 
C0 13|7|4|0|21|12|25|30|32|19|3|9|22|31|1|5|26|6|23|16|33|18|8|17|14|24|2|11|28|29|15|20|27|10|
Overall Best: 0.9145 Generation: 10
length: 34.0
feature_occurency: [50, 50, 50, 50, 50, 50, 50, 50, 50, 50, 50, 50, 50, 50, 50, 50, 50, 50, 50, 50, 50, 50, 50, 50, 50, 50, 50, 50, 50, 50, 50, 50, 50, 50]

Generation 14
Average: 0.8582 Best: 0.9060
Best Individual: 
C0 13|7|4|0|21|12|25|30|32|19|3|9|24|31|1|5|26|6|23|16|33|18|8|17|14|22|2|11|28|29|15|20|27|10|
Overall Best: 0.9145 Generation: 10
length: 34.0
feature_occurency: [50, 50, 50, 50, 50, 50, 50, 50, 50, 50, 50, 50, 50, 50, 50, 50, 50, 50, 50, 50, 50, 50, 50, 50, 50, 50, 50, 50, 50, 50, 50, 50, 50, 50]

Generation 15
Average: 0.8648 Best: 0.9031
Best Individual: 
C0 2|26|4|15|10|32|30|28|12|24|23|16|25|17|14|29|19|0|6|22|27|20|5|33|9|21|8|3|11|1|18|13|7|31|
Overall Best: 0.9145 Generation: 10
length: 34.0
feature_occurency: [50, 50, 50, 50, 50, 50, 50, 50, 50, 50, 50, 50, 50, 50, 50, 50, 50, 50, 50, 50, 50, 50, 50, 50, 50, 50, 50, 50, 50, 50, 50, 50, 50, 50]

Generation 16
Average: 0.8585 Best: 0.9031
Best Individual: 
C0 2|26|4|15|10|33|30|28|12|24|23|16|25|17|14|29|19|0|6|22|27|20|5|32|9|21|8|3|11|1|18|13|7|31|
Overall Best: 0.9145 Generation: 10
length: 34.0
feature_occurency: [50, 50, 50, 50, 50, 50, 50, 50, 50, 50, 50, 50, 50, 50, 50, 50, 50, 50, 50, 50, 50, 50, 50, 50, 50, 50, 50, 50, 50, 50, 50, 50, 50, 50]

Generation 17
Average: 0.8545 Best: 0.9031
Best Individual: 
C0 6|23|7|1|4|20|27|25|30|24|18|16|31|5|13|32|29|11|10|26|17|12|19|0|33|2|28|21|3|14|22|8|15|9|
Overall Best: 0.9145 Generation: 10
length: 34.0
feature_occurency: [50, 50, 50, 50, 50, 50, 50, 50, 50, 50, 50, 50, 50, 50, 50, 50, 50, 50, 50, 50, 50, 50, 50, 50, 50, 50, 50, 50, 50, 50, 50, 50, 50, 50]

Generation 18
Average: 0.8607 Best: 0.9031
Best Individual: 
C0 2|26|4|15|30|33|19|28|12|24|23|16|13|0|10|18|14|17|6|22|27|20|5|32|9|21|8|3|11|1|29|25|7|31|
Overall Best: 0.9145 Generation: 10
length: 34.0
feature_occurency: [50, 50, 50, 50, 50, 50, 50, 50, 50, 50, 50, 50, 50, 50, 50, 50, 50, 50, 50, 50, 50, 50, 50, 50, 50, 50, 50, 50, 50, 50, 50, 50, 50, 50]

Generation 19
Average: 0.8586 Best: 0.9031
Best Individual: 
C0 26|2|4|23|24|11|8|3|21|27|22|16|20|18|7|14|1|13|28|15|32|29|5|33|25|17|9|19|10|6|30|12|0|31|
Overall Best: 0.9145 Generation: 10
length: 34.0
feature_occurency: [50, 50, 50, 50, 50, 50, 50, 50, 50, 50, 50, 50, 50, 50, 50, 50, 50, 50, 50, 50, 50, 50, 50, 50, 50, 50, 50, 50, 50, 50, 50, 50, 50, 50]

Generation 20
Average: 0.8497 Best: 0.9031
Best Individual: 
C0 2|4|26|27|24|14|20|5|15|28|33|31|0|11|8|17|6|13|10|30|12|23|1|32|25|7|16|21|3|29|18|22|9|19|
Overall Best: 0.9145 Generation: 10
length: 34.0
feature_occurency: [50, 50, 50, 50, 50, 50, 50, 50, 50, 50, 50, 50, 50, 50, 50, 50, 50, 50, 50, 50, 50, 50, 50, 50, 50, 50, 50, 50, 50, 50, 50, 50, 50, 50]

Generation 21
Average: 0.8498 Best: 0.9031
Best Individual: 
C0 26|2|4|15|21|11|8|3|19|27|22|16|25|18|7|14|1|13|28|23|24|29|5|9|0|32|12|17|10|6|30|33|20|31|
Overall Best: 0.9145 Generation: 10
length: 34.0
feature_occurency: [50, 50, 50, 50, 50, 50, 50, 50, 50, 50, 50, 50, 50, 50, 50, 50, 50, 50, 50, 50, 50, 50, 50, 50, 50, 50, 50, 50, 50, 50, 50, 50, 50, 50]

Generation 22
Average: 0.8513 Best: 0.9031
Best Individual: 
C0 26|2|4|32|24|11|5|3|12|27|22|25|28|18|7|14|1|13|9|6|15|17|8|16|10|23|0|30|19|20|29|33|21|31|
Overall Best: 0.9145 Generation: 10
length: 34.0
feature_occurency: [50, 50, 50, 50, 50, 50, 50, 50, 50, 50, 50, 50, 50, 50, 50, 50, 50, 50, 50, 50, 50, 50, 50, 50, 50, 50, 50, 50, 50, 50, 50, 50, 50, 50]

Generation 23
Average: 0.8558 Best: 0.9031
Best Individual: 
C0 26|2|4|32|15|11|10|3|12|27|22|25|28|18|7|14|1|13|9|6|24|17|8|16|5|23|0|30|19|20|29|33|21|31|
Overall Best: 0.9145 Generation: 10
length: 34.0
feature_occurency: [50, 50, 50, 50, 50, 50, 50, 50, 50, 50, 50, 50, 50, 50, 50, 50, 50, 50, 50, 50, 50, 50, 50, 50, 50, 50, 50, 50, 50, 50, 50, 50, 50, 50]

Generation 24
Average: 0.8598 Best: 0.9145
Best Individual: 
C0 12|11|7|19|6|32|30|18|17|15|16|28|9|1|13|23|24|33|2|20|29|22|0|4|25|10|8|3|21|27|31|14|5|26|
Overall Best: 0.9145 Generation: 10
length: 34.0
feature_occurency: [50, 50, 50, 50, 50, 50, 50, 50, 50, 50, 50, 50, 50, 50, 50, 50, 50, 50, 50, 50, 50, 50, 50, 50, 50, 50, 50, 50, 50, 50, 50, 50, 50, 50]

Generation 25
Average: 0.8602 Best: 0.9145
Best Individual: 
C0 12|11|7|25|26|4|28|16|21|14|17|2|9|32|13|15|24|33|6|20|29|22|0|1|19|10|8|3|30|27|31|23|5|18|
Overall Best: 0.9145 Generation: 10
length: 34.0
feature_occurency: [50, 50, 50, 50, 50, 50, 50, 50, 50, 50, 50, 50, 50, 50, 50, 50, 50, 50, 50, 50, 50, 50, 50, 50, 50, 50, 50, 50, 50, 50, 50, 50, 50, 50]

Generation 26
Average: 0.8577 Best: 0.9145
Best Individual: 
C0 12|11|7|25|31|4|28|16|21|14|20|2|9|32|5|15|24|23|6|17|18|3|8|27|19|10|0|30|22|1|29|33|13|26|
Overall Best: 0.9145 Generation: 10
length: 34.0
feature_occurency: [50, 50, 50, 50, 50, 50, 50, 50, 50, 50, 50, 50, 50, 50, 50, 50, 50, 50, 50, 50, 50, 50, 50, 50, 50, 50, 50, 50, 50, 50, 50, 50, 50, 50]

Generation 27
Average: 0.8671 Best: 0.9145
Best Individual: 
C0 12|11|7|25|31|6|28|16|21|14|20|2|17|32|13|15|24|23|4|9|18|3|8|27|19|10|0|30|22|1|29|33|5|26|
Overall Best: 0.9145 Generation: 10
length: 34.0
feature_occurency: [50, 50, 50, 50, 50, 50, 50, 50, 50, 50, 50, 50, 50, 50, 50, 50, 50, 50, 50, 50, 50, 50, 50, 50, 50, 50, 50, 50, 50, 50, 50, 50, 50, 50]

Generation 28
Average: 0.8715 Best: 0.9145
Best Individual: 
C0 12|11|7|25|31|6|26|2|21|15|28|16|29|9|3|19|27|10|8|1|32|24|20|13|14|23|0|30|22|18|33|17|5|4|
Overall Best: 0.9145 Generation: 10
length: 34.0
feature_occurency: [50, 50, 50, 50, 50, 50, 50, 50, 50, 50, 50, 50, 50, 50, 50, 50, 50, 50, 50, 50, 50, 50, 50, 50, 50, 50, 50, 50, 50, 50, 50, 50, 50, 50]

Generation 29
Average: 0.8652 Best: 0.9145
Best Individual: 
C0 12|11|7|18|15|32|24|3|5|31|13|19|22|10|1|30|2|16|25|4|27|6|14|17|23|0|9|20|21|8|29|33|26|28|
Overall Best: 0.9145 Generation: 10
length: 34.0
feature_occurency: [50, 50, 50, 50, 50, 50, 50, 50, 50, 50, 50, 50, 50, 50, 50, 50, 50, 50, 50, 50, 50, 50, 50, 50, 50, 50, 50, 50, 50, 50, 50, 50, 50, 50]

Generation 30
Average: 0.8613 Best: 0.9145
Best Individual: 
C0 11|7|12|30|16|5|25|4|28|14|20|26|15|32|21|9|24|23|31|3|18|17|8|27|19|10|0|1|29|2|33|22|13|6|
Overall Best: 0.9145 Generation: 10
length: 34.0
feature_occurency: [50, 50, 50, 50, 50, 50, 50, 50, 50, 50, 50, 50, 50, 50, 50, 50, 50, 50, 50, 50, 50, 50, 50, 50, 50, 50, 50, 50, 50, 50, 50, 50, 50, 50]

Generation 31
Average: 0.8659 Best: 0.9145
Best Individual: 
C0 11|7|12|24|16|5|17|4|28|14|20|8|15|10|21|31|19|25|9|33|22|23|26|27|30|32|0|1|29|2|13|18|3|6|
Overall Best: 0.9145 Generation: 10
length: 34.0
feature_occurency: [50, 50, 50, 50, 50, 50, 50, 50, 50, 50, 50, 50, 50, 50, 50, 50, 50, 50, 50, 50, 50, 50, 50, 50, 50, 50, 50, 50, 50, 50, 50, 50, 50, 50]

Generation 32
Average: 0.8682 Best: 0.9145
Best Individual: 
C0 11|7|12|24|16|8|23|4|28|14|20|25|15|10|21|31|19|5|9|33|22|17|26|27|30|32|0|1|29|2|13|18|3|6|
Overall Best: 0.9145 Generation: 10
length: 34.0
feature_occurency: [50, 50, 50, 50, 50, 50, 50, 50, 50, 50, 50, 50, 50, 50, 50, 50, 50, 50, 50, 50, 50, 50, 50, 50, 50, 50, 50, 50, 50, 50, 50, 50, 50, 50]

Generation 33
Average: 0.8624 Best: 0.9145
Best Individual: 
C0 11|7|12|24|16|8|23|4|28|14|20|25|15|10|21|31|19|17|9|33|22|5|26|27|30|32|0|1|29|2|13|18|3|6|
Overall Best: 0.9145 Generation: 10
length: 34.0
feature_occurency: [50, 50, 50, 50, 50, 50, 50, 50, 50, 50, 50, 50, 50, 50, 50, 50, 50, 50, 50, 50, 50, 50, 50, 50, 50, 50, 50, 50, 50, 50, 50, 50, 50, 50]

Generation 34
Average: 0.8570 Best: 0.9145
Best Individual: 
C0 11|7|12|22|16|8|23|4|28|9|20|25|15|10|0|31|19|21|14|33|24|5|26|27|30|32|17|1|29|2|13|18|3|6|
Overall Best: 0.9145 Generation: 10
length: 34.0
feature_occurency: [50, 50, 50, 50, 50, 50, 50, 50, 50, 50, 50, 50, 50, 50, 50, 50, 50, 50, 50, 50, 50, 50, 50, 50, 50, 50, 50, 50, 50, 50, 50, 50, 50, 50]

Generation 35
Average: 0.8644 Best: 0.9060
Best Individual: 
C0 7|11|6|13|12|16|26|33|24|3|2|14|0|29|15|10|27|28|25|32|18|17|22|1|30|5|4|8|19|23|31|21|20|9|
Overall Best: 0.9145 Generation: 10
length: 34.0
feature_occurency: [50, 50, 50, 50, 50, 50, 50, 50, 50, 50, 50, 50, 50, 50, 50, 50, 50, 50, 50, 50, 50, 50, 50, 50, 50, 50, 50, 50, 50, 50, 50, 50, 50, 50]

Generation 36
Average: 0.8603 Best: 0.9145
Best Individual: 
C0 12|11|7|14|22|17|28|10|16|27|3|23|33|0|5|2|20|18|25|8|6|13|31|4|21|1|24|19|9|30|26|29|15|32|
Overall Best: 0.9145 Generation: 10
length: 34.0
feature_occurency: [50, 50, 50, 50, 50, 50, 50, 50, 50, 50, 50, 50, 50, 50, 50, 50, 50, 50, 50, 50, 50, 50, 50, 50, 50, 50, 50, 50, 50, 50, 50, 50, 50, 50]

Generation 37
Average: 0.8543 Best: 0.9145
Best Individual: 
C0 12|11|7|4|16|13|28|10|6|27|14|23|25|0|5|2|20|18|33|8|22|17|19|3|21|1|24|31|9|30|26|29|15|32|
Overall Best: 0.9145 Generation: 10
length: 34.0
feature_occurency: [50, 50, 50, 50, 50, 50, 50, 50, 50, 50, 50, 50, 50, 50, 50, 50, 50, 50, 50, 50, 50, 50, 50, 50, 50, 50, 50, 50, 50, 50, 50, 50, 50, 50]

Generation 38
Average: 0.8654 Best: 0.9145
Best Individual: 
C0 11|12|7|4|14|2|32|29|28|27|9|1|21|10|25|3|19|0|16|33|24|5|26|23|31|17|13|18|30|8|20|15|22|6|
Overall Best: 0.9145 Generation: 10
length: 34.0
feature_occurency: [50, 50, 50, 50, 50, 50, 50, 50, 50, 50, 50, 50, 50, 50, 50, 50, 50, 50, 50, 50, 50, 50, 50, 50, 50, 50, 50, 50, 50, 50, 50, 50, 50, 50]

Generation 39
Average: 0.8652 Best: 0.9145
Best Individual: 
C0 11|7|12|4|23|6|32|28|31|33|9|1|16|10|13|8|19|0|21|14|24|5|26|27|29|17|25|18|30|3|20|15|22|2|
Overall Best: 0.9145 Generation: 10
length: 34.0
feature_occurency: [50, 50, 50, 50, 50, 50, 50, 50, 50, 50, 50, 50, 50, 50, 50, 50, 50, 50, 50, 50, 50, 50, 50, 50, 50, 50, 50, 50, 50, 50, 50, 50, 50, 50]

Generation 40
Average: 0.8604 Best: 0.9145
Best Individual: 
C0 12|11|7|4|6|13|14|16|24|27|28|23|25|0|9|2|8|26|33|20|22|17|19|3|1|21|10|15|5|29|18|30|31|32|
Overall Best: 0.9145 Generation: 10
length: 34.0
feature_occurency: [50, 50, 50, 50, 50, 50, 50, 50, 50, 50, 50, 50, 50, 50, 50, 50, 50, 50, 50, 50, 50, 50, 50, 50, 50, 50, 50, 50, 50, 50, 50, 50, 50, 50]

Generation 41
Average: 0.8560 Best: 0.9088
Best Individual: 
C0 31|30|4|33|22|23|0|16|27|21|28|1|25|11|13|17|24|29|20|14|19|15|3|8|32|7|12|9|6|2|26|5|18|10|
Overall Best: 0.9145 Generation: 10
length: 34.0
feature_occurency: [50, 50, 50, 50, 50, 50, 50, 50, 50, 50, 50, 50, 50, 50, 50, 50, 50, 50, 50, 50, 50, 50, 50, 50, 50, 50, 50, 50, 50, 50, 50, 50, 50, 50]

Generation 42
Average: 0.8617 Best: 0.8946
Best Individual: 
C0 5|10|4|28|27|0|11|20|23|6|3|21|16|7|26|8|32|29|24|9|2|31|25|33|1|30|12|18|14|17|22|15|13|19|
Overall Best: 0.9145 Generation: 10
length: 34.0
feature_occurency: [50, 50, 50, 50, 50, 50, 50, 50, 50, 50, 50, 50, 50, 50, 50, 50, 50, 50, 50, 50, 50, 50, 50, 50, 50, 50, 50, 50, 50, 50, 50, 50, 50, 50]

Generation 43
Average: 0.8557 Best: 0.9145
Best Individual: 
C0 12|11|7|4|6|13|15|23|24|27|14|16|28|17|25|9|8|26|33|20|21|0|19|3|1|29|10|2|5|22|18|30|31|32|
Overall Best: 0.9145 Generation: 10
length: 34.0
feature_occurency: [50, 50, 50, 50, 50, 50, 50, 50, 50, 50, 50, 50, 50, 50, 50, 50, 50, 50, 50, 50, 50, 50, 50, 50, 50, 50, 50, 50, 50, 50, 50, 50, 50, 50]

Generation 44
Average: 0.8470 Best: 0.9031
Best Individual: 
C0 11|7|22|12|1|23|33|5|9|13|32|30|29|19|15|2|24|28|20|17|4|6|25|8|16|21|0|31|26|18|10|14|27|3|
Overall Best: 0.9145 Generation: 10
length: 34.0
feature_occurency: [50, 50, 50, 50, 50, 50, 50, 50, 50, 50, 50, 50, 50, 50, 50, 50, 50, 50, 50, 50, 50, 50, 50, 50, 50, 50, 50, 50, 50, 50, 50, 50, 50, 50]

Generation 45
Average: 0.8553 Best: 0.9060
Best Individual: 
C0 11|7|6|29|14|23|33|31|28|20|32|24|12|25|13|18|16|26|10|9|2|27|5|15|1|21|30|19|17|4|8|0|22|3|
Overall Best: 0.9145 Generation: 10
length: 34.0
feature_occurency: [50, 50, 50, 50, 50, 50, 50, 50, 50, 50, 50, 50, 50, 50, 50, 50, 50, 50, 50, 50, 50, 50, 50, 50, 50, 50, 50, 50, 50, 50, 50, 50, 50, 50]

Generation 46
Average: 0.8534 Best: 0.9060
Best Individual: 
C0 11|7|6|29|14|1|8|31|28|20|32|24|12|25|13|3|10|26|16|9|2|27|5|15|19|21|30|23|17|4|33|0|22|18|
Overall Best: 0.9145 Generation: 10
length: 34.0
feature_occurency: [50, 50, 50, 50, 50, 50, 50, 50, 50, 50, 50, 50, 50, 50, 50, 50, 50, 50, 50, 50, 50, 50, 50, 50, 50, 50, 50, 50, 50, 50, 50, 50, 50, 50]

Generation 47
Average: 0.8609 Best: 0.9031
Best Individual: 
C0 23|7|6|33|19|13|4|28|22|20|12|16|31|15|17|2|14|26|18|0|10|5|1|30|3|8|11|29|27|25|21|24|9|32|
Overall Best: 0.9145 Generation: 10
length: 34.0
feature_occurency: [50, 50, 50, 50, 50, 50, 50, 50, 50, 50, 50, 50, 50, 50, 50, 50, 50, 50, 50, 50, 50, 50, 50, 50, 50, 50, 50, 50, 50, 50, 50, 50, 50, 50]

Generation 48
Average: 0.8488 Best: 0.9031
Best Individual: 
C0 4|7|22|8|31|13|0|9|32|21|2|6|18|30|16|17|24|23|33|28|20|3|1|14|10|12|5|27|29|11|25|19|26|15|
Overall Best: 0.9145 Generation: 10
length: 34.0
feature_occurency: [50, 50, 50, 50, 50, 50, 50, 50, 50, 50, 50, 50, 50, 50, 50, 50, 50, 50, 50, 50, 50, 50, 50, 50, 50, 50, 50, 50, 50, 50, 50, 50, 50, 50]

Generation 49
Average: 0.8561 Best: 0.9117
Best Individual: 
C0 4|7|5|8|31|13|0|9|32|25|2|6|18|30|16|17|24|23|33|28|20|3|1|14|10|12|22|27|29|11|21|19|26|15|
Overall Best: 0.9145 Generation: 10
==================
    Best individual after 50 generations
    computed in 101.0420 seconds
    321 elements out of 351 correct.
    emerged in generation 10
    with fitness 0.9145
==================

