Starting evolution...
length: 34.0
feature_occurency: [50, 50, 50, 50, 50, 50, 50, 50, 50, 50, 50, 50, 50, 50, 50, 50, 50, 50, 50, 50, 50, 50, 50, 50, 50, 50, 50, 50, 50, 50, 50, 50, 50, 50]

Generation 0
Average: 0.8786 Best: 0.9259
Best Individual: 
C0 0|33|15|23|4|10|28|3|30|19|21|11|12|13|25|6|16|17|2|14|20|18|22|1|24|9|26|7|27|29|8|31|32|5|
Overall Best: 0.9259 Generation: 0
length: 34.0
feature_occurency: [50, 50, 50, 50, 50, 50, 50, 50, 50, 50, 50, 50, 50, 50, 50, 50, 50, 50, 50, 50, 50, 50, 50, 50, 50, 50, 50, 50, 50, 50, 50, 50, 50, 50]

Generation 1
Average: 0.8827 Best: 0.9259
Best Individual: 
C0 0|33|18|23|4|10|28|3|30|19|21|11|12|13|25|6|16|24|2|1|20|15|22|7|29|14|8|31|5|32|26|9|17|27|
Overall Best: 0.9259 Generation: 0
length: 34.0
feature_occurency: [50, 50, 50, 50, 50, 50, 50, 50, 50, 50, 50, 50, 50, 50, 50, 50, 50, 50, 50, 50, 50, 50, 50, 50, 50, 50, 50, 50, 50, 50, 50, 50, 50, 50]

Generation 2
Average: 0.8867 Best: 0.9373
Best Individual: 
C0 28|19|26|12|4|3|6|7|20|29|31|27|5|13|14|33|10|16|2|17|8|21|22|9|24|25|18|23|30|15|11|0|32|1|
Overall Best: 0.9373 Generation: 2
length: 34.0
feature_occurency: [50, 50, 50, 50, 50, 50, 50, 50, 50, 50, 50, 50, 50, 50, 50, 50, 50, 50, 50, 50, 50, 50, 50, 50, 50, 50, 50, 50, 50, 50, 50, 50, 50, 50]

Generation 3
Average: 0.8913 Best: 0.9345
Best Individual: 
C0 0|23|8|7|4|5|26|32|25|10|22|19|2|6|14|15|3|17|16|11|20|12|9|13|31|24|28|29|27|1|18|21|30|33|
Overall Best: 0.9373 Generation: 2
length: 34.0
feature_occurency: [50, 50, 50, 50, 50, 50, 50, 50, 50, 50, 50, 50, 50, 50, 50, 50, 50, 50, 50, 50, 50, 50, 50, 50, 50, 50, 50, 50, 50, 50, 50, 50, 50, 50]

Generation 4
Average: 0.8903 Best: 0.9345
Best Individual: 
C0 0|23|8|7|4|5|26|32|20|27|22|19|2|6|14|15|3|17|16|11|25|12|9|13|31|24|28|29|10|1|18|21|30|33|
Overall Best: 0.9373 Generation: 2
length: 34.0
feature_occurency: [50, 50, 50, 50, 50, 50, 50, 50, 50, 50, 50, 50, 50, 50, 50, 50, 50, 50, 50, 50, 50, 50, 50, 50, 50, 50, 50, 50, 50, 50, 50, 50, 50, 50]

Generation 5
Average: 0.8870 Best: 0.9373
Best Individual: 
C0 0|16|18|23|4|33|22|12|21|32|13|24|10|30|14|17|15|29|2|1|5|19|31|7|11|25|8|6|26|3|20|9|28|27|
Overall Best: 0.9373 Generation: 2
length: 34.0
feature_occurency: [50, 50, 50, 50, 50, 50, 50, 50, 50, 50, 50, 50, 50, 50, 50, 50, 50, 50, 50, 50, 50, 50, 50, 50, 50, 50, 50, 50, 50, 50, 50, 50, 50, 50]

Generation 6
Average: 0.8879 Best: 0.9345
Best Individual: 
C0 0|23|8|7|4|5|26|21|20|19|25|27|22|28|1|33|30|32|2|24|16|29|9|13|31|11|6|12|3|14|18|17|10|15|
Overall Best: 0.9373 Generation: 2
length: 34.0
feature_occurency: [50, 50, 50, 50, 50, 50, 50, 50, 50, 50, 50, 50, 50, 50, 50, 50, 50, 50, 50, 50, 50, 50, 50, 50, 50, 50, 50, 50, 50, 50, 50, 50, 50, 50]

Generation 7
Average: 0.8868 Best: 0.9259
Best Individual: 
C0 0|1|7|23|4|5|26|2|18|28|3|11|6|12|19|15|20|10|29|32|16|17|22|21|13|33|8|14|31|24|30|9|25|27|
Overall Best: 0.9373 Generation: 2
length: 34.0
feature_occurency: [50, 50, 50, 50, 50, 50, 50, 50, 50, 50, 50, 50, 50, 50, 50, 50, 50, 50, 50, 50, 50, 50, 50, 50, 50, 50, 50, 50, 50, 50, 50, 50, 50, 50]

Generation 8
Average: 0.8836 Best: 0.9288
Best Individual: 
C0 0|13|1|26|4|23|22|14|29|9|27|12|2|28|25|31|7|17|18|11|10|19|30|20|8|15|32|3|33|6|5|24|21|16|
Overall Best: 0.9373 Generation: 2
length: 34.0
feature_occurency: [50, 50, 50, 50, 50, 50, 50, 50, 50, 50, 50, 50, 50, 50, 50, 50, 50, 50, 50, 50, 50, 50, 50, 50, 50, 50, 50, 50, 50, 50, 50, 50, 50, 50]

Generation 9
Average: 0.8858 Best: 0.9288
Best Individual: 
C0 0|13|1|26|4|23|22|14|29|24|27|12|2|28|5|31|7|17|18|11|25|16|8|20|30|21|32|15|33|6|10|9|3|19|
Overall Best: 0.9373 Generation: 2
length: 34.0
feature_occurency: [50, 50, 50, 50, 50, 50, 50, 50, 50, 50, 50, 50, 50, 50, 50, 50, 50, 50, 50, 50, 50, 50, 50, 50, 50, 50, 50, 50, 50, 50, 50, 50, 50, 50]

Generation 10
Average: 0.8875 Best: 0.9145
Best Individual: 
C0 2|0|7|26|33|20|10|30|27|1|25|29|16|9|6|17|13|15|14|31|4|22|21|18|3|8|23|5|19|24|32|12|28|11|
Overall Best: 0.9373 Generation: 2
length: 34.0
feature_occurency: [50, 50, 50, 50, 50, 50, 50, 50, 50, 50, 50, 50, 50, 50, 50, 50, 50, 50, 50, 50, 50, 50, 50, 50, 50, 50, 50, 50, 50, 50, 50, 50, 50, 50]

Generation 11
Average: 0.8901 Best: 0.9316
Best Individual: 
C0 0|23|8|7|4|11|26|6|25|3|22|20|2|15|16|24|5|18|19|1|17|10|33|32|12|28|27|21|30|14|9|31|29|13|
Overall Best: 0.9373 Generation: 2
length: 34.0
feature_occurency: [50, 50, 50, 50, 50, 50, 50, 50, 50, 50, 50, 50, 50, 50, 50, 50, 50, 50, 50, 50, 50, 50, 50, 50, 50, 50, 50, 50, 50, 50, 50, 50, 50, 50]

Generation 12
Average: 0.8870 Best: 0.9288
Best Individual: 
C0 8|33|4|0|12|7|26|16|28|15|1|9|17|31|18|21|27|13|30|3|23|5|22|10|11|29|32|19|20|14|25|6|24|2|
Overall Best: 0.9373 Generation: 2
length: 34.0
feature_occurency: [50, 50, 50, 50, 50, 50, 50, 50, 50, 50, 50, 50, 50, 50, 50, 50, 50, 50, 50, 50, 50, 50, 50, 50, 50, 50, 50, 50, 50, 50, 50, 50, 50, 50]

Generation 13
Average: 0.8895 Best: 0.9288
Best Individual: 
C0 8|33|4|0|12|7|26|1|28|15|19|9|17|31|18|21|27|13|30|3|23|5|22|10|11|29|32|16|20|14|25|6|24|2|
Overall Best: 0.9373 Generation: 2
length: 34.0
feature_occurency: [50, 50, 50, 50, 50, 50, 50, 50, 50, 50, 50, 50, 50, 50, 50, 50, 50, 50, 50, 50, 50, 50, 50, 50, 50, 50, 50, 50, 50, 50, 50, 50, 50, 50]

Generation 14
Average: 0.8854 Best: 0.9259
Best Individual: 
C0 8|11|4|0|12|7|26|1|28|9|19|15|17|31|18|21|6|30|13|3|23|5|22|32|33|29|2|16|20|14|25|27|24|10|
Overall Best: 0.9373 Generation: 2
length: 34.0
feature_occurency: [50, 50, 50, 50, 50, 50, 50, 50, 50, 50, 50, 50, 50, 50, 50, 50, 50, 50, 50, 50, 50, 50, 50, 50, 50, 50, 50, 50, 50, 50, 50, 50, 50, 50]

Generation 15
Average: 0.8849 Best: 0.9373
Best Individual: 
C0 0|4|15|19|23|6|21|22|7|12|18|25|33|31|24|14|2|13|30|3|9|1|27|10|11|29|32|8|20|5|28|26|16|17|
Overall Best: 0.9373 Generation: 2
length: 34.0
feature_occurency: [50, 50, 50, 50, 50, 50, 50, 50, 50, 50, 50, 50, 50, 50, 50, 50, 50, 50, 50, 50, 50, 50, 50, 50, 50, 50, 50, 50, 50, 50, 50, 50, 50, 50]

Generation 16
Average: 0.8839 Best: 0.9145
Best Individual: 
C0 32|25|13|15|23|4|7|19|10|21|18|14|2|27|8|5|16|1|24|26|28|3|22|20|33|29|11|9|12|6|31|17|0|30|
Overall Best: 0.9373 Generation: 2
length: 34.0
feature_occurency: [50, 50, 50, 50, 50, 50, 50, 50, 50, 50, 50, 50, 50, 50, 50, 50, 50, 50, 50, 50, 50, 50, 50, 50, 50, 50, 50, 50, 50, 50, 50, 50, 50, 50]

Generation 17
Average: 0.8825 Best: 0.9145
Best Individual: 
C0 32|25|13|15|23|4|7|19|10|21|14|18|2|27|8|5|16|1|24|26|28|3|22|20|33|29|11|9|12|6|31|17|0|30|
Overall Best: 0.9373 Generation: 2
length: 34.0
feature_occurency: [50, 50, 50, 50, 50, 50, 50, 50, 50, 50, 50, 50, 50, 50, 50, 50, 50, 50, 50, 50, 50, 50, 50, 50, 50, 50, 50, 50, 50, 50, 50, 50, 50, 50]

Generation 18
Average: 0.8877 Best: 0.9231
Best Individual: 
C0 10|33|23|20|4|26|7|14|27|25|8|6|1|18|28|21|3|29|13|31|0|17|12|11|32|22|15|30|24|19|16|9|5|2|
Overall Best: 0.9373 Generation: 2
length: 34.0
feature_occurency: [50, 50, 50, 50, 50, 50, 50, 50, 50, 50, 50, 50, 50, 50, 50, 50, 50, 50, 50, 50, 50, 50, 50, 50, 50, 50, 50, 50, 50, 50, 50, 50, 50, 50]

Generation 19
Average: 0.8844 Best: 0.9288
Best Individual: 
C0 5|15|16|13|12|8|10|23|4|19|20|11|1|9|28|2|14|17|18|25|7|3|27|21|30|22|29|26|33|31|0|32|24|6|
Overall Best: 0.9373 Generation: 2
length: 34.0
feature_occurency: [50, 50, 50, 50, 50, 50, 50, 50, 50, 50, 50, 50, 50, 50, 50, 50, 50, 50, 50, 50, 50, 50, 50, 50, 50, 50, 50, 50, 50, 50, 50, 50, 50, 50]

Generation 20
Average: 0.8884 Best: 0.9288
Best Individual: 
C0 10|4|23|20|13|33|15|14|27|25|30|9|0|7|28|21|1|29|24|8|3|11|12|17|32|22|19|31|5|18|26|6|16|2|
Overall Best: 0.9373 Generation: 2
length: 34.0
feature_occurency: [50, 50, 50, 50, 50, 50, 50, 50, 50, 50, 50, 50, 50, 50, 50, 50, 50, 50, 50, 50, 50, 50, 50, 50, 50, 50, 50, 50, 50, 50, 50, 50, 50, 50]

Generation 21
Average: 0.8887 Best: 0.9288
Best Individual: 
C0 0|26|28|9|15|4|22|32|1|3|23|27|11|18|14|21|7|5|20|8|29|33|12|2|16|30|24|31|17|10|25|6|13|19|
Overall Best: 0.9373 Generation: 2
length: 34.0
feature_occurency: [50, 50, 50, 50, 50, 50, 50, 50, 50, 50, 50, 50, 50, 50, 50, 50, 50, 50, 50, 50, 50, 50, 50, 50, 50, 50, 50, 50, 50, 50, 50, 50, 50, 50]

Generation 22
Average: 0.8908 Best: 0.9231
Best Individual: 
C0 5|33|23|20|4|26|18|1|27|25|11|2|14|16|28|21|7|29|9|19|10|3|13|6|30|31|17|12|15|22|0|32|24|8|
Overall Best: 0.9373 Generation: 2
length: 34.0
feature_occurency: [50, 50, 50, 50, 50, 50, 50, 50, 50, 50, 50, 50, 50, 50, 50, 50, 50, 50, 50, 50, 50, 50, 50, 50, 50, 50, 50, 50, 50, 50, 50, 50, 50, 50]

Generation 23
Average: 0.8913 Best: 0.9373
Best Individual: 
C0 6|4|23|7|8|33|5|14|26|25|31|9|0|22|28|21|1|29|13|16|3|11|12|10|2|17|30|19|27|24|18|20|15|32|
Overall Best: 0.9373 Generation: 2
length: 34.0
feature_occurency: [50, 50, 50, 50, 50, 50, 50, 50, 50, 50, 50, 50, 50, 50, 50, 50, 50, 50, 50, 50, 50, 50, 50, 50, 50, 50, 50, 50, 50, 50, 50, 50, 50, 50]

Generation 24
Average: 0.8929 Best: 0.9288
Best Individual: 
C0 33|23|26|20|4|8|18|1|27|25|11|2|14|16|28|21|7|29|9|19|10|3|13|6|30|31|17|5|15|22|0|32|24|12|
Overall Best: 0.9373 Generation: 2
length: 34.0
feature_occurency: [50, 50, 50, 50, 50, 50, 50, 50, 50, 50, 50, 50, 50, 50, 50, 50, 50, 50, 50, 50, 50, 50, 50, 50, 50, 50, 50, 50, 50, 50, 50, 50, 50, 50]

Generation 25
Average: 0.8882 Best: 0.9288
Best Individual: 
C0 33|23|26|20|4|8|18|1|21|11|5|2|14|16|28|27|7|29|9|19|10|3|13|6|30|31|17|25|15|22|0|32|24|12|
Overall Best: 0.9373 Generation: 2
length: 34.0
feature_occurency: [50, 50, 50, 50, 50, 50, 50, 50, 50, 50, 50, 50, 50, 50, 50, 50, 50, 50, 50, 50, 50, 50, 50, 50, 50, 50, 50, 50, 50, 50, 50, 50, 50, 50]

Generation 26
Average: 0.8905 Best: 0.9345
Best Individual: 
C0 23|26|20|1|15|6|31|14|28|3|29|25|11|8|7|18|16|13|22|0|17|2|19|33|32|5|9|30|21|24|27|4|10|12|
Overall Best: 0.9373 Generation: 2
length: 34.0
feature_occurency: [50, 50, 50, 50, 50, 50, 50, 50, 50, 50, 50, 50, 50, 50, 50, 50, 50, 50, 50, 50, 50, 50, 50, 50, 50, 50, 50, 50, 50, 50, 50, 50, 50, 50]

Generation 27
Average: 0.8879 Best: 0.9345
Best Individual: 
C0 23|26|0|15|14|4|10|17|27|28|5|6|33|11|30|16|9|12|22|7|18|2|31|19|3|8|1|25|13|29|24|32|21|20|
Overall Best: 0.9373 Generation: 2
length: 34.0
feature_occurency: [50, 50, 50, 50, 50, 50, 50, 50, 50, 50, 50, 50, 50, 50, 50, 50, 50, 50, 50, 50, 50, 50, 50, 50, 50, 50, 50, 50, 50, 50, 50, 50, 50, 50]

Generation 28
Average: 0.8905 Best: 0.9174
Best Individual: 
C0 33|28|12|26|4|23|22|21|1|2|0|6|11|16|3|17|15|10|31|14|18|29|24|13|30|20|7|25|5|32|9|27|8|19|
Overall Best: 0.9373 Generation: 2
length: 34.0
feature_occurency: [50, 50, 50, 50, 50, 50, 50, 50, 50, 50, 50, 50, 50, 50, 50, 50, 50, 50, 50, 50, 50, 50, 50, 50, 50, 50, 50, 50, 50, 50, 50, 50, 50, 50]

Generation 29
Average: 0.8919 Best: 0.9288
Best Individual: 
C0 26|23|20|15|13|18|14|24|17|19|11|10|4|32|2|3|25|28|31|0|6|5|33|16|1|8|27|9|12|30|7|21|22|29|
Overall Best: 0.9373 Generation: 2
length: 34.0
feature_occurency: [50, 50, 50, 50, 50, 50, 50, 50, 50, 50, 50, 50, 50, 50, 50, 50, 50, 50, 50, 50, 50, 50, 50, 50, 50, 50, 50, 50, 50, 50, 50, 50, 50, 50]

Generation 30
Average: 0.8927 Best: 0.9202
Best Individual: 
C0 20|23|8|19|0|26|13|22|5|6|25|2|31|32|18|27|9|17|14|4|10|30|7|16|1|21|11|24|12|28|33|15|3|29|
Overall Best: 0.9373 Generation: 2
length: 34.0
feature_occurency: [50, 50, 50, 50, 50, 50, 50, 50, 50, 50, 50, 50, 50, 50, 50, 50, 50, 50, 50, 50, 50, 50, 50, 50, 50, 50, 50, 50, 50, 50, 50, 50, 50, 50]

Generation 31
Average: 0.8915 Best: 0.9202
Best Individual: 
C0 20|23|8|19|0|26|13|22|5|6|25|2|31|32|18|27|9|17|4|14|10|30|21|16|1|7|11|24|12|28|33|15|3|29|
Overall Best: 0.9373 Generation: 2
length: 34.0
feature_occurency: [50, 50, 50, 50, 50, 50, 50, 50, 50, 50, 50, 50, 50, 50, 50, 50, 50, 50, 50, 50, 50, 50, 50, 50, 50, 50, 50, 50, 50, 50, 50, 50, 50, 50]

Generation 32
Average: 0.8901 Best: 0.9202
Best Individual: 
C0 32|4|23|1|13|12|20|31|30|25|5|16|15|17|2|3|24|11|14|0|10|8|33|6|26|27|9|28|18|19|7|21|22|29|
Overall Best: 0.9373 Generation: 2
length: 34.0
feature_occurency: [50, 50, 50, 50, 50, 50, 50, 50, 50, 50, 50, 50, 50, 50, 50, 50, 50, 50, 50, 50, 50, 50, 50, 50, 50, 50, 50, 50, 50, 50, 50, 50, 50, 50]

Generation 33
Average: 0.8879 Best: 0.9202
Best Individual: 
C0 18|15|26|13|4|23|8|21|16|2|20|1|25|19|30|5|10|24|33|29|0|28|7|6|22|31|27|32|17|11|9|12|14|3|
Overall Best: 0.9373 Generation: 2
length: 34.0
feature_occurency: [50, 50, 50, 50, 50, 50, 50, 50, 50, 50, 50, 50, 50, 50, 50, 50, 50, 50, 50, 50, 50, 50, 50, 50, 50, 50, 50, 50, 50, 50, 50, 50, 50, 50]

Generation 34
Average: 0.8923 Best: 0.9259
Best Individual: 
C0 23|19|0|11|7|4|10|22|16|20|13|1|25|27|12|3|32|21|31|30|6|18|33|5|8|15|14|2|29|17|28|26|24|9|
Overall Best: 0.9373 Generation: 2
length: 34.0
feature_occurency: [50, 50, 50, 50, 50, 50, 50, 50, 50, 50, 50, 50, 50, 50, 50, 50, 50, 50, 50, 50, 50, 50, 50, 50, 50, 50, 50, 50, 50, 50, 50, 50, 50, 50]

Generation 35
Average: 0.8952 Best: 0.9288
Best Individual: 
C0 23|12|0|11|7|4|18|22|16|20|13|1|25|27|19|3|6|21|31|30|32|10|33|5|8|15|14|2|29|17|28|26|24|9|
Overall Best: 0.9373 Generation: 2
length: 34.0
feature_occurency: [50, 50, 50, 50, 50, 50, 50, 50, 50, 50, 50, 50, 50, 50, 50, 50, 50, 50, 50, 50, 50, 50, 50, 50, 50, 50, 50, 50, 50, 50, 50, 50, 50, 50]

Generation 36
Average: 0.8930 Best: 0.9316
Best Individual: 
C0 22|8|15|23|1|4|26|25|0|31|13|12|2|28|32|6|20|10|21|5|19|18|33|27|29|7|16|11|24|30|14|3|9|17|
Overall Best: 0.9373 Generation: 2
length: 34.0
feature_occurency: [50, 50, 50, 50, 50, 50, 50, 50, 50, 50, 50, 50, 50, 50, 50, 50, 50, 50, 50, 50, 50, 50, 50, 50, 50, 50, 50, 50, 50, 50, 50, 50, 50, 50]

Generation 37
Average: 0.8902 Best: 0.9231
Best Individual: 
C0 22|8|15|23|11|4|26|9|0|31|13|25|2|28|18|20|19|29|21|5|32|6|27|14|10|30|7|33|24|1|16|3|12|17|
Overall Best: 0.9373 Generation: 2
length: 34.0
feature_occurency: [50, 50, 50, 50, 50, 50, 50, 50, 50, 50, 50, 50, 50, 50, 50, 50, 50, 50, 50, 50, 50, 50, 50, 50, 50, 50, 50, 50, 50, 50, 50, 50, 50, 50]

Generation 38
Average: 0.8920 Best: 0.9231
Best Individual: 
C0 23|2|29|8|6|3|26|20|18|16|22|25|4|9|32|11|30|10|31|12|19|28|33|1|0|27|17|24|7|15|13|14|5|21|
Overall Best: 0.9373 Generation: 2
length: 34.0
feature_occurency: [50, 50, 50, 50, 50, 50, 50, 50, 50, 50, 50, 50, 50, 50, 50, 50, 50, 50, 50, 50, 50, 50, 50, 50, 50, 50, 50, 50, 50, 50, 50, 50, 50, 50]

Generation 39
Average: 0.8951 Best: 0.9288
Best Individual: 
C0 24|5|23|26|4|9|31|1|25|16|17|14|7|33|30|3|15|11|0|12|18|20|27|10|8|32|29|13|2|28|21|22|6|19|
Overall Best: 0.9373 Generation: 2
length: 34.0
feature_occurency: [50, 50, 50, 50, 50, 50, 50, 50, 50, 50, 50, 50, 50, 50, 50, 50, 50, 50, 50, 50, 50, 50, 50, 50, 50, 50, 50, 50, 50, 50, 50, 50, 50, 50]

Generation 40
Average: 0.8919 Best: 0.9316
Best Individual: 
C0 9|10|7|11|6|23|32|0|15|13|21|1|22|29|5|26|19|33|31|17|18|20|12|16|3|30|2|27|8|14|28|25|24|4|
Overall Best: 0.9373 Generation: 2
length: 34.0
feature_occurency: [50, 50, 50, 50, 50, 50, 50, 50, 50, 50, 50, 50, 50, 50, 50, 50, 50, 50, 50, 50, 50, 50, 50, 50, 50, 50, 50, 50, 50, 50, 50, 50, 50, 50]

Generation 41
Average: 0.8883 Best: 0.9259
Best Individual: 
C0 23|2|3|8|6|25|14|20|11|19|22|29|4|12|0|17|21|31|28|5|16|33|1|10|18|27|9|24|7|15|13|26|32|30|
Overall Best: 0.9373 Generation: 2
length: 34.0
feature_occurency: [50, 50, 50, 50, 50, 50, 50, 50, 50, 50, 50, 50, 50, 50, 50, 50, 50, 50, 50, 50, 50, 50, 50, 50, 50, 50, 50, 50, 50, 50, 50, 50, 50, 50]

Generation 42
Average: 0.8905 Best: 0.9259
Best Individual: 
C0 23|2|3|8|6|25|14|20|11|19|22|29|4|12|0|17|21|31|28|5|16|33|1|13|18|27|9|7|24|15|10|26|32|30|
Overall Best: 0.9373 Generation: 2
length: 34.0
feature_occurency: [50, 50, 50, 50, 50, 50, 50, 50, 50, 50, 50, 50, 50, 50, 50, 50, 50, 50, 50, 50, 50, 50, 50, 50, 50, 50, 50, 50, 50, 50, 50, 50, 50, 50]

Generation 43
Average: 0.8872 Best: 0.9345
Best Individual: 
C0 11|15|17|27|13|6|24|20|14|28|26|0|9|25|18|32|10|31|33|22|29|4|12|3|7|30|1|21|2|19|16|5|8|23|
Overall Best: 0.9373 Generation: 2
length: 34.0
feature_occurency: [50, 50, 50, 50, 50, 50, 50, 50, 50, 50, 50, 50, 50, 50, 50, 50, 50, 50, 50, 50, 50, 50, 50, 50, 50, 50, 50, 50, 50, 50, 50, 50, 50, 50]

Generation 44
Average: 0.8873 Best: 0.9174
Best Individual: 
C0 11|23|17|27|13|6|24|20|14|28|10|0|9|25|18|32|26|31|33|22|1|4|12|3|7|30|29|21|2|19|16|5|8|15|
Overall Best: 0.9373 Generation: 2
length: 34.0
feature_occurency: [50, 50, 50, 50, 50, 50, 50, 50, 50, 50, 50, 50, 50, 50, 50, 50, 50, 50, 50, 50, 50, 50, 50, 50, 50, 50, 50, 50, 50, 50, 50, 50, 50, 50]

Generation 45
Average: 0.8880 Best: 0.9202
Best Individual: 
C0 10|15|23|27|13|6|24|0|19|12|26|3|25|2|28|32|16|4|1|8|11|30|5|14|33|21|18|31|7|22|20|17|9|29|
Overall Best: 0.9373 Generation: 2
length: 34.0
feature_occurency: [50, 50, 50, 50, 50, 50, 50, 50, 50, 50, 50, 50, 50, 50, 50, 50, 50, 50, 50, 50, 50, 50, 50, 50, 50, 50, 50, 50, 50, 50, 50, 50, 50, 50]

Generation 46
Average: 0.8913 Best: 0.9316
Best Individual: 
C0 15|14|4|23|8|5|0|1|6|13|7|31|26|22|10|12|3|21|20|33|28|32|2|27|11|16|30|25|24|29|17|19|18|9|
Overall Best: 0.9373 Generation: 2
length: 34.0
feature_occurency: [50, 50, 50, 50, 50, 50, 50, 50, 50, 50, 50, 50, 50, 50, 50, 50, 50, 50, 50, 50, 50, 50, 50, 50, 50, 50, 50, 50, 50, 50, 50, 50, 50, 50]

Generation 47
Average: 0.8885 Best: 0.9202
Best Individual: 
C0 4|3|28|6|26|15|0|5|11|29|17|10|19|22|30|16|21|2|13|20|31|32|33|12|27|23|1|25|24|18|8|7|14|9|
Overall Best: 0.9373 Generation: 2
length: 34.0
feature_occurency: [50, 50, 50, 50, 50, 50, 50, 50, 50, 50, 50, 50, 50, 50, 50, 50, 50, 50, 50, 50, 50, 50, 50, 50, 50, 50, 50, 50, 50, 50, 50, 50, 50, 50]

Generation 48
Average: 0.8864 Best: 0.9288
Best Individual: 
C0 4|3|33|23|26|2|30|20|11|9|10|17|19|25|24|22|16|12|29|0|18|13|5|1|27|6|28|15|14|31|8|7|32|21|
Overall Best: 0.9373 Generation: 2
length: 34.0
feature_occurency: [50, 50, 50, 50, 50, 50, 50, 50, 50, 50, 50, 50, 50, 50, 50, 50, 50, 50, 50, 50, 50, 50, 50, 50, 50, 50, 50, 50, 50, 50, 50, 50, 50, 50]

Generation 49
Average: 0.8907 Best: 0.9402
Best Individual: 
C0 24|2|33|23|6|7|1|13|19|12|26|25|4|3|5|18|10|21|28|17|29|20|8|30|15|32|22|16|11|9|27|0|14|31|
Overall Best: 0.9402 Generation: 49
==================
    Best individual after 50 generations
    computed in 112.2750 seconds
    330 elements out of 351 correct.
    emerged in generation 49
    with fitness 0.9402
==================

