Starting evolution...
length: 34.0
feature_occurency: [50, 50, 50, 50, 50, 50, 50, 50, 50, 50, 50, 50, 50, 50, 50, 50, 50, 50, 50, 50, 50, 50, 50, 50, 50, 50, 50, 50, 50, 50, 50, 50, 50, 50]

Generation 0
Average: 0.8905 Best: 0.9316
Best Individual: 
C0 0|23|2|19|4|5|8|3|7|9|24|11|12|10|28|15|27|17|18|6|20|21|30|31|25|22|1|32|14|29|13|26|16|33|
Overall Best: 0.9316 Generation: 0
length: 34.0
feature_occurency: [50, 50, 50, 50, 50, 50, 50, 50, 50, 50, 50, 50, 50, 50, 50, 50, 50, 50, 50, 50, 50, 50, 50, 50, 50, 50, 50, 50, 50, 50, 50, 50, 50, 50]

Generation 1
Average: 0.8908 Best: 0.9316
Best Individual: 
C0 0|23|2|19|4|5|8|3|7|9|24|25|12|10|28|15|27|17|18|6|20|21|30|31|11|22|1|32|14|29|13|26|16|33|
Overall Best: 0.9316 Generation: 0
length: 34.0
feature_occurency: [50, 50, 50, 50, 50, 50, 50, 50, 50, 50, 50, 50, 50, 50, 50, 50, 50, 50, 50, 50, 50, 50, 50, 50, 50, 50, 50, 50, 50, 50, 50, 50, 50, 50]

Generation 2
Average: 0.8892 Best: 0.9288
Best Individual: 
C0 0|2|12|3|4|23|6|24|9|8|10|14|5|13|21|19|1|11|7|29|16|25|22|17|18|28|32|20|30|33|31|27|26|15|
Overall Best: 0.9316 Generation: 0
length: 34.0
feature_occurency: [50, 50, 50, 50, 50, 50, 50, 50, 50, 50, 50, 50, 50, 50, 50, 50, 50, 50, 50, 50, 50, 50, 50, 50, 50, 50, 50, 50, 50, 50, 50, 50, 50, 50]

Generation 3
Average: 0.8894 Best: 0.9145
Best Individual: 
C0 0|23|8|6|19|5|13|27|7|9|15|32|24|22|26|1|2|3|28|4|20|31|14|18|21|16|25|17|29|11|10|30|12|33|
Overall Best: 0.9316 Generation: 0
length: 34.0
feature_occurency: [50, 50, 50, 50, 50, 50, 50, 50, 50, 50, 50, 50, 50, 50, 50, 50, 50, 50, 50, 50, 50, 50, 50, 50, 50, 50, 50, 50, 50, 50, 50, 50, 50, 50]

Generation 4
Average: 0.8875 Best: 0.9202
Best Individual: 
C0 26|2|5|33|4|18|22|31|8|9|13|12|25|1|23|19|10|17|14|3|16|27|30|32|24|28|0|20|21|29|7|6|11|15|
Overall Best: 0.9316 Generation: 0
length: 34.0
feature_occurency: [50, 50, 50, 50, 50, 50, 50, 50, 50, 50, 50, 50, 50, 50, 50, 50, 50, 50, 50, 50, 50, 50, 50, 50, 50, 50, 50, 50, 50, 50, 50, 50, 50, 50]

Generation 5
Average: 0.8918 Best: 0.9259
Best Individual: 
C0 22|32|26|28|3|5|4|8|10|27|6|23|12|7|15|19|18|9|2|17|11|30|29|21|16|13|14|20|1|25|24|31|0|33|
Overall Best: 0.9316 Generation: 0
length: 34.0
feature_occurency: [50, 50, 50, 50, 50, 50, 50, 50, 50, 50, 50, 50, 50, 50, 50, 50, 50, 50, 50, 50, 50, 50, 50, 50, 50, 50, 50, 50, 50, 50, 50, 50, 50, 50]

Generation 6
Average: 0.8968 Best: 0.9288
Best Individual: 
C0 3|10|23|19|5|4|1|8|21|13|15|24|30|20|14|9|16|28|18|29|6|26|0|33|27|22|2|32|17|7|11|25|12|31|
Overall Best: 0.9316 Generation: 0
length: 34.0
feature_occurency: [50, 50, 50, 50, 50, 50, 50, 50, 50, 50, 50, 50, 50, 50, 50, 50, 50, 50, 50, 50, 50, 50, 50, 50, 50, 50, 50, 50, 50, 50, 50, 50, 50, 50]

Generation 7
Average: 0.8964 Best: 0.9259
Best Individual: 
C0 22|32|26|28|3|5|4|8|10|27|6|23|12|7|15|19|18|9|24|17|11|30|29|21|1|13|14|20|16|25|2|31|0|33|
Overall Best: 0.9316 Generation: 0
length: 34.0
feature_occurency: [50, 50, 50, 50, 50, 50, 50, 50, 50, 50, 50, 50, 50, 50, 50, 50, 50, 50, 50, 50, 50, 50, 50, 50, 50, 50, 50, 50, 50, 50, 50, 50, 50, 50]

Generation 8
Average: 0.8938 Best: 0.9202
Best Individual: 
C0 24|22|5|4|17|23|7|27|13|26|3|32|18|2|15|33|6|28|9|1|21|25|19|31|11|8|20|0|30|29|16|10|14|12|
Overall Best: 0.9316 Generation: 0
length: 34.0
feature_occurency: [50, 50, 50, 50, 50, 50, 50, 50, 50, 50, 50, 50, 50, 50, 50, 50, 50, 50, 50, 50, 50, 50, 50, 50, 50, 50, 50, 50, 50, 50, 50, 50, 50, 50]

Generation 9
Average: 0.8927 Best: 0.9231
Best Individual: 
C0 0|22|6|11|24|23|7|10|17|9|31|26|19|8|2|27|14|4|32|15|3|13|33|30|20|1|25|5|28|29|21|18|12|16|
Overall Best: 0.9316 Generation: 0
length: 34.0
feature_occurency: [50, 50, 50, 50, 50, 50, 50, 50, 50, 50, 50, 50, 50, 50, 50, 50, 50, 50, 50, 50, 50, 50, 50, 50, 50, 50, 50, 50, 50, 50, 50, 50, 50, 50]

Generation 10
Average: 0.8886 Best: 0.9316
Best Individual: 
C0 6|28|23|11|17|7|15|20|8|3|24|9|30|10|2|31|18|5|4|19|25|33|21|12|0|1|13|27|29|14|22|26|16|32|
Overall Best: 0.9316 Generation: 0
length: 34.0
feature_occurency: [50, 50, 50, 50, 50, 50, 50, 50, 50, 50, 50, 50, 50, 50, 50, 50, 50, 50, 50, 50, 50, 50, 50, 50, 50, 50, 50, 50, 50, 50, 50, 50, 50, 50]

Generation 11
Average: 0.8887 Best: 0.9288
Best Individual: 
C0 6|0|23|11|9|7|15|12|29|3|4|24|8|22|2|31|5|20|17|19|25|33|27|30|28|1|26|21|18|13|14|32|16|10|
Overall Best: 0.9316 Generation: 0
length: 34.0
feature_occurency: [50, 50, 50, 50, 50, 50, 50, 50, 50, 50, 50, 50, 50, 50, 50, 50, 50, 50, 50, 50, 50, 50, 50, 50, 50, 50, 50, 50, 50, 50, 50, 50, 50, 50]

Generation 12
Average: 0.8900 Best: 0.9316
Best Individual: 
C0 6|0|23|11|14|7|15|12|29|10|4|24|8|22|2|5|31|20|17|19|25|33|27|30|28|1|26|21|18|13|9|32|16|3|
Overall Best: 0.9316 Generation: 0
length: 34.0
feature_occurency: [50, 50, 50, 50, 50, 50, 50, 50, 50, 50, 50, 50, 50, 50, 50, 50, 50, 50, 50, 50, 50, 50, 50, 50, 50, 50, 50, 50, 50, 50, 50, 50, 50, 50]

Generation 13
Average: 0.8901 Best: 0.9231
Best Individual: 
C0 7|6|26|24|33|1|19|23|9|21|25|12|11|32|17|31|0|27|15|18|30|4|16|5|10|13|3|29|22|2|28|8|20|14|
Overall Best: 0.9316 Generation: 0
length: 34.0
feature_occurency: [50, 50, 50, 50, 50, 50, 50, 50, 50, 50, 50, 50, 50, 50, 50, 50, 50, 50, 50, 50, 50, 50, 50, 50, 50, 50, 50, 50, 50, 50, 50, 50, 50, 50]

Generation 14
Average: 0.8920 Best: 0.9259
Best Individual: 
C0 23|17|12|11|2|26|18|7|28|29|10|14|27|5|13|6|32|3|20|19|25|30|21|8|24|22|33|4|1|31|9|16|0|15|
Overall Best: 0.9316 Generation: 0
length: 34.0
feature_occurency: [50, 50, 50, 50, 50, 50, 50, 50, 50, 50, 50, 50, 50, 50, 50, 50, 50, 50, 50, 50, 50, 50, 50, 50, 50, 50, 50, 50, 50, 50, 50, 50, 50, 50]

Generation 15
Average: 0.8917 Best: 0.9231
Best Individual: 
C0 7|6|26|24|3|28|19|23|9|10|20|12|11|32|17|31|0|27|15|18|30|4|16|5|21|13|33|29|25|14|1|8|22|2|
Overall Best: 0.9316 Generation: 0
length: 34.0
feature_occurency: [50, 50, 50, 50, 50, 50, 50, 50, 50, 50, 50, 50, 50, 50, 50, 50, 50, 50, 50, 50, 50, 50, 50, 50, 50, 50, 50, 50, 50, 50, 50, 50, 50, 50]

Generation 16
Average: 0.8903 Best: 0.9174
Best Individual: 
C0 4|5|14|10|15|8|2|6|9|21|23|12|11|32|17|28|0|24|33|18|27|1|16|20|3|29|13|22|7|19|30|31|25|26|
Overall Best: 0.9316 Generation: 0
length: 34.0
feature_occurency: [50, 50, 50, 50, 50, 50, 50, 50, 50, 50, 50, 50, 50, 50, 50, 50, 50, 50, 50, 50, 50, 50, 50, 50, 50, 50, 50, 50, 50, 50, 50, 50, 50, 50]

Generation 17
Average: 0.8896 Best: 0.9231
Best Individual: 
C0 4|5|3|24|15|8|2|6|27|21|17|31|1|22|11|13|28|0|20|25|23|9|19|10|14|29|33|7|32|12|30|16|18|26|
Overall Best: 0.9316 Generation: 0
length: 34.0
feature_occurency: [50, 50, 50, 50, 50, 50, 50, 50, 50, 50, 50, 50, 50, 50, 50, 50, 50, 50, 50, 50, 50, 50, 50, 50, 50, 50, 50, 50, 50, 50, 50, 50, 50, 50]

Generation 18
Average: 0.8914 Best: 0.9145
Best Individual: 
C0 4|5|10|20|15|8|2|6|9|21|22|12|11|7|23|28|0|24|33|18|27|30|16|14|3|29|13|17|32|19|1|31|25|26|
Overall Best: 0.9316 Generation: 0
length: 34.0
feature_occurency: [50, 50, 50, 50, 50, 50, 50, 50, 50, 50, 50, 50, 50, 50, 50, 50, 50, 50, 50, 50, 50, 50, 50, 50, 50, 50, 50, 50, 50, 50, 50, 50, 50, 50]

Generation 19
Average: 0.8879 Best: 0.9231
Best Individual: 
C0 8|27|23|4|15|0|6|22|26|1|12|20|29|7|18|31|9|30|16|13|14|2|3|10|28|32|24|5|17|25|19|21|33|11|
Overall Best: 0.9316 Generation: 0
length: 34.0
feature_occurency: [50, 50, 50, 50, 50, 50, 50, 50, 50, 50, 50, 50, 50, 50, 50, 50, 50, 50, 50, 50, 50, 50, 50, 50, 50, 50, 50, 50, 50, 50, 50, 50, 50, 50]

Generation 20
Average: 0.8899 Best: 0.9202
Best Individual: 
C0 8|20|5|32|15|0|17|12|26|1|30|3|11|33|7|31|9|21|29|18|23|4|6|16|24|19|27|28|25|14|10|22|13|2|
Overall Best: 0.9316 Generation: 0
length: 34.0
feature_occurency: [50, 50, 50, 50, 50, 50, 50, 50, 50, 50, 50, 50, 50, 50, 50, 50, 50, 50, 50, 50, 50, 50, 50, 50, 50, 50, 50, 50, 50, 50, 50, 50, 50, 50]

Generation 21
Average: 0.8919 Best: 0.9202
Best Individual: 
C0 8|20|5|32|15|0|17|12|21|1|30|3|11|33|7|31|9|26|29|18|23|4|6|16|24|19|27|28|25|14|10|22|13|2|
Overall Best: 0.9316 Generation: 0
length: 34.0
feature_occurency: [50, 50, 50, 50, 50, 50, 50, 50, 50, 50, 50, 50, 50, 50, 50, 50, 50, 50, 50, 50, 50, 50, 50, 50, 50, 50, 50, 50, 50, 50, 50, 50, 50, 50]

Generation 22
Average: 0.8960 Best: 0.9259
Best Individual: 
C0 20|17|4|2|23|26|19|10|24|15|3|21|31|6|8|22|11|25|14|0|28|18|9|33|32|5|29|13|16|30|7|1|12|27|
Overall Best: 0.9316 Generation: 0
length: 34.0
feature_occurency: [50, 50, 50, 50, 50, 50, 50, 50, 50, 50, 50, 50, 50, 50, 50, 50, 50, 50, 50, 50, 50, 50, 50, 50, 50, 50, 50, 50, 50, 50, 50, 50, 50, 50]

Generation 23
Average: 0.8932 Best: 0.9259
Best Individual: 
C0 20|17|4|2|23|26|19|10|24|15|3|21|31|6|8|22|11|25|14|0|28|18|9|33|32|5|29|13|16|30|7|1|12|27|
Overall Best: 0.9316 Generation: 0
length: 34.0
feature_occurency: [50, 50, 50, 50, 50, 50, 50, 50, 50, 50, 50, 50, 50, 50, 50, 50, 50, 50, 50, 50, 50, 50, 50, 50, 50, 50, 50, 50, 50, 50, 50, 50, 50, 50]

Generation 24
Average: 0.8966 Best: 0.9288
Best Individual: 
C0 20|17|2|21|23|26|1|10|13|22|3|29|4|6|8|25|19|5|9|0|30|18|31|32|33|15|12|16|14|7|11|27|28|24|
Overall Best: 0.9316 Generation: 0
length: 34.0
feature_occurency: [50, 50, 50, 50, 50, 50, 50, 50, 50, 50, 50, 50, 50, 50, 50, 50, 50, 50, 50, 50, 50, 50, 50, 50, 50, 50, 50, 50, 50, 50, 50, 50, 50, 50]

Generation 25
Average: 0.8945 Best: 0.9288
Best Individual: 
C0 30|20|0|1|4|23|16|15|32|12|7|5|33|28|10|22|2|25|26|13|9|21|24|8|17|3|11|27|31|18|6|14|19|29|
Overall Best: 0.9316 Generation: 0
length: 34.0
feature_occurency: [50, 50, 50, 50, 50, 50, 50, 50, 50, 50, 50, 50, 50, 50, 50, 50, 50, 50, 50, 50, 50, 50, 50, 50, 50, 50, 50, 50, 50, 50, 50, 50, 50, 50]

Generation 26
Average: 0.8933 Best: 0.9259
Best Individual: 
C0 20|17|4|33|23|26|29|2|24|15|3|27|31|6|8|25|11|28|14|5|7|18|0|32|10|9|19|13|16|30|22|1|12|21|
Overall Best: 0.9316 Generation: 0
length: 34.0
feature_occurency: [50, 50, 50, 50, 50, 50, 50, 50, 50, 50, 50, 50, 50, 50, 50, 50, 50, 50, 50, 50, 50, 50, 50, 50, 50, 50, 50, 50, 50, 50, 50, 50, 50, 50]

Generation 27
Average: 0.8915 Best: 0.9288
Best Individual: 
C0 15|20|4|33|23|26|32|18|25|11|29|10|1|2|17|22|6|0|3|19|28|8|13|5|31|27|24|7|9|16|30|12|14|21|
Overall Best: 0.9316 Generation: 0
length: 34.0
feature_occurency: [50, 50, 50, 50, 50, 50, 50, 50, 50, 50, 50, 50, 50, 50, 50, 50, 50, 50, 50, 50, 50, 50, 50, 50, 50, 50, 50, 50, 50, 50, 50, 50, 50, 50]

Generation 28
Average: 0.8911 Best: 0.9288
Best Individual: 
C0 19|20|4|33|23|26|0|10|24|11|29|18|1|2|17|22|6|32|3|15|28|8|13|5|31|27|25|7|9|16|30|12|14|21|
Overall Best: 0.9316 Generation: 0
length: 34.0
feature_occurency: [50, 50, 50, 50, 50, 50, 50, 50, 50, 50, 50, 50, 50, 50, 50, 50, 50, 50, 50, 50, 50, 50, 50, 50, 50, 50, 50, 50, 50, 50, 50, 50, 50, 50]

Generation 29
Average: 0.8899 Best: 0.9288
Best Individual: 
C0 19|20|4|33|23|26|0|10|24|11|29|9|1|2|17|22|6|32|3|15|28|8|13|5|31|27|25|7|18|30|16|12|14|21|
Overall Best: 0.9316 Generation: 0
length: 34.0
feature_occurency: [50, 50, 50, 50, 50, 50, 50, 50, 50, 50, 50, 50, 50, 50, 50, 50, 50, 50, 50, 50, 50, 50, 50, 50, 50, 50, 50, 50, 50, 50, 50, 50, 50, 50]

Generation 30
Average: 0.8911 Best: 0.9316
Best Individual: 
C0 26|17|28|4|20|23|7|11|25|14|22|8|9|10|27|31|30|2|6|1|32|19|0|13|33|12|16|3|21|24|29|18|5|15|
Overall Best: 0.9316 Generation: 0
length: 34.0
feature_occurency: [50, 50, 50, 50, 50, 50, 50, 50, 50, 50, 50, 50, 50, 50, 50, 50, 50, 50, 50, 50, 50, 50, 50, 50, 50, 50, 50, 50, 50, 50, 50, 50, 50, 50]

Generation 31
Average: 0.8946 Best: 0.9231
Best Individual: 
C0 19|33|4|13|23|26|24|6|15|3|21|14|16|12|20|22|11|28|31|27|9|2|5|17|8|25|10|18|0|30|7|1|32|29|
Overall Best: 0.9316 Generation: 0
length: 34.0
feature_occurency: [50, 50, 50, 50, 50, 50, 50, 50, 50, 50, 50, 50, 50, 50, 50, 50, 50, 50, 50, 50, 50, 50, 50, 50, 50, 50, 50, 50, 50, 50, 50, 50, 50, 50]

Generation 32
Average: 0.8982 Best: 0.9259
Best Individual: 
C0 27|33|4|7|23|26|24|6|15|3|21|22|16|5|29|14|8|10|31|19|28|0|12|9|32|30|20|13|25|17|18|1|11|2|
Overall Best: 0.9316 Generation: 0
length: 34.0
feature_occurency: [50, 50, 50, 50, 50, 50, 50, 50, 50, 50, 50, 50, 50, 50, 50, 50, 50, 50, 50, 50, 50, 50, 50, 50, 50, 50, 50, 50, 50, 50, 50, 50, 50, 50]

Generation 33
Average: 0.8967 Best: 0.9259
Best Individual: 
C0 26|33|28|4|20|14|7|32|25|3|22|8|9|6|27|5|30|21|10|2|31|16|0|13|15|12|19|23|24|17|18|1|11|29|
Overall Best: 0.9316 Generation: 0
length: 34.0
feature_occurency: [50, 50, 50, 50, 50, 50, 50, 50, 50, 50, 50, 50, 50, 50, 50, 50, 50, 50, 50, 50, 50, 50, 50, 50, 50, 50, 50, 50, 50, 50, 50, 50, 50, 50]

Generation 34
Average: 0.8953 Best: 0.9231
Best Individual: 
C0 20|23|4|26|2|14|3|10|7|13|17|25|12|21|22|11|19|24|16|30|31|15|5|0|29|28|9|27|6|1|18|8|32|33|
Overall Best: 0.9316 Generation: 0
length: 34.0
feature_occurency: [50, 50, 50, 50, 50, 50, 50, 50, 50, 50, 50, 50, 50, 50, 50, 50, 50, 50, 50, 50, 50, 50, 50, 50, 50, 50, 50, 50, 50, 50, 50, 50, 50, 50]

Generation 35
Average: 0.8981 Best: 0.9259
Best Individual: 
C0 5|27|0|7|2|23|6|8|11|4|33|9|13|18|30|28|21|19|24|26|12|17|31|29|25|22|15|32|16|20|3|1|14|10|
Overall Best: 0.9316 Generation: 0
length: 34.0
feature_occurency: [50, 50, 50, 50, 50, 50, 50, 50, 50, 50, 50, 50, 50, 50, 50, 50, 50, 50, 50, 50, 50, 50, 50, 50, 50, 50, 50, 50, 50, 50, 50, 50, 50, 50]

Generation 36
Average: 0.8985 Best: 0.9288
Best Individual: 
C0 10|3|12|2|23|4|0|8|20|19|28|16|22|21|17|25|1|32|27|29|13|31|6|9|30|26|33|15|14|24|18|7|11|5|
Overall Best: 0.9316 Generation: 0
length: 34.0
feature_occurency: [50, 50, 50, 50, 50, 50, 50, 50, 50, 50, 50, 50, 50, 50, 50, 50, 50, 50, 50, 50, 50, 50, 50, 50, 50, 50, 50, 50, 50, 50, 50, 50, 50, 50]

Generation 37
Average: 0.8962 Best: 0.9345
Best Individual: 
C0 4|27|20|19|2|23|8|22|15|18|25|21|12|13|3|17|6|32|26|24|28|16|14|29|30|11|7|33|1|5|10|31|0|9|
Overall Best: 0.9345 Generation: 37
length: 34.0
feature_occurency: [50, 50, 50, 50, 50, 50, 50, 50, 50, 50, 50, 50, 50, 50, 50, 50, 50, 50, 50, 50, 50, 50, 50, 50, 50, 50, 50, 50, 50, 50, 50, 50, 50, 50]

Generation 38
Average: 0.8936 Best: 0.9231
Best Individual: 
C0 7|21|8|20|23|24|26|4|22|11|17|13|31|33|15|18|27|9|32|6|5|25|10|0|29|12|28|19|30|1|16|14|2|3|
Overall Best: 0.9345 Generation: 37
length: 34.0
feature_occurency: [50, 50, 50, 50, 50, 50, 50, 50, 50, 50, 50, 50, 50, 50, 50, 50, 50, 50, 50, 50, 50, 50, 50, 50, 50, 50, 50, 50, 50, 50, 50, 50, 50, 50]

Generation 39
Average: 0.8948 Best: 0.9231
Best Individual: 
C0 7|21|8|20|23|24|26|4|22|11|18|13|6|33|15|17|31|9|32|16|5|25|10|0|29|12|28|19|30|1|27|14|2|3|
Overall Best: 0.9345 Generation: 37
length: 34.0
feature_occurency: [50, 50, 50, 50, 50, 50, 50, 50, 50, 50, 50, 50, 50, 50, 50, 50, 50, 50, 50, 50, 50, 50, 50, 50, 50, 50, 50, 50, 50, 50, 50, 50, 50, 50]

Generation 40
Average: 0.8960 Best: 0.9316
Best Individual: 
C0 7|21|8|20|23|26|1|4|22|11|18|13|6|33|15|17|30|9|32|16|5|25|10|0|29|12|28|19|31|24|27|14|2|3|
Overall Best: 0.9345 Generation: 37
length: 34.0
feature_occurency: [50, 50, 50, 50, 50, 50, 50, 50, 50, 50, 50, 50, 50, 50, 50, 50, 50, 50, 50, 50, 50, 50, 50, 50, 50, 50, 50, 50, 50, 50, 50, 50, 50, 50]

Generation 41
Average: 0.8890 Best: 0.9231
Best Individual: 
C0 7|21|8|20|23|24|26|4|0|11|17|13|31|28|15|18|27|9|32|6|5|25|10|22|29|12|33|14|30|1|16|19|2|3|
Overall Best: 0.9345 Generation: 37
length: 34.0
feature_occurency: [50, 50, 50, 50, 50, 50, 50, 50, 50, 50, 50, 50, 50, 50, 50, 50, 50, 50, 50, 50, 50, 50, 50, 50, 50, 50, 50, 50, 50, 50, 50, 50, 50, 50]

Generation 42
Average: 0.8937 Best: 0.9259
Best Individual: 
C0 2|7|4|8|19|33|3|21|20|27|0|30|1|31|5|13|12|14|32|6|16|25|10|22|29|18|24|9|15|26|28|23|17|11|
Overall Best: 0.9345 Generation: 37
length: 34.0
feature_occurency: [50, 50, 50, 50, 50, 50, 50, 50, 50, 50, 50, 50, 50, 50, 50, 50, 50, 50, 50, 50, 50, 50, 50, 50, 50, 50, 50, 50, 50, 50, 50, 50, 50, 50]

Generation 43
Average: 0.8979 Best: 0.9288
Best Individual: 
C0 4|10|2|13|23|9|6|1|31|25|8|7|26|5|16|21|12|24|15|30|18|3|17|11|20|19|29|28|0|32|27|22|33|14|
Overall Best: 0.9345 Generation: 37
length: 34.0
feature_occurency: [50, 50, 50, 50, 50, 50, 50, 50, 50, 50, 50, 50, 50, 50, 50, 50, 50, 50, 50, 50, 50, 50, 50, 50, 50, 50, 50, 50, 50, 50, 50, 50, 50, 50]

Generation 44
Average: 0.8957 Best: 0.9288
Best Individual: 
C0 23|5|27|15|13|32|24|2|8|3|28|31|26|1|22|11|18|33|0|21|17|25|20|9|7|19|16|14|30|6|10|29|12|4|
Overall Best: 0.9345 Generation: 37
length: 34.0
feature_occurency: [50, 50, 50, 50, 50, 50, 50, 50, 50, 50, 50, 50, 50, 50, 50, 50, 50, 50, 50, 50, 50, 50, 50, 50, 50, 50, 50, 50, 50, 50, 50, 50, 50, 50]

Generation 45
Average: 0.8964 Best: 0.9288
Best Individual: 
C0 23|32|27|15|13|5|24|2|8|3|28|26|31|1|22|11|18|33|0|21|17|25|20|9|7|19|16|14|30|6|10|29|12|4|
Overall Best: 0.9345 Generation: 37
length: 34.0
feature_occurency: [50, 50, 50, 50, 50, 50, 50, 50, 50, 50, 50, 50, 50, 50, 50, 50, 50, 50, 50, 50, 50, 50, 50, 50, 50, 50, 50, 50, 50, 50, 50, 50, 50, 50]

Generation 46
Average: 0.8932 Best: 0.9231
Best Individual: 
C0 23|20|33|15|32|1|0|4|22|31|18|17|6|10|8|7|16|24|3|19|28|11|5|14|30|2|12|21|25|9|27|29|26|13|
Overall Best: 0.9345 Generation: 37
length: 34.0
feature_occurency: [50, 50, 50, 50, 50, 50, 50, 50, 50, 50, 50, 50, 50, 50, 50, 50, 50, 50, 50, 50, 50, 50, 50, 50, 50, 50, 50, 50, 50, 50, 50, 50, 50, 50]

Generation 47
Average: 0.8944 Best: 0.9231
Best Individual: 
C0 6|2|3|26|23|20|13|19|7|24|22|5|15|30|28|33|16|10|8|21|18|0|25|14|32|9|29|12|17|11|27|31|1|4|
Overall Best: 0.9345 Generation: 37
length: 34.0
feature_occurency: [50, 50, 50, 50, 50, 50, 50, 50, 50, 50, 50, 50, 50, 50, 50, 50, 50, 50, 50, 50, 50, 50, 50, 50, 50, 50, 50, 50, 50, 50, 50, 50, 50, 50]

Generation 48
Average: 0.8976 Best: 0.9231
Best Individual: 
C0 6|2|3|26|23|20|13|19|7|31|28|17|15|12|22|33|16|10|8|21|18|25|0|14|32|9|1|11|29|30|27|24|5|4|
Overall Best: 0.9345 Generation: 37
length: 34.0
feature_occurency: [50, 50, 50, 50, 50, 50, 50, 50, 50, 50, 50, 50, 50, 50, 50, 50, 50, 50, 50, 50, 50, 50, 50, 50, 50, 50, 50, 50, 50, 50, 50, 50, 50, 50]

Generation 49
Average: 0.8963 Best: 0.9373
Best Individual: 
C0 23|13|7|32|6|24|26|20|28|12|8|4|16|22|1|18|5|31|10|21|9|11|0|29|30|2|33|25|3|14|19|15|27|17|
Overall Best: 0.9373 Generation: 49
length: 34.0
feature_occurency: [50, 50, 50, 50, 50, 50, 50, 50, 50, 50, 50, 50, 50, 50, 50, 50, 50, 50, 50, 50, 50, 50, 50, 50, 50, 50, 50, 50, 50, 50, 50, 50, 50, 50]

Generation 50
Average: 0.8951 Best: 0.9259
Best Individual: 
C0 3|28|4|7|23|33|11|6|15|26|24|18|2|22|30|29|0|17|32|14|9|25|16|5|21|19|8|12|13|1|27|31|20|10|
Overall Best: 0.9373 Generation: 49
length: 34.0
feature_occurency: [50, 50, 50, 50, 50, 50, 50, 50, 50, 50, 50, 50, 50, 50, 50, 50, 50, 50, 50, 50, 50, 50, 50, 50, 50, 50, 50, 50, 50, 50, 50, 50, 50, 50]

Generation 51
Average: 0.8954 Best: 0.9288
Best Individual: 
C0 23|22|3|15|8|14|10|4|5|31|28|11|30|20|33|13|16|0|24|21|27|6|19|1|9|2|32|17|18|25|12|29|26|7|
Overall Best: 0.9373 Generation: 49
length: 34.0
feature_occurency: [50, 50, 50, 50, 50, 50, 50, 50, 50, 50, 50, 50, 50, 50, 50, 50, 50, 50, 50, 50, 50, 50, 50, 50, 50, 50, 50, 50, 50, 50, 50, 50, 50, 50]

Generation 52
Average: 0.8951 Best: 0.9231
Best Individual: 
C0 3|28|4|7|23|33|12|6|15|26|24|18|2|25|30|10|1|17|32|14|9|22|16|5|21|19|8|11|13|0|27|31|20|29|
Overall Best: 0.9373 Generation: 49
length: 34.0
feature_occurency: [50, 50, 50, 50, 50, 50, 50, 50, 50, 50, 50, 50, 50, 50, 50, 50, 50, 50, 50, 50, 50, 50, 50, 50, 50, 50, 50, 50, 50, 50, 50, 50, 50, 50]

Generation 53
Average: 0.8956 Best: 0.9259
Best Individual: 
C0 23|22|4|15|28|24|6|26|33|27|32|19|16|17|1|11|8|31|10|5|18|0|25|9|21|3|7|12|13|20|2|29|14|30|
Overall Best: 0.9373 Generation: 49
length: 34.0
feature_occurency: [50, 50, 50, 50, 50, 50, 50, 50, 50, 50, 50, 50, 50, 50, 50, 50, 50, 50, 50, 50, 50, 50, 50, 50, 50, 50, 50, 50, 50, 50, 50, 50, 50, 50]

Generation 54
Average: 0.8962 Best: 0.9345
Best Individual: 
C0 22|26|33|8|0|23|24|4|5|14|7|6|21|13|15|16|29|10|18|12|17|31|9|25|30|32|19|11|28|3|2|1|27|20|
Overall Best: 0.9373 Generation: 49
length: 34.0
feature_occurency: [50, 50, 50, 50, 50, 50, 50, 50, 50, 50, 50, 50, 50, 50, 50, 50, 50, 50, 50, 50, 50, 50, 50, 50, 50, 50, 50, 50, 50, 50, 50, 50, 50, 50]

Generation 55
Average: 0.8926 Best: 0.9202
Best Individual: 
C0 2|4|12|33|26|0|1|17|15|24|16|6|31|22|23|13|30|19|9|10|18|11|5|25|21|28|20|3|27|32|7|29|8|14|
Overall Best: 0.9373 Generation: 49
length: 34.0
feature_occurency: [50, 50, 50, 50, 50, 50, 50, 50, 50, 50, 50, 50, 50, 50, 50, 50, 50, 50, 50, 50, 50, 50, 50, 50, 50, 50, 50, 50, 50, 50, 50, 50, 50, 50]

Generation 56
Average: 0.8908 Best: 0.9345
Best Individual: 
C0 26|23|21|8|24|20|4|6|0|28|15|3|32|16|22|29|7|9|25|31|18|1|11|5|17|19|27|2|10|30|14|33|12|13|
Overall Best: 0.9373 Generation: 49
length: 34.0
feature_occurency: [50, 50, 50, 50, 50, 50, 50, 50, 50, 50, 50, 50, 50, 50, 50, 50, 50, 50, 50, 50, 50, 50, 50, 50, 50, 50, 50, 50, 50, 50, 50, 50, 50, 50]

Generation 57
Average: 0.8964 Best: 0.9288
Best Individual: 
C0 20|26|28|4|0|33|17|19|23|25|2|18|22|12|5|16|27|29|24|3|8|21|31|30|6|10|7|9|13|1|15|32|11|14|
Overall Best: 0.9373 Generation: 49
length: 34.0
feature_occurency: [50, 50, 50, 50, 50, 50, 50, 50, 50, 50, 50, 50, 50, 50, 50, 50, 50, 50, 50, 50, 50, 50, 50, 50, 50, 50, 50, 50, 50, 50, 50, 50, 50, 50]

Generation 58
Average: 0.8916 Best: 0.9259
Best Individual: 
C0 12|13|33|1|0|23|15|4|17|7|26|22|30|20|11|8|16|14|18|9|27|21|28|31|10|5|19|29|24|25|2|32|3|6|
Overall Best: 0.9373 Generation: 49
length: 34.0
feature_occurency: [50, 50, 50, 50, 50, 50, 50, 50, 50, 50, 50, 50, 50, 50, 50, 50, 50, 50, 50, 50, 50, 50, 50, 50, 50, 50, 50, 50, 50, 50, 50, 50, 50, 50]

Generation 59
Average: 0.8895 Best: 0.9259
Best Individual: 
C0 6|32|20|1|23|33|8|26|22|13|28|7|0|25|16|4|10|9|18|21|27|31|2|3|12|5|19|29|24|17|15|30|11|14|
Overall Best: 0.9373 Generation: 49
length: 34.0
feature_occurency: [50, 50, 50, 50, 50, 50, 50, 50, 50, 50, 50, 50, 50, 50, 50, 50, 50, 50, 50, 50, 50, 50, 50, 50, 50, 50, 50, 50, 50, 50, 50, 50, 50, 50]

Generation 60
Average: 0.8903 Best: 0.9259
Best Individual: 
C0 19|3|17|6|8|23|7|33|2|18|32|24|4|15|11|12|20|31|10|29|21|5|26|9|30|16|1|22|28|25|13|27|14|0|
Overall Best: 0.9373 Generation: 49
length: 34.0
feature_occurency: [50, 50, 50, 50, 50, 50, 50, 50, 50, 50, 50, 50, 50, 50, 50, 50, 50, 50, 50, 50, 50, 50, 50, 50, 50, 50, 50, 50, 50, 50, 50, 50, 50, 50]

Generation 61
Average: 0.8926 Best: 0.9345
Best Individual: 
C0 19|3|4|6|8|23|7|33|14|18|32|24|17|13|11|12|20|31|10|29|21|5|26|9|30|16|25|22|28|1|15|27|2|0|
Overall Best: 0.9373 Generation: 49
length: 34.0
feature_occurency: [50, 50, 50, 50, 50, 50, 50, 50, 50, 50, 50, 50, 50, 50, 50, 50, 50, 50, 50, 50, 50, 50, 50, 50, 50, 50, 50, 50, 50, 50, 50, 50, 50, 50]

Generation 62
Average: 0.8888 Best: 0.9231
Best Individual: 
C0 12|23|13|33|18|4|26|11|20|28|1|25|8|16|27|17|2|30|3|9|6|21|7|31|10|5|19|29|15|0|24|32|22|14|
Overall Best: 0.9373 Generation: 49
length: 34.0
feature_occurency: [50, 50, 50, 50, 50, 50, 50, 50, 50, 50, 50, 50, 50, 50, 50, 50, 50, 50, 50, 50, 50, 50, 50, 50, 50, 50, 50, 50, 50, 50, 50, 50, 50, 50]

Generation 63
Average: 0.8888 Best: 0.9231
Best Individual: 
C0 28|6|16|26|33|7|1|23|13|11|18|3|8|30|15|21|20|4|19|27|10|5|2|22|32|29|0|24|17|25|31|12|9|14|
Overall Best: 0.9373 Generation: 49
length: 34.0
feature_occurency: [50, 50, 50, 50, 50, 50, 50, 50, 50, 50, 50, 50, 50, 50, 50, 50, 50, 50, 50, 50, 50, 50, 50, 50, 50, 50, 50, 50, 50, 50, 50, 50, 50, 50]

Generation 64
Average: 0.8920 Best: 0.9231
Best Individual: 
C0 19|22|26|33|29|23|4|1|8|32|25|11|30|2|31|27|18|14|10|6|5|20|9|7|21|24|0|12|13|28|15|3|16|17|
Overall Best: 0.9373 Generation: 49
length: 34.0
feature_occurency: [50, 50, 50, 50, 50, 50, 50, 50, 50, 50, 50, 50, 50, 50, 50, 50, 50, 50, 50, 50, 50, 50, 50, 50, 50, 50, 50, 50, 50, 50, 50, 50, 50, 50]

Generation 65
Average: 0.8921 Best: 0.9231
Best Individual: 
C0 19|22|26|33|29|23|4|1|8|32|25|11|30|2|31|24|18|14|10|6|5|20|9|7|21|27|0|12|13|28|15|3|16|17|
Overall Best: 0.9373 Generation: 49
length: 34.0
feature_occurency: [50, 50, 50, 50, 50, 50, 50, 50, 50, 50, 50, 50, 50, 50, 50, 50, 50, 50, 50, 50, 50, 50, 50, 50, 50, 50, 50, 50, 50, 50, 50, 50, 50, 50]

Generation 66
Average: 0.8938 Best: 0.9202
Best Individual: 
C0 23|8|12|7|13|16|6|4|14|1|32|0|22|28|30|29|26|24|11|15|10|3|9|33|19|2|5|18|31|27|25|17|21|20|
Overall Best: 0.9373 Generation: 49
length: 34.0
feature_occurency: [50, 50, 50, 50, 50, 50, 50, 50, 50, 50, 50, 50, 50, 50, 50, 50, 50, 50, 50, 50, 50, 50, 50, 50, 50, 50, 50, 50, 50, 50, 50, 50, 50, 50]

Generation 67
Average: 0.8912 Best: 0.9231
Best Individual: 
C0 22|33|12|4|1|14|23|25|11|32|7|19|29|6|31|27|3|20|10|5|8|13|30|28|9|0|24|17|16|15|2|18|26|21|
Overall Best: 0.9373 Generation: 49
length: 34.0
feature_occurency: [50, 50, 50, 50, 50, 50, 50, 50, 50, 50, 50, 50, 50, 50, 50, 50, 50, 50, 50, 50, 50, 50, 50, 50, 50, 50, 50, 50, 50, 50, 50, 50, 50, 50]

Generation 68
Average: 0.8941 Best: 0.9459
Best Individual: 
C0 7|12|16|0|33|1|4|23|15|21|19|3|11|2|25|27|17|20|10|24|8|13|29|28|9|6|18|22|26|32|14|5|31|30|
Overall Best: 0.9459 Generation: 68
length: 34.0
feature_occurency: [50, 50, 50, 50, 50, 50, 50, 50, 50, 50, 50, 50, 50, 50, 50, 50, 50, 50, 50, 50, 50, 50, 50, 50, 50, 50, 50, 50, 50, 50, 50, 50, 50, 50]

Generation 69
Average: 0.8931 Best: 0.9487
Best Individual: 
C0 7|14|16|0|33|1|4|23|15|21|19|3|11|2|25|27|17|20|10|24|8|13|29|28|9|6|18|22|26|32|12|5|31|30|
Overall Best: 0.9487 Generation: 69
length: 34.0
feature_occurency: [50, 50, 50, 50, 50, 50, 50, 50, 50, 50, 50, 50, 50, 50, 50, 50, 50, 50, 50, 50, 50, 50, 50, 50, 50, 50, 50, 50, 50, 50, 50, 50, 50, 50]

Generation 70
Average: 0.8937 Best: 0.9259
Best Individual: 
C0 22|20|16|4|32|8|23|15|26|25|29|17|30|5|27|21|11|1|24|18|9|19|31|14|2|7|0|6|13|10|28|3|33|12|
Overall Best: 0.9487 Generation: 69
length: 34.0
feature_occurency: [50, 50, 50, 50, 50, 50, 50, 50, 50, 50, 50, 50, 50, 50, 50, 50, 50, 50, 50, 50, 50, 50, 50, 50, 50, 50, 50, 50, 50, 50, 50, 50, 50, 50]

Generation 71
Average: 0.8952 Best: 0.9259
Best Individual: 
C0 22|12|4|1|2|3|23|15|26|25|0|21|10|7|17|13|33|14|11|31|30|19|29|28|20|6|18|27|5|9|16|8|24|32|
Overall Best: 0.9487 Generation: 69
length: 34.0
feature_occurency: [50, 50, 50, 50, 50, 50, 50, 50, 50, 50, 50, 50, 50, 50, 50, 50, 50, 50, 50, 50, 50, 50, 50, 50, 50, 50, 50, 50, 50, 50, 50, 50, 50, 50]

Generation 72
Average: 0.8956 Best: 0.9345
Best Individual: 
C0 0|19|20|8|4|23|22|5|10|32|9|7|30|2|13|27|12|6|16|25|29|28|31|33|3|21|17|18|1|26|11|14|24|15|
Overall Best: 0.9487 Generation: 69
length: 34.0
feature_occurency: [50, 50, 50, 50, 50, 50, 50, 50, 50, 50, 50, 50, 50, 50, 50, 50, 50, 50, 50, 50, 50, 50, 50, 50, 50, 50, 50, 50, 50, 50, 50, 50, 50, 50]

Generation 73
Average: 0.8999 Best: 0.9345
Best Individual: 
C0 0|19|20|8|4|23|22|5|10|11|9|7|30|2|6|14|12|13|16|25|27|28|31|33|3|21|17|18|1|26|32|29|24|15|
Overall Best: 0.9487 Generation: 69
length: 34.0
feature_occurency: [50, 50, 50, 50, 50, 50, 50, 50, 50, 50, 50, 50, 50, 50, 50, 50, 50, 50, 50, 50, 50, 50, 50, 50, 50, 50, 50, 50, 50, 50, 50, 50, 50, 50]

Generation 74
Average: 0.8961 Best: 0.9259
Best Individual: 
C0 22|1|13|26|33|20|23|2|25|6|12|8|15|24|27|21|19|14|17|18|31|11|5|29|32|3|30|7|0|9|28|10|16|4|
Overall Best: 0.9487 Generation: 69
length: 34.0
feature_occurency: [50, 50, 50, 50, 50, 50, 50, 50, 50, 50, 50, 50, 50, 50, 50, 50, 50, 50, 50, 50, 50, 50, 50, 50, 50, 50, 50, 50, 50, 50, 50, 50, 50, 50]

Generation 75
Average: 0.8968 Best: 0.9373
Best Individual: 
C0 12|10|4|24|0|17|23|15|19|5|13|16|3|22|27|21|11|2|20|31|25|8|18|32|29|6|9|7|14|28|26|33|1|30|
Overall Best: 0.9487 Generation: 69
length: 34.0
feature_occurency: [50, 50, 50, 50, 50, 50, 50, 50, 50, 50, 50, 50, 50, 50, 50, 50, 50, 50, 50, 50, 50, 50, 50, 50, 50, 50, 50, 50, 50, 50, 50, 50, 50, 50]

Generation 76
Average: 0.8987 Best: 0.9288
Best Individual: 
C0 22|24|20|8|4|5|15|23|18|26|9|28|7|13|12|31|10|11|1|2|19|27|29|16|32|3|6|33|0|30|21|17|25|14|
Overall Best: 0.9487 Generation: 69
length: 34.0
feature_occurency: [50, 50, 50, 50, 50, 50, 50, 50, 50, 50, 50, 50, 50, 50, 50, 50, 50, 50, 50, 50, 50, 50, 50, 50, 50, 50, 50, 50, 50, 50, 50, 50, 50, 50]

Generation 77
Average: 0.8966 Best: 0.9402
Best Individual: 
C0 11|33|26|7|21|6|4|23|14|5|0|24|27|12|22|1|20|30|16|18|15|25|13|10|2|32|31|8|29|3|19|28|9|17|
Overall Best: 0.9487 Generation: 69
length: 34.0
feature_occurency: [50, 50, 50, 50, 50, 50, 50, 50, 50, 50, 50, 50, 50, 50, 50, 50, 50, 50, 50, 50, 50, 50, 50, 50, 50, 50, 50, 50, 50, 50, 50, 50, 50, 50]

Generation 78
Average: 0.8942 Best: 0.9402
Best Individual: 
C0 11|33|26|7|21|6|4|23|2|5|0|24|27|12|29|1|20|30|16|18|15|25|13|10|14|32|31|8|22|3|19|28|9|17|
Overall Best: 0.9487 Generation: 69
length: 34.0
feature_occurency: [50, 50, 50, 50, 50, 50, 50, 50, 50, 50, 50, 50, 50, 50, 50, 50, 50, 50, 50, 50, 50, 50, 50, 50, 50, 50, 50, 50, 50, 50, 50, 50, 50, 50]

Generation 79
Average: 0.8939 Best: 0.9259
Best Individual: 
C0 20|23|26|24|13|6|25|10|21|27|22|16|9|31|30|0|17|14|4|18|7|33|5|15|2|32|12|8|29|3|19|28|1|11|
Overall Best: 0.9487 Generation: 69
length: 34.0
feature_occurency: [50, 50, 50, 50, 50, 50, 50, 50, 50, 50, 50, 50, 50, 50, 50, 50, 50, 50, 50, 50, 50, 50, 50, 50, 50, 50, 50, 50, 50, 50, 50, 50, 50, 50]

Generation 80
Average: 0.8936 Best: 0.9288
Best Individual: 
C0 23|8|12|27|15|17|32|6|31|33|11|0|18|7|2|4|29|20|1|14|10|3|9|13|28|30|21|16|26|19|24|5|22|25|
Overall Best: 0.9487 Generation: 69
length: 34.0
feature_occurency: [50, 50, 50, 50, 50, 50, 50, 50, 50, 50, 50, 50, 50, 50, 50, 50, 50, 50, 50, 50, 50, 50, 50, 50, 50, 50, 50, 50, 50, 50, 50, 50, 50, 50]

Generation 81
Average: 0.8894 Best: 0.9259
Best Individual: 
C0 20|33|26|28|4|2|7|10|17|1|29|5|9|31|18|11|15|0|13|30|25|23|16|8|24|14|6|27|22|3|19|12|21|32|
Overall Best: 0.9487 Generation: 69
length: 34.0
feature_occurency: [50, 50, 50, 50, 50, 50, 50, 50, 50, 50, 50, 50, 50, 50, 50, 50, 50, 50, 50, 50, 50, 50, 50, 50, 50, 50, 50, 50, 50, 50, 50, 50, 50, 50]

Generation 82
Average: 0.8899 Best: 0.9259
Best Individual: 
C0 20|33|26|28|4|2|7|10|17|1|29|5|9|31|18|11|15|0|23|30|25|13|16|8|24|14|6|27|22|3|19|12|21|32|
Overall Best: 0.9487 Generation: 69
length: 34.0
feature_occurency: [50, 50, 50, 50, 50, 50, 50, 50, 50, 50, 50, 50, 50, 50, 50, 50, 50, 50, 50, 50, 50, 50, 50, 50, 50, 50, 50, 50, 50, 50, 50, 50, 50, 50]

Generation 83
Average: 0.8909 Best: 0.9259
Best Individual: 
C0 23|1|15|10|5|12|20|27|9|28|21|0|4|25|30|26|29|14|18|6|16|13|33|8|24|11|2|31|22|3|19|32|7|17|
Overall Best: 0.9487 Generation: 69
length: 34.0
feature_occurency: [50, 50, 50, 50, 50, 50, 50, 50, 50, 50, 50, 50, 50, 50, 50, 50, 50, 50, 50, 50, 50, 50, 50, 50, 50, 50, 50, 50, 50, 50, 50, 50, 50, 50]

Generation 84
Average: 0.8973 Best: 0.9259
Best Individual: 
C0 23|1|15|10|5|12|20|27|9|28|21|0|4|25|30|26|29|14|18|6|16|13|33|8|24|11|32|2|22|3|19|31|7|17|
Overall Best: 0.9487 Generation: 69
length: 34.0
feature_occurency: [50, 50, 50, 50, 50, 50, 50, 50, 50, 50, 50, 50, 50, 50, 50, 50, 50, 50, 50, 50, 50, 50, 50, 50, 50, 50, 50, 50, 50, 50, 50, 50, 50, 50]

Generation 85
Average: 0.8934 Best: 0.9259
Best Individual: 
C0 22|25|33|8|4|23|20|28|12|30|18|10|5|13|2|0|15|27|17|31|16|11|21|1|3|32|14|19|7|26|29|24|9|6|
Overall Best: 0.9487 Generation: 69
length: 34.0
feature_occurency: [50, 50, 50, 50, 50, 50, 50, 50, 50, 50, 50, 50, 50, 50, 50, 50, 50, 50, 50, 50, 50, 50, 50, 50, 50, 50, 50, 50, 50, 50, 50, 50, 50, 50]

Generation 86
Average: 0.8919 Best: 0.9259
Best Individual: 
C0 22|25|16|8|4|23|20|28|12|30|18|10|5|13|2|0|15|27|17|31|33|11|21|1|3|32|14|19|7|26|29|24|9|6|
Overall Best: 0.9487 Generation: 69
length: 34.0
feature_occurency: [50, 50, 50, 50, 50, 50, 50, 50, 50, 50, 50, 50, 50, 50, 50, 50, 50, 50, 50, 50, 50, 50, 50, 50, 50, 50, 50, 50, 50, 50, 50, 50, 50, 50]

Generation 87
Average: 0.8927 Best: 0.9259
Best Individual: 
C0 22|25|16|8|4|23|20|28|12|30|5|10|18|24|2|29|15|27|17|31|33|13|21|1|3|32|14|19|7|26|0|11|9|6|
Overall Best: 0.9487 Generation: 69
length: 34.0
feature_occurency: [50, 50, 50, 50, 50, 50, 50, 50, 50, 50, 50, 50, 50, 50, 50, 50, 50, 50, 50, 50, 50, 50, 50, 50, 50, 50, 50, 50, 50, 50, 50, 50, 50, 50]

Generation 88
Average: 0.8969 Best: 0.9402
Best Individual: 
C0 6|13|7|17|0|14|33|4|12|1|15|5|9|31|18|11|20|16|25|21|27|24|2|10|30|26|23|22|28|8|19|29|3|32|
Overall Best: 0.9487 Generation: 69
length: 34.0
feature_occurency: [50, 50, 50, 50, 50, 50, 50, 50, 50, 50, 50, 50, 50, 50, 50, 50, 50, 50, 50, 50, 50, 50, 50, 50, 50, 50, 50, 50, 50, 50, 50, 50, 50, 50]

Generation 89
Average: 0.8901 Best: 0.9231
Best Individual: 
C0 6|4|3|2|19|23|32|15|8|10|24|5|20|0|13|30|14|27|16|22|29|7|11|18|1|25|17|9|21|26|28|12|31|33|
Overall Best: 0.9487 Generation: 69
length: 34.0
feature_occurency: [50, 50, 50, 50, 50, 50, 50, 50, 50, 50, 50, 50, 50, 50, 50, 50, 50, 50, 50, 50, 50, 50, 50, 50, 50, 50, 50, 50, 50, 50, 50, 50, 50, 50]

Generation 90
Average: 0.8902 Best: 0.9231
Best Individual: 
C0 15|23|33|27|4|26|20|28|8|6|5|21|24|30|19|12|14|16|32|18|13|29|11|10|17|2|25|7|22|1|31|0|9|3|
Overall Best: 0.9487 Generation: 69
length: 34.0
feature_occurency: [50, 50, 50, 50, 50, 50, 50, 50, 50, 50, 50, 50, 50, 50, 50, 50, 50, 50, 50, 50, 50, 50, 50, 50, 50, 50, 50, 50, 50, 50, 50, 50, 50, 50]

Generation 91
Average: 0.8969 Best: 0.9231
Best Individual: 
C0 18|28|0|29|19|15|4|26|27|22|31|25|12|7|32|20|17|8|21|6|14|1|10|9|5|3|30|11|16|23|2|33|24|13|
Overall Best: 0.9487 Generation: 69
length: 34.0
feature_occurency: [50, 50, 50, 50, 50, 50, 50, 50, 50, 50, 50, 50, 50, 50, 50, 50, 50, 50, 50, 50, 50, 50, 50, 50, 50, 50, 50, 50, 50, 50, 50, 50, 50, 50]

Generation 92
Average: 0.8948 Best: 0.9231
Best Individual: 
C0 15|23|28|27|4|26|20|33|8|6|5|21|7|30|19|12|3|16|32|10|2|31|13|18|22|11|25|24|17|1|29|0|9|14|
Overall Best: 0.9487 Generation: 69
length: 34.0
feature_occurency: [50, 50, 50, 50, 50, 50, 50, 50, 50, 50, 50, 50, 50, 50, 50, 50, 50, 50, 50, 50, 50, 50, 50, 50, 50, 50, 50, 50, 50, 50, 50, 50, 50, 50]

Generation 93
Average: 0.8972 Best: 0.9259
Best Individual: 
C0 4|23|33|6|19|7|1|31|30|22|27|0|12|9|15|20|17|32|26|28|14|29|10|8|11|3|2|5|18|21|16|25|24|13|
Overall Best: 0.9487 Generation: 69
length: 34.0
feature_occurency: [50, 50, 50, 50, 50, 50, 50, 50, 50, 50, 50, 50, 50, 50, 50, 50, 50, 50, 50, 50, 50, 50, 50, 50, 50, 50, 50, 50, 50, 50, 50, 50, 50, 50]

Generation 94
Average: 0.8950 Best: 0.9202
Best Individual: 
C0 26|20|0|6|10|2|23|4|8|27|3|18|7|9|5|24|1|16|28|32|33|15|31|21|17|14|11|13|29|25|19|30|22|12|
Overall Best: 0.9487 Generation: 69
length: 34.0
feature_occurency: [50, 50, 50, 50, 50, 50, 50, 50, 50, 50, 50, 50, 50, 50, 50, 50, 50, 50, 50, 50, 50, 50, 50, 50, 50, 50, 50, 50, 50, 50, 50, 50, 50, 50]

Generation 95
Average: 0.8909 Best: 0.9288
Best Individual: 
C0 15|25|1|2|12|26|3|23|4|13|8|6|5|24|29|21|22|16|14|27|28|9|17|30|32|19|18|31|10|7|0|33|11|20|
Overall Best: 0.9487 Generation: 69
length: 34.0
feature_occurency: [50, 50, 50, 50, 50, 50, 50, 50, 50, 50, 50, 50, 50, 50, 50, 50, 50, 50, 50, 50, 50, 50, 50, 50, 50, 50, 50, 50, 50, 50, 50, 50, 50, 50]

Generation 96
Average: 0.8917 Best: 0.9316
Best Individual: 
C0 15|31|0|21|4|23|20|14|10|27|3|8|7|28|5|24|1|16|18|32|33|9|11|12|25|6|22|30|17|2|29|19|26|13|
Overall Best: 0.9487 Generation: 69
length: 34.0
feature_occurency: [50, 50, 50, 50, 50, 50, 50, 50, 50, 50, 50, 50, 50, 50, 50, 50, 50, 50, 50, 50, 50, 50, 50, 50, 50, 50, 50, 50, 50, 50, 50, 50, 50, 50]

Generation 97
Average: 0.8953 Best: 0.9231
Best Individual: 
C0 15|31|22|21|4|23|20|14|10|27|29|8|7|28|5|2|1|16|18|32|33|26|11|12|24|6|19|30|17|13|3|0|9|25|
Overall Best: 0.9487 Generation: 69
length: 34.0
feature_occurency: [50, 50, 50, 50, 50, 50, 50, 50, 50, 50, 50, 50, 50, 50, 50, 50, 50, 50, 50, 50, 50, 50, 50, 50, 50, 50, 50, 50, 50, 50, 50, 50, 50, 50]

Generation 98
Average: 0.8954 Best: 0.9231
Best Individual: 
C0 33|24|16|26|4|25|15|23|32|5|2|11|31|28|13|12|29|27|20|1|14|17|19|7|18|3|22|30|8|21|9|6|10|0|
Overall Best: 0.9487 Generation: 69
length: 34.0
feature_occurency: [50, 50, 50, 50, 50, 50, 50, 50, 50, 50, 50, 50, 50, 50, 50, 50, 50, 50, 50, 50, 50, 50, 50, 50, 50, 50, 50, 50, 50, 50, 50, 50, 50, 50]

Generation 99
Average: 0.8942 Best: 0.9174
Best Individual: 
C0 15|24|22|21|4|23|7|14|26|18|31|8|20|19|11|2|1|16|27|32|33|10|5|12|29|25|28|30|17|13|3|0|9|6|
Overall Best: 0.9487 Generation: 69
==================
    Best individual after 100 generations
    computed in 106.9370 seconds
    333 elements out of 351 correct.
    emerged in generation 69
    with fitness 0.9487
==================

7|14|16|0|33|1|4|23|15|21|19|3|11|2|25|27|17|20|10|24|8|13|29|28|9|6|18|22|26|32|12|5|31|30|
