Starting evolution...
length: 34.0
feature_occurency: [50, 50, 50, 50, 50, 50, 50, 50, 50, 50, 50, 50, 50, 50, 50, 50, 50, 50, 50, 50, 50, 50, 50, 50, 50, 50, 50, 50, 50, 50, 50, 50, 50, 50]

Generation 0
Average: 0.8778 Best: 0.9031
Best Individual: 
C0 6|23|26|31|4|12|0|7|20|9|22|11|29|13|14|10|2|17|18|16|1|21|15|8|24|25|28|30|3|5|27|19|33|32|
Overall Best: 0.9031 Generation: 0
length: 34.0
feature_occurency: [50, 50, 50, 50, 50, 50, 50, 50, 50, 50, 50, 50, 50, 50, 50, 50, 50, 50, 50, 50, 50, 50, 50, 50, 50, 50, 50, 50, 50, 50, 50, 50, 50, 50]

Generation 1
Average: 0.8820 Best: 0.9088
Best Individual: 
C0 6|23|26|31|0|14|4|7|20|9|12|17|29|22|1|10|2|11|18|16|25|21|15|8|24|13|28|30|3|5|27|19|33|32|
Overall Best: 0.9088 Generation: 1
length: 34.0
feature_occurency: [50, 50, 50, 50, 50, 50, 50, 50, 50, 50, 50, 50, 50, 50, 50, 50, 50, 50, 50, 50, 50, 50, 50, 50, 50, 50, 50, 50, 50, 50, 50, 50, 50, 50]

Generation 2
Average: 0.8815 Best: 0.9031
Best Individual: 
C0 19|1|13|26|0|15|33|4|5|9|10|18|12|30|23|2|27|17|22|14|7|21|25|31|20|6|11|28|16|29|3|8|32|24|
Overall Best: 0.9088 Generation: 1
length: 34.0
feature_occurency: [50, 50, 50, 50, 50, 50, 50, 50, 50, 50, 50, 50, 50, 50, 50, 50, 50, 50, 50, 50, 50, 50, 50, 50, 50, 50, 50, 50, 50, 50, 50, 50, 50, 50]

Generation 3
Average: 0.8860 Best: 0.9117
Best Individual: 
C0 0|1|20|7|3|16|2|19|28|12|10|4|5|11|29|18|15|13|27|22|9|31|17|23|24|14|26|33|8|32|30|21|6|25|
Overall Best: 0.9117 Generation: 3
length: 34.0
feature_occurency: [50, 50, 50, 50, 50, 50, 50, 50, 50, 50, 50, 50, 50, 50, 50, 50, 50, 50, 50, 50, 50, 50, 50, 50, 50, 50, 50, 50, 50, 50, 50, 50, 50, 50]

Generation 4
Average: 0.8895 Best: 0.9117
Best Individual: 
C0 0|29|20|7|3|16|2|19|28|12|10|4|5|11|1|18|15|13|27|22|9|31|17|23|24|14|26|33|8|32|30|21|6|25|
Overall Best: 0.9117 Generation: 3
length: 34.0
feature_occurency: [50, 50, 50, 50, 50, 50, 50, 50, 50, 50, 50, 50, 50, 50, 50, 50, 50, 50, 50, 50, 50, 50, 50, 50, 50, 50, 50, 50, 50, 50, 50, 50, 50, 50]

Generation 5
Average: 0.8888 Best: 0.9088
Best Individual: 
C0 22|0|2|23|11|21|9|7|20|5|14|10|1|4|32|19|16|27|33|29|3|12|26|13|24|15|30|6|28|8|25|31|18|17|
Overall Best: 0.9117 Generation: 3
length: 34.0
feature_occurency: [50, 50, 50, 50, 50, 50, 50, 50, 50, 50, 50, 50, 50, 50, 50, 50, 50, 50, 50, 50, 50, 50, 50, 50, 50, 50, 50, 50, 50, 50, 50, 50, 50, 50]

Generation 6
Average: 0.8840 Best: 0.9088
Best Individual: 
C0 28|18|25|15|19|27|14|31|20|23|2|11|12|1|8|6|7|9|32|17|30|21|24|3|10|26|16|5|22|0|4|33|29|13|
Overall Best: 0.9117 Generation: 3
length: 34.0
feature_occurency: [50, 50, 50, 50, 50, 50, 50, 50, 50, 50, 50, 50, 50, 50, 50, 50, 50, 50, 50, 50, 50, 50, 50, 50, 50, 50, 50, 50, 50, 50, 50, 50, 50, 50]

Generation 7
Average: 0.8855 Best: 0.9060
Best Individual: 
C0 33|1|3|7|6|10|0|19|4|15|16|8|5|32|12|18|23|29|30|22|9|31|17|13|24|14|26|2|28|11|27|20|21|25|
Overall Best: 0.9117 Generation: 3
length: 34.0
feature_occurency: [50, 50, 50, 50, 50, 50, 50, 50, 50, 50, 50, 50, 50, 50, 50, 50, 50, 50, 50, 50, 50, 50, 50, 50, 50, 50, 50, 50, 50, 50, 50, 50, 50, 50]

Generation 8
Average: 0.8860 Best: 0.9060
Best Individual: 
C0 21|2|14|28|6|10|0|30|4|20|22|8|5|15|12|27|7|17|18|16|3|29|11|26|25|13|31|1|9|23|19|24|33|32|
Overall Best: 0.9117 Generation: 3
length: 34.0
feature_occurency: [50, 50, 50, 50, 50, 50, 50, 50, 50, 50, 50, 50, 50, 50, 50, 50, 50, 50, 50, 50, 50, 50, 50, 50, 50, 50, 50, 50, 50, 50, 50, 50, 50, 50]

Generation 9
Average: 0.8850 Best: 0.9060
Best Individual: 
C0 0|12|20|7|6|16|15|19|25|2|10|4|33|23|1|18|3|13|27|22|11|21|14|31|9|24|29|28|8|32|17|5|30|26|
Overall Best: 0.9117 Generation: 3
length: 34.0
feature_occurency: [50, 50, 50, 50, 50, 50, 50, 50, 50, 50, 50, 50, 50, 50, 50, 50, 50, 50, 50, 50, 50, 50, 50, 50, 50, 50, 50, 50, 50, 50, 50, 50, 50, 50]

Generation 10
Average: 0.8844 Best: 0.9060
Best Individual: 
C0 33|1|12|3|2|14|30|0|29|6|21|32|4|11|25|23|26|17|18|7|31|5|19|28|13|10|22|16|8|15|24|27|9|20|
Overall Best: 0.9117 Generation: 3
length: 34.0
feature_occurency: [50, 50, 50, 50, 50, 50, 50, 50, 50, 50, 50, 50, 50, 50, 50, 50, 50, 50, 50, 50, 50, 50, 50, 50, 50, 50, 50, 50, 50, 50, 50, 50, 50, 50]

Generation 11
Average: 0.8847 Best: 0.9088
Best Individual: 
C0 18|6|5|21|15|16|14|13|1|0|17|4|23|27|11|26|12|20|8|25|3|32|7|22|19|33|30|2|31|24|10|9|29|28|
Overall Best: 0.9117 Generation: 3
length: 34.0
feature_occurency: [50, 50, 50, 50, 50, 50, 50, 50, 50, 50, 50, 50, 50, 50, 50, 50, 50, 50, 50, 50, 50, 50, 50, 50, 50, 50, 50, 50, 50, 50, 50, 50, 50, 50]

Generation 12
Average: 0.8891 Best: 0.9202
Best Individual: 
C0 20|12|25|22|0|2|19|27|4|7|23|8|33|24|1|26|15|3|31|21|11|17|28|16|9|5|29|14|30|18|10|32|6|13|
Overall Best: 0.9202 Generation: 12
length: 34.0
feature_occurency: [50, 50, 50, 50, 50, 50, 50, 50, 50, 50, 50, 50, 50, 50, 50, 50, 50, 50, 50, 50, 50, 50, 50, 50, 50, 50, 50, 50, 50, 50, 50, 50, 50, 50]

Generation 13
Average: 0.8875 Best: 0.9117
Best Individual: 
C0 27|21|19|6|0|23|5|4|20|7|28|12|33|24|32|1|15|30|31|22|2|3|17|26|9|8|29|25|16|18|10|14|11|13|
Overall Best: 0.9202 Generation: 12
length: 34.0
feature_occurency: [50, 50, 50, 50, 50, 50, 50, 50, 50, 50, 50, 50, 50, 50, 50, 50, 50, 50, 50, 50, 50, 50, 50, 50, 50, 50, 50, 50, 50, 50, 50, 50, 50, 50]

Generation 14
Average: 0.8882 Best: 0.9117
Best Individual: 
C0 0|14|28|7|20|16|27|21|33|26|10|4|11|23|32|1|15|30|31|22|2|3|29|5|9|8|17|19|12|18|24|6|13|25|
Overall Best: 0.9202 Generation: 12
length: 34.0
feature_occurency: [50, 50, 50, 50, 50, 50, 50, 50, 50, 50, 50, 50, 50, 50, 50, 50, 50, 50, 50, 50, 50, 50, 50, 50, 50, 50, 50, 50, 50, 50, 50, 50, 50, 50]

Generation 15
Average: 0.8911 Best: 0.9145
Best Individual: 
C0 0|14|28|7|20|16|27|31|33|26|10|4|11|23|30|1|15|32|21|22|9|3|29|5|2|8|17|19|12|18|24|6|13|25|
Overall Best: 0.9202 Generation: 12
length: 34.0
feature_occurency: [50, 50, 50, 50, 50, 50, 50, 50, 50, 50, 50, 50, 50, 50, 50, 50, 50, 50, 50, 50, 50, 50, 50, 50, 50, 50, 50, 50, 50, 50, 50, 50, 50, 50]

Generation 16
Average: 0.8891 Best: 0.9088
Best Individual: 
C0 31|14|29|7|26|5|27|1|33|20|10|4|30|23|2|32|15|3|6|21|11|0|28|16|9|8|17|19|12|18|24|22|13|25|
Overall Best: 0.9202 Generation: 12
length: 34.0
feature_occurency: [50, 50, 50, 50, 50, 50, 50, 50, 50, 50, 50, 50, 50, 50, 50, 50, 50, 50, 50, 50, 50, 50, 50, 50, 50, 50, 50, 50, 50, 50, 50, 50, 50, 50]

Generation 17
Average: 0.8876 Best: 0.9117
Best Individual: 
C0 31|14|29|7|26|5|27|1|33|20|10|19|30|23|2|6|15|3|32|21|11|0|28|16|9|8|17|4|12|18|24|22|13|25|
Overall Best: 0.9202 Generation: 12
length: 34.0
feature_occurency: [50, 50, 50, 50, 50, 50, 50, 50, 50, 50, 50, 50, 50, 50, 50, 50, 50, 50, 50, 50, 50, 50, 50, 50, 50, 50, 50, 50, 50, 50, 50, 50, 50, 50]

Generation 18
Average: 0.8914 Best: 0.9117
Best Individual: 
C0 31|14|29|7|26|5|27|1|33|20|10|19|12|23|2|6|15|3|32|21|11|0|28|16|9|18|17|4|30|8|24|22|13|25|
Overall Best: 0.9202 Generation: 12
length: 34.0
feature_occurency: [50, 50, 50, 50, 50, 50, 50, 50, 50, 50, 50, 50, 50, 50, 50, 50, 50, 50, 50, 50, 50, 50, 50, 50, 50, 50, 50, 50, 50, 50, 50, 50, 50, 50]

Generation 19
Average: 0.8902 Best: 0.9117
Best Individual: 
C0 28|33|31|14|32|12|17|27|20|23|11|0|5|8|18|15|4|29|1|2|9|19|25|21|30|26|16|24|7|13|3|6|10|22|
Overall Best: 0.9202 Generation: 12
length: 34.0
feature_occurency: [50, 50, 50, 50, 50, 50, 50, 50, 50, 50, 50, 50, 50, 50, 50, 50, 50, 50, 50, 50, 50, 50, 50, 50, 50, 50, 50, 50, 50, 50, 50, 50, 50, 50]

Generation 20
Average: 0.8902 Best: 0.9117
Best Individual: 
C0 13|16|15|12|26|14|2|6|33|20|18|11|10|23|30|1|24|22|7|32|8|3|25|31|27|9|21|5|28|4|0|19|17|29|
Overall Best: 0.9202 Generation: 12
length: 34.0
feature_occurency: [50, 50, 50, 50, 50, 50, 50, 50, 50, 50, 50, 50, 50, 50, 50, 50, 50, 50, 50, 50, 50, 50, 50, 50, 50, 50, 50, 50, 50, 50, 50, 50, 50, 50]

Generation 21
Average: 0.8897 Best: 0.9117
Best Individual: 
C0 13|28|15|12|26|14|2|6|33|20|18|11|10|23|30|1|24|22|7|32|8|3|25|31|27|9|21|5|16|4|0|19|17|29|
Overall Best: 0.9202 Generation: 12
length: 34.0
feature_occurency: [50, 50, 50, 50, 50, 50, 50, 50, 50, 50, 50, 50, 50, 50, 50, 50, 50, 50, 50, 50, 50, 50, 50, 50, 50, 50, 50, 50, 50, 50, 50, 50, 50, 50]

Generation 22
Average: 0.8872 Best: 0.9117
Best Individual: 
C0 13|28|15|12|26|14|2|6|33|23|16|4|10|20|30|1|24|22|7|32|8|3|25|31|27|9|21|5|18|11|0|19|17|29|
Overall Best: 0.9202 Generation: 12
length: 34.0
feature_occurency: [50, 50, 50, 50, 50, 50, 50, 50, 50, 50, 50, 50, 50, 50, 50, 50, 50, 50, 50, 50, 50, 50, 50, 50, 50, 50, 50, 50, 50, 50, 50, 50, 50, 50]

Generation 23
Average: 0.8855 Best: 0.9088
Best Individual: 
C0 25|32|0|6|19|23|18|33|28|15|31|12|1|27|24|26|4|11|5|2|3|30|29|14|21|8|17|22|16|20|10|9|7|13|
Overall Best: 0.9202 Generation: 12
length: 34.0
feature_occurency: [50, 50, 50, 50, 50, 50, 50, 50, 50, 50, 50, 50, 50, 50, 50, 50, 50, 50, 50, 50, 50, 50, 50, 50, 50, 50, 50, 50, 50, 50, 50, 50, 50, 50]

Generation 24
Average: 0.8871 Best: 0.9117
Best Individual: 
C0 13|18|1|12|14|26|2|6|33|23|16|4|25|20|30|11|15|22|7|32|8|3|10|31|27|9|21|5|28|24|0|19|17|29|
Overall Best: 0.9202 Generation: 12
length: 34.0
feature_occurency: [50, 50, 50, 50, 50, 50, 50, 50, 50, 50, 50, 50, 50, 50, 50, 50, 50, 50, 50, 50, 50, 50, 50, 50, 50, 50, 50, 50, 50, 50, 50, 50, 50, 50]

Generation 25
Average: 0.8889 Best: 0.9117
Best Individual: 
C0 28|33|4|14|27|20|1|21|30|17|11|0|5|31|29|3|19|15|16|13|18|23|24|32|26|12|8|2|7|6|9|25|22|10|
Overall Best: 0.9202 Generation: 12
length: 34.0
feature_occurency: [50, 50, 50, 50, 50, 50, 50, 50, 50, 50, 50, 50, 50, 50, 50, 50, 50, 50, 50, 50, 50, 50, 50, 50, 50, 50, 50, 50, 50, 50, 50, 50, 50, 50]

Generation 26
Average: 0.8876 Best: 0.9117
Best Individual: 
C0 25|13|26|12|27|14|4|8|22|30|20|11|15|23|2|0|6|19|29|16|32|10|5|28|24|18|7|21|1|17|3|9|33|31|
Overall Best: 0.9202 Generation: 12
length: 34.0
feature_occurency: [50, 50, 50, 50, 50, 50, 50, 50, 50, 50, 50, 50, 50, 50, 50, 50, 50, 50, 50, 50, 50, 50, 50, 50, 50, 50, 50, 50, 50, 50, 50, 50, 50, 50]

Generation 27
Average: 0.8904 Best: 0.9145
Best Individual: 
C0 25|13|26|12|27|14|4|8|22|30|20|16|15|23|2|0|6|19|17|11|32|10|5|28|24|18|7|21|9|29|3|1|33|31|
Overall Best: 0.9202 Generation: 12
length: 34.0
feature_occurency: [50, 50, 50, 50, 50, 50, 50, 50, 50, 50, 50, 50, 50, 50, 50, 50, 50, 50, 50, 50, 50, 50, 50, 50, 50, 50, 50, 50, 50, 50, 50, 50, 50, 50]

Generation 28
Average: 0.8881 Best: 0.9117
Best Individual: 
C0 0|6|9|21|1|20|26|31|19|28|12|10|14|16|4|17|23|11|30|29|32|3|15|7|27|24|25|5|18|8|22|13|33|2|
Overall Best: 0.9202 Generation: 12
length: 34.0
feature_occurency: [50, 50, 50, 50, 50, 50, 50, 50, 50, 50, 50, 50, 50, 50, 50, 50, 50, 50, 50, 50, 50, 50, 50, 50, 50, 50, 50, 50, 50, 50, 50, 50, 50, 50]

Generation 29
Average: 0.8881 Best: 0.9174
Best Individual: 
C0 25|11|27|0|26|14|13|4|18|6|31|16|8|23|19|12|15|30|29|22|32|10|20|28|24|5|7|21|1|17|3|9|2|33|
Overall Best: 0.9202 Generation: 12
length: 34.0
feature_occurency: [50, 50, 50, 50, 50, 50, 50, 50, 50, 50, 50, 50, 50, 50, 50, 50, 50, 50, 50, 50, 50, 50, 50, 50, 50, 50, 50, 50, 50, 50, 50, 50, 50, 50]

Generation 30
Average: 0.8904 Best: 0.9259
Best Individual: 
C0 0|20|33|21|1|6|26|31|14|2|12|15|19|16|4|17|23|11|13|29|32|3|10|7|27|24|25|5|18|8|22|30|9|28|
Overall Best: 0.9259 Generation: 30
length: 34.0
feature_occurency: [50, 50, 50, 50, 50, 50, 50, 50, 50, 50, 50, 50, 50, 50, 50, 50, 50, 50, 50, 50, 50, 50, 50, 50, 50, 50, 50, 50, 50, 50, 50, 50, 50, 50]

Generation 31
Average: 0.8878 Best: 0.9174
Best Individual: 
C0 20|11|23|0|26|14|7|4|18|6|17|16|15|8|19|12|27|30|29|22|9|2|31|10|5|32|33|24|21|25|1|13|3|28|
Overall Best: 0.9259 Generation: 30
length: 34.0
feature_occurency: [50, 50, 50, 50, 50, 50, 50, 50, 50, 50, 50, 50, 50, 50, 50, 50, 50, 50, 50, 50, 50, 50, 50, 50, 50, 50, 50, 50, 50, 50, 50, 50, 50, 50]

Generation 32
Average: 0.8884 Best: 0.9088
Best Individual: 
C0 4|12|9|33|22|23|5|20|21|13|8|0|26|32|25|11|10|2|29|16|27|3|7|17|24|19|15|14|1|6|30|31|18|28|
Overall Best: 0.9259 Generation: 30
length: 34.0
feature_occurency: [50, 50, 50, 50, 50, 50, 50, 50, 50, 50, 50, 50, 50, 50, 50, 50, 50, 50, 50, 50, 50, 50, 50, 50, 50, 50, 50, 50, 50, 50, 50, 50, 50, 50]

Generation 33
Average: 0.8877 Best: 0.9117
Best Individual: 
C0 20|5|23|0|1|14|8|4|18|13|15|16|17|26|19|6|27|30|29|22|9|2|31|10|11|32|12|24|21|25|7|33|3|28|
Overall Best: 0.9259 Generation: 30
length: 34.0
feature_occurency: [50, 50, 50, 50, 50, 50, 50, 50, 50, 50, 50, 50, 50, 50, 50, 50, 50, 50, 50, 50, 50, 50, 50, 50, 50, 50, 50, 50, 50, 50, 50, 50, 50, 50]

Generation 34
Average: 0.8895 Best: 0.9088
Best Individual: 
C0 23|12|28|22|7|26|15|27|2|14|8|6|16|0|4|11|17|31|29|21|19|3|10|13|9|33|25|5|32|30|20|1|18|24|
Overall Best: 0.9259 Generation: 30
length: 34.0
feature_occurency: [50, 50, 50, 50, 50, 50, 50, 50, 50, 50, 50, 50, 50, 50, 50, 50, 50, 50, 50, 50, 50, 50, 50, 50, 50, 50, 50, 50, 50, 50, 50, 50, 50, 50]

Generation 35
Average: 0.8907 Best: 0.9231
Best Individual: 
C0 23|12|28|22|7|26|15|27|2|14|8|6|16|0|1|11|17|13|29|21|19|3|10|33|9|31|25|5|32|30|20|4|18|24|
Overall Best: 0.9259 Generation: 30
length: 34.0
feature_occurency: [50, 50, 50, 50, 50, 50, 50, 50, 50, 50, 50, 50, 50, 50, 50, 50, 50, 50, 50, 50, 50, 50, 50, 50, 50, 50, 50, 50, 50, 50, 50, 50, 50, 50]

Generation 36
Average: 0.8888 Best: 0.9117
Best Individual: 
C0 26|3|20|18|12|17|2|16|7|8|11|33|9|27|23|6|30|21|14|31|19|4|10|28|13|22|5|24|1|25|32|15|0|29|
Overall Best: 0.9259 Generation: 30
length: 34.0
feature_occurency: [50, 50, 50, 50, 50, 50, 50, 50, 50, 50, 50, 50, 50, 50, 50, 50, 50, 50, 50, 50, 50, 50, 50, 50, 50, 50, 50, 50, 50, 50, 50, 50, 50, 50]

Generation 37
Average: 0.8875 Best: 0.9174
Best Individual: 
C0 0|6|30|23|19|16|14|8|32|9|4|10|1|26|21|33|18|5|29|22|24|2|15|20|27|13|28|25|17|7|12|31|3|11|
Overall Best: 0.9259 Generation: 30
length: 34.0
feature_occurency: [50, 50, 50, 50, 50, 50, 50, 50, 50, 50, 50, 50, 50, 50, 50, 50, 50, 50, 50, 50, 50, 50, 50, 50, 50, 50, 50, 50, 50, 50, 50, 50, 50, 50]

Generation 38
Average: 0.8840 Best: 0.9088
Best Individual: 
C0 3|16|4|26|25|12|2|17|1|33|29|24|11|23|20|14|28|7|6|30|27|19|22|32|15|13|0|5|8|31|21|9|18|10|
Overall Best: 0.9259 Generation: 30
length: 34.0
feature_occurency: [50, 50, 50, 50, 50, 50, 50, 50, 50, 50, 50, 50, 50, 50, 50, 50, 50, 50, 50, 50, 50, 50, 50, 50, 50, 50, 50, 50, 50, 50, 50, 50, 50, 50]

Generation 39
Average: 0.8825 Best: 0.9145
Best Individual: 
C0 22|0|30|28|13|26|14|4|5|17|10|23|24|33|31|32|16|15|7|19|9|27|3|25|29|8|20|21|2|11|12|18|6|1|
Overall Best: 0.9259 Generation: 30
length: 34.0
feature_occurency: [50, 50, 50, 50, 50, 50, 50, 50, 50, 50, 50, 50, 50, 50, 50, 50, 50, 50, 50, 50, 50, 50, 50, 50, 50, 50, 50, 50, 50, 50, 50, 50, 50, 50]

Generation 40
Average: 0.8847 Best: 0.9145
Best Individual: 
C0 24|14|20|8|12|6|29|19|4|17|18|16|23|0|27|11|26|7|32|21|2|1|10|31|5|28|22|25|9|3|30|33|13|15|
Overall Best: 0.9259 Generation: 30
length: 34.0
feature_occurency: [50, 50, 50, 50, 50, 50, 50, 50, 50, 50, 50, 50, 50, 50, 50, 50, 50, 50, 50, 50, 50, 50, 50, 50, 50, 50, 50, 50, 50, 50, 50, 50, 50, 50]

Generation 41
Average: 0.8858 Best: 0.9117
Best Individual: 
C0 25|12|20|6|10|26|14|4|7|8|23|17|32|33|2|19|13|5|15|27|0|21|11|28|22|9|18|3|31|29|24|1|30|16|
Overall Best: 0.9259 Generation: 30
length: 34.0
feature_occurency: [50, 50, 50, 50, 50, 50, 50, 50, 50, 50, 50, 50, 50, 50, 50, 50, 50, 50, 50, 50, 50, 50, 50, 50, 50, 50, 50, 50, 50, 50, 50, 50, 50, 50]

Generation 42
Average: 0.8858 Best: 0.9060
Best Individual: 
C0 19|0|3|17|7|1|26|4|10|2|21|23|12|33|31|20|15|25|11|5|29|6|16|28|13|32|8|24|22|27|14|30|9|18|
Overall Best: 0.9259 Generation: 30
length: 34.0
feature_occurency: [50, 50, 50, 50, 50, 50, 50, 50, 50, 50, 50, 50, 50, 50, 50, 50, 50, 50, 50, 50, 50, 50, 50, 50, 50, 50, 50, 50, 50, 50, 50, 50, 50, 50]

Generation 43
Average: 0.8843 Best: 0.9117
Best Individual: 
C0 31|17|13|2|26|20|15|1|24|14|28|6|23|12|27|11|4|7|32|21|33|22|10|3|5|8|29|16|19|18|0|9|25|30|
Overall Best: 0.9259 Generation: 30
length: 34.0
feature_occurency: [50, 50, 50, 50, 50, 50, 50, 50, 50, 50, 50, 50, 50, 50, 50, 50, 50, 50, 50, 50, 50, 50, 50, 50, 50, 50, 50, 50, 50, 50, 50, 50, 50, 50]

Generation 44
Average: 0.8877 Best: 0.9117
Best Individual: 
C0 13|7|0|6|10|26|14|11|19|17|20|24|15|23|27|32|31|4|18|21|33|1|8|22|3|28|29|25|9|5|30|2|12|16|
Overall Best: 0.9259 Generation: 30
length: 34.0
feature_occurency: [50, 50, 50, 50, 50, 50, 50, 50, 50, 50, 50, 50, 50, 50, 50, 50, 50, 50, 50, 50, 50, 50, 50, 50, 50, 50, 50, 50, 50, 50, 50, 50, 50, 50]

Generation 45
Average: 0.8887 Best: 0.9145
Best Individual: 
C0 15|8|21|6|10|20|14|26|5|17|33|24|4|23|27|32|22|12|30|13|2|29|11|0|9|19|7|3|25|16|1|18|31|28|
Overall Best: 0.9259 Generation: 30
length: 34.0
feature_occurency: [50, 50, 50, 50, 50, 50, 50, 50, 50, 50, 50, 50, 50, 50, 50, 50, 50, 50, 50, 50, 50, 50, 50, 50, 50, 50, 50, 50, 50, 50, 50, 50, 50, 50]

Generation 46
Average: 0.8874 Best: 0.9088
Best Individual: 
C0 21|14|27|15|28|4|22|11|29|31|18|13|6|23|5|26|3|30|10|1|7|19|20|33|9|0|12|17|25|8|16|24|2|32|
Overall Best: 0.9259 Generation: 30
length: 34.0
feature_occurency: [50, 50, 50, 50, 50, 50, 50, 50, 50, 50, 50, 50, 50, 50, 50, 50, 50, 50, 50, 50, 50, 50, 50, 50, 50, 50, 50, 50, 50, 50, 50, 50, 50, 50]

Generation 47
Average: 0.8893 Best: 0.9088
Best Individual: 
C0 15|8|21|6|10|18|14|26|12|17|19|24|22|23|27|32|4|2|30|13|5|29|11|0|28|33|7|31|25|16|1|20|3|9|
Overall Best: 0.9259 Generation: 30
length: 34.0
feature_occurency: [50, 50, 50, 50, 50, 50, 50, 50, 50, 50, 50, 50, 50, 50, 50, 50, 50, 50, 50, 50, 50, 50, 50, 50, 50, 50, 50, 50, 50, 50, 50, 50, 50, 50]

Generation 48
Average: 0.8900 Best: 0.9145
Best Individual: 
C0 25|32|3|10|12|8|13|23|14|4|18|33|29|24|21|26|19|6|16|15|31|5|11|0|30|28|2|17|7|27|20|9|22|1|
Overall Best: 0.9259 Generation: 30
length: 34.0
feature_occurency: [50, 50, 50, 50, 50, 50, 50, 50, 50, 50, 50, 50, 50, 50, 50, 50, 50, 50, 50, 50, 50, 50, 50, 50, 50, 50, 50, 50, 50, 50, 50, 50, 50, 50]

Generation 49
Average: 0.8897 Best: 0.9145
Best Individual: 
C0 15|8|3|6|1|12|14|26|18|17|19|24|22|23|27|25|4|2|30|13|5|29|11|0|28|33|9|31|32|16|7|10|21|20|
Overall Best: 0.9259 Generation: 30
==================
    Best individual after 50 generations
    computed in 120.1800 seconds
    325 elements out of 351 correct.
    emerged in generation 30
    with fitness 0.9259
==================

