Starting evolution...
length: 21.4
feature_occurency: [27, 51, 64, 42, 57, 58, 57, 51, 43, 40, 48, 48, 47, 50, 59, 56, 54, 55, 60, 38, 52, 64, 58, 58, 52, 42, 46, 52, 41, 43, 49, 56, 45, 37]

Generation 0
Average: 0.8745 Best: 0.8974
Best Individual: 
C0 23|20|22|11|11|0|15|15|5|7|19|19|28|7|18|14|1|28|26|1|2|16|4|6|28|14|27|2|20|22|0|19|11|11|
Overall Best: 0.8974 Generation: 0
length: 21.6
feature_occurency: [31, 51, 69, 40, 63, 71, 55, 47, 45, 39, 44, 59, 50, 51, 67, 53, 50, 38, 61, 47, 51, 69, 42, 60, 53, 35, 53, 47, 41, 40, 38, 52, 46, 42]

Generation 1
Average: 0.8771 Best: 0.8974
Best Individual: 
C0 24|25|18|22|28|29|7|26|11|7|16|20|12|0|19|6|4|26|11|23|15|18|12|8|32|15|1|16|15|8|4|8|5|5|
Overall Best: 0.8974 Generation: 0
length: 21.68
feature_occurency: [38, 57, 70, 36, 76, 67, 61, 41, 46, 34, 52, 65, 56, 54, 53, 55, 50, 31, 55, 42, 56, 67, 41, 63, 47, 31, 48, 38, 52, 44, 34, 48, 53, 39]

Generation 2
Average: 0.8797 Best: 0.9117
Best Individual: 
C0 14|10|13|18|4|31|27|13|32|31|5|11|17|33|4|20|33|15|18|18|15|29|13|26|1|11|23|0|1|24|6|0|0|20|
Overall Best: 0.9117 Generation: 2
length: 21.58
feature_occurency: [38, 62, 72, 44, 78, 54, 61, 40, 33, 32, 49, 59, 59, 59, 59, 46, 52, 31, 54, 50, 47, 63, 45, 64, 44, 36, 47, 40, 53, 46, 39, 47, 52, 45]

Generation 3
Average: 0.8810 Best: 0.9031
Best Individual: 
C0 6|15|29|4|17|18|4|6|31|15|2|2|33|6|12|25|28|26|21|5|1|29|18|10|13|10|2|5|2|0|5|20|12|14|
Overall Best: 0.9117 Generation: 2
length: 22.0
feature_occurency: [38, 66, 79, 43, 89, 56, 66, 33, 25, 32, 41, 55, 52, 38, 67, 41, 52, 36, 58, 46, 62, 53, 41, 73, 35, 34, 52, 43, 55, 53, 35, 46, 50, 55]

Generation 4
Average: 0.8855 Best: 0.9060
Best Individual: 
C0 27|32|19|26|16|29|5|11|23|5|25|17|31|32|31|12|1|28|26|1|2|16|4|7|28|14|16|2|20|19|30|4|5|6|
Overall Best: 0.9117 Generation: 2
length: 21.72
feature_occurency: [37, 58, 87, 41, 88, 70, 70, 28, 32, 20, 46, 50, 40, 45, 67, 52, 54, 40, 55, 50, 53, 50, 35, 64, 37, 38, 57, 42, 60, 59, 40, 37, 57, 41]

Generation 5
Average: 0.8806 Best: 0.9088
Best Individual: 
C0 8|19|8|16|7|23|4|6|32|28|2|2|33|6|25|26|28|26|16|4|4|29|11|24|3|30|8|33|30|32|0|12|2|14|
Overall Best: 0.9117 Generation: 2
length: 21.72
feature_occurency: [38, 52, 77, 43, 86, 75, 66, 36, 35, 24, 46, 46, 47, 46, 63, 45, 49, 33, 52, 53, 51, 41, 42, 74, 38, 46, 64, 39, 60, 52, 42, 25, 69, 45]

Generation 6
Average: 0.8822 Best: 0.9031
Best Individual: 
C0 32|23|4|16|11|1|13|24|29|7|19|19|28|7|18|14|32|23|26|16|29|2|23|15|28|19|25|20|20|27|5|3|8|29|
Overall Best: 0.9117 Generation: 2
length: 22.08
feature_occurency: [40, 47, 78, 40, 84, 73, 76, 41, 47, 20, 45, 60, 37, 52, 55, 43, 50, 30, 60, 51, 45, 45, 33, 77, 39, 50, 66, 37, 61, 56, 27, 26, 62, 47]

Generation 7
Average: 0.8827 Best: 0.8974
Best Individual: 
C0 21|11|2|26|18|22|18|22|4|22|2|2|33|33|4|25|28|26|21|5|1|29|18|10|13|10|31|5|2|0|27|23|11|3|
Overall Best: 0.9117 Generation: 2
length: 21.92
feature_occurency: [44, 36, 77, 43, 90, 64, 77, 44, 40, 24, 45, 65, 40, 48, 60, 42, 45, 26, 58, 52, 44, 39, 41, 87, 35, 43, 70, 39, 57, 43, 28, 36, 71, 47]

Generation 8
Average: 0.8854 Best: 0.9060
Best Individual: 
C0 2|22|5|28|20|4|23|20|11|4|19|19|33|5|25|26|32|23|26|16|27|2|23|15|28|19|25|20|20|27|5|15|33|14|
Overall Best: 0.9117 Generation: 2
length: 21.9
feature_occurency: [42, 39, 86, 40, 95, 63, 76, 55, 46, 21, 40, 64, 44, 51, 57, 41, 56, 29, 34, 52, 52, 37, 32, 87, 38, 53, 73, 34, 50, 26, 35, 25, 79, 48]

Generation 9
Average: 0.8861 Best: 0.9031
Best Individual: 
C0 23|21|14|19|3|14|13|15|32|11|4|14|33|6|25|5|7|20|16|15|4|19|32|19|28|7|26|32|30|15|0|8|11|28|
Overall Best: 0.9117 Generation: 2
length: 21.8
feature_occurency: [50, 35, 80, 39, 89, 65, 79, 45, 45, 21, 38, 58, 42, 54, 53, 39, 51, 28, 18, 60, 68, 34, 22, 88, 33, 61, 77, 33, 52, 25, 50, 32, 88, 48]

Generation 10
Average: 0.8838 Best: 0.9031
Best Individual: 
C0 6|19|5|27|32|4|33|1|3|0|28|2|26|29|11|23|23|26|16|4|26|29|16|24|3|30|32|33|12|25|28|3|14|5|
Overall Best: 0.9117 Generation: 2
length: 21.12
feature_occurency: [45, 35, 73, 40, 80, 68, 77, 48, 43, 23, 29, 64, 42, 53, 63, 38, 62, 18, 22, 67, 72, 26, 28, 93, 39, 58, 71, 39, 56, 20, 47, 23, 84, 54]

Generation 11
Average: 0.8852 Best: 0.9088
Best Individual: 
C0 3|22|5|31|20|4|23|20|11|4|19|19|33|5|25|26|12|23|26|16|6|19|10|19|6|19|25|33|20|27|5|30|22|14|
Overall Best: 0.9117 Generation: 2
length: 20.8
feature_occurency: [51, 32, 71, 44, 92, 69, 68, 51, 45, 17, 36, 56, 44, 44, 62, 34, 48, 19, 23, 85, 73, 23, 33, 97, 41, 55, 62, 35, 51, 23, 51, 21, 85, 59]

Generation 12
Average: 0.8880 Best: 0.9060
Best Individual: 
C0 10|17|19|30|3|33|13|23|14|0|14|17|20|0|19|4|1|23|11|19|0|5|32|2|25|12|33|2|30|32|0|20|2|23|
Overall Best: 0.9117 Generation: 2
length: 20.92
feature_occurency: [43, 35, 68, 31, 93, 71, 80, 58, 47, 30, 23, 56, 46, 46, 57, 31, 42, 15, 34, 82, 79, 22, 39, 103, 38, 49, 49, 46, 67, 15, 45, 26, 82, 52]

Generation 13
Average: 0.8862 Best: 0.9088
Best Individual: 
C0 2|22|28|28|20|1|6|28|14|26|12|6|28|7|8|16|6|7|7|4|21|3|11|14|6|8|2|16|5|15|23|9|33|14|
Overall Best: 0.9117 Generation: 2
length: 20.88
feature_occurency: [34, 37, 71, 31, 95, 67, 77, 60, 38, 31, 23, 63, 48, 34, 69, 29, 41, 9, 40, 74, 85, 29, 36, 108, 32, 49, 53, 48, 75, 15, 32, 30, 83, 54]

Generation 14
Average: 0.8897 Best: 0.9088
Best Individual: 
C0 27|22|20|31|20|23|23|20|11|4|19|19|33|5|25|26|9|23|5|2|9|19|10|19|12|7|14|18|5|6|26|20|2|23|
Overall Best: 0.9117 Generation: 2
length: 21.0
feature_occurency: [32, 39, 61, 32, 110, 61, 82, 60, 31, 29, 25, 67, 44, 33, 74, 24, 39, 11, 41, 62, 83, 34, 27, 106, 39, 51, 55, 49, 65, 17, 39, 30, 87, 61]

Generation 15
Average: 0.8901 Best: 0.9088
Best Individual: 
C0 2|14|27|31|20|12|12|18|26|6|3|32|12|0|18|4|32|23|19|4|21|19|11|20|6|14|30|33|25|27|23|15|33|14|
Overall Best: 0.9117 Generation: 2
length: 21.22
feature_occurency: [28, 29, 63, 37, 102, 60, 60, 59, 29, 26, 24, 72, 49, 33, 75, 26, 36, 14, 46, 56, 80, 36, 31, 113, 43, 53, 60, 57, 65, 21, 44, 30, 87, 56]

Generation 16
Average: 0.8907 Best: 0.9060
Best Individual: 
C0 14|14|21|1|11|13|11|6|18|11|32|2|26|0|11|24|23|14|33|4|26|29|22|24|23|14|20|20|21|6|27|24|5|10|
Overall Best: 0.9117 Generation: 2
length: 21.7
feature_occurency: [19, 29, 52, 31, 98, 55, 69, 73, 31, 38, 25, 76, 49, 30, 78, 29, 30, 14, 54, 64, 86, 33, 33, 106, 53, 50, 65, 64, 54, 23, 41, 22, 70, 56]

Generation 17
Average: 0.8911 Best: 0.9060
Best Individual: 
C0 14|14|18|20|7|4|23|11|28|28|19|19|19|1|11|24|23|14|33|4|26|29|22|24|23|14|20|20|21|6|27|13|5|10|
Overall Best: 0.9117 Generation: 2
length: 21.5
feature_occurency: [22, 29, 47, 24, 94, 51, 69, 69, 34, 44, 30, 69, 60, 24, 80, 36, 31, 16, 59, 63, 93, 30, 27, 105, 43, 42, 62, 70, 56, 27, 49, 27, 67, 51]

Generation 18
Average: 0.8902 Best: 0.9088
Best Individual: 
C0 14|14|18|20|7|4|23|11|28|28|4|19|14|32|11|24|23|14|33|4|26|29|22|24|23|31|23|0|4|12|1|13|12|7|
Overall Best: 0.9117 Generation: 2
length: 21.34
feature_occurency: [18, 33, 45, 27, 89, 42, 69, 52, 34, 49, 37, 68, 61, 27, 95, 42, 25, 16, 58, 75, 96, 29, 30, 98, 54, 36, 52, 70, 56, 31, 46, 27, 64, 49]

Generation 19
Average: 0.8875 Best: 0.9060
Best Individual: 
C0 2|11|5|16|20|32|12|18|27|12|6|32|14|27|18|10|12|28|9|32|6|26|4|9|28|14|4|6|30|15|23|30|2|23|
Overall Best: 0.9117 Generation: 2
length: 21.42
feature_occurency: [21, 37, 53, 35, 94, 38, 70, 51, 35, 42, 31, 64, 61, 29, 98, 43, 28, 27, 57, 70, 90, 33, 30, 98, 55, 27, 46, 68, 60, 31, 37, 26, 74, 41]

Generation 20
Average: 0.8891 Best: 0.9060
Best Individual: 
C0 2|11|5|16|20|32|12|26|27|12|6|32|14|27|18|10|12|28|32|32|6|26|4|9|28|14|4|6|30|15|4|3|2|23|
Overall Best: 0.9117 Generation: 2
length: 21.1
feature_occurency: [21, 42, 59, 39, 87, 38, 72, 47, 28, 42, 35, 80, 60, 32, 94, 45, 34, 21, 48, 76, 85, 30, 30, 104, 68, 23, 44, 69, 43, 29, 34, 28, 74, 39]

Generation 21
Average: 0.8901 Best: 0.9174
Best Individual: 
C0 14|20|27|8|21|11|23|19|11|19|19|19|2|1|11|0|22|23|17|6|6|12|15|2|14|4|4|26|20|27|1|24|19|14|
Overall Best: 0.9174 Generation: 21
length: 20.9
feature_occurency: [24, 38, 66, 31, 95, 43, 79, 39, 17, 41, 29, 82, 60, 38, 95, 38, 44, 25, 50, 75, 90, 30, 27, 100, 64, 12, 43, 66, 41, 21, 34, 35, 85, 43]

Generation 22
Average: 0.8899 Best: 0.9174
Best Individual: 
C0 14|20|27|17|21|11|23|19|11|19|19|19|2|1|11|0|22|23|17|6|6|12|15|2|11|4|4|26|20|27|1|24|19|14|
Overall Best: 0.9174 Generation: 21
length: 20.8
feature_occurency: [31, 36, 72, 26, 96, 40, 78, 35, 14, 37, 24, 83, 63, 31, 100, 39, 40, 28, 51, 73, 82, 33, 33, 102, 61, 10, 45, 69, 45, 24, 39, 46, 75, 39]

Generation 23
Average: 0.8905 Best: 0.9088
Best Individual: 
C0 33|20|27|8|21|11|23|19|11|31|24|19|28|1|11|0|22|10|17|6|6|31|29|2|14|4|4|26|20|27|31|12|19|14|
Overall Best: 0.9174 Generation: 21
length: 21.02
feature_occurency: [36, 37, 71, 25, 91, 42, 78, 21, 21, 39, 25, 80, 60, 33, 94, 46, 51, 42, 52, 73, 78, 24, 37, 106, 52, 10, 59, 67, 42, 31, 33, 47, 59, 38]

Generation 24
Average: 0.8911 Best: 0.9145
Best Individual: 
C0 2|26|20|16|20|32|12|28|15|2|24|19|14|32|11|24|23|23|20|2|20|0|29|24|23|4|20|21|4|12|29|32|18|23|
Overall Best: 0.9174 Generation: 21
length: 21.14
feature_occurency: [39, 40, 66, 35, 89, 43, 78, 24, 19, 41, 23, 81, 61, 37, 99, 47, 47, 40, 47, 68, 69, 26, 35, 116, 52, 11, 50, 51, 47, 37, 35, 42, 62, 43]

Generation 25
Average: 0.8887 Best: 0.9145
Best Individual: 
C0 2|26|20|16|20|32|21|5|6|21|24|22|14|27|6|13|32|23|19|19|27|32|27|28|3|8|4|6|30|15|4|32|2|23|
Overall Best: 0.9174 Generation: 21
length: 20.94
feature_occurency: [39, 36, 69, 32, 92, 40, 75, 27, 24, 55, 27, 61, 70, 34, 106, 42, 48, 24, 61, 63, 64, 24, 29, 115, 47, 10, 51, 55, 48, 32, 36, 49, 79, 36]

Generation 26
Average: 0.8886 Best: 0.9202
Best Individual: 
C0 14|14|18|1|28|32|12|18|2|12|10|32|14|27|19|2|6|23|26|4|30|23|22|9|14|6|4|26|9|22|1|10|2|19|
Overall Best: 0.9202 Generation: 26
length: 20.96
feature_occurency: [43, 36, 78, 30, 76, 36, 72, 26, 18, 54, 27, 52, 72, 28, 98, 34, 45, 21, 75, 63, 72, 25, 38, 115, 44, 12, 53, 60, 50, 45, 41, 45, 77, 39]

Generation 27
Average: 0.8881 Best: 0.9202
Best Individual: 
C0 14|14|18|10|28|32|12|18|2|12|10|32|14|27|19|2|6|23|26|4|30|23|22|9|14|26|4|26|9|22|1|10|2|19|
Overall Best: 0.9202 Generation: 26
length: 20.92
feature_occurency: [39, 32, 83, 35, 74, 30, 57, 20, 22, 57, 34, 49, 79, 32, 101, 45, 40, 24, 71, 63, 75, 27, 36, 99, 45, 12, 45, 65, 60, 51, 41, 43, 82, 32]

Generation 28
Average: 0.8870 Best: 0.9117
Best Individual: 
C0 14|14|18|10|28|32|12|18|2|12|4|10|14|27|19|2|22|23|23|4|30|23|22|9|14|26|4|14|9|22|1|10|26|19|
Overall Best: 0.9202 Generation: 26
length: 20.32
feature_occurency: [31, 36, 88, 44, 83, 36, 58, 24, 22, 50, 41, 39, 64, 36, 115, 46, 41, 31, 61, 58, 69, 18, 43, 98, 34, 17, 52, 64, 71, 42, 42, 47, 71, 28]

Generation 29
Average: 0.8877 Best: 0.9231
Best Individual: 
C0 14|14|8|10|28|32|12|18|2|12|4|10|14|27|19|2|22|26|23|4|30|23|22|9|14|26|4|14|9|15|1|10|26|19|
Overall Best: 0.9231 Generation: 29
length: 20.56
feature_occurency: [28, 41, 90, 40, 81, 33, 60, 29, 26, 45, 47, 32, 61, 40, 130, 46, 37, 33, 56, 71, 71, 18, 53, 96, 39, 18, 57, 52, 61, 30, 36, 39, 76, 28]

Generation 30
Average: 0.8860 Best: 0.9117
Best Individual: 
C0 14|14|8|10|28|32|12|18|1|12|4|10|14|27|8|1|6|19|16|14|23|1|22|9|14|26|4|14|9|15|1|10|26|19|
Overall Best: 0.9231 Generation: 29
length: 20.52
feature_occurency: [23, 49, 102, 34, 83, 28, 60, 23, 35, 53, 52, 26, 66, 40, 125, 40, 34, 32, 63, 68, 71, 21, 50, 89, 43, 22, 63, 54, 51, 33, 33, 35, 70, 29]

Generation 31
Average: 0.8856 Best: 0.9202
Best Individual: 
C0 14|14|18|1|1|32|23|2|15|13|10|32|14|10|6|19|6|23|26|4|9|23|27|28|14|26|27|14|9|22|1|10|26|19|
Overall Best: 0.9231 Generation: 29
length: 20.64
feature_occurency: [30, 53, 101, 37, 82, 18, 70, 26, 28, 58, 55, 25, 58, 53, 118, 35, 29, 35, 65, 66, 61, 20, 60, 91, 47, 17, 70, 60, 44, 28, 39, 29, 66, 26]

Generation 32
Average: 0.8859 Best: 0.9117
Best Individual: 
C0 14|10|18|10|20|32|12|9|2|1|4|10|14|24|19|2|22|23|23|18|12|23|27|28|14|26|4|14|9|22|1|10|26|19|
Overall Best: 0.9231 Generation: 29
length: 21.06
feature_occurency: [31, 56, 86, 38, 82, 24, 62, 20, 25, 60, 53, 27, 70, 49, 115, 39, 31, 25, 70, 76, 57, 25, 60, 88, 39, 22, 70, 56, 44, 35, 40, 33, 63, 29]

Generation 33
Average: 0.8864 Best: 0.9117
Best Individual: 
C0 14|10|18|10|20|32|12|9|2|1|4|10|14|24|19|2|22|23|23|18|12|23|27|28|14|26|23|14|9|22|1|22|18|20|
Overall Best: 0.9231 Generation: 29
length: 20.52
feature_occurency: [29, 48, 85, 35, 92, 30, 59, 32, 28, 66, 46, 23, 82, 46, 103, 38, 29, 25, 79, 72, 60, 30, 48, 96, 39, 21, 64, 59, 42, 31, 42, 35, 64, 22]

Generation 34
Average: 0.8831 Best: 0.9031
Best Individual: 
C0 14|10|18|10|20|32|12|9|2|1|2|10|14|24|19|2|22|23|23|18|12|23|27|28|14|26|23|14|9|22|1|22|18|20|
Overall Best: 0.9231 Generation: 29
length: 20.86
feature_occurency: [22, 55, 80, 26, 87, 26, 55, 36, 34, 74, 52, 29, 78, 32, 123, 40, 24, 24, 79, 66, 53, 28, 47, 101, 35, 31, 67, 64, 41, 29, 45, 34, 64, 19]

Generation 35
Average: 0.8863 Best: 0.9117
Best Individual: 
C0 14|14|18|1|1|25|23|19|15|13|12|32|14|24|6|19|6|23|26|4|15|12|27|28|14|26|27|21|11|14|14|15|26|19|
Overall Best: 0.9231 Generation: 29
length: 20.94
feature_occurency: [21, 54, 69, 31, 77, 35, 54, 47, 33, 67, 49, 36, 61, 37, 138, 48, 26, 21, 82, 70, 55, 31, 44, 100, 34, 37, 70, 67, 42, 21, 38, 30, 59, 16]

Generation 36
Average: 0.8882 Best: 0.9088
Best Individual: 
C0 5|26|26|10|28|32|12|20|1|12|2|17|18|13|13|14|32|2|28|2|30|23|21|4|33|4|8|14|6|30|0|26|18|12|
Overall Best: 0.9231 Generation: 29
length: 20.76
feature_occurency: [20, 51, 64, 26, 80, 34, 50, 45, 29, 51, 46, 36, 57, 46, 131, 53, 25, 24, 85, 68, 50, 39, 36, 99, 46, 39, 71, 69, 49, 27, 40, 30, 62, 22]

Generation 37
Average: 0.8880 Best: 0.9060
Best Individual: 
C0 6|23|11|7|27|23|20|19|21|4|6|22|18|13|22|14|7|20|23|27|1|7|4|23|28|24|14|20|14|22|4|26|2|23|
Overall Best: 0.9231 Generation: 29
length: 20.84
feature_occurency: [23, 55, 63, 33, 86, 38, 57, 46, 24, 37, 38, 43, 61, 56, 133, 44, 28, 23, 69, 71, 49, 35, 33, 104, 40, 43, 70, 73, 57, 22, 41, 30, 57, 18]

Generation 38
Average: 0.8863 Best: 0.9088
Best Individual: 
C0 4|23|11|26|27|23|20|19|21|4|6|2|18|24|22|2|7|20|23|27|1|7|4|13|28|12|2|20|14|22|4|26|2|23|
Overall Best: 0.9231 Generation: 29
length: 21.06
feature_occurency: [29, 53, 49, 30, 88, 43, 58, 43, 19, 32, 39, 43, 58, 55, 126, 44, 26, 21, 77, 62, 60, 40, 45, 119, 43, 42, 69, 72, 61, 27, 37, 27, 41, 22]

Generation 39
Average: 0.8894 Best: 0.9202
Best Individual: 
C0 6|23|12|7|27|23|20|19|21|26|6|6|14|24|6|21|6|23|26|4|11|25|7|28|28|24|14|20|14|22|4|26|19|23|
Overall Best: 0.9231 Generation: 29
length: 20.54
feature_occurency: [27, 56, 49, 40, 85, 43, 44, 43, 20, 29, 35, 41, 63, 57, 120, 46, 12, 18, 77, 62, 61, 42, 48, 115, 48, 47, 71, 76, 58, 25, 49, 30, 37, 26]

Generation 40
Average: 0.8914 Best: 0.9202
Best Individual: 
C0 4|22|1|23|10|32|15|24|15|13|32|10|14|15|10|28|14|16|16|23|5|32|4|9|14|26|15|27|5|27|8|23|5|20|
Overall Best: 0.9231 Generation: 29
length: 20.68
feature_occurency: [21, 62, 51, 43, 86, 43, 41, 46, 16, 34, 40, 48, 50, 69, 117, 54, 11, 13, 69, 66, 71, 41, 54, 126, 49, 55, 62, 72, 40, 23, 37, 35, 33, 22]

Generation 41
Average: 0.8902 Best: 0.9174
Best Individual: 
C0 14|14|25|1|1|8|15|19|15|13|4|19|18|0|25|2|31|22|23|18|22|23|27|19|14|26|23|14|14|4|12|22|26|27|
Overall Best: 0.9231 Generation: 29
length: 20.48
feature_occurency: [21, 73, 46, 47, 85, 39, 48, 39, 20, 34, 36, 32, 57, 80, 118, 55, 16, 12, 73, 77, 77, 25, 60, 116, 44, 67, 59, 63, 42, 19, 27, 33, 37, 23]

Generation 42
Average: 0.8895 Best: 0.9117
Best Individual: 
C0 13|23|0|23|1|13|12|22|24|12|4|18|5|27|22|24|23|27|23|27|5|29|4|4|15|4|5|19|31|25|1|13|23|1|
Overall Best: 0.9231 Generation: 29
length: 20.16
feature_occurency: [19, 82, 28, 62, 81, 26, 42, 45, 15, 38, 33, 37, 68, 92, 102, 55, 14, 12, 78, 74, 73, 22, 64, 125, 44, 65, 44, 70, 50, 23, 24, 36, 39, 18]

Generation 43
Average: 0.8888 Best: 0.9231
Best Individual: 
C0 6|23|12|7|27|32|15|4|15|22|4|19|21|0|7|20|13|20|15|27|1|25|7|28|4|24|14|20|14|22|10|26|12|23|
Overall Best: 0.9231 Generation: 29
length: 20.02
feature_occurency: [20, 79, 24, 58, 95, 35, 40, 37, 17, 39, 32, 43, 73, 86, 96, 58, 13, 10, 71, 74, 60, 27, 64, 121, 38, 80, 42, 66, 55, 29, 29, 31, 39, 19]

Generation 44
Average: 0.8911 Best: 0.9231
Best Individual: 
C0 6|23|12|7|27|32|15|4|15|22|4|19|21|0|1|20|13|20|15|27|1|25|7|28|24|24|14|28|14|22|10|26|12|23|
Overall Best: 0.9231 Generation: 29
length: 19.94
feature_occurency: [15, 64, 34, 54, 101, 53, 36, 38, 12, 24, 28, 46, 62, 67, 97, 69, 17, 14, 81, 66, 59, 24, 78, 118, 52, 82, 52, 67, 47, 17, 38, 26, 40, 22]

Generation 45
Average: 0.8889 Best: 0.9231
Best Individual: 
C0 6|23|12|7|27|32|15|4|15|22|4|19|21|0|1|20|13|20|15|27|1|25|7|25|24|24|14|28|14|22|10|26|12|23|
Overall Best: 0.9231 Generation: 29
length: 19.82
feature_occurency: [15, 61, 36, 64, 100, 48, 30, 43, 15, 23, 23, 44, 71, 69, 87, 68, 12, 10, 82, 81, 55, 19, 73, 117, 51, 94, 56, 60, 52, 24, 34, 26, 42, 15]

Generation 46
Average: 0.8913 Best: 0.9117
Best Individual: 
C0 14|24|25|14|6|24|26|6|15|30|4|13|28|7|3|18|31|3|23|18|12|13|18|25|3|26|28|5|19|7|27|4|18|26|
Overall Best: 0.9231 Generation: 29
length: 20.02
feature_occurency: [13, 66, 29, 64, 87, 54, 35, 38, 9, 23, 16, 43, 70, 69, 98, 73, 15, 6, 63, 84, 57, 18, 70, 107, 50, 82, 68, 77, 51, 27, 44, 29, 48, 17]

Generation 47
Average: 0.8886 Best: 0.9117
Best Individual: 
C0 24|32|25|14|6|24|26|28|15|30|4|13|3|7|6|27|31|3|23|16|12|32|18|25|3|26|28|19|19|7|27|4|18|26|
Overall Best: 0.9231 Generation: 29
length: 20.12
feature_occurency: [12, 58, 31, 67, 81, 44, 36, 33, 14, 26, 19, 42, 68, 72, 93, 79, 20, 7, 64, 88, 58, 18, 59, 105, 72, 80, 76, 63, 53, 30, 43, 23, 45, 21]

Generation 48
Average: 0.8925 Best: 0.9174
Best Individual: 
C0 14|24|25|22|3|28|26|26|15|18|4|19|18|1|26|27|31|22|14|27|3|23|27|22|29|26|23|14|14|4|27|15|23|26|
Overall Best: 0.9231 Generation: 29
length: 20.3
feature_occurency: [18, 54, 21, 64, 74, 47, 51, 28, 16, 26, 23, 43, 62, 72, 97, 78, 21, 16, 55, 73, 50, 20, 57, 113, 58, 83, 86, 64, 53, 30, 43, 27, 50, 27]

Generation 49
Average: 0.8906 Best: 0.9174
Best Individual: 
C0 13|5|9|16|6|24|0|6|15|13|26|27|33|24|33|17|1|9|5|15|3|4|15|5|15|4|5|19|9|8|14|26|23|14|
Overall Best: 0.9231 Generation: 29
length: 20.52
feature_occurency: [21, 43, 22, 64, 73, 53, 60, 26, 19, 37, 11, 49, 55, 75, 106, 82, 26, 22, 46, 66, 42, 18, 49, 111, 70, 72, 92, 63, 55, 25, 45, 32, 39, 31]

Generation 50
Average: 0.8893 Best: 0.9088
Best Individual: 
C0 7|5|9|17|6|24|16|6|15|13|26|19|33|24|33|17|1|9|5|14|3|4|15|4|15|4|27|15|9|8|14|26|23|14|
Overall Best: 0.9231 Generation: 29
length: 20.78
feature_occurency: [27, 38, 18, 59, 76, 59, 53, 36, 26, 42, 11, 50, 59, 63, 108, 88, 27, 27, 40, 70, 44, 22, 41, 107, 65, 71, 77, 69, 55, 26, 41, 30, 39, 36]

Generation 51
Average: 0.8871 Best: 0.9117
Best Individual: 
C0 13|17|9|16|6|33|23|6|15|13|26|27|33|27|33|17|20|15|5|15|3|4|15|5|15|4|5|19|9|8|14|26|23|14|
Overall Best: 0.9231 Generation: 29
length: 20.32
feature_occurency: [22, 36, 16, 61, 73, 63, 55, 30, 31, 42, 13, 38, 69, 70, 111, 88, 27, 25, 47, 68, 42, 18, 38, 116, 58, 64, 74, 82, 42, 29, 40, 33, 39, 40]

Generation 52
Average: 0.8884 Best: 0.9060
Best Individual: 
C0 13|12|14|14|6|23|17|23|33|26|4|19|18|4|15|26|31|6|27|18|12|25|8|23|12|24|14|19|27|5|25|23|17|24|
Overall Best: 0.9231 Generation: 29
length: 20.74
feature_occurency: [26, 31, 19, 61, 81, 55, 58, 20, 30, 43, 16, 36, 73, 79, 110, 89, 37, 26, 47, 64, 37, 13, 32, 109, 57, 58, 70, 88, 33, 33, 45, 40, 39, 45]

Generation 53
Average: 0.8880 Best: 0.9117
Best Individual: 
C0 8|17|9|6|27|25|30|23|33|15|23|30|31|32|12|23|8|12|29|15|3|4|17|10|15|2|11|9|0|8|14|26|23|14|
Overall Best: 0.9231 Generation: 29
length: 20.84
feature_occurency: [29, 32, 20, 54, 80, 59, 54, 23, 33, 49, 19, 37, 62, 71, 116, 106, 37, 34, 45, 71, 36, 9, 29, 106, 55, 57, 69, 83, 35, 30, 43, 39, 38, 40]

Generation 54
Average: 0.8870 Best: 0.9088
Best Individual: 
C0 13|27|32|28|15|20|32|7|33|15|23|19|19|15|1|11|13|27|18|27|20|25|14|20|24|4|22|19|9|8|14|26|23|14|
Overall Best: 0.9231 Generation: 29
length: 20.96
feature_occurency: [27, 36, 21, 45, 92, 49, 48, 24, 42, 46, 13, 34, 65, 72, 119, 100, 38, 37, 60, 53, 33, 14, 32, 112, 58, 57, 63, 79, 35, 32, 41, 44, 36, 43]

Generation 55
Average: 0.8876 Best: 0.9117
Best Individual: 
C0 13|10|14|14|6|23|26|10|33|31|15|19|19|15|1|20|5|13|26|9|18|5|18|5|12|24|14|0|19|5|25|20|29|24|
Overall Best: 0.9231 Generation: 29
length: 20.8
feature_occurency: [28, 44, 18, 45, 90, 48, 49, 26, 34, 34, 18, 38, 59, 77, 128, 89, 31, 38, 67, 57, 44, 17, 32, 97, 57, 59, 67, 79, 43, 32, 39, 37, 38, 41]

Generation 56
Average: 0.8877 Best: 0.9060
Best Individual: 
C0 13|17|24|29|6|33|28|6|15|13|23|14|1|28|33|17|12|15|5|15|3|4|15|11|15|4|5|2|14|23|9|14|20|26|
Overall Best: 0.9231 Generation: 29
length: 20.8
feature_occurency: [25, 44, 21, 39, 82, 57, 51, 26, 21, 40, 24, 44, 69, 75, 115, 92, 33, 30, 73, 57, 54, 25, 48, 78, 53, 58, 54, 77, 45, 36, 43, 34, 35, 42]

Generation 57
Average: 0.8862 Best: 0.9117
Best Individual: 
C0 13|17|14|14|6|27|1|8|33|6|4|19|18|4|15|26|31|28|14|20|18|25|8|23|6|24|14|19|21|5|25|23|17|24|
Overall Best: 0.9231 Generation: 29
length: 21.02
feature_occurency: [21, 50, 20, 37, 89, 55, 49, 24, 30, 48, 21, 50, 62, 59, 119, 93, 32, 28, 71, 54, 54, 19, 41, 80, 40, 60, 62, 79, 49, 37, 43, 37, 39, 48]

Generation 58
Average: 0.8871 Best: 0.9088
Best Individual: 
C0 13|22|30|25|5|23|12|22|14|12|0|4|18|14|15|20|27|13|26|30|28|5|4|5|15|4|20|19|30|32|4|13|25|14|
Overall Best: 0.9231 Generation: 29
length: 21.08
feature_occurency: [29, 56, 26, 38, 96, 59, 45, 18, 21, 36, 24, 50, 71, 61, 117, 99, 25, 27, 79, 61, 54, 18, 29, 77, 46, 58, 63, 68, 47, 35, 46, 37, 36, 48]

Generation 59
Average: 0.8890 Best: 0.9174
Best Individual: 
C0 1|11|18|9|6|26|21|22|33|26|4|19|32|4|15|26|20|3|6|12|25|18|32|1|31|31|14|1|19|33|25|27|2|23|
Overall Best: 0.9231 Generation: 29
length: 20.96
feature_occurency: [32, 54, 25, 43, 102, 53, 47, 21, 18, 34, 30, 49, 79, 57, 99, 92, 22, 24, 69, 65, 55, 24, 31, 73, 43, 55, 63, 70, 36, 40, 54, 41, 49, 51]

Generation 60
Average: 0.8897 Best: 0.9088
Best Individual: 
C0 30|32|7|14|6|19|19|11|33|26|32|10|32|2|15|4|19|26|9|23|23|32|15|11|15|1|14|27|20|33|9|26|31|19|
Overall Best: 0.9231 Generation: 29
length: 21.62
feature_occurency: [37, 61, 28, 37, 85, 56, 51, 24, 18, 36, 36, 48, 75, 50, 96, 71, 27, 22, 72, 69, 74, 23, 31, 70, 44, 59, 67, 63, 37, 33, 43, 55, 56, 46]

Generation 61
Average: 0.8875 Best: 0.9145
Best Individual: 
C0 0|4|18|29|1|23|23|24|6|22|26|5|32|20|6|5|31|1|13|27|0|10|12|15|27|25|14|14|4|4|33|9|1|1|
Overall Best: 0.9231 Generation: 29
length: 20.94
feature_occurency: [39, 67, 22, 33, 89, 56, 59, 23, 21, 31, 36, 39, 81, 40, 96, 74, 21, 15, 80, 76, 74, 23, 38, 74, 49, 49, 68, 74, 34, 33, 37, 41, 60, 48]

Generation 62
Average: 0.8901 Best: 0.9117
Best Individual: 
C0 1|4|18|27|17|23|26|4|15|19|15|13|11|20|6|12|31|1|32|27|12|32|18|23|6|24|14|19|0|28|14|26|12|14|
Overall Best: 0.9231 Generation: 29
length: 20.76
feature_occurency: [44, 70, 15, 31, 89, 43, 56, 23, 22, 22, 41, 33, 76, 43, 96, 72, 23, 23, 100, 80, 72, 25, 36, 66, 56, 46, 67, 77, 34, 35, 34, 51, 57, 42]

Generation 63
Average: 0.8892 Best: 0.9117
Best Individual: 
C0 1|4|18|27|17|23|19|4|15|19|18|13|11|20|6|12|31|1|32|27|12|32|18|23|6|24|14|19|0|28|14|26|12|14|
Overall Best: 0.9231 Generation: 29
length: 20.74
feature_occurency: [42, 67, 20, 23, 88, 36, 48, 25, 27, 21, 45, 38, 86, 43, 98, 72, 26, 19, 107, 79, 75, 29, 30, 65, 53, 45, 69, 75, 30, 36, 37, 48, 64, 34]

Generation 64
Average: 0.8890 Best: 0.9145
Best Individual: 
C0 0|4|18|23|18|13|0|6|33|26|4|19|4|4|15|26|20|3|21|11|25|14|32|1|24|15|14|18|12|4|27|9|15|12|
Overall Best: 0.9231 Generation: 29
length: 20.92
feature_occurency: [42, 67, 21, 20, 90, 42, 50, 26, 33, 25, 42, 43, 81, 35, 88, 74, 20, 23, 123, 66, 69, 29, 30, 69, 58, 39, 71, 77, 30, 33, 38, 52, 68, 26]

Generation 65
Average: 0.8871 Best: 0.9174
Best Individual: 
C0 1|4|18|27|17|23|18|4|15|19|18|1|11|20|23|12|14|1|32|27|12|32|18|6|6|24|14|19|0|28|28|26|12|14|
Overall Best: 0.9231 Generation: 29
length: 21.16
feature_occurency: [46, 69, 17, 19, 90, 47, 46, 28, 38, 21, 33, 45, 93, 36, 92, 76, 12, 24, 102, 67, 62, 32, 26, 82, 54, 45, 73, 78, 44, 41, 39, 43, 54, 26]

Generation 66
Average: 0.8892 Best: 0.9202
Best Individual: 
C0 1|4|18|27|17|23|18|4|15|19|3|1|11|20|23|12|14|1|32|27|11|32|32|6|6|8|14|31|0|28|28|26|12|14|
Overall Best: 0.9231 Generation: 29
length: 21.18
feature_occurency: [52, 60, 26, 23, 90, 54, 45, 25, 42, 19, 29, 35, 92, 35, 90, 85, 19, 29, 85, 69, 67, 35, 22, 81, 60, 38, 73, 85, 37, 44, 33, 52, 48, 21]

Generation 67
Average: 0.8913 Best: 0.9117
Best Individual: 
C0 0|4|18|23|4|14|14|4|26|19|29|13|1|8|15|7|19|26|4|27|20|32|18|23|29|24|14|18|12|4|27|9|3|12|
Overall Best: 0.9231 Generation: 29
length: 21.04
feature_occurency: [58, 62, 31, 27, 84, 43, 52, 28, 51, 11, 31, 30, 94, 35, 99, 86, 15, 30, 82, 48, 64, 33, 30, 82, 72, 37, 64, 82, 43, 34, 31, 66, 48, 17]

Generation 68
Average: 0.8920 Best: 0.9088
Best Individual: 
C0 2|27|7|14|6|12|15|20|10|26|8|14|16|4|15|7|27|26|8|31|20|23|8|0|24|5|26|8|24|5|20|19|7|30|
Overall Best: 0.9231 Generation: 29
length: 20.8
feature_occurency: [60, 65, 34, 29, 73, 42, 53, 20, 47, 14, 34, 26, 93, 34, 102, 83, 19, 23, 80, 44, 57, 35, 36, 82, 76, 31, 64, 86, 49, 40, 34, 65, 53, 17]

Generation 69
Average: 0.8923 Best: 0.9088
Best Individual: 
C0 16|4|18|23|0|23|19|4|26|6|11|24|32|2|6|5|12|15|20|3|0|27|5|23|17|24|14|18|12|6|11|14|20|2|
Overall Best: 0.9231 Generation: 29
length: 21.18
feature_occurency: [55, 55, 42, 38, 80, 39, 57, 26, 47, 13, 37, 30, 85, 34, 95, 75, 26, 31, 69, 54, 56, 27, 33, 81, 84, 25, 67, 77, 50, 47, 34, 63, 54, 14]

Generation 70
Average: 0.8911 Best: 0.9145
Best Individual: 
C0 1|20|18|29|18|13|0|6|28|26|4|19|4|20|15|4|20|3|21|17|25|23|32|17|24|29|14|19|0|28|2|28|12|14|
Overall Best: 0.9231 Generation: 29
length: 21.02
feature_occurency: [54, 54, 37, 35, 74, 51, 51, 27, 51, 24, 40, 27, 83, 39, 85, 85, 37, 38, 71, 57, 58, 23, 28, 78, 77, 20, 78, 91, 40, 33, 34, 61, 49, 10]

Generation 71
Average: 0.8875 Best: 0.9145
Best Individual: 
C0 26|3|4|27|18|12|26|14|10|15|22|18|24|6|23|12|9|1|32|5|12|32|10|9|1|16|19|14|18|27|0|19|24|27|
Overall Best: 0.9231 Generation: 29
length: 20.96
feature_occurency: [57, 57, 39, 33, 67, 50, 56, 36, 44, 30, 43, 37, 72, 42, 77, 85, 39, 40, 80, 64, 52, 17, 29, 79, 77, 19, 74, 100, 43, 28, 26, 50, 49, 9]

Generation 72
Average: 0.8887 Best: 0.9088
Best Individual: 
C0 17|4|16|23|4|14|16|6|3|0|15|2|20|31|23|12|27|26|6|27|31|32|6|17|29|24|14|16|27|8|28|16|3|17|
Overall Best: 0.9231 Generation: 29
length: 20.68
feature_occurency: [61, 60, 47, 34, 70, 46, 49, 30, 32, 17, 37, 34, 63, 36, 86, 93, 44, 55, 83, 76, 44, 23, 38, 75, 82, 21, 82, 94, 40, 24, 19, 42, 53, 10]

Generation 73
Average: 0.8868 Best: 0.9060
Best Individual: 
C0 1|7|18|12|1|22|5|14|22|0|4|5|6|11|27|12|6|12|32|27|15|12|32|13|24|29|14|19|33|11|24|26|12|7|
Overall Best: 0.9231 Generation: 29
length: 20.78
feature_occurency: [54, 55, 52, 32, 70, 48, 52, 35, 16, 16, 36, 44, 69, 45, 78, 85, 38, 49, 93, 67, 45, 24, 52, 72, 77, 26, 77, 84, 55, 26, 18, 44, 52, 14]

Generation 74
Average: 0.8854 Best: 0.9088
Best Individual: 
C0 26|3|4|27|22|12|26|14|10|15|22|18|24|6|23|18|9|24|32|5|23|32|10|24|1|16|16|14|1|27|1|16|13|27|
Overall Best: 0.9231 Generation: 29
length: 20.14
feature_occurency: [46, 55, 63, 30, 70, 36, 53, 29, 16, 13, 40, 42, 63, 43, 88, 82, 36, 35, 98, 73, 42, 28, 49, 68, 72, 22, 82, 92, 58, 42, 19, 46, 58, 11]

Generation 75
Average: 0.8893 Best: 0.9145
Best Individual: 
C0 24|12|7|23|0|23|19|4|26|15|13|24|32|3|15|13|26|4|32|27|14|24|18|19|15|3|1|14|18|27|30|19|18|14|
Overall Best: 0.9231 Generation: 29
length: 20.58
feature_occurency: [52, 67, 61, 38, 76, 44, 67, 27, 19, 15, 34, 39, 59, 40, 95, 86, 40, 31, 92, 74, 38, 28, 45, 65, 74, 21, 82, 95, 54, 40, 19, 27, 45, 11]

Generation 76
Average: 0.8899 Best: 0.9145
Best Individual: 
C0 24|12|7|23|0|23|19|4|9|25|4|0|18|11|27|19|6|20|5|12|15|23|11|11|1|29|18|26|19|27|30|19|18|14|
Overall Best: 0.9231 Generation: 29
length: 20.6
feature_occurency: [51, 78, 51, 37, 63, 49, 47, 27, 19, 14, 28, 25, 51, 46, 108, 79, 53, 33, 105, 72, 45, 31, 49, 71, 68, 25, 86, 101, 42, 42, 23, 29, 45, 7]

Generation 77
Average: 0.8888 Best: 0.9202
Best Individual: 
C0 24|12|7|23|0|23|19|4|5|25|4|0|18|24|27|19|6|20|5|12|15|23|11|20|1|29|18|26|19|27|30|19|18|29|
Overall Best: 0.9231 Generation: 29
length: 20.3
feature_occurency: [56, 78, 52, 41, 70, 41, 57, 32, 19, 13, 20, 34, 60, 39, 99, 62, 50, 42, 99, 76, 36, 29, 54, 84, 62, 29, 75, 89, 47, 39, 32, 31, 48, 5]

Generation 78
Average: 0.8870 Best: 0.9117
Best Individual: 
C0 24|12|7|11|18|23|19|4|4|25|4|0|1|7|27|19|6|20|5|16|15|23|11|20|1|29|18|26|19|27|30|19|18|29|
Overall Best: 0.9231 Generation: 29
length: 20.4
feature_occurency: [65, 62, 59, 39, 72, 41, 60, 40, 22, 13, 12, 44, 51, 37, 106, 66, 52, 47, 80, 84, 44, 30, 52, 86, 73, 25, 72, 82, 39, 32, 35, 33, 36, 9]

Generation 79
Average: 0.8883 Best: 0.9145
Best Individual: 
C0 24|12|7|11|18|23|19|4|4|2|26|0|18|27|11|19|30|16|5|24|15|23|18|20|1|27|18|26|19|27|31|19|18|29|
Overall Best: 0.9231 Generation: 29
length: 20.46
feature_occurency: [68, 48, 55, 35, 70, 41, 63, 41, 22, 14, 14, 46, 50, 32, 111, 68, 48, 53, 82, 96, 47, 28, 42, 80, 81, 30, 58, 85, 24, 38, 39, 35, 46, 10]

Generation 80
Average: 0.8858 Best: 0.9060
Best Individual: 
C0 24|15|7|11|18|23|19|4|5|25|4|0|1|7|27|19|6|20|18|2|12|23|11|20|1|29|18|26|19|27|21|7|8|29|
Overall Best: 0.9231 Generation: 29
length: 20.34
feature_occurency: [59, 41, 64, 32, 71, 41, 73, 38, 21, 12, 18, 47, 40, 24, 105, 72, 35, 54, 83, 94, 63, 29, 31, 85, 89, 26, 63, 96, 23, 45, 42, 36, 39, 9]

Generation 81
Average: 0.8889 Best: 0.9088
Best Individual: 
C0 7|1|18|19|22|27|29|18|26|4|6|6|23|4|6|6|14|15|29|31|23|14|26|21|29|16|14|16|33|17|17|26|12|19|
Overall Best: 0.9231 Generation: 29
length: 20.36
feature_occurency: [44, 43, 56, 36, 84, 31, 79, 42, 16, 10, 18, 54, 36, 25, 94, 67, 35, 56, 78, 93, 57, 28, 31, 82, 97, 32, 73, 98, 20, 51, 40, 44, 40, 10]

Generation 82
Average: 0.8883 Best: 0.9174
Best Individual: 
C0 15|31|23|11|2|20|21|3|15|21|15|19|22|2|2|6|24|27|22|27|14|1|18|12|1|23|19|2|4|22|24|26|31|4|
Overall Best: 0.9231 Generation: 29
length: 20.2
feature_occurency: [32, 48, 48, 44, 95, 36, 87, 44, 18, 11, 19, 46, 37, 25, 85, 76, 29, 56, 72, 79, 59, 30, 30, 94, 90, 32, 73, 98, 21, 49, 40, 45, 45, 7]

Generation 83
Average: 0.8916 Best: 0.9202
Best Individual: 
C0 15|31|23|11|2|20|21|0|15|21|15|19|22|2|2|6|24|27|22|27|14|1|18|12|1|23|19|2|4|22|24|26|20|4|
Overall Best: 0.9231 Generation: 29
length: 20.68
feature_occurency: [29, 55, 46, 50, 97, 38, 92, 46, 18, 9, 20, 47, 48, 25, 79, 76, 30, 46, 52, 73, 64, 36, 34, 81, 80, 38, 83, 98, 25, 48, 35, 56, 37, 9]

Generation 84
Average: 0.8926 Best: 0.9202
Best Individual: 
C0 7|26|18|4|19|28|5|28|26|4|6|6|23|4|27|6|6|6|27|27|12|24|1|3|5|5|23|28|33|30|28|26|12|20|
Overall Best: 0.9231 Generation: 29
length: 20.62
feature_occurency: [31, 52, 48, 54, 86, 37, 91, 50, 22, 7, 22, 55, 45, 31, 81, 72, 30, 45, 49, 70, 62, 35, 42, 74, 71, 38, 77, 98, 30, 46, 41, 60, 41, 7]

Generation 85
Average: 0.8906 Best: 0.9145
Best Individual: 
C0 5|3|14|7|23|14|31|7|27|30|4|4|31|11|6|25|14|26|15|25|23|14|31|25|32|12|19|13|4|27|1|16|32|3|
Overall Best: 0.9231 Generation: 29
length: 20.36
feature_occurency: [40, 52, 44, 57, 94, 35, 93, 45, 20, 9, 18, 72, 51, 31, 86, 80, 33, 33, 42, 80, 60, 41, 35, 77, 68, 37, 63, 101, 29, 34, 44, 56, 35, 5]

Generation 86
Average: 0.8895 Best: 0.9088
Best Individual: 
C0 26|3|14|7|23|28|5|28|15|25|19|19|30|11|15|16|6|24|4|11|5|28|12|3|20|27|23|2|20|0|24|5|12|14|
Overall Best: 0.9231 Generation: 29
length: 20.52
feature_occurency: [35, 50, 48, 56, 85, 36, 92, 46, 23, 8, 21, 67, 59, 34, 92, 71, 38, 43, 38, 71, 65, 44, 36, 78, 64, 33, 59, 94, 36, 36, 41, 52, 43, 6]

Generation 87
Average: 0.8895 Best: 0.9088
Best Individual: 
C0 15|12|23|11|14|0|17|15|23|6|7|6|23|6|4|11|7|33|24|24|2|24|24|31|10|10|15|11|27|27|1|26|5|14|
Overall Best: 0.9231 Generation: 29
length: 20.76
feature_occurency: [35, 53, 51, 58, 76, 35, 100, 43, 28, 14, 20, 50, 51, 30, 97, 58, 39, 41, 32, 70, 58, 35, 34, 76, 73, 43, 76, 88, 52, 41, 37, 51, 43, 12]

Generation 88
Average: 0.8872 Best: 0.9088
Best Individual: 
C0 19|10|16|11|9|16|23|4|30|8|8|0|19|10|20|20|8|27|32|10|8|20|29|22|26|27|20|2|4|22|0|9|19|4|
Overall Best: 0.9231 Generation: 29
length: 20.28
feature_occurency: [30, 46, 43, 58, 83, 24, 99, 48, 32, 18, 21, 61, 45, 30, 86, 59, 44, 34, 38, 77, 70, 27, 46, 75, 74, 42, 66, 84, 42, 39, 47, 59, 41, 12]

Generation 89
Average: 0.8884 Best: 0.9117
Best Individual: 
C0 5|13|14|7|23|31|31|7|27|30|4|4|17|11|6|24|14|26|15|25|26|14|31|25|32|14|19|27|33|17|17|16|32|11|
Overall Best: 0.9231 Generation: 29
length: 20.52
feature_occurency: [36, 44, 38, 54, 94, 18, 96, 48, 40, 20, 27, 63, 43, 28, 100, 57, 58, 27, 39, 76, 63, 18, 48, 71, 76, 40, 63, 76, 38, 33, 49, 62, 44, 13]

Generation 90
Average: 0.8872 Best: 0.9117
Best Individual: 
C0 19|28|11|11|28|26|20|18|26|18|4|19|23|20|4|20|8|7|24|18|33|19|13|7|23|32|19|13|6|27|31|19|15|13|
Overall Best: 0.9231 Generation: 29
length: 20.36
feature_occurency: [36, 53, 31, 51, 94, 26, 93, 41, 32, 22, 25, 57, 59, 28, 101, 57, 57, 26, 43, 75, 65, 25, 51, 69, 75, 27, 63, 80, 39, 38, 45, 64, 40, 12]

Generation 91
Average: 0.8876 Best: 0.9145
Best Individual: 
C0 26|19|7|0|16|14|28|16|16|16|4|6|5|20|33|28|12|4|6|1|23|14|26|21|12|24|22|14|0|22|24|16|6|3|
Overall Best: 0.9231 Generation: 29
length: 20.72
feature_occurency: [36, 56, 28, 50, 88, 29, 94, 49, 35, 25, 30, 57, 58, 31, 92, 56, 50, 29, 48, 67, 69, 31, 59, 71, 76, 22, 64, 75, 34, 33, 49, 63, 32, 14]

Generation 92
Average: 0.8866 Best: 0.9117
Best Individual: 
C0 26|19|26|0|16|14|31|16|16|16|4|6|14|20|33|28|3|4|6|1|23|29|5|17|11|27|24|19|0|22|6|16|6|3|
Overall Best: 0.9231 Generation: 29
length: 20.14
feature_occurency: [38, 56, 24, 53, 84, 31, 91, 52, 27, 15, 23, 63, 65, 31, 94, 58, 50, 28, 52, 69, 74, 31, 56, 75, 67, 27, 62, 72, 39, 36, 44, 64, 29, 20]

Generation 93
Average: 0.8887 Best: 0.9060
Best Individual: 
C0 26|1|7|0|16|14|28|16|16|16|4|6|5|20|33|28|12|4|6|1|23|14|29|21|12|24|22|14|0|22|24|20|6|3|
Overall Best: 0.9231 Generation: 29
length: 20.54
feature_occurency: [32, 66, 27, 46, 79, 37, 92, 59, 22, 15, 17, 58, 74, 38, 94, 63, 39, 26, 43, 66, 72, 32, 57, 77, 65, 32, 64, 69, 41, 36, 45, 62, 34, 21]

Generation 94
Average: 0.8872 Best: 0.9088
Best Individual: 
C0 7|3|20|32|1|20|18|23|23|6|7|32|26|6|6|20|24|24|15|25|2|21|11|31|6|1|1|5|21|3|23|18|12|19|
Overall Best: 0.9231 Generation: 29
length: 20.76
feature_occurency: [30, 67, 29, 47, 68, 36, 81, 76, 25, 15, 15, 53, 57, 38, 88, 60, 43, 29, 51, 68, 70, 33, 57, 74, 69, 39, 63, 73, 45, 34, 38, 60, 41, 28]

Generation 95
Average: 0.8893 Best: 0.9060
Best Individual: 
C0 32|30|13|23|30|16|21|1|30|20|28|0|19|9|1|15|12|14|32|7|26|29|11|4|11|29|14|19|7|27|23|26|7|29|
Overall Best: 0.9231 Generation: 29
length: 21.22
feature_occurency: [32, 63, 23, 40, 75, 31, 79, 74, 30, 15, 20, 64, 47, 50, 81, 47, 38, 24, 51, 69, 77, 26, 64, 77, 62, 32, 67, 80, 49, 45, 49, 51, 36, 32]

Generation 96
Average: 0.8902 Best: 0.9145
Best Individual: 
C0 7|28|11|33|28|14|31|16|16|16|4|11|23|20|4|20|1|12|19|18|33|3|26|8|23|32|19|13|6|27|18|20|6|5|
Overall Best: 0.9231 Generation: 29
length: 21.98
feature_occurency: [37, 56, 38, 35, 72, 36, 75, 71, 29, 15, 22, 68, 50, 50, 89, 47, 47, 26, 51, 59, 75, 40, 54, 72, 53, 29, 66, 82, 52, 41, 34, 54, 42, 33]

Generation 97
Average: 0.8899 Best: 0.9202
Best Individual: 
C0 26|0|7|0|16|14|28|16|16|16|4|6|5|20|33|28|7|4|6|1|23|19|27|11|17|27|19|3|17|14|8|8|6|3|
Overall Best: 0.9231 Generation: 29
length: 21.86
feature_occurency: [43, 59, 37, 37, 79, 38, 73, 64, 33, 20, 19, 64, 49, 39, 81, 43, 56, 27, 49, 69, 81, 32, 54, 79, 53, 29, 67, 83, 55, 37, 30, 52, 33, 36]

Generation 98
Average: 0.8883 Best: 0.9117
Best Individual: 
C0 26|0|7|17|16|14|28|16|16|16|4|6|5|20|33|28|7|4|6|1|23|19|27|11|17|2|19|3|17|19|8|8|6|17|
Overall Best: 0.9231 Generation: 29
length: 22.0
feature_occurency: [32, 59, 35, 45, 80, 40, 91, 65, 35, 18, 34, 62, 36, 42, 70, 46, 65, 26, 47, 63, 89, 28, 52, 88, 57, 37, 63, 65, 62, 34, 17, 49, 30, 38]

Generation 99
Average: 0.8882 Best: 0.9088
Best Individual: 
C0 26|1|12|33|28|26|15|1|11|33|4|6|5|20|1|28|7|4|6|1|23|14|26|11|6|18|13|27|19|22|24|20|22|32|
Overall Best: 0.9231 Generation: 29
==================
    Best individual after 100 generations
    computed in 116.2760 seconds
    324 elements out of 351 correct.
    emerged in generation 29
    with fitness 0.9231
==================

14|14|8|10|28|32|12|18|2|12|4|10|14|27|19|2|22|26|23|4|30|23|22|9|14|26|4|14|9|15|1|10|26|19|
