Starting evolution...
length: 34.0
feature_occurency: [50, 50, 50, 50, 50, 50, 50, 50, 50, 50, 50, 50, 50, 50, 50, 50, 50, 50, 50, 50, 50, 50, 50, 50, 50, 50, 50, 50, 50, 50, 50, 50, 50, 50]

Generation 0
Average: 0.7956 Best: 0.8547
Best Individual: 
C0 9|20|14|30|4|21|6|7|11|8|10|18|12|13|3|15|16|17|28|19|25|22|0|23|2|1|26|27|5|32|24|31|29|33|
Overall Best: 0.8547 Generation: 0
length: 34.0
feature_occurency: [50, 50, 50, 50, 50, 50, 50, 50, 50, 50, 50, 50, 50, 50, 50, 50, 50, 50, 50, 50, 50, 50, 50, 50, 50, 50, 50, 50, 50, 50, 50, 50, 50, 50]

Generation 1
Average: 0.8152 Best: 0.8746
Best Individual: 
C0 2|4|30|28|25|16|1|7|8|9|10|11|5|19|20|6|12|17|18|24|14|21|13|23|22|3|26|15|29|27|0|31|32|33|
Overall Best: 0.8746 Generation: 1
length: 34.0
feature_occurency: [50, 50, 50, 50, 50, 50, 50, 50, 50, 50, 50, 50, 50, 50, 50, 50, 50, 50, 50, 50, 50, 50, 50, 50, 50, 50, 50, 50, 50, 50, 50, 50, 50, 50]

Generation 2
Average: 0.8288 Best: 0.8860
Best Individual: 
C0 7|10|22|32|12|26|30|0|20|9|28|18|19|8|33|3|2|1|24|21|27|23|4|16|6|25|11|17|13|29|15|31|5|14|
Overall Best: 0.8860 Generation: 2
length: 34.0
feature_occurency: [50, 50, 50, 50, 50, 50, 50, 50, 50, 50, 50, 50, 50, 50, 50, 50, 50, 50, 50, 50, 50, 50, 50, 50, 50, 50, 50, 50, 50, 50, 50, 50, 50, 50]

Generation 3
Average: 0.8399 Best: 0.9060
Best Individual: 
C0 15|4|8|28|20|7|6|10|22|23|16|11|5|25|14|17|3|30|18|24|19|31|26|9|1|0|29|2|13|27|12|21|32|33|
Overall Best: 0.9060 Generation: 3
length: 34.0
feature_occurency: [50, 50, 50, 50, 50, 50, 50, 50, 50, 50, 50, 50, 50, 50, 50, 50, 50, 50, 50, 50, 50, 50, 50, 50, 50, 50, 50, 50, 50, 50, 50, 50, 50, 50]

Generation 4
Average: 0.8504 Best: 0.9202
Best Individual: 
C0 5|4|2|16|1|0|6|14|22|7|25|32|30|27|28|8|9|13|10|17|18|33|20|12|24|26|29|11|23|21|31|3|19|15|
Overall Best: 0.9202 Generation: 4
length: 34.0
feature_occurency: [50, 50, 50, 50, 50, 50, 50, 50, 50, 50, 50, 50, 50, 50, 50, 50, 50, 50, 50, 50, 50, 50, 50, 50, 50, 50, 50, 50, 50, 50, 50, 50, 50, 50]

Generation 5
Average: 0.8582 Best: 0.8974
Best Individual: 
C0 30|26|4|23|0|20|6|25|22|8|7|11|5|10|14|17|3|15|28|31|16|24|12|27|19|9|2|32|18|1|13|21|29|33|
Overall Best: 0.9202 Generation: 4
length: 34.0
feature_occurency: [50, 50, 50, 50, 50, 50, 50, 50, 50, 50, 50, 50, 50, 50, 50, 50, 50, 50, 50, 50, 50, 50, 50, 50, 50, 50, 50, 50, 50, 50, 50, 50, 50, 50]

Generation 6
Average: 0.8545 Best: 0.9031
Best Individual: 
C0 4|26|2|9|25|10|13|24|8|17|33|18|7|6|21|16|14|32|19|22|1|31|20|12|5|0|27|11|28|29|3|30|15|23|
Overall Best: 0.9202 Generation: 4
length: 34.0
feature_occurency: [50, 50, 50, 50, 50, 50, 50, 50, 50, 50, 50, 50, 50, 50, 50, 50, 50, 50, 50, 50, 50, 50, 50, 50, 50, 50, 50, 50, 50, 50, 50, 50, 50, 50]

Generation 7
Average: 0.8614 Best: 0.9031
Best Individual: 
C0 4|26|2|8|30|10|13|24|9|17|33|18|7|1|21|16|14|32|19|22|6|31|28|12|5|0|27|11|20|29|3|25|15|23|
Overall Best: 0.9202 Generation: 4
length: 34.0
feature_occurency: [50, 50, 50, 50, 50, 50, 50, 50, 50, 50, 50, 50, 50, 50, 50, 50, 50, 50, 50, 50, 50, 50, 50, 50, 50, 50, 50, 50, 50, 50, 50, 50, 50, 50]

Generation 8
Average: 0.8589 Best: 0.9031
Best Individual: 
C0 4|13|2|7|20|1|32|17|11|23|15|22|0|33|25|14|16|28|12|3|21|5|8|10|31|27|6|26|19|9|29|30|24|18|
Overall Best: 0.9202 Generation: 4
length: 34.0
feature_occurency: [50, 50, 50, 50, 50, 50, 50, 50, 50, 50, 50, 50, 50, 50, 50, 50, 50, 50, 50, 50, 50, 50, 50, 50, 50, 50, 50, 50, 50, 50, 50, 50, 50, 50]

Generation 9
Average: 0.8564 Best: 0.8974
Best Individual: 
C0 27|29|4|18|21|13|2|3|14|8|11|1|12|5|30|32|31|0|24|26|15|19|28|6|7|17|16|23|10|20|9|22|25|33|
Overall Best: 0.9202 Generation: 4
length: 34.0
feature_occurency: [50, 50, 50, 50, 50, 50, 50, 50, 50, 50, 50, 50, 50, 50, 50, 50, 50, 50, 50, 50, 50, 50, 50, 50, 50, 50, 50, 50, 50, 50, 50, 50, 50, 50]

Generation 10
Average: 0.8644 Best: 0.8974
Best Individual: 
C0 27|29|4|18|21|13|2|3|14|8|11|1|12|5|30|32|28|0|24|26|15|19|31|6|17|7|16|23|10|20|9|22|25|33|
Overall Best: 0.9202 Generation: 4
length: 34.0
feature_occurency: [50, 50, 50, 50, 50, 50, 50, 50, 50, 50, 50, 50, 50, 50, 50, 50, 50, 50, 50, 50, 50, 50, 50, 50, 50, 50, 50, 50, 50, 50, 50, 50, 50, 50]

Generation 11
Average: 0.8585 Best: 0.9031
Best Individual: 
C0 22|4|7|33|9|29|11|21|15|28|32|23|26|30|5|27|3|19|25|8|0|1|2|20|31|6|16|18|10|17|24|13|12|14|
Overall Best: 0.9202 Generation: 4
length: 34.0
feature_occurency: [50, 50, 50, 50, 50, 50, 50, 50, 50, 50, 50, 50, 50, 50, 50, 50, 50, 50, 50, 50, 50, 50, 50, 50, 50, 50, 50, 50, 50, 50, 50, 50, 50, 50]

Generation 12
Average: 0.8645 Best: 0.9060
Best Individual: 
C0 15|4|8|33|3|29|22|12|5|6|0|27|23|28|9|18|2|30|24|26|21|19|31|1|17|7|16|13|25|14|11|10|20|32|
Overall Best: 0.9202 Generation: 4
length: 34.0
feature_occurency: [50, 50, 50, 50, 50, 50, 50, 50, 50, 50, 50, 50, 50, 50, 50, 50, 50, 50, 50, 50, 50, 50, 50, 50, 50, 50, 50, 50, 50, 50, 50, 50, 50, 50]

Generation 13
Average: 0.8610 Best: 0.9060
Best Individual: 
C0 15|4|8|33|3|29|22|12|5|6|0|27|23|28|9|18|2|30|31|26|21|13|24|1|17|7|16|11|25|14|19|10|20|32|
Overall Best: 0.9202 Generation: 4
length: 34.0
feature_occurency: [50, 50, 50, 50, 50, 50, 50, 50, 50, 50, 50, 50, 50, 50, 50, 50, 50, 50, 50, 50, 50, 50, 50, 50, 50, 50, 50, 50, 50, 50, 50, 50, 50, 50]

Generation 14
Average: 0.8505 Best: 0.9060
Best Individual: 
C0 15|4|8|12|3|19|22|33|5|26|0|27|23|28|9|18|2|30|24|6|21|29|31|1|17|7|16|13|11|14|25|10|20|32|
Overall Best: 0.9202 Generation: 4
length: 34.0
feature_occurency: [50, 50, 50, 50, 50, 50, 50, 50, 50, 50, 50, 50, 50, 50, 50, 50, 50, 50, 50, 50, 50, 50, 50, 50, 50, 50, 50, 50, 50, 50, 50, 50, 50, 50]

Generation 15
Average: 0.8530 Best: 0.9060
Best Individual: 
C0 15|4|8|22|3|19|12|33|5|26|0|27|28|23|9|18|16|30|24|6|21|29|31|1|17|7|2|13|25|14|11|10|20|32|
Overall Best: 0.9202 Generation: 4
length: 34.0
feature_occurency: [50, 50, 50, 50, 50, 50, 50, 50, 50, 50, 50, 50, 50, 50, 50, 50, 50, 50, 50, 50, 50, 50, 50, 50, 50, 50, 50, 50, 50, 50, 50, 50, 50, 50]

Generation 16
Average: 0.8587 Best: 0.9060
Best Individual: 
C0 15|8|4|33|28|19|12|22|27|26|0|5|3|23|20|18|16|30|24|6|21|29|31|1|17|7|2|13|25|14|11|10|9|32|
Overall Best: 0.9202 Generation: 4
length: 34.0
feature_occurency: [50, 50, 50, 50, 50, 50, 50, 50, 50, 50, 50, 50, 50, 50, 50, 50, 50, 50, 50, 50, 50, 50, 50, 50, 50, 50, 50, 50, 50, 50, 50, 50, 50, 50]

Generation 17
Average: 0.8610 Best: 0.9060
Best Individual: 
C0 15|4|8|12|29|21|22|6|20|27|30|5|23|25|9|3|26|16|2|10|31|19|18|1|17|7|32|11|13|14|28|33|0|24|
Overall Best: 0.9202 Generation: 4
length: 34.0
feature_occurency: [50, 50, 50, 50, 50, 50, 50, 50, 50, 50, 50, 50, 50, 50, 50, 50, 50, 50, 50, 50, 50, 50, 50, 50, 50, 50, 50, 50, 50, 50, 50, 50, 50, 50]

Generation 18
Average: 0.8663 Best: 0.9060
Best Individual: 
C0 15|4|8|2|29|21|22|6|20|27|30|5|23|25|9|3|26|16|12|7|19|32|11|31|18|13|33|24|17|28|1|14|10|0|
Overall Best: 0.9202 Generation: 4
length: 34.0
feature_occurency: [50, 50, 50, 50, 50, 50, 50, 50, 50, 50, 50, 50, 50, 50, 50, 50, 50, 50, 50, 50, 50, 50, 50, 50, 50, 50, 50, 50, 50, 50, 50, 50, 50, 50]

Generation 19
Average: 0.8654 Best: 0.9060
Best Individual: 
C0 31|11|4|33|3|20|13|18|26|15|30|2|17|12|28|1|24|16|0|6|7|29|22|21|23|27|9|8|5|10|19|14|25|32|
Overall Best: 0.9202 Generation: 4
length: 34.0
feature_occurency: [50, 50, 50, 50, 50, 50, 50, 50, 50, 50, 50, 50, 50, 50, 50, 50, 50, 50, 50, 50, 50, 50, 50, 50, 50, 50, 50, 50, 50, 50, 50, 50, 50, 50]

Generation 20
Average: 0.8615 Best: 0.9060
Best Individual: 
C0 31|11|4|33|3|24|7|18|13|9|12|2|17|22|28|21|26|14|27|1|20|30|29|19|23|0|15|8|5|10|6|16|25|32|
Overall Best: 0.9202 Generation: 4
length: 34.0
feature_occurency: [50, 50, 50, 50, 50, 50, 50, 50, 50, 50, 50, 50, 50, 50, 50, 50, 50, 50, 50, 50, 50, 50, 50, 50, 50, 50, 50, 50, 50, 50, 50, 50, 50, 50]

Generation 21
Average: 0.8570 Best: 0.9031
Best Individual: 
C0 2|4|26|11|0|12|21|9|27|33|15|22|3|23|24|18|28|30|6|20|16|32|31|1|29|5|8|14|19|17|13|25|7|10|
Overall Best: 0.9202 Generation: 4
length: 34.0
feature_occurency: [50, 50, 50, 50, 50, 50, 50, 50, 50, 50, 50, 50, 50, 50, 50, 50, 50, 50, 50, 50, 50, 50, 50, 50, 50, 50, 50, 50, 50, 50, 50, 50, 50, 50]

Generation 22
Average: 0.8646 Best: 0.9060
Best Individual: 
C0 8|4|23|11|14|9|15|24|7|26|13|20|6|5|29|2|28|32|19|31|33|22|21|16|18|1|17|12|27|10|3|0|30|25|
Overall Best: 0.9202 Generation: 4
length: 34.0
feature_occurency: [50, 50, 50, 50, 50, 50, 50, 50, 50, 50, 50, 50, 50, 50, 50, 50, 50, 50, 50, 50, 50, 50, 50, 50, 50, 50, 50, 50, 50, 50, 50, 50, 50, 50]

Generation 23
Average: 0.8589 Best: 0.9031
Best Individual: 
C0 2|4|26|6|8|0|31|32|19|33|15|21|13|23|14|10|28|7|11|20|5|9|22|16|18|1|17|12|27|29|3|24|30|25|
Overall Best: 0.9202 Generation: 4
length: 34.0
feature_occurency: [50, 50, 50, 50, 50, 50, 50, 50, 50, 50, 50, 50, 50, 50, 50, 50, 50, 50, 50, 50, 50, 50, 50, 50, 50, 50, 50, 50, 50, 50, 50, 50, 50, 50]

Generation 24
Average: 0.8591 Best: 0.9060
Best Individual: 
C0 28|26|4|8|17|25|7|2|33|0|12|13|30|22|5|21|11|14|23|1|31|15|18|19|9|6|29|10|20|3|32|27|24|16|
Overall Best: 0.9202 Generation: 4
length: 34.0
feature_occurency: [50, 50, 50, 50, 50, 50, 50, 50, 50, 50, 50, 50, 50, 50, 50, 50, 50, 50, 50, 50, 50, 50, 50, 50, 50, 50, 50, 50, 50, 50, 50, 50, 50, 50]

Generation 25
Average: 0.8567 Best: 0.9031
Best Individual: 
C0 4|5|23|28|31|13|1|0|11|15|33|20|25|24|8|2|3|10|9|26|18|19|21|27|29|12|30|16|7|14|32|22|17|6|
Overall Best: 0.9202 Generation: 4
length: 34.0
feature_occurency: [50, 50, 50, 50, 50, 50, 50, 50, 50, 50, 50, 50, 50, 50, 50, 50, 50, 50, 50, 50, 50, 50, 50, 50, 50, 50, 50, 50, 50, 50, 50, 50, 50, 50]

Generation 26
Average: 0.8607 Best: 0.8974
Best Individual: 
C0 4|11|13|9|14|12|32|24|7|22|31|29|27|8|33|2|3|17|6|21|25|30|5|19|20|0|18|1|10|26|28|23|15|16|
Overall Best: 0.9202 Generation: 4
length: 34.0
feature_occurency: [50, 50, 50, 50, 50, 50, 50, 50, 50, 50, 50, 50, 50, 50, 50, 50, 50, 50, 50, 50, 50, 50, 50, 50, 50, 50, 50, 50, 50, 50, 50, 50, 50, 50]

Generation 27
Average: 0.8615 Best: 0.8974
Best Individual: 
C0 4|13|11|29|23|10|15|24|27|22|30|20|3|31|17|6|9|14|26|21|25|8|12|7|5|33|18|1|28|19|32|0|2|16|
Overall Best: 0.9202 Generation: 4
length: 34.0
feature_occurency: [50, 50, 50, 50, 50, 50, 50, 50, 50, 50, 50, 50, 50, 50, 50, 50, 50, 50, 50, 50, 50, 50, 50, 50, 50, 50, 50, 50, 50, 50, 50, 50, 50, 50]

Generation 28
Average: 0.8700 Best: 0.8974
Best Individual: 
C0 4|13|11|10|1|19|23|6|9|28|33|20|25|21|30|2|3|29|17|26|18|31|7|27|5|12|8|16|24|22|32|14|0|15|
Overall Best: 0.9202 Generation: 4
length: 34.0
feature_occurency: [50, 50, 50, 50, 50, 50, 50, 50, 50, 50, 50, 50, 50, 50, 50, 50, 50, 50, 50, 50, 50, 50, 50, 50, 50, 50, 50, 50, 50, 50, 50, 50, 50, 50]

Generation 29
Average: 0.8671 Best: 0.9060
Best Individual: 
C0 4|13|27|9|14|11|15|24|12|22|17|5|6|8|7|32|3|20|33|21|10|30|18|19|25|0|29|1|31|28|2|26|23|16|
Overall Best: 0.9202 Generation: 4
length: 34.0
feature_occurency: [50, 50, 50, 50, 50, 50, 50, 50, 50, 50, 50, 50, 50, 50, 50, 50, 50, 50, 50, 50, 50, 50, 50, 50, 50, 50, 50, 50, 50, 50, 50, 50, 50, 50]

Generation 30
Average: 0.8677 Best: 0.9031
Best Individual: 
C0 26|4|2|12|30|31|25|3|7|22|24|20|27|1|0|19|5|17|33|9|14|21|6|13|32|8|29|10|28|18|16|11|15|23|
Overall Best: 0.9202 Generation: 4
length: 34.0
feature_occurency: [50, 50, 50, 50, 50, 50, 50, 50, 50, 50, 50, 50, 50, 50, 50, 50, 50, 50, 50, 50, 50, 50, 50, 50, 50, 50, 50, 50, 50, 50, 50, 50, 50, 50]

Generation 31
Average: 0.8674 Best: 0.9031
Best Individual: 
C0 4|13|2|20|29|27|6|23|0|3|24|10|18|19|8|31|11|26|32|14|25|7|21|12|5|33|30|9|28|15|1|16|17|22|
Overall Best: 0.9202 Generation: 4
length: 34.0
feature_occurency: [50, 50, 50, 50, 50, 50, 50, 50, 50, 50, 50, 50, 50, 50, 50, 50, 50, 50, 50, 50, 50, 50, 50, 50, 50, 50, 50, 50, 50, 50, 50, 50, 50, 50]

Generation 32
Average: 0.8633 Best: 0.9031
Best Individual: 
C0 4|13|2|20|28|27|6|23|0|3|24|10|18|19|8|31|11|26|1|14|25|7|21|12|5|9|30|33|29|15|32|16|17|22|
Overall Best: 0.9202 Generation: 4
length: 34.0
feature_occurency: [50, 50, 50, 50, 50, 50, 50, 50, 50, 50, 50, 50, 50, 50, 50, 50, 50, 50, 50, 50, 50, 50, 50, 50, 50, 50, 50, 50, 50, 50, 50, 50, 50, 50]

Generation 33
Average: 0.8632 Best: 0.9060
Best Individual: 
C0 4|31|11|0|23|24|6|17|12|22|30|5|33|8|10|15|20|9|29|27|18|14|3|13|32|26|25|1|28|7|21|19|2|16|
Overall Best: 0.9202 Generation: 4
length: 34.0
feature_occurency: [50, 50, 50, 50, 50, 50, 50, 50, 50, 50, 50, 50, 50, 50, 50, 50, 50, 50, 50, 50, 50, 50, 50, 50, 50, 50, 50, 50, 50, 50, 50, 50, 50, 50]

Generation 34
Average: 0.8717 Best: 0.9060
Best Individual: 
C0 4|31|11|0|23|24|6|17|29|22|26|5|33|8|10|15|20|9|12|27|18|14|3|13|32|30|25|1|28|7|21|19|16|2|
Overall Best: 0.9202 Generation: 4
length: 34.0
feature_occurency: [50, 50, 50, 50, 50, 50, 50, 50, 50, 50, 50, 50, 50, 50, 50, 50, 50, 50, 50, 50, 50, 50, 50, 50, 50, 50, 50, 50, 50, 50, 50, 50, 50, 50]

Generation 35
Average: 0.8658 Best: 0.9031
Best Individual: 
C0 4|26|2|8|15|11|32|25|3|6|22|20|14|23|9|0|5|17|33|31|16|21|28|13|27|19|30|12|29|7|10|24|1|18|
Overall Best: 0.9202 Generation: 4
length: 34.0
feature_occurency: [50, 50, 50, 50, 50, 50, 50, 50, 50, 50, 50, 50, 50, 50, 50, 50, 50, 50, 50, 50, 50, 50, 50, 50, 50, 50, 50, 50, 50, 50, 50, 50, 50, 50]

Generation 36
Average: 0.8705 Best: 0.9202
Best Individual: 
C0 4|5|2|14|28|32|12|20|17|6|11|25|10|13|30|19|8|0|33|9|16|31|21|15|26|23|29|18|22|27|24|3|1|7|
Overall Best: 0.9202 Generation: 4
length: 34.0
feature_occurency: [50, 50, 50, 50, 50, 50, 50, 50, 50, 50, 50, 50, 50, 50, 50, 50, 50, 50, 50, 50, 50, 50, 50, 50, 50, 50, 50, 50, 50, 50, 50, 50, 50, 50]

Generation 37
Average: 0.8781 Best: 0.9202
Best Individual: 
C0 4|5|2|14|28|32|12|20|3|6|11|8|10|13|30|19|25|0|33|9|16|31|21|15|26|23|29|18|22|27|24|17|1|7|
Overall Best: 0.9202 Generation: 4
length: 34.0
feature_occurency: [50, 50, 50, 50, 50, 50, 50, 50, 50, 50, 50, 50, 50, 50, 50, 50, 50, 50, 50, 50, 50, 50, 50, 50, 50, 50, 50, 50, 50, 50, 50, 50, 50, 50]

Generation 38
Average: 0.8655 Best: 0.9003
Best Individual: 
C0 4|26|5|25|30|7|32|20|3|6|22|23|0|27|21|33|17|2|15|11|18|14|28|13|31|19|9|12|29|8|10|24|1|16|
Overall Best: 0.9202 Generation: 4
length: 34.0
feature_occurency: [50, 50, 50, 50, 50, 50, 50, 50, 50, 50, 50, 50, 50, 50, 50, 50, 50, 50, 50, 50, 50, 50, 50, 50, 50, 50, 50, 50, 50, 50, 50, 50, 50, 50]

Generation 39
Average: 0.8650 Best: 0.9003
Best Individual: 
C0 4|26|5|25|7|18|32|20|13|15|17|11|33|16|2|0|22|21|28|6|30|14|8|3|31|19|9|24|29|23|10|12|1|27|
Overall Best: 0.9202 Generation: 4
length: 34.0
feature_occurency: [50, 50, 50, 50, 50, 50, 50, 50, 50, 50, 50, 50, 50, 50, 50, 50, 50, 50, 50, 50, 50, 50, 50, 50, 50, 50, 50, 50, 50, 50, 50, 50, 50, 50]

Generation 40
Average: 0.8611 Best: 0.9060
Best Individual: 
C0 4|27|13|14|23|15|18|5|31|29|33|8|30|0|21|25|20|3|28|22|10|6|12|9|26|11|7|2|17|19|24|1|32|16|
Overall Best: 0.9202 Generation: 4
length: 34.0
feature_occurency: [50, 50, 50, 50, 50, 50, 50, 50, 50, 50, 50, 50, 50, 50, 50, 50, 50, 50, 50, 50, 50, 50, 50, 50, 50, 50, 50, 50, 50, 50, 50, 50, 50, 50]

Generation 41
Average: 0.8676 Best: 0.9060
Best Individual: 
C0 4|27|13|14|5|15|18|23|31|29|33|8|30|0|21|25|1|3|28|24|10|6|12|11|26|9|7|2|17|19|22|20|32|16|
Overall Best: 0.9202 Generation: 4
length: 34.0
feature_occurency: [50, 50, 50, 50, 50, 50, 50, 50, 50, 50, 50, 50, 50, 50, 50, 50, 50, 50, 50, 50, 50, 50, 50, 50, 50, 50, 50, 50, 50, 50, 50, 50, 50, 50]

Generation 42
Average: 0.8674 Best: 0.9202
Best Individual: 
C0 4|2|5|6|31|32|26|24|11|18|14|8|29|30|9|12|3|20|33|17|16|19|28|13|7|0|15|21|1|23|10|22|25|27|
Overall Best: 0.9202 Generation: 4
length: 34.0
feature_occurency: [50, 50, 50, 50, 50, 50, 50, 50, 50, 50, 50, 50, 50, 50, 50, 50, 50, 50, 50, 50, 50, 50, 50, 50, 50, 50, 50, 50, 50, 50, 50, 50, 50, 50]

Generation 43
Average: 0.8619 Best: 0.9117
Best Individual: 
C0 28|31|4|10|16|26|32|30|0|9|8|5|24|20|1|27|11|3|21|14|25|18|23|17|15|33|19|12|29|2|13|22|6|7|
Overall Best: 0.9202 Generation: 4
length: 34.0
feature_occurency: [50, 50, 50, 50, 50, 50, 50, 50, 50, 50, 50, 50, 50, 50, 50, 50, 50, 50, 50, 50, 50, 50, 50, 50, 50, 50, 50, 50, 50, 50, 50, 50, 50, 50]

Generation 44
Average: 0.8663 Best: 0.9031
Best Individual: 
C0 4|15|13|0|31|26|18|32|5|14|19|3|29|24|1|27|17|23|12|20|2|33|8|16|25|21|28|6|7|30|10|22|9|11|
Overall Best: 0.9202 Generation: 4
length: 34.0
feature_occurency: [50, 50, 50, 50, 50, 50, 50, 50, 50, 50, 50, 50, 50, 50, 50, 50, 50, 50, 50, 50, 50, 50, 50, 50, 50, 50, 50, 50, 50, 50, 50, 50, 50, 50]

Generation 45
Average: 0.8658 Best: 0.9060
Best Individual: 
C0 4|23|8|12|31|13|18|26|20|33|14|16|11|7|22|27|15|1|28|25|9|5|30|21|17|2|19|0|3|32|10|24|6|29|
Overall Best: 0.9202 Generation: 4
length: 34.0
feature_occurency: [50, 50, 50, 50, 50, 50, 50, 50, 50, 50, 50, 50, 50, 50, 50, 50, 50, 50, 50, 50, 50, 50, 50, 50, 50, 50, 50, 50, 50, 50, 50, 50, 50, 50]

Generation 46
Average: 0.8633 Best: 0.9031
Best Individual: 
C0 4|26|2|8|23|24|32|12|0|13|25|30|6|5|15|16|21|1|22|27|20|31|28|29|3|19|9|11|18|7|10|14|33|17|
Overall Best: 0.9202 Generation: 4
length: 34.0
feature_occurency: [50, 50, 50, 50, 50, 50, 50, 50, 50, 50, 50, 50, 50, 50, 50, 50, 50, 50, 50, 50, 50, 50, 50, 50, 50, 50, 50, 50, 50, 50, 50, 50, 50, 50]

Generation 47
Average: 0.8624 Best: 0.9031
Best Individual: 
C0 4|26|2|8|23|24|32|12|0|13|15|33|6|5|25|31|21|1|22|27|14|16|28|29|30|19|9|11|18|7|10|20|3|17|
Overall Best: 0.9202 Generation: 4
length: 34.0
feature_occurency: [50, 50, 50, 50, 50, 50, 50, 50, 50, 50, 50, 50, 50, 50, 50, 50, 50, 50, 50, 50, 50, 50, 50, 50, 50, 50, 50, 50, 50, 50, 50, 50, 50, 50]

Generation 48
Average: 0.8674 Best: 0.9031
Best Individual: 
C0 4|26|2|10|23|24|20|12|15|13|8|33|28|5|25|31|21|9|22|27|14|6|32|1|0|29|3|18|19|11|30|16|7|17|
Overall Best: 0.9202 Generation: 4
length: 34.0
feature_occurency: [50, 50, 50, 50, 50, 50, 50, 50, 50, 50, 50, 50, 50, 50, 50, 50, 50, 50, 50, 50, 50, 50, 50, 50, 50, 50, 50, 50, 50, 50, 50, 50, 50, 50]

Generation 49
Average: 0.8681 Best: 0.9031
Best Individual: 
C0 4|26|2|6|23|14|20|12|15|13|8|33|28|5|25|31|21|9|22|27|10|24|32|1|0|29|3|18|19|11|30|16|7|17|
Overall Best: 0.9202 Generation: 4
length: 34.0
feature_occurency: [50, 50, 50, 50, 50, 50, 50, 50, 50, 50, 50, 50, 50, 50, 50, 50, 50, 50, 50, 50, 50, 50, 50, 50, 50, 50, 50, 50, 50, 50, 50, 50, 50, 50]

Generation 50
Average: 0.8631 Best: 0.9060
Best Individual: 
C0 27|4|13|12|30|8|10|11|1|5|6|19|14|15|32|18|22|33|3|21|2|17|26|9|7|31|24|28|0|23|25|16|29|20|
Overall Best: 0.9202 Generation: 4
length: 34.0
feature_occurency: [50, 50, 50, 50, 50, 50, 50, 50, 50, 50, 50, 50, 50, 50, 50, 50, 50, 50, 50, 50, 50, 50, 50, 50, 50, 50, 50, 50, 50, 50, 50, 50, 50, 50]

Generation 51
Average: 0.8613 Best: 0.9060
Best Individual: 
C0 4|11|31|25|23|26|28|0|30|9|17|5|15|19|22|33|21|27|6|7|2|32|20|29|3|18|13|1|24|16|12|10|8|14|
Overall Best: 0.9202 Generation: 4
length: 34.0
feature_occurency: [50, 50, 50, 50, 50, 50, 50, 50, 50, 50, 50, 50, 50, 50, 50, 50, 50, 50, 50, 50, 50, 50, 50, 50, 50, 50, 50, 50, 50, 50, 50, 50, 50, 50]

Generation 52
Average: 0.8575 Best: 0.9060
Best Individual: 
C0 27|4|13|12|30|33|17|11|1|5|6|21|14|15|32|18|22|8|3|19|2|10|26|9|7|0|24|28|16|23|25|31|29|20|
Overall Best: 0.9202 Generation: 4
length: 34.0
feature_occurency: [50, 50, 50, 50, 50, 50, 50, 50, 50, 50, 50, 50, 50, 50, 50, 50, 50, 50, 50, 50, 50, 50, 50, 50, 50, 50, 50, 50, 50, 50, 50, 50, 50, 50]

Generation 53
Average: 0.8615 Best: 0.9060
Best Individual: 
C0 27|4|13|17|30|33|12|11|1|5|6|21|14|15|32|18|22|8|3|19|2|31|26|9|7|0|24|28|16|23|25|10|29|20|
Overall Best: 0.9202 Generation: 4
length: 34.0
feature_occurency: [50, 50, 50, 50, 50, 50, 50, 50, 50, 50, 50, 50, 50, 50, 50, 50, 50, 50, 50, 50, 50, 50, 50, 50, 50, 50, 50, 50, 50, 50, 50, 50, 50, 50]

Generation 54
Average: 0.8664 Best: 0.9031
Best Individual: 
C0 22|4|7|3|29|2|15|9|5|20|27|33|1|17|8|32|14|11|13|25|31|6|26|24|18|10|30|12|0|23|21|28|16|19|
Overall Best: 0.9202 Generation: 4
length: 34.0
feature_occurency: [50, 50, 50, 50, 50, 50, 50, 50, 50, 50, 50, 50, 50, 50, 50, 50, 50, 50, 50, 50, 50, 50, 50, 50, 50, 50, 50, 50, 50, 50, 50, 50, 50, 50]

Generation 55
Average: 0.8673 Best: 0.9003
Best Individual: 
C0 26|4|5|28|32|10|6|24|33|12|30|23|25|22|20|14|17|8|16|31|11|19|3|27|18|7|9|0|21|15|1|13|29|2|
Overall Best: 0.9202 Generation: 4
length: 34.0
feature_occurency: [50, 50, 50, 50, 50, 50, 50, 50, 50, 50, 50, 50, 50, 50, 50, 50, 50, 50, 50, 50, 50, 50, 50, 50, 50, 50, 50, 50, 50, 50, 50, 50, 50, 50]

Generation 56
Average: 0.8705 Best: 0.9031
Best Individual: 
C0 26|4|2|28|27|19|7|0|33|20|24|8|25|10|12|22|1|30|16|5|31|14|11|3|6|23|21|17|9|15|32|13|29|18|
Overall Best: 0.9202 Generation: 4
length: 34.0
feature_occurency: [50, 50, 50, 50, 50, 50, 50, 50, 50, 50, 50, 50, 50, 50, 50, 50, 50, 50, 50, 50, 50, 50, 50, 50, 50, 50, 50, 50, 50, 50, 50, 50, 50, 50]

Generation 57
Average: 0.8634 Best: 0.9031
Best Individual: 
C0 2|4|13|20|0|8|24|11|15|29|5|32|14|19|25|31|22|21|1|26|10|6|23|27|18|17|30|7|3|9|33|16|28|12|
Overall Best: 0.9202 Generation: 4
length: 34.0
feature_occurency: [50, 50, 50, 50, 50, 50, 50, 50, 50, 50, 50, 50, 50, 50, 50, 50, 50, 50, 50, 50, 50, 50, 50, 50, 50, 50, 50, 50, 50, 50, 50, 50, 50, 50]

Generation 58
Average: 0.8664 Best: 0.9117
Best Individual: 
C0 4|31|28|7|9|29|15|12|33|20|32|8|14|11|26|22|5|2|24|27|0|25|17|3|6|23|21|18|10|1|30|19|16|13|
Overall Best: 0.9202 Generation: 4
length: 34.0
feature_occurency: [50, 50, 50, 50, 50, 50, 50, 50, 50, 50, 50, 50, 50, 50, 50, 50, 50, 50, 50, 50, 50, 50, 50, 50, 50, 50, 50, 50, 50, 50, 50, 50, 50, 50]

Generation 59
Average: 0.8645 Best: 0.9202
Best Individual: 
C0 2|4|5|20|0|8|24|21|15|29|11|32|14|19|25|31|22|13|1|30|10|6|23|27|18|17|26|7|3|9|33|16|28|12|
Overall Best: 0.9202 Generation: 4
length: 34.0
feature_occurency: [50, 50, 50, 50, 50, 50, 50, 50, 50, 50, 50, 50, 50, 50, 50, 50, 50, 50, 50, 50, 50, 50, 50, 50, 50, 50, 50, 50, 50, 50, 50, 50, 50, 50]

Generation 60
Average: 0.8638 Best: 0.9202
Best Individual: 
C0 2|4|5|20|27|32|30|26|15|29|11|8|14|19|10|31|22|18|1|28|23|6|25|3|33|24|21|17|0|9|13|16|7|12|
Overall Best: 0.9202 Generation: 4
length: 34.0
feature_occurency: [50, 50, 50, 50, 50, 50, 50, 50, 50, 50, 50, 50, 50, 50, 50, 50, 50, 50, 50, 50, 50, 50, 50, 50, 50, 50, 50, 50, 50, 50, 50, 50, 50, 50]

Generation 61
Average: 0.8677 Best: 0.9202
Best Individual: 
C0 2|4|5|12|0|26|24|8|27|14|25|15|29|30|17|1|16|20|32|33|31|6|11|10|18|23|21|7|3|9|19|22|28|13|
Overall Best: 0.9202 Generation: 4
length: 34.0
feature_occurency: [50, 50, 50, 50, 50, 50, 50, 50, 50, 50, 50, 50, 50, 50, 50, 50, 50, 50, 50, 50, 50, 50, 50, 50, 50, 50, 50, 50, 50, 50, 50, 50, 50, 50]

Generation 62
Average: 0.8746 Best: 0.9202
Best Individual: 
C0 2|4|5|12|0|19|24|3|27|14|25|15|29|30|17|1|16|20|32|33|31|6|11|10|18|23|21|7|8|9|26|22|28|13|
Overall Best: 0.9202 Generation: 4
length: 34.0
feature_occurency: [50, 50, 50, 50, 50, 50, 50, 50, 50, 50, 50, 50, 50, 50, 50, 50, 50, 50, 50, 50, 50, 50, 50, 50, 50, 50, 50, 50, 50, 50, 50, 50, 50, 50]

Generation 63
Average: 0.8729 Best: 0.9202
Best Individual: 
C0 2|4|5|12|0|13|24|20|27|14|3|15|29|30|17|1|16|18|32|33|31|6|25|10|11|23|21|7|8|9|26|22|28|19|
Overall Best: 0.9202 Generation: 4
length: 34.0
feature_occurency: [50, 50, 50, 50, 50, 50, 50, 50, 50, 50, 50, 50, 50, 50, 50, 50, 50, 50, 50, 50, 50, 50, 50, 50, 50, 50, 50, 50, 50, 50, 50, 50, 50, 50]

Generation 64
Average: 0.8707 Best: 0.9202
Best Individual: 
C0 2|4|5|19|25|6|7|30|23|12|27|3|10|21|29|11|18|8|0|13|31|28|33|15|24|20|16|1|14|9|22|26|17|32|
Overall Best: 0.9202 Generation: 4
length: 34.0
feature_occurency: [50, 50, 50, 50, 50, 50, 50, 50, 50, 50, 50, 50, 50, 50, 50, 50, 50, 50, 50, 50, 50, 50, 50, 50, 50, 50, 50, 50, 50, 50, 50, 50, 50, 50]

Generation 65
Average: 0.8774 Best: 0.9202
Best Individual: 
C0 2|4|5|19|25|6|7|30|23|16|27|3|10|21|29|11|18|8|0|15|31|28|33|13|24|20|12|1|14|9|22|26|17|32|
Overall Best: 0.9202 Generation: 4
length: 34.0
feature_occurency: [50, 50, 50, 50, 50, 50, 50, 50, 50, 50, 50, 50, 50, 50, 50, 50, 50, 50, 50, 50, 50, 50, 50, 50, 50, 50, 50, 50, 50, 50, 50, 50, 50, 50]

Generation 66
Average: 0.8778 Best: 0.9202
Best Individual: 
C0 2|4|5|12|32|31|14|8|27|21|18|33|29|15|17|6|28|7|0|30|26|13|25|1|11|23|20|24|22|9|10|3|16|19|
Overall Best: 0.9202 Generation: 4
length: 34.0
feature_occurency: [50, 50, 50, 50, 50, 50, 50, 50, 50, 50, 50, 50, 50, 50, 50, 50, 50, 50, 50, 50, 50, 50, 50, 50, 50, 50, 50, 50, 50, 50, 50, 50, 50, 50]

Generation 67
Average: 0.8766 Best: 0.9202
Best Individual: 
C0 2|4|5|24|32|31|14|8|27|21|18|33|29|15|17|6|28|7|0|30|26|13|25|1|11|23|12|20|22|9|3|10|16|19|
Overall Best: 0.9202 Generation: 4
length: 34.0
feature_occurency: [50, 50, 50, 50, 50, 50, 50, 50, 50, 50, 50, 50, 50, 50, 50, 50, 50, 50, 50, 50, 50, 50, 50, 50, 50, 50, 50, 50, 50, 50, 50, 50, 50, 50]

Generation 68
Average: 0.8755 Best: 0.9202
Best Individual: 
C0 2|4|5|24|32|31|17|8|27|21|18|33|29|15|14|6|28|7|0|30|26|13|25|1|11|23|12|20|22|9|3|10|16|19|
Overall Best: 0.9202 Generation: 4
length: 34.0
feature_occurency: [50, 50, 50, 50, 50, 50, 50, 50, 50, 50, 50, 50, 50, 50, 50, 50, 50, 50, 50, 50, 50, 50, 50, 50, 50, 50, 50, 50, 50, 50, 50, 50, 50, 50]

Generation 69
Average: 0.8698 Best: 0.9202
Best Individual: 
C0 2|4|5|12|28|19|7|33|32|8|30|10|0|16|13|15|31|6|29|27|18|26|23|20|24|11|3|17|14|9|25|1|21|22|
Overall Best: 0.9202 Generation: 4
length: 34.0
feature_occurency: [50, 50, 50, 50, 50, 50, 50, 50, 50, 50, 50, 50, 50, 50, 50, 50, 50, 50, 50, 50, 50, 50, 50, 50, 50, 50, 50, 50, 50, 50, 50, 50, 50, 50]

Generation 70
Average: 0.8700 Best: 0.9202
Best Individual: 
C0 2|4|5|15|32|6|27|13|23|10|19|9|7|21|26|30|18|11|0|12|29|28|25|1|17|31|14|20|8|16|3|24|33|22|
Overall Best: 0.9202 Generation: 4
length: 34.0
feature_occurency: [50, 50, 50, 50, 50, 50, 50, 50, 50, 50, 50, 50, 50, 50, 50, 50, 50, 50, 50, 50, 50, 50, 50, 50, 50, 50, 50, 50, 50, 50, 50, 50, 50, 50]

Generation 71
Average: 0.8695 Best: 0.9202
Best Individual: 
C0 2|4|5|15|1|6|27|13|23|10|19|9|7|21|26|30|18|11|32|12|8|28|25|0|17|31|14|20|29|16|3|24|33|22|
Overall Best: 0.9202 Generation: 4
length: 34.0
feature_occurency: [50, 50, 50, 50, 50, 50, 50, 50, 50, 50, 50, 50, 50, 50, 50, 50, 50, 50, 50, 50, 50, 50, 50, 50, 50, 50, 50, 50, 50, 50, 50, 50, 50, 50]

Generation 72
Average: 0.8719 Best: 0.9202
Best Individual: 
C0 2|4|5|15|32|6|27|13|23|10|19|9|7|21|26|30|18|11|12|1|8|28|25|0|17|31|14|20|29|16|3|24|33|22|
Overall Best: 0.9202 Generation: 4
length: 34.0
feature_occurency: [50, 50, 50, 50, 50, 50, 50, 50, 50, 50, 50, 50, 50, 50, 50, 50, 50, 50, 50, 50, 50, 50, 50, 50, 50, 50, 50, 50, 50, 50, 50, 50, 50, 50]

Generation 73
Average: 0.8663 Best: 0.9202
Best Individual: 
C0 2|4|5|15|0|6|27|13|23|10|19|9|28|21|26|30|18|14|8|12|29|7|33|11|24|16|32|20|31|25|17|1|22|3|
Overall Best: 0.9202 Generation: 4
length: 34.0
feature_occurency: [50, 50, 50, 50, 50, 50, 50, 50, 50, 50, 50, 50, 50, 50, 50, 50, 50, 50, 50, 50, 50, 50, 50, 50, 50, 50, 50, 50, 50, 50, 50, 50, 50, 50]

Generation 74
Average: 0.8675 Best: 0.9202
Best Individual: 
C0 2|5|4|11|12|28|6|20|21|0|7|22|31|24|15|8|18|33|9|26|19|10|13|29|1|25|14|27|16|17|32|30|3|23|
Overall Best: 0.9202 Generation: 4
length: 34.0
feature_occurency: [50, 50, 50, 50, 50, 50, 50, 50, 50, 50, 50, 50, 50, 50, 50, 50, 50, 50, 50, 50, 50, 50, 50, 50, 50, 50, 50, 50, 50, 50, 50, 50, 50, 50]

Generation 75
Average: 0.8701 Best: 0.9202
Best Individual: 
C0 5|4|2|13|30|32|8|6|15|24|1|19|26|10|31|27|22|11|17|3|29|28|23|16|9|12|25|14|18|20|33|0|7|21|
Overall Best: 0.9202 Generation: 4
length: 34.0
feature_occurency: [50, 50, 50, 50, 50, 50, 50, 50, 50, 50, 50, 50, 50, 50, 50, 50, 50, 50, 50, 50, 50, 50, 50, 50, 50, 50, 50, 50, 50, 50, 50, 50, 50, 50]

Generation 76
Average: 0.8689 Best: 0.9202
Best Individual: 
C0 5|4|2|13|26|32|8|6|15|24|1|19|30|10|31|27|22|11|17|3|29|28|23|16|9|12|25|14|18|20|33|0|7|21|
Overall Best: 0.9202 Generation: 4
length: 34.0
feature_occurency: [50, 50, 50, 50, 50, 50, 50, 50, 50, 50, 50, 50, 50, 50, 50, 50, 50, 50, 50, 50, 50, 50, 50, 50, 50, 50, 50, 50, 50, 50, 50, 50, 50, 50]

Generation 77
Average: 0.8680 Best: 0.9202
Best Individual: 
C0 2|4|5|23|25|20|15|22|24|0|12|9|28|21|18|30|7|33|11|26|19|10|13|29|1|6|14|27|16|17|32|8|3|31|
Overall Best: 0.9202 Generation: 4
length: 34.0
feature_occurency: [50, 50, 50, 50, 50, 50, 50, 50, 50, 50, 50, 50, 50, 50, 50, 50, 50, 50, 50, 50, 50, 50, 50, 50, 50, 50, 50, 50, 50, 50, 50, 50, 50, 50]

Generation 78
Average: 0.8683 Best: 0.9202
Best Individual: 
C0 5|4|2|10|32|33|8|16|23|11|31|30|24|28|29|13|19|3|17|7|20|12|15|21|9|18|22|14|6|27|1|0|26|25|
Overall Best: 0.9202 Generation: 4
length: 34.0
feature_occurency: [50, 50, 50, 50, 50, 50, 50, 50, 50, 50, 50, 50, 50, 50, 50, 50, 50, 50, 50, 50, 50, 50, 50, 50, 50, 50, 50, 50, 50, 50, 50, 50, 50, 50]

Generation 79
Average: 0.8628 Best: 0.9202
Best Individual: 
C0 4|2|5|13|26|32|8|3|15|24|1|19|30|10|31|27|22|11|17|6|29|28|20|9|16|12|25|33|18|23|14|0|7|21|
Overall Best: 0.9202 Generation: 4
length: 34.0
feature_occurency: [50, 50, 50, 50, 50, 50, 50, 50, 50, 50, 50, 50, 50, 50, 50, 50, 50, 50, 50, 50, 50, 50, 50, 50, 50, 50, 50, 50, 50, 50, 50, 50, 50, 50]

Generation 80
Average: 0.8708 Best: 0.9202
Best Individual: 
C0 4|2|5|13|26|32|8|3|15|24|27|19|16|10|31|1|22|11|17|6|29|28|20|9|30|12|25|33|18|23|14|0|7|21|
Overall Best: 0.9202 Generation: 4
length: 34.0
feature_occurency: [50, 50, 50, 50, 50, 50, 50, 50, 50, 50, 50, 50, 50, 50, 50, 50, 50, 50, 50, 50, 50, 50, 50, 50, 50, 50, 50, 50, 50, 50, 50, 50, 50, 50]

Generation 81
Average: 0.8695 Best: 0.9202
Best Individual: 
C0 4|2|5|13|26|32|8|3|15|24|27|19|16|10|31|1|22|11|17|6|29|28|20|9|30|25|12|33|18|23|14|0|7|21|
Overall Best: 0.9202 Generation: 4
length: 34.0
feature_occurency: [50, 50, 50, 50, 50, 50, 50, 50, 50, 50, 50, 50, 50, 50, 50, 50, 50, 50, 50, 50, 50, 50, 50, 50, 50, 50, 50, 50, 50, 50, 50, 50, 50, 50]

Generation 82
Average: 0.8701 Best: 0.9202
Best Individual: 
C0 4|2|5|26|25|8|32|22|27|15|29|6|30|17|18|23|20|13|21|9|1|12|11|31|16|19|14|28|10|7|24|3|33|0|
Overall Best: 0.9202 Generation: 4
length: 34.0
feature_occurency: [50, 50, 50, 50, 50, 50, 50, 50, 50, 50, 50, 50, 50, 50, 50, 50, 50, 50, 50, 50, 50, 50, 50, 50, 50, 50, 50, 50, 50, 50, 50, 50, 50, 50]

Generation 83
Average: 0.8706 Best: 0.9202
Best Individual: 
C0 4|2|5|1|13|19|27|3|17|24|11|15|18|30|0|25|10|26|16|31|20|12|29|9|28|6|8|33|32|23|14|22|7|21|
Overall Best: 0.9202 Generation: 4
length: 34.0
feature_occurency: [50, 50, 50, 50, 50, 50, 50, 50, 50, 50, 50, 50, 50, 50, 50, 50, 50, 50, 50, 50, 50, 50, 50, 50, 50, 50, 50, 50, 50, 50, 50, 50, 50, 50]

Generation 84
Average: 0.8643 Best: 0.9202
Best Individual: 
C0 4|2|5|1|13|19|27|3|17|24|11|28|18|30|0|25|10|26|16|31|20|12|29|9|15|6|8|33|32|23|14|22|7|21|
Overall Best: 0.9202 Generation: 4
length: 34.0
feature_occurency: [50, 50, 50, 50, 50, 50, 50, 50, 50, 50, 50, 50, 50, 50, 50, 50, 50, 50, 50, 50, 50, 50, 50, 50, 50, 50, 50, 50, 50, 50, 50, 50, 50, 50]

Generation 85
Average: 0.8603 Best: 0.9202
Best Individual: 
C0 4|2|5|25|24|8|32|10|27|15|29|12|7|17|18|19|0|13|31|11|1|9|20|33|3|26|6|22|16|23|14|28|30|21|
Overall Best: 0.9202 Generation: 4
length: 34.0
feature_occurency: [50, 50, 50, 50, 50, 50, 50, 50, 50, 50, 50, 50, 50, 50, 50, 50, 50, 50, 50, 50, 50, 50, 50, 50, 50, 50, 50, 50, 50, 50, 50, 50, 50, 50]

Generation 86
Average: 0.8617 Best: 0.9202
Best Individual: 
C0 4|2|5|25|24|8|32|10|27|15|29|12|17|7|18|19|0|13|31|11|23|9|20|33|3|26|6|22|16|1|14|28|30|21|
Overall Best: 0.9202 Generation: 4
length: 34.0
feature_occurency: [50, 50, 50, 50, 50, 50, 50, 50, 50, 50, 50, 50, 50, 50, 50, 50, 50, 50, 50, 50, 50, 50, 50, 50, 50, 50, 50, 50, 50, 50, 50, 50, 50, 50]

Generation 87
Average: 0.8666 Best: 0.9202
Best Individual: 
C0 4|2|5|23|24|8|17|10|27|15|25|12|32|7|18|19|31|13|0|9|29|11|20|33|3|26|28|22|16|1|14|6|30|21|
Overall Best: 0.9202 Generation: 4
length: 34.0
feature_occurency: [50, 50, 50, 50, 50, 50, 50, 50, 50, 50, 50, 50, 50, 50, 50, 50, 50, 50, 50, 50, 50, 50, 50, 50, 50, 50, 50, 50, 50, 50, 50, 50, 50, 50]

Generation 88
Average: 0.8711 Best: 0.9202
Best Individual: 
C0 4|2|5|31|18|29|30|26|21|7|6|20|22|24|14|3|32|8|1|25|17|33|16|0|23|9|28|19|15|11|27|10|12|13|
Overall Best: 0.9202 Generation: 4
length: 34.0
feature_occurency: [50, 50, 50, 50, 50, 50, 50, 50, 50, 50, 50, 50, 50, 50, 50, 50, 50, 50, 50, 50, 50, 50, 50, 50, 50, 50, 50, 50, 50, 50, 50, 50, 50, 50]

Generation 89
Average: 0.8705 Best: 0.9202
Best Individual: 
C0 4|2|5|6|18|17|30|26|21|7|31|20|22|24|14|3|11|8|1|25|29|33|16|0|23|9|28|19|15|32|27|10|12|13|
Overall Best: 0.9202 Generation: 4
length: 34.0
feature_occurency: [50, 50, 50, 50, 50, 50, 50, 50, 50, 50, 50, 50, 50, 50, 50, 50, 50, 50, 50, 50, 50, 50, 50, 50, 50, 50, 50, 50, 50, 50, 50, 50, 50, 50]

Generation 90
Average: 0.8597 Best: 0.9202
Best Individual: 
C0 4|2|5|1|27|9|29|8|15|25|11|24|30|10|23|19|20|13|31|3|14|18|32|21|33|17|12|28|16|26|6|0|7|22|
Overall Best: 0.9202 Generation: 4
length: 34.0
feature_occurency: [50, 50, 50, 50, 50, 50, 50, 50, 50, 50, 50, 50, 50, 50, 50, 50, 50, 50, 50, 50, 50, 50, 50, 50, 50, 50, 50, 50, 50, 50, 50, 50, 50, 50]

Generation 91
Average: 0.8674 Best: 0.9202
Best Individual: 
C0 4|2|5|13|27|14|29|31|9|25|11|24|30|10|23|19|20|1|8|3|15|18|32|21|33|17|12|28|16|26|6|0|7|22|
Overall Best: 0.9202 Generation: 4
length: 34.0
feature_occurency: [50, 50, 50, 50, 50, 50, 50, 50, 50, 50, 50, 50, 50, 50, 50, 50, 50, 50, 50, 50, 50, 50, 50, 50, 50, 50, 50, 50, 50, 50, 50, 50, 50, 50]

Generation 92
Average: 0.8685 Best: 0.9202
Best Individual: 
C0 4|2|5|13|27|23|29|31|9|25|11|24|30|10|14|19|20|1|8|3|15|18|32|21|33|0|12|28|16|26|6|17|7|22|
Overall Best: 0.9202 Generation: 4
length: 34.0
feature_occurency: [50, 50, 50, 50, 50, 50, 50, 50, 50, 50, 50, 50, 50, 50, 50, 50, 50, 50, 50, 50, 50, 50, 50, 50, 50, 50, 50, 50, 50, 50, 50, 50, 50, 50]

Generation 93
Average: 0.8643 Best: 0.9202
Best Individual: 
C0 4|2|5|13|27|23|29|31|9|0|11|1|30|10|14|19|20|24|8|3|15|18|32|21|33|25|12|28|16|26|6|17|7|22|
Overall Best: 0.9202 Generation: 4
length: 34.0
feature_occurency: [50, 50, 50, 50, 50, 50, 50, 50, 50, 50, 50, 50, 50, 50, 50, 50, 50, 50, 50, 50, 50, 50, 50, 50, 50, 50, 50, 50, 50, 50, 50, 50, 50, 50]

Generation 94
Average: 0.8640 Best: 0.9202
Best Individual: 
C0 4|5|2|13|27|23|32|31|9|0|11|25|30|10|12|19|20|24|8|3|15|18|29|21|33|28|26|1|6|22|17|7|14|16|
Overall Best: 0.9202 Generation: 4
length: 34.0
feature_occurency: [50, 50, 50, 50, 50, 50, 50, 50, 50, 50, 50, 50, 50, 50, 50, 50, 50, 50, 50, 50, 50, 50, 50, 50, 50, 50, 50, 50, 50, 50, 50, 50, 50, 50]

Generation 95
Average: 0.8684 Best: 0.9117
Best Individual: 
C0 4|31|28|16|21|3|15|13|30|23|19|1|33|5|25|20|22|12|10|2|14|18|17|7|26|9|29|6|0|32|8|27|11|24|
Overall Best: 0.9202 Generation: 4
length: 34.0
feature_occurency: [50, 50, 50, 50, 50, 50, 50, 50, 50, 50, 50, 50, 50, 50, 50, 50, 50, 50, 50, 50, 50, 50, 50, 50, 50, 50, 50, 50, 50, 50, 50, 50, 50, 50]

Generation 96
Average: 0.8726 Best: 0.9117
Best Individual: 
C0 4|31|28|16|21|3|15|13|30|23|19|1|33|5|25|8|22|12|10|2|14|18|17|7|26|9|29|6|0|32|20|27|11|24|
Overall Best: 0.9202 Generation: 4
length: 34.0
feature_occurency: [50, 50, 50, 50, 50, 50, 50, 50, 50, 50, 50, 50, 50, 50, 50, 50, 50, 50, 50, 50, 50, 50, 50, 50, 50, 50, 50, 50, 50, 50, 50, 50, 50, 50]

Generation 97
Average: 0.8811 Best: 0.9117
Best Individual: 
C0 4|31|28|16|1|3|15|13|30|23|19|21|33|5|25|8|18|12|9|2|14|22|17|7|26|24|29|10|0|32|20|27|11|6|
Overall Best: 0.9202 Generation: 4
length: 34.0
feature_occurency: [50, 50, 50, 50, 50, 50, 50, 50, 50, 50, 50, 50, 50, 50, 50, 50, 50, 50, 50, 50, 50, 50, 50, 50, 50, 50, 50, 50, 50, 50, 50, 50, 50, 50]

Generation 98
Average: 0.8694 Best: 0.9117
Best Individual: 
C0 4|28|31|33|7|2|22|20|12|16|17|3|13|6|23|10|21|8|11|25|27|15|24|19|32|18|26|0|29|9|14|5|1|30|
Overall Best: 0.9202 Generation: 4
length: 34.0
feature_occurency: [50, 50, 50, 50, 50, 50, 50, 50, 50, 50, 50, 50, 50, 50, 50, 50, 50, 50, 50, 50, 50, 50, 50, 50, 50, 50, 50, 50, 50, 50, 50, 50, 50, 50]

Generation 99
Average: 0.8649 Best: 0.9117
Best Individual: 
C0 4|31|28|16|1|3|24|13|30|23|19|21|33|0|25|8|18|20|5|2|14|26|32|7|22|15|29|12|9|27|17|10|11|6|
Overall Best: 0.9202 Generation: 4
==================
    Best individual after 100 generations
    computed in 103.2750 seconds
    323 elements out of 351 correct.
    emerged in generation 4
    with fitness 0.9202
==================

5|4|2|16|1|0|6|14|22|7|25|32|30|27|28|8|9|13|10|17|18|33|20|12|24|26|29|11|23|21|31|3|19|15|
