Starting evolution...
length: 21.9
feature_occurency: [21, 46, 44, 60, 58, 33, 59, 62, 48, 40, 39, 52, 53, 51, 49, 55, 65, 51, 51, 59, 45, 54, 45, 59, 60, 60, 54, 48, 39, 62, 50, 41, 53, 34]

Generation 0
Average: 0.8719 Best: 0.9031
Best Individual: 
C0 30|26|11|7|4|10|12|5|4|24|30|29|30|26|27|24|10|31|1|7|20|33|23|30|29|30|31|31|6|26|24|21|18|13|
Overall Best: 0.9031 Generation: 0
length: 21.34
feature_occurency: [18, 51, 51, 66, 47, 27, 59, 56, 49, 40, 36, 44, 53, 49, 55, 57, 59, 53, 39, 74, 50, 52, 40, 63, 58, 57, 62, 53, 44, 65, 51, 44, 49, 29]

Generation 1
Average: 0.8754 Best: 0.9117
Best Individual: 
C0 1|26|31|15|26|2|26|25|23|27|4|22|18|17|21|14|14|20|2|22|2|17|33|30|11|1|30|11|23|30|15|21|19|23|
Overall Best: 0.9117 Generation: 1
length: 21.4
feature_occurency: [17, 65, 48, 63, 55, 28, 51, 61, 43, 37, 31, 41, 64, 43, 61, 57, 63, 53, 36, 76, 54, 42, 39, 71, 43, 66, 62, 50, 42, 67, 43, 42, 56, 30]

Generation 2
Average: 0.8799 Best: 0.9117
Best Individual: 
C0 23|28|24|27|31|8|27|8|7|19|14|23|3|4|11|3|3|4|20|24|31|18|11|11|12|1|14|3|0|21|15|15|3|19|
Overall Best: 0.9117 Generation: 1
length: 21.64
feature_occurency: [18, 51, 39, 59, 50, 31, 59, 55, 47, 33, 34, 51, 67, 42, 73, 66, 56, 49, 35, 73, 66, 43, 36, 72, 38, 59, 56, 61, 56, 57, 44, 45, 51, 28]

Generation 3
Average: 0.8777 Best: 0.9060
Best Individual: 
C0 12|12|32|5|4|26|6|33|25|7|16|16|20|6|30|14|23|11|5|12|19|25|27|12|1|6|32|10|29|11|12|8|7|6|
Overall Best: 0.9117 Generation: 1
length: 21.1
feature_occurency: [15, 52, 50, 61, 50, 28, 60, 53, 46, 36, 32, 61, 77, 39, 79, 75, 49, 34, 35, 60, 65, 39, 32, 64, 41, 51, 71, 55, 57, 50, 43, 58, 45, 37]

Generation 4
Average: 0.8822 Best: 0.9117
Best Individual: 
C0 23|9|19|20|12|28|33|6|14|17|30|31|20|6|10|26|23|4|17|12|16|4|33|20|9|25|31|29|12|25|23|33|27|27|
Overall Best: 0.9117 Generation: 1
length: 21.1
feature_occurency: [9, 50, 47, 62, 64, 37, 74, 59, 41, 34, 37, 56, 85, 19, 82, 65, 52, 46, 34, 74, 61, 40, 26, 69, 35, 51, 49, 55, 50, 49, 51, 53, 47, 37]

Generation 5
Average: 0.8840 Best: 0.9117
Best Individual: 
C0 18|4|4|3|17|6|27|2|6|19|4|12|16|27|27|32|1|21|7|1|26|1|12|32|16|26|2|4|32|7|7|27|4|15|
Overall Best: 0.9117 Generation: 1
length: 21.38
feature_occurency: [5, 48, 54, 49, 81, 36, 80, 66, 40, 34, 30, 51, 80, 24, 90, 63, 56, 44, 36, 63, 61, 43, 31, 63, 35, 52, 56, 54, 58, 47, 39, 43, 46, 42]

Generation 6
Average: 0.8832 Best: 0.9003
Best Individual: 
C0 27|23|11|14|12|28|33|6|14|14|7|16|20|9|14|14|23|28|17|6|26|16|11|23|23|14|15|29|30|14|6|14|28|14|
Overall Best: 0.9117 Generation: 1
length: 21.0
feature_occurency: [6, 44, 56, 46, 77, 38, 79, 60, 42, 33, 21, 58, 64, 30, 100, 67, 68, 37, 45, 57, 55, 44, 33, 80, 28, 56, 54, 55, 71, 47, 33, 33, 38, 45]

Generation 7
Average: 0.8860 Best: 0.9031
Best Individual: 
C0 12|12|10|5|4|26|6|1|27|7|16|16|20|6|30|14|23|11|5|19|19|25|32|18|11|1|8|29|8|11|21|8|16|6|
Overall Best: 0.9117 Generation: 1
length: 21.1
feature_occurency: [10, 51, 49, 48, 77, 41, 82, 49, 47, 35, 27, 63, 60, 24, 100, 75, 56, 38, 47, 65, 54, 32, 31, 82, 25, 64, 47, 49, 77, 50, 37, 31, 39, 38]

Generation 8
Average: 0.8848 Best: 0.9117
Best Individual: 
C0 5|23|11|14|12|28|6|16|14|3|30|7|2|14|19|15|4|4|17|12|16|7|23|27|3|2|20|29|26|14|8|15|28|14|
Overall Best: 0.9117 Generation: 1
length: 21.04
feature_occurency: [9, 46, 46, 47, 82, 44, 78, 45, 47, 38, 20, 71, 71, 25, 102, 71, 54, 41, 44, 69, 48, 31, 28, 90, 28, 59, 47, 56, 78, 44, 42, 29, 39, 31]

Generation 9
Average: 0.8833 Best: 0.9117
Best Individual: 
C0 12|12|32|26|4|26|6|33|25|25|16|16|20|6|30|14|23|11|2|5|19|25|20|24|1|6|32|11|4|8|14|8|24|6|
Overall Best: 0.9117 Generation: 1
length: 21.32
feature_occurency: [9, 43, 52, 52, 91, 47, 84, 36, 44, 30, 19, 74, 85, 33, 91, 65, 47, 42, 35, 68, 60, 30, 33, 86, 32, 54, 51, 49, 66, 31, 51, 29, 46, 35]

Generation 10
Average: 0.8835 Best: 0.9060
Best Individual: 
C0 0|5|19|30|12|28|33|1|14|3|30|7|2|14|30|15|4|4|17|12|26|16|14|1|3|11|20|29|28|7|7|27|4|19|
Overall Best: 0.9117 Generation: 1
length: 21.0
feature_occurency: [9, 56, 56, 47, 99, 48, 91, 41, 46, 35, 23, 76, 90, 24, 93, 58, 39, 49, 35, 60, 54, 27, 28, 87, 28, 53, 52, 52, 62, 31, 55, 31, 29, 36]

Generation 11
Average: 0.8871 Best: 0.9117
Best Individual: 
C0 7|14|30|27|20|28|32|3|6|19|4|12|2|6|3|31|23|11|26|12|18|18|5|25|28|1|6|28|6|23|15|15|30|3|
Overall Best: 0.9117 Generation: 1
length: 21.2
feature_occurency: [10, 63, 47, 47, 98, 49, 90, 49, 46, 29, 26, 75, 94, 25, 86, 65, 37, 52, 34, 58, 53, 29, 31, 89, 32, 43, 47, 51, 54, 36, 53, 31, 35, 36]

Generation 12
Average: 0.8856 Best: 0.9060
Best Individual: 
C0 12|23|19|30|12|28|33|1|28|19|29|31|20|6|10|26|23|5|25|19|5|27|17|1|11|5|3|29|11|5|7|11|12|28|
Overall Best: 0.9117 Generation: 1
length: 21.3
feature_occurency: [13, 66, 43, 39, 94, 52, 91, 47, 48, 25, 31, 72, 98, 21, 93, 62, 43, 48, 35, 55, 48, 38, 23, 77, 33, 40, 57, 49, 61, 48, 48, 29, 32, 41]

Generation 13
Average: 0.8850 Best: 0.9174
Best Individual: 
C0 0|5|19|30|14|28|33|1|14|3|6|12|2|6|19|17|23|2|12|12|4|1|12|5|23|10|20|10|28|7|7|7|4|19|
Overall Best: 0.9174 Generation: 13
length: 21.0
feature_occurency: [17, 61, 47, 33, 91, 44, 97, 47, 40, 29, 27, 81, 100, 26, 99, 54, 39, 44, 32, 55, 50, 28, 22, 82, 29, 35, 48, 58, 71, 58, 51, 34, 33, 38]

Generation 14
Average: 0.8869 Best: 0.9259
Best Individual: 
C0 0|5|19|30|11|28|33|1|14|3|12|3|2|6|19|17|23|2|12|12|4|1|12|5|23|10|20|10|28|7|7|7|4|19|
Overall Best: 0.9259 Generation: 14
length: 20.84
feature_occurency: [14, 55, 54, 31, 106, 40, 92, 44, 30, 30, 34, 73, 101, 30, 104, 48, 37, 45, 30, 53, 52, 27, 20, 86, 29, 29, 45, 58, 78, 71, 39, 40, 31, 44]

Generation 15
Average: 0.8906 Best: 0.9288
Best Individual: 
C0 0|5|23|14|11|28|33|1|14|3|12|3|2|6|19|17|23|2|12|12|4|1|12|5|23|10|20|10|28|7|7|7|4|19|
Overall Best: 0.9288 Generation: 15
length: 21.44
feature_occurency: [16, 64, 56, 30, 108, 40, 96, 44, 27, 22, 43, 69, 94, 28, 104, 53, 29, 40, 28, 51, 53, 35, 26, 80, 32, 27, 49, 51, 88, 64, 36, 38, 37, 42]

Generation 16
Average: 0.8883 Best: 0.9145
Best Individual: 
C0 32|12|32|11|4|26|1|33|14|1|21|18|19|6|15|23|23|23|17|12|29|23|29|24|29|13|20|11|4|23|14|29|33|27|
Overall Best: 0.9288 Generation: 15
length: 21.58
feature_occurency: [21, 62, 54, 32, 105, 48, 97, 43, 23, 24, 39, 72, 84, 31, 90, 56, 22, 43, 28, 50, 54, 34, 25, 83, 38, 31, 55, 51, 77, 68, 38, 33, 39, 50]

Generation 17
Average: 0.8871 Best: 0.9174
Best Individual: 
C0 27|12|20|0|17|12|15|6|23|15|4|21|2|26|28|28|23|32|26|26|26|16|17|5|5|6|20|11|4|33|14|6|33|27|
Overall Best: 0.9288 Generation: 15
length: 21.4
feature_occurency: [23, 60, 55, 36, 86, 56, 98, 47, 22, 25, 35, 76, 81, 30, 75, 55, 27, 47, 28, 52, 65, 34, 27, 86, 33, 32, 53, 54, 78, 68, 28, 35, 37, 56]

Generation 18
Average: 0.8888 Best: 0.9088
Best Individual: 
C0 23|26|22|10|1|28|1|11|14|28|6|2|28|14|17|18|19|2|18|12|4|1|12|5|23|14|23|10|10|7|33|11|20|28|
Overall Best: 0.9288 Generation: 15
length: 20.8
feature_occurency: [25, 61, 59, 37, 74, 65, 99, 52, 22, 28, 43, 75, 76, 33, 65, 52, 32, 43, 24, 52, 62, 26, 32, 91, 36, 39, 52, 61, 80, 62, 22, 29, 38, 53]

Generation 19
Average: 0.8883 Best: 0.9088
Best Individual: 
C0 2|12|10|11|21|26|1|6|23|15|26|21|2|26|28|28|23|23|17|12|17|23|15|24|29|0|20|11|4|12|6|6|15|3|
Overall Best: 0.9288 Generation: 15
length: 20.86
feature_occurency: [39, 60, 69, 33, 69, 60, 105, 47, 24, 27, 41, 77, 69, 40, 63, 55, 22, 48, 26, 55, 54, 27, 27, 89, 30, 32, 49, 52, 77, 75, 31, 36, 41, 51]

Generation 20
Average: 0.8854 Best: 0.9031
Best Individual: 
C0 2|26|26|28|4|26|32|32|14|5|12|3|2|6|18|11|23|23|17|22|17|23|4|24|29|0|20|29|9|1|32|29|33|27|
Overall Best: 0.9288 Generation: 15
length: 21.14
feature_occurency: [35, 61, 69, 33, 64, 55, 99, 31, 36, 25, 38, 65, 62, 37, 73, 53, 35, 56, 25, 57, 54, 24, 22, 108, 38, 23, 49, 53, 71, 86, 36, 27, 48, 52]

Generation 21
Average: 0.8867 Best: 0.9031
Best Individual: 
C0 30|5|19|20|12|28|6|33|9|3|17|2|11|6|13|28|23|28|12|13|4|20|23|31|23|10|1|3|28|13|7|14|23|19|
Overall Best: 0.9288 Generation: 15
length: 21.04
feature_occurency: [31, 68, 69, 37, 74, 57, 98, 37, 37, 22, 35, 64, 52, 35, 79, 45, 25, 59, 37, 56, 57, 28, 24, 108, 48, 19, 45, 57, 69, 78, 34, 26, 39, 51]

Generation 22
Average: 0.8890 Best: 0.9088
Best Individual: 
C0 30|12|10|31|17|19|15|6|23|30|4|29|26|20|24|26|23|15|14|27|4|28|33|23|29|7|24|29|4|15|14|6|7|0|
Overall Best: 0.9288 Generation: 15
length: 21.04
feature_occurency: [32, 59, 70, 41, 79, 52, 96, 37, 43, 28, 35, 58, 61, 26, 82, 44, 28, 56, 27, 49, 60, 37, 28, 107, 49, 20, 50, 59, 54, 83, 31, 20, 41, 58]

Generation 23
Average: 0.8896 Best: 0.9088
Best Individual: 
C0 14|4|14|8|12|17|6|33|9|15|12|6|26|10|15|16|23|3|13|10|19|8|26|3|31|8|6|16|20|14|23|27|27|8|
Overall Best: 0.9288 Generation: 15
length: 20.9
feature_occurency: [30, 59, 57, 53, 81, 32, 86, 45, 54, 30, 34, 54, 58, 26, 76, 50, 30, 44, 24, 63, 59, 34, 24, 107, 53, 27, 63, 57, 54, 73, 45, 33, 38, 47]

Generation 24
Average: 0.8908 Best: 0.9145
Best Individual: 
C0 2|26|26|28|6|26|32|11|14|24|6|2|28|14|27|32|29|12|29|24|23|2|2|17|16|0|20|29|9|1|32|29|4|27|
Overall Best: 0.9288 Generation: 15
length: 21.24
feature_occurency: [36, 43, 43, 56, 93, 30, 81, 36, 49, 26, 34, 56, 51, 30, 77, 60, 36, 50, 19, 62, 56, 30, 27, 107, 62, 27, 79, 63, 48, 69, 49, 37, 42, 36]

Generation 25
Average: 0.8881 Best: 0.9145
Best Individual: 
C0 2|26|26|28|12|26|32|11|14|24|6|2|28|14|27|4|29|12|29|24|23|2|2|17|16|0|20|29|9|1|24|29|4|27|
Overall Best: 0.9288 Generation: 15
length: 21.02
feature_occurency: [35, 44, 44, 61, 90, 35, 79, 34, 46, 25, 32, 59, 54, 30, 86, 54, 36, 41, 16, 58, 52, 30, 22, 109, 69, 27, 77, 72, 42, 75, 44, 38, 43, 41]

Generation 26
Average: 0.8899 Best: 0.9145
Best Individual: 
C0 23|26|26|28|12|26|32|11|14|24|6|2|28|14|27|4|29|12|29|24|23|2|2|17|16|0|20|29|9|1|2|29|4|27|
Overall Best: 0.9288 Generation: 15
length: 20.92
feature_occurency: [32, 49, 50, 48, 83, 28, 77, 32, 48, 25, 30, 45, 63, 28, 77, 55, 37, 42, 27, 51, 61, 26, 23, 110, 60, 28, 83, 83, 42, 81, 47, 38, 44, 47]

Generation 27
Average: 0.8897 Best: 0.9145
Best Individual: 
C0 23|26|26|28|12|26|32|11|14|24|6|2|28|14|27|4|29|12|29|24|23|2|2|17|16|0|20|29|9|1|2|29|4|27|
Overall Best: 0.9288 Generation: 15
length: 21.04
feature_occurency: [27, 52, 52, 52, 72, 30, 69, 32, 62, 17, 26, 44, 59, 29, 87, 49, 43, 54, 35, 49, 64, 27, 20, 110, 54, 26, 85, 84, 38, 78, 43, 36, 46, 49]

Generation 28
Average: 0.8903 Best: 0.9117
Best Individual: 
C0 30|26|28|6|17|31|8|6|12|30|15|17|26|27|28|18|2|2|4|18|23|1|26|23|4|8|6|16|20|14|6|6|8|15|
Overall Best: 0.9288 Generation: 15
length: 20.94
feature_occurency: [21, 54, 49, 49, 80, 29, 77, 28, 72, 22, 26, 40, 57, 31, 80, 54, 43, 51, 39, 40, 75, 29, 16, 105, 56, 30, 81, 89, 38, 62, 47, 32, 46, 52]

Generation 29
Average: 0.8897 Best: 0.9174
Best Individual: 
C0 30|26|28|6|17|31|8|6|12|30|15|17|26|27|28|18|12|2|4|18|23|1|26|23|4|8|6|8|20|14|6|6|8|15|
Overall Best: 0.9288 Generation: 15
length: 20.96
feature_occurency: [20, 50, 38, 46, 90, 34, 71, 24, 80, 27, 27, 37, 53, 30, 75, 49, 48, 54, 40, 50, 70, 26, 17, 102, 59, 34, 82, 83, 43, 54, 51, 36, 47, 53]

Generation 30
Average: 0.8887 Best: 0.9174
Best Individual: 
C0 30|26|28|6|17|31|8|6|12|30|15|17|26|27|28|18|12|2|4|18|23|1|15|23|4|8|6|8|20|14|6|6|8|15|
Overall Best: 0.9288 Generation: 15
length: 21.08
feature_occurency: [20, 48, 41, 50, 82, 35, 77, 27, 82, 27, 40, 36, 56, 29, 79, 51, 41, 51, 39, 49, 78, 25, 18, 99, 58, 30, 75, 73, 28, 48, 53, 52, 54, 49]

Generation 31
Average: 0.8871 Best: 0.9117
Best Individual: 
C0 33|4|14|8|3|29|27|33|14|8|32|33|18|29|25|26|23|20|13|27|4|19|11|21|29|32|19|3|19|8|32|15|27|8|
Overall Best: 0.9288 Generation: 15
length: 21.04
feature_occurency: [28, 44, 34, 55, 86, 32, 81, 31, 81, 23, 33, 30, 47, 28, 70, 58, 47, 39, 49, 56, 86, 37, 19, 87, 45, 26, 88, 74, 23, 57, 53, 47, 50, 56]

Generation 32
Average: 0.8889 Best: 0.9117
Best Individual: 
C0 32|30|14|31|16|30|6|33|10|15|18|3|26|18|4|31|2|32|4|14|23|6|26|30|18|30|1|3|4|33|26|15|17|8|
Overall Best: 0.9288 Generation: 15
length: 21.0
feature_occurency: [34, 41, 38, 66, 87, 35, 76, 30, 74, 18, 20, 35, 48, 27, 63, 59, 47, 38, 62, 55, 83, 39, 16, 94, 49, 24, 88, 77, 23, 52, 43, 43, 56, 60]

Generation 33
Average: 0.8895 Best: 0.9088
Best Individual: 
C0 14|4|19|13|33|0|27|21|5|27|12|26|30|8|28|18|23|3|19|16|19|33|27|23|27|6|26|16|31|14|12|15|8|8|
Overall Best: 0.9288 Generation: 15
length: 21.34
feature_occurency: [40, 39, 41, 81, 82, 28, 66, 23, 75, 15, 22, 38, 51, 33, 71, 57, 56, 34, 72, 57, 72, 34, 20, 81, 42, 35, 94, 60, 26, 46, 48, 44, 57, 60]

Generation 34
Average: 0.8884 Best: 0.9117
Best Individual: 
C0 33|4|14|33|1|25|27|33|14|8|32|18|18|21|25|26|23|20|18|27|21|19|11|21|22|32|1|3|4|0|26|15|26|8|
Overall Best: 0.9288 Generation: 15
length: 21.1
feature_occurency: [40, 49, 41, 75, 87, 27, 64, 22, 74, 13, 23, 46, 61, 28, 64, 55, 52, 35, 67, 44, 76, 35, 17, 80, 18, 41, 100, 66, 32, 46, 50, 48, 60, 64]

Generation 35
Average: 0.8895 Best: 0.9031
Best Individual: 
C0 14|4|19|13|33|0|27|21|5|27|26|26|23|8|28|18|23|3|19|16|19|33|27|23|27|5|26|16|31|14|12|15|8|8|
Overall Best: 0.9288 Generation: 15
length: 21.28
feature_occurency: [36, 46, 42, 69, 81, 31, 72, 20, 77, 20, 24, 42, 61, 24, 73, 52, 39, 33, 64, 52, 79, 35, 21, 87, 22, 35, 99, 64, 34, 42, 52, 51, 63, 58]

Generation 36
Average: 0.8864 Best: 0.9088
Best Individual: 
C0 33|4|12|6|12|0|13|6|12|30|15|17|20|31|28|9|12|23|32|10|1|18|14|8|5|8|26|18|31|8|32|15|5|8|
Overall Best: 0.9288 Generation: 15
length: 21.56
feature_occurency: [34, 43, 38, 65, 91, 33, 72, 24, 70, 26, 29, 42, 62, 30, 72, 50, 33, 34, 57, 56, 80, 29, 21, 89, 25, 42, 95, 71, 39, 40, 43, 49, 61, 55]

Generation 37
Average: 0.8853 Best: 0.9145
Best Individual: 
C0 33|28|28|15|18|30|8|21|3|24|1|6|30|26|5|16|3|3|16|30|19|18|14|8|5|32|4|12|11|20|23|15|33|0|
Overall Best: 0.9288 Generation: 15
length: 21.1
feature_occurency: [36, 51, 35, 56, 82, 46, 72, 30, 72, 24, 28, 43, 73, 31, 80, 56, 32, 31, 62, 50, 74, 25, 24, 84, 21, 38, 96, 67, 41, 40, 51, 39, 53, 57]

Generation 38
Average: 0.8872 Best: 0.9088
Best Individual: 
C0 10|27|6|15|4|0|21|13|19|20|31|6|8|20|0|26|23|2|19|27|4|17|23|23|32|23|6|11|26|23|6|23|33|0|
Overall Best: 0.9288 Generation: 15
length: 21.38
feature_occurency: [34, 53, 41, 54, 72, 34, 67, 38, 66, 20, 23, 47, 65, 42, 89, 54, 41, 33, 59, 51, 65, 25, 30, 76, 27, 36, 96, 68, 38, 49, 59, 38, 59, 51]

Generation 39
Average: 0.8871 Best: 0.9145
Best Individual: 
C0 10|27|12|15|25|0|23|13|19|20|31|6|8|8|0|26|23|2|19|27|4|17|23|23|32|23|6|29|26|23|6|23|33|0|
Overall Best: 0.9288 Generation: 15
length: 21.4
feature_occurency: [42, 54, 41, 53, 72, 36, 63, 40, 71, 22, 22, 47, 59, 46, 83, 53, 41, 32, 47, 56, 65, 25, 28, 79, 30, 46, 91, 63, 42, 46, 52, 36, 60, 57]

Generation 40
Average: 0.8876 Best: 0.9145
Best Individual: 
C0 33|11|10|6|18|0|13|27|9|30|15|27|20|31|28|16|12|23|32|10|1|18|14|12|27|8|26|10|26|8|6|26|33|8|
Overall Best: 0.9288 Generation: 15
length: 21.4
feature_occurency: [41, 50, 49, 53, 65, 36, 74, 31, 69, 27, 29, 51, 58, 41, 79, 50, 36, 35, 47, 60, 60, 23, 24, 86, 38, 40, 99, 68, 34, 45, 43, 40, 63, 56]

Generation 41
Average: 0.8892 Best: 0.9117
Best Individual: 
C0 33|11|10|6|18|0|13|27|9|30|32|27|20|31|28|16|12|23|32|10|10|18|14|12|27|8|26|10|26|8|6|26|33|8|
Overall Best: 0.9288 Generation: 15
length: 21.2
feature_occurency: [46, 36, 43, 47, 65, 45, 59, 32, 58, 32, 33, 59, 61, 42, 87, 60, 27, 32, 42, 71, 58, 30, 26, 90, 44, 36, 99, 69, 33, 34, 41, 34, 68, 61]

Generation 42
Average: 0.8882 Best: 0.9117
Best Individual: 
C0 23|24|14|6|23|32|8|27|9|30|15|27|20|32|4|16|12|23|32|10|1|10|1|16|12|10|27|13|9|14|6|8|33|10|
Overall Best: 0.9288 Generation: 15
length: 21.08
feature_occurency: [50, 32, 39, 39, 64, 44, 62, 33, 59, 34, 47, 54, 66, 34, 78, 50, 29, 28, 48, 76, 62, 26, 26, 97, 60, 31, 88, 65, 29, 36, 46, 38, 78, 52]

Generation 43
Average: 0.8862 Best: 0.9145
Best Individual: 
C0 1|24|14|33|11|23|31|5|3|14|12|6|8|19|0|19|23|2|19|27|4|26|14|23|26|3|32|20|26|24|14|12|26|2|
Overall Best: 0.9288 Generation: 15
length: 20.82
feature_occurency: [49, 40, 43, 34, 57, 39, 62, 32, 56, 35, 43, 43, 69, 40, 75, 48, 38, 32, 43, 81, 66, 17, 25, 103, 63, 28, 88, 61, 25, 38, 51, 38, 88, 50]

Generation 44
Average: 0.8876 Best: 0.9088
Best Individual: 
C0 6|30|11|26|33|0|20|13|19|20|31|6|23|31|0|17|23|23|14|15|4|26|33|23|19|30|25|14|4|14|12|15|32|2|
Overall Best: 0.9288 Generation: 15
length: 21.38
feature_occurency: [42, 45, 31, 38, 65, 49, 61, 31, 58, 30, 42, 37, 63, 38, 78, 58, 33, 35, 50, 78, 84, 20, 20, 94, 45, 31, 88, 54, 29, 46, 56, 37, 90, 44]

Generation 45
Average: 0.8882 Best: 0.9088
Best Individual: 
C0 6|30|11|26|33|0|20|5|12|18|4|1|1|16|19|7|15|2|26|28|4|26|33|23|19|30|25|14|4|14|12|15|32|2|
Overall Best: 0.9288 Generation: 15
length: 21.32
feature_occurency: [42, 52, 34, 32, 70, 48, 60, 30, 53, 33, 30, 37, 69, 41, 82, 74, 35, 32, 51, 75, 88, 17, 19, 93, 39, 35, 91, 54, 35, 46, 60, 24, 84, 35]

Generation 46
Average: 0.8876 Best: 0.9088
Best Individual: 
C0 33|32|14|6|9|18|29|20|27|20|29|24|30|26|5|26|0|17|22|19|11|1|18|14|28|30|19|11|4|23|22|23|26|17|
Overall Best: 0.9288 Generation: 15
length: 21.54
feature_occurency: [47, 43, 28, 28, 69, 44, 55, 33, 43, 35, 22, 45, 72, 38, 72, 68, 43, 35, 52, 77, 88, 25, 23, 97, 48, 38, 80, 61, 32, 44, 65, 30, 81, 39]

Generation 47
Average: 0.8873 Best: 0.9174
Best Individual: 
C0 1|24|12|33|10|3|23|16|14|6|20|26|12|27|25|19|23|2|6|3|4|29|23|23|26|3|32|20|12|24|14|18|26|2|
Overall Best: 0.9288 Generation: 15
length: 21.54
feature_occurency: [44, 47, 34, 31, 71, 48, 69, 29, 34, 33, 26, 41, 69, 36, 69, 66, 48, 40, 50, 69, 76, 22, 26, 91, 53, 45, 100, 59, 27, 37, 60, 36, 75, 39]

Generation 48
Average: 0.8863 Best: 0.9117
Best Individual: 
C0 1|24|5|33|32|3|23|16|14|6|20|26|12|27|25|19|23|2|6|3|4|29|10|13|26|3|32|20|12|24|14|18|26|2|
Overall Best: 0.9288 Generation: 15
length: 21.4
feature_occurency: [35, 47, 40, 45, 77, 44, 69, 33, 35, 29, 24, 35, 65, 46, 74, 52, 48, 39, 42, 82, 59, 19, 28, 94, 59, 46, 94, 54, 27, 47, 66, 35, 68, 43]

Generation 49
Average: 0.8880 Best: 0.9088
Best Individual: 
C0 6|15|11|26|33|0|9|13|19|26|27|20|6|3|4|3|17|5|24|33|4|27|23|26|27|23|10|13|9|24|15|24|32|2|
Overall Best: 0.9288 Generation: 15
length: 21.22
feature_occurency: [51, 46, 39, 37, 74, 40, 61, 33, 44, 32, 22, 42, 63, 38, 76, 48, 38, 40, 30, 73, 64, 24, 24, 100, 60, 35, 101, 59, 21, 56, 75, 33, 68, 53]

Generation 50
Average: 0.8910 Best: 0.9145
Best Individual: 
C0 6|15|11|26|33|0|9|13|2|26|27|20|6|0|4|3|17|5|24|33|4|27|23|26|27|4|10|24|9|24|15|24|32|2|
Overall Best: 0.9288 Generation: 15
length: 21.18
feature_occurency: [52, 45, 39, 45, 77, 36, 59, 30, 32, 31, 19, 43, 66, 44, 68, 46, 32, 39, 31, 72, 77, 21, 25, 97, 72, 38, 105, 59, 20, 56, 58, 34, 71, 61]

Generation 51
Average: 0.8875 Best: 0.9202
Best Individual: 
C0 2|4|4|10|33|3|23|4|14|12|32|26|12|27|25|19|18|2|6|19|19|29|10|3|26|3|32|20|12|24|14|32|26|2|
Overall Best: 0.9288 Generation: 15
length: 20.48
feature_occurency: [41, 43, 39, 50, 83, 39, 54, 27, 39, 32, 25, 46, 63, 42, 53, 60, 32, 26, 31, 81, 82, 18, 16, 93, 66, 35, 120, 61, 16, 62, 65, 37, 60, 63]

Generation 52
Average: 0.8891 Best: 0.9145
Best Individual: 
C0 2|4|4|8|33|3|23|4|14|12|32|26|12|27|25|0|18|2|6|19|19|29|10|26|26|14|32|20|12|24|14|32|26|2|
Overall Best: 0.9288 Generation: 15
length: 20.74
feature_occurency: [35, 44, 42, 49, 81, 30, 66, 25, 41, 25, 23, 44, 67, 33, 60, 53, 31, 16, 38, 86, 88, 17, 20, 107, 69, 33, 122, 65, 18, 52, 66, 39, 56, 59]

Generation 53
Average: 0.8931 Best: 0.9288
Best Individual: 
C0 2|4|4|2|23|8|23|4|14|12|32|26|12|27|25|0|18|2|6|19|19|29|23|26|26|14|32|20|12|24|14|32|26|2|
Overall Best: 0.9288 Generation: 15
length: 20.5
feature_occurency: [27, 52, 44, 50, 68, 33, 61, 19, 35, 24, 25, 41, 72, 39, 60, 59, 28, 11, 39, 90, 102, 20, 13, 118, 68, 30, 116, 65, 14, 52, 74, 40, 53, 58]

Generation 54
Average: 0.8943 Best: 0.9288
Best Individual: 
C0 2|4|4|2|23|8|23|4|14|12|32|26|19|27|25|0|18|2|6|19|19|29|23|26|26|14|32|20|12|24|14|32|26|2|
Overall Best: 0.9288 Generation: 15
length: 20.48
feature_occurency: [31, 52, 43, 53, 64, 34, 66, 18, 34, 26, 22, 41, 75, 42, 65, 57, 28, 12, 50, 67, 76, 19, 16, 131, 68, 28, 115, 73, 17, 49, 72, 38, 53, 65]

Generation 55
Average: 0.8917 Best: 0.9117
Best Individual: 
C0 2|4|20|12|26|30|11|2|23|20|20|13|20|20|0|25|24|30|8|26|5|8|24|12|26|33|32|10|20|1|23|6|5|6|
Overall Best: 0.9288 Generation: 15
length: 20.9
feature_occurency: [35, 54, 54, 61, 76, 36, 64, 15, 39, 25, 21, 40, 72, 43, 69, 48, 30, 20, 49, 58, 82, 18, 15, 128, 64, 27, 121, 59, 19, 49, 67, 30, 55, 57]

Generation 56
Average: 0.8891 Best: 0.9117
Best Individual: 
C0 18|24|20|13|23|12|23|4|14|30|32|26|20|7|0|25|1|26|19|4|4|0|24|23|20|20|32|20|12|21|14|15|1|6|
Overall Best: 0.9288 Generation: 15
length: 20.94
feature_occurency: [39, 45, 58, 52, 67, 35, 65, 24, 30, 26, 22, 37, 81, 47, 73, 44, 34, 16, 44, 55, 74, 20, 16, 122, 71, 32, 120, 57, 13, 56, 71, 36, 61, 57]

Generation 57
Average: 0.8920 Best: 0.9088
Best Individual: 
C0 1|24|27|26|23|18|23|14|14|30|32|26|20|26|15|19|23|14|23|3|23|13|29|23|31|23|4|13|23|24|14|6|30|16|
Overall Best: 0.9288 Generation: 15
length: 21.02
feature_occurency: [39, 45, 52, 52, 74, 19, 64, 28, 38, 27, 24, 38, 87, 44, 79, 44, 27, 31, 39, 57, 78, 18, 11, 107, 84, 39, 126, 47, 21, 56, 69, 30, 50, 56]

Generation 58
Average: 0.8895 Best: 0.9060
Best Individual: 
C0 12|27|29|1|31|12|11|14|14|30|32|26|20|26|15|19|23|14|23|3|23|17|29|23|31|23|4|30|11|18|12|8|29|8|
Overall Best: 0.9288 Generation: 15
length: 20.94
feature_occurency: [31, 47, 48, 52, 71, 25, 68, 33, 38, 24, 23, 35, 81, 46, 78, 35, 35, 38, 35, 52, 79, 11, 17, 114, 75, 36, 117, 64, 15, 67, 72, 41, 45, 52]

Generation 59
Average: 0.8900 Best: 0.9145
Best Individual: 
C0 1|12|16|31|26|33|14|4|14|30|32|26|20|7|0|23|1|26|19|4|4|7|24|22|20|20|32|20|25|21|6|15|1|6|
Overall Best: 0.9288 Generation: 15
length: 20.92
feature_occurency: [33, 54, 35, 51, 71, 21, 65, 33, 44, 18, 32, 33, 73, 38, 85, 34, 28, 39, 40, 59, 65, 12, 27, 135, 71, 33, 117, 69, 15, 70, 62, 39, 47, 52]

Generation 60
Average: 0.8901 Best: 0.9117
Best Individual: 
C0 6|14|11|19|32|20|23|11|22|6|29|3|8|27|8|25|24|0|14|33|2|25|24|26|12|32|4|1|23|1|14|2|23|8|
Overall Best: 0.9288 Generation: 15
length: 21.14
feature_occurency: [35, 61, 43, 51, 79, 23, 74, 35, 39, 17, 30, 43, 74, 35, 80, 38, 36, 45, 37, 56, 60, 17, 26, 122, 72, 36, 102, 57, 14, 61, 55, 34, 54, 59]

Generation 61
Average: 0.8911 Best: 0.9202
Best Individual: 
C0 19|30|1|11|26|33|4|16|14|6|10|6|4|19|5|3|7|28|7|10|30|33|3|23|24|14|3|17|6|17|20|7|11|12|
Overall Best: 0.9288 Generation: 15
length: 20.98
feature_occurency: [40, 53, 42, 54, 91, 22, 79, 40, 37, 12, 31, 44, 66, 29, 82, 40, 43, 53, 33, 59, 49, 16, 25, 133, 64, 41, 107, 60, 17, 57, 49, 27, 53, 52]

Generation 62
Average: 0.8913 Best: 0.9088
Best Individual: 
C0 23|12|16|20|19|27|26|4|2|6|29|26|20|7|25|23|1|26|19|4|18|27|24|22|20|23|32|23|25|27|6|15|1|6|
Overall Best: 0.9288 Generation: 15
length: 20.84
feature_occurency: [41, 48, 51, 49, 88, 16, 83, 43, 37, 9, 33, 36, 66, 30, 85, 42, 47, 50, 35, 62, 50, 15, 27, 136, 59, 51, 96, 61, 22, 57, 46, 25, 58, 46]

Generation 63
Average: 0.8896 Best: 0.9117
Best Individual: 
C0 16|16|12|2|6|32|14|4|14|25|23|18|28|26|15|25|7|2|19|28|16|26|23|23|26|14|32|6|30|6|14|23|26|27|
Overall Best: 0.9288 Generation: 15
length: 20.6
feature_occurency: [38, 45, 49, 46, 92, 26, 80, 38, 43, 14, 27, 32, 53, 28, 84, 36, 38, 49, 46, 66, 40, 19, 32, 133, 48, 53, 101, 62, 28, 68, 43, 30, 68, 45]

Generation 64
Average: 0.8898 Best: 0.9145
Best Individual: 
C0 0|33|25|26|7|18|23|18|26|30|19|26|20|26|15|12|0|30|29|17|19|29|23|23|3|14|32|6|30|21|19|6|30|19|
Overall Best: 0.9288 Generation: 15
length: 20.16
feature_occurency: [42, 41, 42, 46, 90, 34, 93, 41, 36, 9, 33, 30, 53, 24, 90, 32, 34, 45, 42, 69, 43, 18, 34, 130, 52, 49, 111, 56, 29, 68, 43, 27, 73, 41]

Generation 65
Average: 0.8907 Best: 0.9145
Best Individual: 
C0 0|33|25|26|7|18|23|18|26|30|19|26|20|26|15|12|0|30|29|17|19|29|23|23|3|14|32|6|30|21|19|14|30|19|
Overall Best: 0.9288 Generation: 15
length: 20.08
feature_occurency: [37, 38, 38, 42, 84, 39, 86, 34, 38, 14, 27, 34, 42, 29, 86, 31, 27, 50, 44, 85, 41, 20, 35, 129, 61, 50, 110, 58, 32, 75, 49, 22, 72, 41]

Generation 66
Average: 0.8898 Best: 0.9145
Best Individual: 
C0 0|33|25|26|7|18|23|18|26|30|19|21|20|26|15|12|0|30|29|17|19|29|23|29|3|14|32|6|30|21|19|14|30|19|
Overall Best: 0.9288 Generation: 15
length: 20.32
feature_occurency: [37, 47, 36, 41, 92, 43, 81, 36, 24, 20, 28, 31, 42, 30, 90, 35, 21, 38, 54, 90, 39, 21, 43, 114, 66, 56, 94, 58, 35, 61, 59, 24, 66, 48]

Generation 67
Average: 0.8905 Best: 0.9117
Best Individual: 
C0 1|26|27|32|3|4|5|18|28|25|32|19|14|7|1|18|7|28|23|11|23|4|29|20|19|15|4|27|28|29|14|30|30|32|
Overall Best: 0.9288 Generation: 15
length: 20.84
feature_occurency: [36, 49, 45, 41, 88, 43, 75, 33, 34, 18, 33, 31, 51, 31, 82, 36, 19, 37, 59, 79, 42, 23, 42, 121, 66, 58, 95, 67, 40, 49, 41, 21, 65, 50]

Generation 68
Average: 0.8905 Best: 0.9117
Best Individual: 
C0 1|26|27|32|3|4|5|18|28|25|32|19|14|7|1|18|7|28|23|11|23|12|29|20|19|15|4|27|28|29|14|30|30|32|
Overall Best: 0.9288 Generation: 15
length: 20.74
feature_occurency: [27, 45, 34, 33, 87, 55, 83, 39, 47, 22, 28, 28, 65, 29, 78, 38, 11, 46, 58, 77, 48, 18, 49, 108, 82, 59, 87, 84, 35, 47, 20, 24, 57, 52]

Generation 69
Average: 0.8897 Best: 0.9088
Best Individual: 
C0 18|27|27|26|29|8|14|27|14|29|5|12|25|31|26|29|21|26|21|19|27|33|29|20|31|15|27|23|23|17|27|19|4|33|
Overall Best: 0.9288 Generation: 15
length: 21.16
feature_occurency: [32, 46, 37, 41, 99, 60, 73, 39, 41, 19, 26, 31, 62, 41, 72, 27, 13, 46, 59, 75, 48, 25, 45, 107, 66, 59, 71, 80, 44, 50, 25, 30, 66, 45]

Generation 70
Average: 0.8872 Best: 0.9003
Best Individual: 
C0 24|24|29|24|26|5|9|18|14|23|22|15|25|26|5|4|21|6|10|4|21|15|18|16|2|14|28|14|4|28|27|6|33|6|
Overall Best: 0.9288 Generation: 15
length: 21.1
feature_occurency: [33, 55, 29, 49, 109, 65, 64, 35, 36, 21, 24, 33, 72, 54, 58, 30, 16, 46, 59, 69, 50, 22, 33, 104, 61, 63, 67, 88, 48, 49, 22, 25, 66, 45]

Generation 71
Average: 0.8887 Best: 0.9117
Best Individual: 
C0 27|5|29|24|26|5|23|32|13|20|26|32|27|27|25|19|0|15|19|4|18|24|18|22|20|8|12|8|12|6|14|29|26|0|
Overall Best: 0.9288 Generation: 15
length: 20.6
feature_occurency: [25, 53, 35, 42, 113, 68, 65, 34, 29, 21, 26, 33, 70, 60, 49, 28, 19, 47, 62, 81, 47, 26, 25, 103, 62, 73, 73, 95, 31, 56, 20, 25, 60, 44]

Generation 72
Average: 0.8916 Best: 0.9117
Best Individual: 
C0 18|27|4|17|3|4|5|32|28|25|12|17|23|13|32|2|3|19|23|3|6|23|13|20|2|13|32|6|23|17|27|19|4|33|
Overall Best: 0.9288 Generation: 15
length: 20.86
feature_occurency: [30, 55, 32, 54, 101, 59, 58, 35, 38, 23, 23, 27, 78, 61, 51, 22, 20, 48, 74, 82, 50, 21, 31, 105, 70, 64, 69, 88, 27, 55, 24, 21, 66, 38]

Generation 73
Average: 0.8896 Best: 0.9117
Best Individual: 
C0 18|27|4|17|3|4|5|32|28|25|12|17|23|13|32|2|3|19|23|3|6|23|13|20|2|13|32|6|23|17|27|19|4|33|
Overall Best: 0.9288 Generation: 15
length: 20.8
feature_occurency: [38, 58, 31, 42, 96, 66, 64, 27, 35, 19, 23, 25, 89, 54, 62, 30, 9, 42, 76, 72, 55, 21, 40, 99, 76, 56, 86, 80, 25, 50, 25, 21, 71, 37]

Generation 74
Average: 0.8907 Best: 0.9145
Best Individual: 
C0 18|24|29|13|28|0|20|32|1|27|12|17|33|13|32|2|3|19|23|5|6|23|4|20|2|13|32|6|23|17|27|19|4|33|
Overall Best: 0.9288 Generation: 15
length: 20.52
feature_occurency: [40, 54, 39, 33, 94, 66, 71, 28, 32, 20, 23, 23, 85, 57, 55, 34, 15, 53, 66, 68, 64, 25, 47, 90, 83, 48, 77, 85, 17, 55, 21, 25, 71, 36]

Generation 75
Average: 0.8931 Best: 0.9145
Best Individual: 
C0 17|31|12|17|24|33|21|0|31|26|12|32|4|3|25|19|26|15|17|4|14|26|18|22|20|14|32|6|19|17|6|23|4|6|
Overall Best: 0.9288 Generation: 15
length: 20.82
feature_occurency: [38, 54, 48, 30, 95, 45, 65, 24, 37, 18, 28, 21, 93, 58, 48, 39, 11, 54, 67, 78, 75, 30, 44, 84, 72, 56, 64, 84, 23, 57, 23, 26, 70, 41]

Generation 76
Average: 0.8940 Best: 0.9145
Best Individual: 
C0 0|2|14|1|27|11|20|1|29|33|25|7|25|26|25|32|12|21|23|12|7|23|13|20|2|13|32|29|23|17|25|19|4|12|
Overall Best: 0.9288 Generation: 15
length: 21.06
feature_occurency: [39, 66, 47, 31, 98, 41, 73, 26, 39, 19, 23, 30, 108, 50, 46, 33, 8, 62, 55, 75, 80, 28, 46, 84, 68, 54, 66, 77, 25, 52, 15, 34, 56, 46]

Generation 77
Average: 0.8927 Best: 0.9145
Best Individual: 
C0 0|17|4|26|29|12|20|11|26|20|29|32|25|26|25|19|12|18|15|23|19|2|18|2|21|4|27|23|20|12|6|27|19|19|
Overall Best: 0.9288 Generation: 15
length: 21.12
feature_occurency: [47, 66, 54, 27, 97, 36, 68, 22, 35, 20, 16, 32, 111, 49, 38, 40, 10, 56, 61, 74, 75, 32, 44, 80, 60, 58, 75, 86, 23, 51, 17, 36, 64, 40]

Generation 78
Average: 0.8898 Best: 0.9145
Best Individual: 
C0 0|17|4|25|29|12|20|11|26|20|26|32|25|26|25|19|12|12|15|23|19|2|18|2|21|4|27|23|20|12|6|27|19|19|
Overall Best: 0.9288 Generation: 15
length: 21.72
feature_occurency: [37, 63, 56, 34, 104, 32, 72, 32, 26, 17, 17, 37, 110, 44, 44, 43, 14, 60, 60, 77, 75, 33, 45, 83, 56, 66, 72, 73, 28, 54, 21, 29, 48, 38]

Generation 79
Average: 0.8911 Best: 0.9145
Best Individual: 
C0 0|17|4|25|29|12|20|11|26|20|26|32|25|26|25|19|12|12|15|23|19|2|18|2|21|4|27|26|10|12|6|27|19|19|
Overall Best: 0.9288 Generation: 15
length: 21.5
feature_occurency: [37, 57, 53, 24, 93, 35, 65, 31, 29, 18, 15, 52, 99, 45, 48, 44, 9, 66, 61, 84, 78, 46, 33, 75, 53, 77, 72, 76, 30, 68, 18, 31, 42, 36]

Generation 80
Average: 0.8920 Best: 0.9088
Best Individual: 
C0 13|24|31|15|29|30|12|27|4|12|12|17|25|26|20|5|12|1|23|26|18|11|24|13|23|4|27|6|19|19|6|29|19|8|
Overall Best: 0.9288 Generation: 15
length: 21.36
feature_occurency: [30, 44, 43, 37, 90, 26, 72, 24, 42, 19, 16, 52, 90, 57, 58, 51, 10, 64, 71, 90, 71, 50, 25, 73, 64, 63, 65, 79, 33, 72, 20, 33, 33, 33]

Generation 81
Average: 0.8912 Best: 0.9145
Best Individual: 
C0 13|12|1|6|23|0|27|23|14|19|29|32|25|26|0|19|12|18|3|12|4|24|20|29|26|21|17|6|20|23|4|29|26|8|
Overall Best: 0.9288 Generation: 15
length: 21.66
feature_occurency: [34, 57, 56, 26, 99, 34, 74, 30, 44, 22, 16, 53, 93, 63, 47, 55, 11, 54, 59, 83, 66, 43, 32, 68, 60, 57, 72, 70, 32, 70, 19, 36, 23, 42]

Generation 82
Average: 0.8871 Best: 0.9174
Best Individual: 
C0 0|20|4|17|24|28|12|28|33|12|11|32|13|26|7|12|29|1|8|7|21|21|18|23|21|21|18|1|19|8|26|29|27|19|
Overall Best: 0.9288 Generation: 15
length: 21.3
feature_occurency: [30, 53, 49, 38, 96, 29, 72, 33, 48, 15, 18, 46, 96, 61, 43, 50, 13, 52, 49, 94, 74, 48, 36, 71, 61, 57, 70, 63, 38, 64, 21, 40, 28, 44]

Generation 83
Average: 0.8887 Best: 0.9117
Best Individual: 
C0 0|20|4|17|21|28|12|28|33|12|11|32|13|26|7|12|29|1|8|7|21|21|18|23|21|21|18|1|19|8|26|29|27|19|
Overall Best: 0.9288 Generation: 15
length: 21.36
feature_occurency: [32, 55, 59, 38, 96, 32, 78, 32, 43, 16, 27, 36, 83, 57, 41, 58, 10, 53, 54, 89, 71, 58, 37, 76, 59, 55, 70, 58, 38, 56, 26, 35, 29, 43]

Generation 84
Average: 0.8892 Best: 0.9060
Best Individual: 
C0 9|8|15|3|28|3|22|22|1|27|13|26|2|6|26|14|15|1|23|32|22|13|24|3|12|4|2|28|19|0|6|27|19|19|
Overall Best: 0.9288 Generation: 15
length: 21.16
feature_occurency: [35, 55, 69, 39, 90, 38, 80, 35, 35, 21, 37, 24, 81, 54, 50, 65, 7, 43, 44, 85, 55, 51, 42, 79, 59, 56, 74, 57, 38, 46, 33, 41, 40, 42]

Generation 85
Average: 0.8901 Best: 0.9088
Best Individual: 
C0 9|8|15|22|28|3|22|22|14|27|13|26|2|6|26|14|15|1|23|32|22|13|24|32|2|4|2|28|19|0|6|27|19|19|
Overall Best: 0.9288 Generation: 15
length: 21.02
feature_occurency: [33, 57, 66, 37, 93, 39, 91, 28, 34, 22, 38, 25, 74, 60, 49, 63, 12, 37, 53, 91, 54, 60, 41, 71, 58, 48, 73, 56, 37, 45, 37, 38, 38, 42]

Generation 86
Average: 0.8910 Best: 0.9145
Best Individual: 
C0 28|19|19|1|27|3|20|5|4|33|25|22|25|17|26|25|21|18|3|5|15|2|18|2|21|4|2|6|22|14|6|23|2|8|
Overall Best: 0.9288 Generation: 15
length: 20.78
feature_occurency: [29, 57, 77, 47, 89, 34, 88, 23, 46, 26, 41, 21, 67, 60, 43, 57, 10, 29, 54, 96, 63, 58, 49, 82, 63, 51, 77, 55, 40, 29, 30, 40, 41, 28]

Generation 87
Average: 0.8872 Best: 0.9117
Best Individual: 
C0 1|6|24|13|10|30|12|0|4|25|7|21|25|5|26|1|21|10|23|26|18|8|24|13|23|4|3|30|19|1|3|14|0|33|
Overall Best: 0.9288 Generation: 15
length: 20.6
feature_occurency: [28, 58, 65, 44, 91, 35, 88, 28, 48, 28, 48, 26, 73, 57, 51, 64, 11, 27, 54, 82, 66, 55, 36, 84, 70, 50, 79, 42, 40, 32, 24, 39, 46, 31]

Generation 88
Average: 0.8895 Best: 0.9060
Best Individual: 
C0 1|6|24|13|10|30|12|0|4|22|7|21|25|5|26|1|21|10|13|26|18|8|24|13|23|4|3|30|19|1|3|14|0|33|
Overall Best: 0.9288 Generation: 15
length: 20.6
feature_occurency: [33, 57, 69, 34, 104, 32, 89, 28, 44, 21, 50, 22, 85, 61, 40, 69, 13, 18, 48, 88, 74, 56, 37, 84, 69, 37, 69, 43, 46, 29, 20, 40, 50, 41]

Generation 89
Average: 0.8912 Best: 0.9088
Best Individual: 
C0 0|4|4|10|7|28|22|27|12|18|19|15|25|6|26|10|21|32|23|24|19|29|6|15|10|7|24|6|19|27|2|12|20|12|
Overall Best: 0.9288 Generation: 15
length: 20.84
feature_occurency: [30, 49, 56, 35, 102, 33, 82, 28, 38, 23, 51, 22, 87, 70, 46, 70, 16, 24, 41, 94, 76, 50, 35, 88, 64, 33, 78, 41, 48, 35, 21, 41, 51, 42]

Generation 90
Average: 0.8892 Best: 0.9088
Best Individual: 
C0 8|4|10|32|13|33|20|10|28|12|2|1|8|4|18|12|12|13|23|5|4|26|6|2|26|33|26|6|8|33|15|32|2|23|
Overall Best: 0.9288 Generation: 15
length: 20.82
feature_occurency: [30, 60, 63, 32, 110, 31, 88, 29, 40, 19, 48, 21, 84, 60, 49, 70, 11, 20, 50, 84, 69, 55, 34, 94, 64, 29, 77, 39, 46, 34, 28, 32, 51, 49]

Generation 91
Average: 0.8900 Best: 0.9117
Best Individual: 
C0 13|24|31|28|10|1|12|27|26|12|6|21|24|4|26|4|21|31|23|26|1|13|24|32|20|4|14|12|19|27|20|27|19|19|
Overall Best: 0.9288 Generation: 15
length: 20.54
feature_occurency: [24, 62, 55, 24, 105, 30, 82, 30, 40, 21, 40, 17, 91, 60, 48, 75, 7, 19, 55, 80, 74, 63, 36, 86, 69, 28, 87, 52, 39, 34, 31, 38, 57, 41]

Generation 92
Average: 0.8880 Best: 0.9145
Best Individual: 
C0 0|4|4|24|23|0|21|22|1|24|13|21|25|5|18|27|21|31|23|26|1|13|24|32|7|19|27|8|19|24|7|28|4|12|
Overall Best: 0.9288 Generation: 15
length: 20.84
feature_occurency: [32, 49, 55, 34, 111, 30, 72, 31, 40, 23, 40, 19, 78, 62, 53, 67, 8, 19, 57, 78, 61, 66, 42, 88, 72, 20, 80, 62, 38, 37, 38, 48, 58, 32]

Generation 93
Average: 0.8885 Best: 0.9202
Best Individual: 
C0 15|4|10|1|25|23|21|22|20|18|19|15|25|6|26|27|15|19|31|29|31|2|18|2|21|4|2|23|14|0|6|19|15|12|
Overall Best: 0.9288 Generation: 15
length: 20.84
feature_occurency: [27, 46, 59, 45, 104, 28, 73, 24, 49, 24, 45, 23, 71, 56, 55, 76, 9, 21, 58, 85, 66, 60, 37, 86, 62, 25, 79, 53, 35, 43, 39, 58, 51, 28]

Generation 94
Average: 0.8887 Best: 0.9088
Best Individual: 
C0 0|4|10|32|13|2|20|10|28|12|13|32|8|26|18|23|12|13|19|6|1|13|28|32|20|7|24|6|24|27|2|31|20|12|
Overall Best: 0.9288 Generation: 15
length: 20.5
feature_occurency: [21, 46, 62, 30, 98, 30, 86, 22, 50, 17, 52, 24, 69, 51, 61, 85, 7, 23, 57, 92, 70, 62, 43, 81, 46, 29, 71, 69, 31, 34, 36, 65, 51, 29]

Generation 95
Average: 0.8892 Best: 0.9088
Best Individual: 
C0 0|4|10|27|13|2|20|10|28|12|13|32|8|26|18|23|12|13|19|6|1|13|28|32|20|7|24|6|24|27|2|31|20|12|
Overall Best: 0.9288 Generation: 15
length: 20.7
feature_occurency: [15, 48, 66, 30, 89, 36, 84, 19, 50, 12, 59, 24, 69, 50, 63, 85, 10, 27, 58, 97, 74, 58, 40, 75, 45, 36, 65, 67, 29, 33, 45, 64, 53, 25]

Generation 96
Average: 0.8906 Best: 0.9088
Best Individual: 
C0 8|4|18|28|0|33|18|12|8|3|28|30|8|4|19|26|14|14|2|1|31|2|23|15|1|4|26|14|29|19|6|32|8|23|
Overall Best: 0.9288 Generation: 15
length: 20.64
feature_occurency: [15, 40, 66, 32, 97, 41, 85, 24, 44, 11, 53, 27, 68, 48, 69, 79, 10, 26, 56, 84, 70, 55, 49, 64, 37, 39, 88, 73, 31, 36, 47, 63, 48, 25]

Generation 97
Average: 0.8878 Best: 0.9031
Best Individual: 
C0 8|10|4|10|20|1|1|27|24|5|27|22|8|26|18|10|22|13|23|24|31|3|29|15|14|17|22|27|8|13|15|32|2|32|
Overall Best: 0.9288 Generation: 15
length: 20.56
feature_occurency: [21, 44, 68, 33, 93, 43, 82, 21, 49, 10, 54, 29, 67, 46, 75, 69, 11, 24, 56, 83, 64, 46, 45, 68, 37, 33, 92, 74, 41, 40, 45, 63, 49, 25]

Generation 98
Average: 0.8900 Best: 0.9088
Best Individual: 
C0 0|4|18|28|0|33|18|12|8|3|7|15|5|7|15|13|4|32|18|26|15|3|10|12|6|18|20|6|14|15|5|32|33|12|
Overall Best: 0.9288 Generation: 15
length: 20.4
feature_occurency: [26, 41, 63, 48, 90, 50, 83, 15, 56, 12, 52, 30, 69, 50, 80, 67, 15, 23, 61, 70, 60, 51, 41, 65, 35, 32, 87, 65, 35, 43, 49, 54, 54, 28]

Generation 99
Average: 0.8882 Best: 0.9060
Best Individual: 
C0 23|4|10|3|1|1|33|20|18|12|30|30|8|4|19|26|14|14|2|1|31|10|23|15|1|14|26|16|21|19|26|23|30|12|
Overall Best: 0.9288 Generation: 15
==================
    Best individual after 100 generations
    computed in 116.0420 seconds
    326 elements out of 351 correct.
    emerged in generation 15
    with fitness 0.9288
==================

0|5|23|14|11|28|33|1|14|3|12|3|2|6|19|17|23|2|12|12|4|1|12|5|23|10|20|10|28|7|7|7|4|19|
