Starting evolution...
length: 34.0
feature_occurency: [50, 50, 50, 50, 50, 50, 50, 50, 50, 50, 50, 50, 50, 50, 50, 50, 50, 50, 50, 50, 50, 50, 50, 50, 50, 50, 50, 50, 50, 50, 50, 50, 50, 50]

Generation 0
Average: 0.8801 Best: 0.9031
Best Individual: 
C0 0|28|2|3|7|5|9|29|8|1|19|6|12|4|14|15|32|17|31|10|11|21|16|30|24|27|26|25|20|13|23|18|22|33|
Overall Best: 0.9031 Generation: 0
length: 34.0
feature_occurency: [50, 50, 50, 50, 50, 50, 50, 50, 50, 50, 50, 50, 50, 50, 50, 50, 50, 50, 50, 50, 50, 50, 50, 50, 50, 50, 50, 50, 50, 50, 50, 50, 50, 50]

Generation 1
Average: 0.8807 Best: 0.9088
Best Individual: 
C0 25|3|2|20|4|9|33|5|22|7|14|11|23|13|12|15|21|17|8|19|18|28|16|6|24|31|30|26|1|29|27|0|32|10|
Overall Best: 0.9088 Generation: 1
length: 34.0
feature_occurency: [50, 50, 50, 50, 50, 50, 50, 50, 50, 50, 50, 50, 50, 50, 50, 50, 50, 50, 50, 50, 50, 50, 50, 50, 50, 50, 50, 50, 50, 50, 50, 50, 50, 50]

Generation 2
Average: 0.8826 Best: 0.9088
Best Individual: 
C0 0|15|13|23|21|18|33|22|20|12|31|14|4|3|32|6|16|8|10|19|1|9|17|2|24|25|26|27|28|29|30|11|5|7|
Overall Best: 0.9088 Generation: 1
length: 34.0
feature_occurency: [50, 50, 50, 50, 50, 50, 50, 50, 50, 50, 50, 50, 50, 50, 50, 50, 50, 50, 50, 50, 50, 50, 50, 50, 50, 50, 50, 50, 50, 50, 50, 50, 50, 50]

Generation 3
Average: 0.8858 Best: 0.9117
Best Individual: 
C0 0|14|2|17|20|27|4|23|16|1|19|26|12|5|24|29|15|3|30|8|22|21|11|32|13|25|31|18|9|6|28|33|10|7|
Overall Best: 0.9117 Generation: 3
length: 34.0
feature_occurency: [50, 50, 50, 50, 50, 50, 50, 50, 50, 50, 50, 50, 50, 50, 50, 50, 50, 50, 50, 50, 50, 50, 50, 50, 50, 50, 50, 50, 50, 50, 50, 50, 50, 50]

Generation 4
Average: 0.8859 Best: 0.9117
Best Individual: 
C0 0|14|2|17|20|27|4|23|16|1|19|26|12|5|24|29|15|3|30|8|22|21|11|32|13|25|31|18|9|10|28|33|6|7|
Overall Best: 0.9117 Generation: 3
length: 34.0
feature_occurency: [50, 50, 50, 50, 50, 50, 50, 50, 50, 50, 50, 50, 50, 50, 50, 50, 50, 50, 50, 50, 50, 50, 50, 50, 50, 50, 50, 50, 50, 50, 50, 50, 50, 50]

Generation 5
Average: 0.8840 Best: 0.9088
Best Individual: 
C0 29|13|2|22|5|4|33|1|12|26|10|14|8|0|23|3|31|32|20|6|9|17|25|15|21|11|27|30|28|18|19|24|16|7|
Overall Best: 0.9117 Generation: 3
length: 34.0
feature_occurency: [50, 50, 50, 50, 50, 50, 50, 50, 50, 50, 50, 50, 50, 50, 50, 50, 50, 50, 50, 50, 50, 50, 50, 50, 50, 50, 50, 50, 50, 50, 50, 50, 50, 50]

Generation 6
Average: 0.8858 Best: 0.9117
Best Individual: 
C0 20|33|2|7|24|27|14|3|18|9|22|13|15|0|4|12|26|17|21|1|30|25|29|19|10|8|31|6|16|5|23|32|28|11|
Overall Best: 0.9117 Generation: 3
length: 34.0
feature_occurency: [50, 50, 50, 50, 50, 50, 50, 50, 50, 50, 50, 50, 50, 50, 50, 50, 50, 50, 50, 50, 50, 50, 50, 50, 50, 50, 50, 50, 50, 50, 50, 50, 50, 50]

Generation 7
Average: 0.8879 Best: 0.9145
Best Individual: 
C0 1|26|2|33|0|16|18|23|19|24|22|13|28|4|27|20|5|30|31|9|12|14|17|7|6|25|21|3|29|32|15|8|11|10|
Overall Best: 0.9145 Generation: 7
length: 34.0
feature_occurency: [50, 50, 50, 50, 50, 50, 50, 50, 50, 50, 50, 50, 50, 50, 50, 50, 50, 50, 50, 50, 50, 50, 50, 50, 50, 50, 50, 50, 50, 50, 50, 50, 50, 50]

Generation 8
Average: 0.8873 Best: 0.9145
Best Individual: 
C0 1|26|2|33|0|16|18|23|19|24|22|13|4|28|27|20|5|30|15|9|12|14|17|7|6|25|11|3|29|32|31|8|21|10|
Overall Best: 0.9145 Generation: 7
length: 34.0
feature_occurency: [50, 50, 50, 50, 50, 50, 50, 50, 50, 50, 50, 50, 50, 50, 50, 50, 50, 50, 50, 50, 50, 50, 50, 50, 50, 50, 50, 50, 50, 50, 50, 50, 50, 50]

Generation 9
Average: 0.8893 Best: 0.9259
Best Individual: 
C0 16|10|25|12|29|4|26|27|14|20|19|2|9|33|6|23|18|13|3|28|32|22|31|5|0|30|7|24|1|11|15|8|21|17|
Overall Best: 0.9259 Generation: 9
length: 34.0
feature_occurency: [50, 50, 50, 50, 50, 50, 50, 50, 50, 50, 50, 50, 50, 50, 50, 50, 50, 50, 50, 50, 50, 50, 50, 50, 50, 50, 50, 50, 50, 50, 50, 50, 50, 50]

Generation 10
Average: 0.8910 Best: 0.9174
Best Individual: 
C0 24|0|22|20|29|32|31|27|21|1|18|15|12|4|14|9|23|13|6|25|16|8|17|10|30|11|19|33|26|7|2|5|3|28|
Overall Best: 0.9259 Generation: 9
length: 34.0
feature_occurency: [50, 50, 50, 50, 50, 50, 50, 50, 50, 50, 50, 50, 50, 50, 50, 50, 50, 50, 50, 50, 50, 50, 50, 50, 50, 50, 50, 50, 50, 50, 50, 50, 50, 50]

Generation 11
Average: 0.8890 Best: 0.9174
Best Individual: 
C0 24|0|22|20|29|32|31|27|21|1|18|15|12|4|14|9|23|13|6|25|16|8|17|10|30|11|19|33|26|7|2|5|3|28|
Overall Best: 0.9259 Generation: 9
length: 34.0
feature_occurency: [50, 50, 50, 50, 50, 50, 50, 50, 50, 50, 50, 50, 50, 50, 50, 50, 50, 50, 50, 50, 50, 50, 50, 50, 50, 50, 50, 50, 50, 50, 50, 50, 50, 50]

Generation 12
Average: 0.8874 Best: 0.9117
Best Individual: 
C0 14|27|23|15|21|7|19|32|22|20|24|33|4|26|1|16|10|30|0|17|5|29|11|2|3|25|31|13|8|18|28|6|12|9|
Overall Best: 0.9259 Generation: 9
length: 34.0
feature_occurency: [50, 50, 50, 50, 50, 50, 50, 50, 50, 50, 50, 50, 50, 50, 50, 50, 50, 50, 50, 50, 50, 50, 50, 50, 50, 50, 50, 50, 50, 50, 50, 50, 50, 50]

Generation 13
Average: 0.8892 Best: 0.9174
Best Individual: 
C0 22|19|23|20|7|3|15|14|27|21|5|33|4|26|1|16|2|30|0|17|24|29|11|10|32|25|31|13|8|18|28|6|12|9|
Overall Best: 0.9259 Generation: 9
length: 34.0
feature_occurency: [50, 50, 50, 50, 50, 50, 50, 50, 50, 50, 50, 50, 50, 50, 50, 50, 50, 50, 50, 50, 50, 50, 50, 50, 50, 50, 50, 50, 50, 50, 50, 50, 50, 50]

Generation 14
Average: 0.8905 Best: 0.9145
Best Individual: 
C0 20|3|28|26|30|15|23|4|21|22|27|6|12|10|33|14|8|17|32|31|7|29|11|25|13|24|16|19|2|0|5|18|9|1|
Overall Best: 0.9259 Generation: 9
length: 34.0
feature_occurency: [50, 50, 50, 50, 50, 50, 50, 50, 50, 50, 50, 50, 50, 50, 50, 50, 50, 50, 50, 50, 50, 50, 50, 50, 50, 50, 50, 50, 50, 50, 50, 50, 50, 50]

Generation 15
Average: 0.8882 Best: 0.9145
Best Individual: 
C0 20|33|25|12|29|28|21|4|26|23|18|27|14|11|30|19|13|9|2|10|8|6|24|3|17|15|31|7|22|16|0|1|5|32|
Overall Best: 0.9259 Generation: 9
length: 34.0
feature_occurency: [50, 50, 50, 50, 50, 50, 50, 50, 50, 50, 50, 50, 50, 50, 50, 50, 50, 50, 50, 50, 50, 50, 50, 50, 50, 50, 50, 50, 50, 50, 50, 50, 50, 50]

Generation 16
Average: 0.8904 Best: 0.9145
Best Individual: 
C0 30|4|28|12|7|14|20|27|26|1|25|33|8|6|19|23|15|9|0|11|17|29|31|13|22|18|32|21|16|24|5|2|10|3|
Overall Best: 0.9259 Generation: 9
length: 34.0
feature_occurency: [50, 50, 50, 50, 50, 50, 50, 50, 50, 50, 50, 50, 50, 50, 50, 50, 50, 50, 50, 50, 50, 50, 50, 50, 50, 50, 50, 50, 50, 50, 50, 50, 50, 50]

Generation 17
Average: 0.8928 Best: 0.9202
Best Individual: 
C0 30|4|28|12|7|33|20|27|26|1|25|14|8|6|19|0|15|9|23|13|17|29|31|11|22|18|32|21|16|24|5|2|10|3|
Overall Best: 0.9259 Generation: 9
length: 34.0
feature_occurency: [50, 50, 50, 50, 50, 50, 50, 50, 50, 50, 50, 50, 50, 50, 50, 50, 50, 50, 50, 50, 50, 50, 50, 50, 50, 50, 50, 50, 50, 50, 50, 50, 50, 50]

Generation 18
Average: 0.8889 Best: 0.9145
Best Individual: 
C0 8|20|23|0|15|33|4|24|26|27|17|6|7|19|18|29|32|1|25|22|16|3|30|14|12|11|21|5|10|31|28|9|2|13|
Overall Best: 0.9259 Generation: 9
length: 34.0
feature_occurency: [50, 50, 50, 50, 50, 50, 50, 50, 50, 50, 50, 50, 50, 50, 50, 50, 50, 50, 50, 50, 50, 50, 50, 50, 50, 50, 50, 50, 50, 50, 50, 50, 50, 50]

Generation 19
Average: 0.8880 Best: 0.9145
Best Individual: 
C0 8|20|27|0|15|33|23|24|4|26|17|6|7|32|18|29|19|1|25|22|12|3|30|14|16|11|21|5|10|31|28|9|2|13|
Overall Best: 0.9259 Generation: 9
length: 34.0
feature_occurency: [50, 50, 50, 50, 50, 50, 50, 50, 50, 50, 50, 50, 50, 50, 50, 50, 50, 50, 50, 50, 50, 50, 50, 50, 50, 50, 50, 50, 50, 50, 50, 50, 50, 50]

Generation 20
Average: 0.8896 Best: 0.9145
Best Individual: 
C0 17|3|22|23|33|30|6|15|21|28|5|26|12|0|10|4|8|2|18|9|7|29|11|25|24|20|16|19|32|14|13|27|31|1|
Overall Best: 0.9259 Generation: 9
length: 34.0
feature_occurency: [50, 50, 50, 50, 50, 50, 50, 50, 50, 50, 50, 50, 50, 50, 50, 50, 50, 50, 50, 50, 50, 50, 50, 50, 50, 50, 50, 50, 50, 50, 50, 50, 50, 50]

Generation 21
Average: 0.8887 Best: 0.9145
Best Individual: 
C0 25|23|27|21|20|4|0|13|15|33|24|12|8|32|18|29|19|1|17|22|7|3|30|14|16|11|6|5|10|31|28|9|2|26|
Overall Best: 0.9259 Generation: 9
length: 34.0
feature_occurency: [50, 50, 50, 50, 50, 50, 50, 50, 50, 50, 50, 50, 50, 50, 50, 50, 50, 50, 50, 50, 50, 50, 50, 50, 50, 50, 50, 50, 50, 50, 50, 50, 50, 50]

Generation 22
Average: 0.8919 Best: 0.9231
Best Individual: 
C0 18|3|22|28|21|15|26|30|4|14|33|6|23|0|8|11|24|25|17|10|27|20|1|2|19|9|16|5|32|12|13|31|29|7|
Overall Best: 0.9259 Generation: 9
length: 34.0
feature_occurency: [50, 50, 50, 50, 50, 50, 50, 50, 50, 50, 50, 50, 50, 50, 50, 50, 50, 50, 50, 50, 50, 50, 50, 50, 50, 50, 50, 50, 50, 50, 50, 50, 50, 50]

Generation 23
Average: 0.8901 Best: 0.9145
Best Individual: 
C0 18|5|11|22|21|20|7|1|23|4|17|0|14|2|32|19|33|9|10|8|25|27|26|13|24|28|15|6|16|31|3|29|30|12|
Overall Best: 0.9259 Generation: 9
length: 34.0
feature_occurency: [50, 50, 50, 50, 50, 50, 50, 50, 50, 50, 50, 50, 50, 50, 50, 50, 50, 50, 50, 50, 50, 50, 50, 50, 50, 50, 50, 50, 50, 50, 50, 50, 50, 50]

Generation 24
Average: 0.8890 Best: 0.9145
Best Individual: 
C0 18|1|22|23|33|20|26|30|4|0|24|14|28|3|12|19|15|9|27|13|16|17|31|11|32|21|25|5|8|6|10|2|29|7|
Overall Best: 0.9259 Generation: 9
length: 34.0
feature_occurency: [50, 50, 50, 50, 50, 50, 50, 50, 50, 50, 50, 50, 50, 50, 50, 50, 50, 50, 50, 50, 50, 50, 50, 50, 50, 50, 50, 50, 50, 50, 50, 50, 50, 50]

Generation 25
Average: 0.8864 Best: 0.9117
Best Individual: 
C0 14|19|27|21|4|18|0|29|11|32|31|20|26|7|16|15|23|30|33|22|8|17|3|2|13|1|24|6|10|5|9|28|25|12|
Overall Best: 0.9259 Generation: 9
length: 34.0
feature_occurency: [50, 50, 50, 50, 50, 50, 50, 50, 50, 50, 50, 50, 50, 50, 50, 50, 50, 50, 50, 50, 50, 50, 50, 50, 50, 50, 50, 50, 50, 50, 50, 50, 50, 50]

Generation 26
Average: 0.8941 Best: 0.9202
Best Individual: 
C0 1|12|6|29|33|23|26|30|10|0|24|14|7|4|3|19|15|9|27|13|16|28|5|8|31|11|22|20|25|21|2|17|32|18|
Overall Best: 0.9259 Generation: 9
length: 34.0
feature_occurency: [50, 50, 50, 50, 50, 50, 50, 50, 50, 50, 50, 50, 50, 50, 50, 50, 50, 50, 50, 50, 50, 50, 50, 50, 50, 50, 50, 50, 50, 50, 50, 50, 50, 50]

Generation 27
Average: 0.8904 Best: 0.9174
Best Individual: 
C0 1|12|6|29|16|3|26|30|10|0|24|14|7|4|23|19|15|9|27|13|8|17|5|33|31|11|22|20|25|21|2|28|32|18|
Overall Best: 0.9259 Generation: 9
length: 34.0
feature_occurency: [50, 50, 50, 50, 50, 50, 50, 50, 50, 50, 50, 50, 50, 50, 50, 50, 50, 50, 50, 50, 50, 50, 50, 50, 50, 50, 50, 50, 50, 50, 50, 50, 50, 50]

Generation 28
Average: 0.8876 Best: 0.9088
Best Individual: 
C0 12|14|6|8|2|19|26|1|33|4|15|30|9|16|17|23|18|25|3|5|24|10|28|21|20|0|29|7|13|22|27|11|31|32|
Overall Best: 0.9259 Generation: 9
length: 34.0
feature_occurency: [50, 50, 50, 50, 50, 50, 50, 50, 50, 50, 50, 50, 50, 50, 50, 50, 50, 50, 50, 50, 50, 50, 50, 50, 50, 50, 50, 50, 50, 50, 50, 50, 50, 50]

Generation 29
Average: 0.8867 Best: 0.9088
Best Individual: 
C0 24|14|28|31|2|33|7|20|25|29|19|18|5|27|11|4|23|32|12|8|9|30|17|10|3|22|0|26|21|6|16|15|13|1|
Overall Best: 0.9259 Generation: 9
length: 34.0
feature_occurency: [50, 50, 50, 50, 50, 50, 50, 50, 50, 50, 50, 50, 50, 50, 50, 50, 50, 50, 50, 50, 50, 50, 50, 50, 50, 50, 50, 50, 50, 50, 50, 50, 50, 50]

Generation 30
Average: 0.8889 Best: 0.9088
Best Individual: 
C0 4|15|14|17|33|23|26|30|24|7|19|2|22|6|3|20|13|9|29|11|28|31|25|12|32|10|16|18|1|27|8|5|21|0|
Overall Best: 0.9259 Generation: 9
length: 34.0
feature_occurency: [50, 50, 50, 50, 50, 50, 50, 50, 50, 50, 50, 50, 50, 50, 50, 50, 50, 50, 50, 50, 50, 50, 50, 50, 50, 50, 50, 50, 50, 50, 50, 50, 50, 50]

Generation 31
Average: 0.8900 Best: 0.9174
Best Individual: 
C0 4|12|14|17|33|23|26|30|5|10|19|2|22|6|3|20|13|9|29|11|28|31|25|15|32|7|16|18|1|27|8|24|21|0|
Overall Best: 0.9259 Generation: 9
length: 34.0
feature_occurency: [50, 50, 50, 50, 50, 50, 50, 50, 50, 50, 50, 50, 50, 50, 50, 50, 50, 50, 50, 50, 50, 50, 50, 50, 50, 50, 50, 50, 50, 50, 50, 50, 50, 50]

Generation 32
Average: 0.8891 Best: 0.9088
Best Individual: 
C0 11|19|4|31|8|13|1|29|14|33|32|20|7|26|12|25|21|23|3|9|24|16|5|30|10|27|17|18|0|2|15|28|22|6|
Overall Best: 0.9259 Generation: 9
length: 34.0
feature_occurency: [50, 50, 50, 50, 50, 50, 50, 50, 50, 50, 50, 50, 50, 50, 50, 50, 50, 50, 50, 50, 50, 50, 50, 50, 50, 50, 50, 50, 50, 50, 50, 50, 50, 50]

Generation 33
Average: 0.8879 Best: 0.9088
Best Individual: 
C0 16|15|19|14|0|7|31|18|12|6|32|33|20|2|4|17|23|21|27|10|1|5|3|9|26|8|11|24|30|28|22|13|25|29|
Overall Best: 0.9259 Generation: 9
length: 34.0
feature_occurency: [50, 50, 50, 50, 50, 50, 50, 50, 50, 50, 50, 50, 50, 50, 50, 50, 50, 50, 50, 50, 50, 50, 50, 50, 50, 50, 50, 50, 50, 50, 50, 50, 50, 50]

Generation 34
Average: 0.8859 Best: 0.9117
Best Individual: 
C0 21|17|16|33|12|6|9|4|20|32|8|22|26|11|23|19|1|14|27|5|28|25|3|7|31|13|30|18|15|0|24|29|10|2|
Overall Best: 0.9259 Generation: 9
length: 34.0
feature_occurency: [50, 50, 50, 50, 50, 50, 50, 50, 50, 50, 50, 50, 50, 50, 50, 50, 50, 50, 50, 50, 50, 50, 50, 50, 50, 50, 50, 50, 50, 50, 50, 50, 50, 50]

Generation 35
Average: 0.8830 Best: 0.9202
Best Individual: 
C0 1|14|22|4|23|11|31|30|16|19|10|26|12|25|8|33|9|24|17|29|18|6|5|0|3|27|13|20|7|21|32|15|2|28|
Overall Best: 0.9259 Generation: 9
length: 34.0
feature_occurency: [50, 50, 50, 50, 50, 50, 50, 50, 50, 50, 50, 50, 50, 50, 50, 50, 50, 50, 50, 50, 50, 50, 50, 50, 50, 50, 50, 50, 50, 50, 50, 50, 50, 50]

Generation 36
Average: 0.8857 Best: 0.9088
Best Individual: 
C0 9|8|11|12|0|23|31|1|28|6|32|33|20|2|27|26|10|7|15|22|17|16|29|30|3|4|21|5|24|19|25|13|14|18|
Overall Best: 0.9259 Generation: 9
length: 34.0
feature_occurency: [50, 50, 50, 50, 50, 50, 50, 50, 50, 50, 50, 50, 50, 50, 50, 50, 50, 50, 50, 50, 50, 50, 50, 50, 50, 50, 50, 50, 50, 50, 50, 50, 50, 50]

Generation 37
Average: 0.8865 Best: 0.9174
Best Individual: 
C0 23|11|7|18|5|32|4|19|15|24|26|14|21|20|12|2|27|30|13|28|17|16|25|6|1|3|10|29|22|0|33|8|9|31|
Overall Best: 0.9259 Generation: 9
length: 34.0
feature_occurency: [50, 50, 50, 50, 50, 50, 50, 50, 50, 50, 50, 50, 50, 50, 50, 50, 50, 50, 50, 50, 50, 50, 50, 50, 50, 50, 50, 50, 50, 50, 50, 50, 50, 50]

Generation 38
Average: 0.8863 Best: 0.9088
Best Individual: 
C0 12|18|33|21|15|22|32|4|20|24|28|27|2|26|11|1|30|29|7|10|19|3|16|23|8|9|17|13|0|6|14|31|25|5|
Overall Best: 0.9259 Generation: 9
length: 34.0
feature_occurency: [50, 50, 50, 50, 50, 50, 50, 50, 50, 50, 50, 50, 50, 50, 50, 50, 50, 50, 50, 50, 50, 50, 50, 50, 50, 50, 50, 50, 50, 50, 50, 50, 50, 50]

Generation 39
Average: 0.8904 Best: 0.9145
Best Individual: 
C0 17|12|2|8|19|4|3|23|5|10|15|0|14|29|30|18|26|13|24|22|9|7|25|32|27|16|11|31|21|1|33|28|20|6|
Overall Best: 0.9259 Generation: 9
length: 34.0
feature_occurency: [50, 50, 50, 50, 50, 50, 50, 50, 50, 50, 50, 50, 50, 50, 50, 50, 50, 50, 50, 50, 50, 50, 50, 50, 50, 50, 50, 50, 50, 50, 50, 50, 50, 50]

Generation 40
Average: 0.8903 Best: 0.9117
Best Individual: 
C0 26|22|27|18|12|28|4|0|2|25|7|20|6|31|17|33|14|9|29|13|32|16|21|5|15|1|23|30|24|8|3|19|11|10|
Overall Best: 0.9259 Generation: 9
length: 34.0
feature_occurency: [50, 50, 50, 50, 50, 50, 50, 50, 50, 50, 50, 50, 50, 50, 50, 50, 50, 50, 50, 50, 50, 50, 50, 50, 50, 50, 50, 50, 50, 50, 50, 50, 50, 50]

Generation 41
Average: 0.8836 Best: 0.9088
Best Individual: 
C0 30|18|25|8|26|19|0|33|4|12|20|14|1|29|13|27|17|15|16|11|3|31|9|6|28|23|22|2|32|21|10|7|24|5|
Overall Best: 0.9259 Generation: 9
length: 34.0
feature_occurency: [50, 50, 50, 50, 50, 50, 50, 50, 50, 50, 50, 50, 50, 50, 50, 50, 50, 50, 50, 50, 50, 50, 50, 50, 50, 50, 50, 50, 50, 50, 50, 50, 50, 50]

Generation 42
Average: 0.8859 Best: 0.9259
Best Individual: 
C0 15|32|1|12|20|16|0|4|10|8|26|22|19|18|30|23|27|2|6|29|21|9|14|25|33|17|13|3|7|24|11|5|28|31|
Overall Best: 0.9259 Generation: 9
length: 34.0
feature_occurency: [50, 50, 50, 50, 50, 50, 50, 50, 50, 50, 50, 50, 50, 50, 50, 50, 50, 50, 50, 50, 50, 50, 50, 50, 50, 50, 50, 50, 50, 50, 50, 50, 50, 50]

Generation 43
Average: 0.8850 Best: 0.9088
Best Individual: 
C0 12|28|27|2|24|22|18|4|32|10|20|33|21|26|11|1|15|29|14|30|19|31|16|23|5|7|17|13|8|6|0|3|25|9|
Overall Best: 0.9259 Generation: 9
length: 34.0
feature_occurency: [50, 50, 50, 50, 50, 50, 50, 50, 50, 50, 50, 50, 50, 50, 50, 50, 50, 50, 50, 50, 50, 50, 50, 50, 50, 50, 50, 50, 50, 50, 50, 50, 50, 50]

Generation 44
Average: 0.8844 Best: 0.9031
Best Individual: 
C0 20|2|26|6|15|28|27|19|23|7|12|33|13|31|30|10|11|18|0|32|5|16|25|1|21|24|8|14|9|3|17|29|22|4|
Overall Best: 0.9259 Generation: 9
length: 34.0
feature_occurency: [50, 50, 50, 50, 50, 50, 50, 50, 50, 50, 50, 50, 50, 50, 50, 50, 50, 50, 50, 50, 50, 50, 50, 50, 50, 50, 50, 50, 50, 50, 50, 50, 50, 50]

Generation 45
Average: 0.8918 Best: 0.9145
Best Individual: 
C0 5|32|1|10|22|13|2|23|28|8|26|20|19|18|15|4|27|0|6|29|21|9|14|25|33|17|3|16|7|24|11|30|12|31|
Overall Best: 0.9259 Generation: 9
length: 34.0
feature_occurency: [50, 50, 50, 50, 50, 50, 50, 50, 50, 50, 50, 50, 50, 50, 50, 50, 50, 50, 50, 50, 50, 50, 50, 50, 50, 50, 50, 50, 50, 50, 50, 50, 50, 50]

Generation 46
Average: 0.8889 Best: 0.9145
Best Individual: 
C0 5|32|1|10|22|13|2|23|28|8|26|20|19|18|15|4|27|0|6|29|21|9|7|25|33|17|3|16|14|24|11|30|12|31|
Overall Best: 0.9259 Generation: 9
length: 34.0
feature_occurency: [50, 50, 50, 50, 50, 50, 50, 50, 50, 50, 50, 50, 50, 50, 50, 50, 50, 50, 50, 50, 50, 50, 50, 50, 50, 50, 50, 50, 50, 50, 50, 50, 50, 50]

Generation 47
Average: 0.8875 Best: 0.9088
Best Individual: 
C0 12|21|18|20|29|11|33|2|31|25|8|17|26|27|4|15|23|13|6|10|7|16|24|22|19|9|28|14|3|5|32|0|30|1|
Overall Best: 0.9259 Generation: 9
length: 34.0
feature_occurency: [50, 50, 50, 50, 50, 50, 50, 50, 50, 50, 50, 50, 50, 50, 50, 50, 50, 50, 50, 50, 50, 50, 50, 50, 50, 50, 50, 50, 50, 50, 50, 50, 50, 50]

Generation 48
Average: 0.8896 Best: 0.9060
Best Individual: 
C0 12|33|26|14|24|3|31|7|32|9|0|6|8|10|23|29|30|16|2|18|21|11|15|22|5|25|19|20|1|27|4|28|13|17|
Overall Best: 0.9259 Generation: 9
length: 34.0
feature_occurency: [50, 50, 50, 50, 50, 50, 50, 50, 50, 50, 50, 50, 50, 50, 50, 50, 50, 50, 50, 50, 50, 50, 50, 50, 50, 50, 50, 50, 50, 50, 50, 50, 50, 50]

Generation 49
Average: 0.8857 Best: 0.9231
Best Individual: 
C0 20|19|32|7|15|8|4|0|1|23|29|11|27|3|6|26|18|16|25|13|5|31|17|12|28|33|22|21|24|10|2|14|30|9|
Overall Best: 0.9259 Generation: 9
length: 34.0
feature_occurency: [50, 50, 50, 50, 50, 50, 50, 50, 50, 50, 50, 50, 50, 50, 50, 50, 50, 50, 50, 50, 50, 50, 50, 50, 50, 50, 50, 50, 50, 50, 50, 50, 50, 50]

Generation 50
Average: 0.8854 Best: 0.9174
Best Individual: 
C0 24|32|19|7|15|8|4|0|20|23|29|11|14|3|6|26|18|16|25|13|5|31|17|12|28|33|22|21|1|10|2|27|30|9|
Overall Best: 0.9259 Generation: 9
length: 34.0
feature_occurency: [50, 50, 50, 50, 50, 50, 50, 50, 50, 50, 50, 50, 50, 50, 50, 50, 50, 50, 50, 50, 50, 50, 50, 50, 50, 50, 50, 50, 50, 50, 50, 50, 50, 50]

Generation 51
Average: 0.8884 Best: 0.9174
Best Individual: 
C0 8|24|3|20|22|4|16|32|0|14|1|6|2|11|26|23|10|9|13|21|19|30|7|17|33|25|12|28|27|29|5|15|31|18|
Overall Best: 0.9259 Generation: 9
length: 34.0
feature_occurency: [50, 50, 50, 50, 50, 50, 50, 50, 50, 50, 50, 50, 50, 50, 50, 50, 50, 50, 50, 50, 50, 50, 50, 50, 50, 50, 50, 50, 50, 50, 50, 50, 50, 50]

Generation 52
Average: 0.8879 Best: 0.9145
Best Individual: 
C0 17|6|10|26|31|21|14|2|12|1|33|4|30|11|29|13|32|28|27|3|24|0|25|9|16|19|22|7|18|5|15|8|20|23|
Overall Best: 0.9259 Generation: 9
length: 34.0
feature_occurency: [50, 50, 50, 50, 50, 50, 50, 50, 50, 50, 50, 50, 50, 50, 50, 50, 50, 50, 50, 50, 50, 50, 50, 50, 50, 50, 50, 50, 50, 50, 50, 50, 50, 50]

Generation 53
Average: 0.8881 Best: 0.9117
Best Individual: 
C0 11|26|22|1|14|24|4|6|10|19|23|7|33|0|8|2|20|27|28|3|13|9|12|17|32|25|15|16|30|29|5|18|31|21|
Overall Best: 0.9259 Generation: 9
length: 34.0
feature_occurency: [50, 50, 50, 50, 50, 50, 50, 50, 50, 50, 50, 50, 50, 50, 50, 50, 50, 50, 50, 50, 50, 50, 50, 50, 50, 50, 50, 50, 50, 50, 50, 50, 50, 50]

Generation 54
Average: 0.8887 Best: 0.9117
Best Individual: 
C0 20|6|32|2|30|24|18|11|1|12|26|14|19|0|8|23|27|9|13|21|16|22|7|17|33|25|3|29|4|28|5|15|31|10|
Overall Best: 0.9259 Generation: 9
length: 34.0
feature_occurency: [50, 50, 50, 50, 50, 50, 50, 50, 50, 50, 50, 50, 50, 50, 50, 50, 50, 50, 50, 50, 50, 50, 50, 50, 50, 50, 50, 50, 50, 50, 50, 50, 50, 50]

Generation 55
Average: 0.8903 Best: 0.9117
Best Individual: 
C0 20|6|32|2|30|24|18|11|1|12|26|14|19|0|8|23|27|9|13|21|16|22|7|17|33|25|3|29|4|28|5|15|31|10|
Overall Best: 0.9259 Generation: 9
length: 34.0
feature_occurency: [50, 50, 50, 50, 50, 50, 50, 50, 50, 50, 50, 50, 50, 50, 50, 50, 50, 50, 50, 50, 50, 50, 50, 50, 50, 50, 50, 50, 50, 50, 50, 50, 50, 50]

Generation 56
Average: 0.8911 Best: 0.9117
Best Individual: 
C0 5|26|32|13|15|24|25|27|4|12|6|14|19|0|8|23|11|9|2|21|16|20|7|17|33|30|10|18|1|3|28|22|31|29|
Overall Best: 0.9259 Generation: 9
length: 34.0
feature_occurency: [50, 50, 50, 50, 50, 50, 50, 50, 50, 50, 50, 50, 50, 50, 50, 50, 50, 50, 50, 50, 50, 50, 50, 50, 50, 50, 50, 50, 50, 50, 50, 50, 50, 50]

Generation 57
Average: 0.8938 Best: 0.9174
Best Individual: 
C0 18|26|31|2|14|12|20|25|23|6|30|27|0|33|8|4|29|9|13|21|16|22|17|7|19|24|3|11|1|15|5|28|32|10|
Overall Best: 0.9259 Generation: 9
length: 34.0
feature_occurency: [50, 50, 50, 50, 50, 50, 50, 50, 50, 50, 50, 50, 50, 50, 50, 50, 50, 50, 50, 50, 50, 50, 50, 50, 50, 50, 50, 50, 50, 50, 50, 50, 50, 50]

Generation 58
Average: 0.8917 Best: 0.9174
Best Individual: 
C0 5|26|32|7|15|24|27|25|11|12|6|14|19|0|8|23|4|10|2|21|16|20|13|17|33|3|9|18|1|30|28|29|22|31|
Overall Best: 0.9259 Generation: 9
length: 34.0
feature_occurency: [50, 50, 50, 50, 50, 50, 50, 50, 50, 50, 50, 50, 50, 50, 50, 50, 50, 50, 50, 50, 50, 50, 50, 50, 50, 50, 50, 50, 50, 50, 50, 50, 50, 50]

Generation 59
Average: 0.8924 Best: 0.9202
Best Individual: 
C0 13|1|11|32|6|0|4|20|12|19|33|7|23|27|8|2|21|22|3|10|29|28|25|18|24|15|14|16|26|9|5|31|30|17|
Overall Best: 0.9259 Generation: 9
length: 34.0
feature_occurency: [50, 50, 50, 50, 50, 50, 50, 50, 50, 50, 50, 50, 50, 50, 50, 50, 50, 50, 50, 50, 50, 50, 50, 50, 50, 50, 50, 50, 50, 50, 50, 50, 50, 50]

Generation 60
Average: 0.8918 Best: 0.9174
Best Individual: 
C0 12|32|5|33|10|26|2|22|0|20|6|4|27|7|15|14|28|21|25|9|16|30|29|17|8|13|19|1|18|11|24|3|31|23|
Overall Best: 0.9259 Generation: 9
length: 34.0
feature_occurency: [50, 50, 50, 50, 50, 50, 50, 50, 50, 50, 50, 50, 50, 50, 50, 50, 50, 50, 50, 50, 50, 50, 50, 50, 50, 50, 50, 50, 50, 50, 50, 50, 50, 50]

Generation 61
Average: 0.8922 Best: 0.9202
Best Individual: 
C0 7|32|31|26|4|2|27|25|29|12|6|14|19|0|11|16|15|10|24|23|21|20|18|17|33|3|9|13|1|30|28|8|22|5|
Overall Best: 0.9259 Generation: 9
length: 34.0
feature_occurency: [50, 50, 50, 50, 50, 50, 50, 50, 50, 50, 50, 50, 50, 50, 50, 50, 50, 50, 50, 50, 50, 50, 50, 50, 50, 50, 50, 50, 50, 50, 50, 50, 50, 50]

Generation 62
Average: 0.8895 Best: 0.9145
Best Individual: 
C0 26|7|33|32|6|4|13|0|1|17|11|24|19|21|23|2|27|18|3|10|29|14|25|22|28|15|20|16|9|12|5|31|30|8|
Overall Best: 0.9259 Generation: 9
length: 34.0
feature_occurency: [50, 50, 50, 50, 50, 50, 50, 50, 50, 50, 50, 50, 50, 50, 50, 50, 50, 50, 50, 50, 50, 50, 50, 50, 50, 50, 50, 50, 50, 50, 50, 50, 50, 50]

Generation 63
Average: 0.8900 Best: 0.9174
Best Individual: 
C0 1|24|31|6|5|4|20|11|27|23|33|17|19|0|28|14|30|2|29|18|12|22|16|7|10|3|26|9|15|21|8|32|13|25|
Overall Best: 0.9259 Generation: 9
length: 34.0
feature_occurency: [50, 50, 50, 50, 50, 50, 50, 50, 50, 50, 50, 50, 50, 50, 50, 50, 50, 50, 50, 50, 50, 50, 50, 50, 50, 50, 50, 50, 50, 50, 50, 50, 50, 50]

Generation 64
Average: 0.8898 Best: 0.9117
Best Individual: 
C0 30|29|19|2|1|12|20|23|25|22|26|10|16|33|14|32|4|9|13|31|28|6|11|24|27|0|3|5|21|17|7|8|15|18|
Overall Best: 0.9259 Generation: 9
length: 34.0
feature_occurency: [50, 50, 50, 50, 50, 50, 50, 50, 50, 50, 50, 50, 50, 50, 50, 50, 50, 50, 50, 50, 50, 50, 50, 50, 50, 50, 50, 50, 50, 50, 50, 50, 50, 50]

Generation 65
Average: 0.8877 Best: 0.9174
Best Individual: 
C0 20|1|0|33|8|17|13|32|26|4|11|24|19|21|23|2|7|18|3|14|29|27|12|22|28|25|30|10|16|6|15|5|31|9|
Overall Best: 0.9259 Generation: 9
length: 34.0
feature_occurency: [50, 50, 50, 50, 50, 50, 50, 50, 50, 50, 50, 50, 50, 50, 50, 50, 50, 50, 50, 50, 50, 50, 50, 50, 50, 50, 50, 50, 50, 50, 50, 50, 50, 50]

Generation 66
Average: 0.8888 Best: 0.9088
Best Individual: 
C0 14|1|0|33|8|17|10|32|26|4|11|24|5|21|23|2|7|18|3|20|16|27|12|22|28|25|30|13|29|6|15|19|31|9|
Overall Best: 0.9259 Generation: 9
length: 34.0
feature_occurency: [50, 50, 50, 50, 50, 50, 50, 50, 50, 50, 50, 50, 50, 50, 50, 50, 50, 50, 50, 50, 50, 50, 50, 50, 50, 50, 50, 50, 50, 50, 50, 50, 50, 50]

Generation 67
Average: 0.8887 Best: 0.9117
Best Individual: 
C0 26|19|20|4|22|21|9|8|15|23|30|14|17|2|6|33|3|0|32|1|16|28|31|29|18|11|10|12|5|25|7|13|27|24|
Overall Best: 0.9259 Generation: 9
length: 34.0
feature_occurency: [50, 50, 50, 50, 50, 50, 50, 50, 50, 50, 50, 50, 50, 50, 50, 50, 50, 50, 50, 50, 50, 50, 50, 50, 50, 50, 50, 50, 50, 50, 50, 50, 50, 50]

Generation 68
Average: 0.8910 Best: 0.9174
Best Individual: 
C0 26|24|14|7|20|19|33|0|12|25|4|2|23|5|1|8|27|32|13|30|29|3|11|9|6|18|22|17|28|16|10|31|21|15|
Overall Best: 0.9259 Generation: 9
length: 34.0
feature_occurency: [50, 50, 50, 50, 50, 50, 50, 50, 50, 50, 50, 50, 50, 50, 50, 50, 50, 50, 50, 50, 50, 50, 50, 50, 50, 50, 50, 50, 50, 50, 50, 50, 50, 50]

Generation 69
Average: 0.8918 Best: 0.9145
Best Individual: 
C0 26|19|20|4|22|21|9|8|15|23|30|14|17|2|33|6|0|32|25|31|16|28|1|29|18|11|10|12|5|24|13|27|7|3|
Overall Best: 0.9259 Generation: 9
length: 34.0
feature_occurency: [50, 50, 50, 50, 50, 50, 50, 50, 50, 50, 50, 50, 50, 50, 50, 50, 50, 50, 50, 50, 50, 50, 50, 50, 50, 50, 50, 50, 50, 50, 50, 50, 50, 50]

Generation 70
Average: 0.8920 Best: 0.9174
Best Individual: 
C0 8|24|14|15|20|16|33|1|12|5|0|2|19|17|4|22|7|18|3|25|23|26|6|28|10|21|27|29|11|13|9|30|31|32|
Overall Best: 0.9259 Generation: 9
length: 34.0
feature_occurency: [50, 50, 50, 50, 50, 50, 50, 50, 50, 50, 50, 50, 50, 50, 50, 50, 50, 50, 50, 50, 50, 50, 50, 50, 50, 50, 50, 50, 50, 50, 50, 50, 50, 50]

Generation 71
Average: 0.8899 Best: 0.9145
Best Individual: 
C0 1|3|25|28|27|20|22|14|33|4|19|26|24|7|15|6|23|16|32|18|2|9|5|30|10|13|17|12|29|8|0|11|21|31|
Overall Best: 0.9259 Generation: 9
length: 34.0
feature_occurency: [50, 50, 50, 50, 50, 50, 50, 50, 50, 50, 50, 50, 50, 50, 50, 50, 50, 50, 50, 50, 50, 50, 50, 50, 50, 50, 50, 50, 50, 50, 50, 50, 50, 50]

Generation 72
Average: 0.8921 Best: 0.9145
Best Individual: 
C0 21|4|33|22|15|24|20|0|8|9|23|19|3|13|2|1|12|27|25|28|30|29|31|26|7|16|14|32|10|6|17|11|18|5|
Overall Best: 0.9259 Generation: 9
length: 34.0
feature_occurency: [50, 50, 50, 50, 50, 50, 50, 50, 50, 50, 50, 50, 50, 50, 50, 50, 50, 50, 50, 50, 50, 50, 50, 50, 50, 50, 50, 50, 50, 50, 50, 50, 50, 50]

Generation 73
Average: 0.8889 Best: 0.9117
Best Individual: 
C0 15|1|4|23|11|20|32|3|18|8|0|6|19|33|24|14|27|22|25|26|17|29|31|2|9|16|21|5|10|30|28|13|7|12|
Overall Best: 0.9259 Generation: 9
length: 34.0
feature_occurency: [50, 50, 50, 50, 50, 50, 50, 50, 50, 50, 50, 50, 50, 50, 50, 50, 50, 50, 50, 50, 50, 50, 50, 50, 50, 50, 50, 50, 50, 50, 50, 50, 50, 50]

Generation 74
Average: 0.8891 Best: 0.9145
Best Individual: 
C0 5|31|26|11|29|20|12|14|2|6|1|10|33|24|23|18|7|25|3|32|16|22|27|17|28|4|0|13|21|19|15|8|30|9|
Overall Best: 0.9259 Generation: 9
length: 34.0
feature_occurency: [50, 50, 50, 50, 50, 50, 50, 50, 50, 50, 50, 50, 50, 50, 50, 50, 50, 50, 50, 50, 50, 50, 50, 50, 50, 50, 50, 50, 50, 50, 50, 50, 50, 50]

Generation 75
Average: 0.8862 Best: 0.9088
Best Individual: 
C0 20|17|19|26|3|8|21|14|4|6|2|23|0|5|24|10|7|22|16|18|29|31|12|13|15|11|9|30|32|28|33|1|25|27|
Overall Best: 0.9259 Generation: 9
length: 34.0
feature_occurency: [50, 50, 50, 50, 50, 50, 50, 50, 50, 50, 50, 50, 50, 50, 50, 50, 50, 50, 50, 50, 50, 50, 50, 50, 50, 50, 50, 50, 50, 50, 50, 50, 50, 50]

Generation 76
Average: 0.8876 Best: 0.9145
Best Individual: 
C0 20|33|5|17|11|4|27|22|14|32|29|23|0|19|24|3|7|13|16|18|2|31|12|8|15|26|9|30|6|28|10|1|25|21|
Overall Best: 0.9259 Generation: 9
length: 34.0
feature_occurency: [50, 50, 50, 50, 50, 50, 50, 50, 50, 50, 50, 50, 50, 50, 50, 50, 50, 50, 50, 50, 50, 50, 50, 50, 50, 50, 50, 50, 50, 50, 50, 50, 50, 50]

Generation 77
Average: 0.8874 Best: 0.9088
Best Individual: 
C0 33|0|5|11|15|27|30|23|2|9|29|14|31|1|17|26|4|13|16|7|3|32|24|19|20|28|12|8|6|18|21|22|10|25|
Overall Best: 0.9259 Generation: 9
length: 34.0
feature_occurency: [50, 50, 50, 50, 50, 50, 50, 50, 50, 50, 50, 50, 50, 50, 50, 50, 50, 50, 50, 50, 50, 50, 50, 50, 50, 50, 50, 50, 50, 50, 50, 50, 50, 50]

Generation 78
Average: 0.8895 Best: 0.9145
Best Individual: 
C0 10|28|0|2|11|17|30|4|22|33|14|19|6|23|18|26|3|29|5|16|20|32|24|1|27|8|13|9|12|21|7|31|25|15|
Overall Best: 0.9259 Generation: 9
length: 34.0
feature_occurency: [50, 50, 50, 50, 50, 50, 50, 50, 50, 50, 50, 50, 50, 50, 50, 50, 50, 50, 50, 50, 50, 50, 50, 50, 50, 50, 50, 50, 50, 50, 50, 50, 50, 50]

Generation 79
Average: 0.8913 Best: 0.9174
Best Individual: 
C0 1|25|26|6|4|20|18|32|2|17|12|19|28|14|10|23|30|24|22|8|3|0|27|11|16|31|29|9|5|15|13|21|7|33|
Overall Best: 0.9259 Generation: 9
length: 34.0
feature_occurency: [50, 50, 50, 50, 50, 50, 50, 50, 50, 50, 50, 50, 50, 50, 50, 50, 50, 50, 50, 50, 50, 50, 50, 50, 50, 50, 50, 50, 50, 50, 50, 50, 50, 50]

Generation 80
Average: 0.8901 Best: 0.9174
Best Individual: 
C0 1|25|26|6|4|20|18|32|2|17|12|19|28|14|10|23|30|24|22|8|3|0|31|11|16|27|29|9|5|15|13|21|7|33|
Overall Best: 0.9259 Generation: 9
length: 34.0
feature_occurency: [50, 50, 50, 50, 50, 50, 50, 50, 50, 50, 50, 50, 50, 50, 50, 50, 50, 50, 50, 50, 50, 50, 50, 50, 50, 50, 50, 50, 50, 50, 50, 50, 50, 50]

Generation 81
Average: 0.8872 Best: 0.9174
Best Individual: 
C0 1|2|26|6|4|8|18|32|25|17|12|19|28|10|14|23|30|24|22|20|3|0|31|11|16|27|29|9|5|15|13|21|7|33|
Overall Best: 0.9259 Generation: 9
length: 34.0
feature_occurency: [50, 50, 50, 50, 50, 50, 50, 50, 50, 50, 50, 50, 50, 50, 50, 50, 50, 50, 50, 50, 50, 50, 50, 50, 50, 50, 50, 50, 50, 50, 50, 50, 50, 50]

Generation 82
Average: 0.8893 Best: 0.9145
Best Individual: 
C0 25|19|13|23|27|1|28|24|4|29|33|3|2|12|14|22|20|11|32|5|21|0|10|8|18|31|26|15|16|9|17|6|30|7|
Overall Best: 0.9259 Generation: 9
length: 34.0
feature_occurency: [50, 50, 50, 50, 50, 50, 50, 50, 50, 50, 50, 50, 50, 50, 50, 50, 50, 50, 50, 50, 50, 50, 50, 50, 50, 50, 50, 50, 50, 50, 50, 50, 50, 50]

Generation 83
Average: 0.8900 Best: 0.9202
Best Individual: 
C0 16|20|18|33|0|26|30|21|12|19|23|27|28|14|6|4|3|29|5|8|9|31|25|32|1|7|15|11|13|22|2|17|10|24|
Overall Best: 0.9259 Generation: 9
length: 34.0
feature_occurency: [50, 50, 50, 50, 50, 50, 50, 50, 50, 50, 50, 50, 50, 50, 50, 50, 50, 50, 50, 50, 50, 50, 50, 50, 50, 50, 50, 50, 50, 50, 50, 50, 50, 50]

Generation 84
Average: 0.8878 Best: 0.9145
Best Individual: 
C0 1|16|2|4|11|12|14|20|33|23|22|6|19|5|26|27|0|32|30|29|28|24|10|8|18|31|25|15|3|9|17|21|7|13|
Overall Best: 0.9259 Generation: 9
length: 34.0
feature_occurency: [50, 50, 50, 50, 50, 50, 50, 50, 50, 50, 50, 50, 50, 50, 50, 50, 50, 50, 50, 50, 50, 50, 50, 50, 50, 50, 50, 50, 50, 50, 50, 50, 50, 50]

Generation 85
Average: 0.8917 Best: 0.9145
Best Individual: 
C0 18|26|6|0|1|29|12|19|2|22|23|27|3|20|11|4|24|15|25|16|21|13|10|31|7|28|33|5|8|9|30|14|32|17|
Overall Best: 0.9259 Generation: 9
length: 34.0
feature_occurency: [50, 50, 50, 50, 50, 50, 50, 50, 50, 50, 50, 50, 50, 50, 50, 50, 50, 50, 50, 50, 50, 50, 50, 50, 50, 50, 50, 50, 50, 50, 50, 50, 50, 50]

Generation 86
Average: 0.8928 Best: 0.9231
Best Individual: 
C0 15|20|23|14|0|6|8|27|11|4|19|17|22|21|26|33|18|29|5|3|7|31|25|32|1|12|16|28|13|9|2|30|10|24|
Overall Best: 0.9259 Generation: 9
length: 34.0
feature_occurency: [50, 50, 50, 50, 50, 50, 50, 50, 50, 50, 50, 50, 50, 50, 50, 50, 50, 50, 50, 50, 50, 50, 50, 50, 50, 50, 50, 50, 50, 50, 50, 50, 50, 50]

Generation 87
Average: 0.8907 Best: 0.9145
Best Individual: 
C0 24|16|18|33|0|26|30|21|12|20|6|27|28|14|23|4|3|29|5|25|9|31|8|32|1|7|15|11|13|22|2|17|10|19|
Overall Best: 0.9259 Generation: 9
length: 34.0
feature_occurency: [50, 50, 50, 50, 50, 50, 50, 50, 50, 50, 50, 50, 50, 50, 50, 50, 50, 50, 50, 50, 50, 50, 50, 50, 50, 50, 50, 50, 50, 50, 50, 50, 50, 50]

Generation 88
Average: 0.8876 Best: 0.9174
Best Individual: 
C0 24|32|18|19|0|29|30|15|6|28|23|27|8|26|12|4|3|13|5|33|11|16|25|31|1|7|21|14|9|22|2|17|10|20|
Overall Best: 0.9259 Generation: 9
length: 34.0
feature_occurency: [50, 50, 50, 50, 50, 50, 50, 50, 50, 50, 50, 50, 50, 50, 50, 50, 50, 50, 50, 50, 50, 50, 50, 50, 50, 50, 50, 50, 50, 50, 50, 50, 50, 50]

Generation 89
Average: 0.8868 Best: 0.9117
Best Individual: 
C0 0|22|31|25|15|26|30|27|4|33|23|21|2|17|6|12|3|32|7|10|9|1|20|28|8|18|24|16|29|13|5|14|19|11|
Overall Best: 0.9259 Generation: 9
length: 34.0
feature_occurency: [50, 50, 50, 50, 50, 50, 50, 50, 50, 50, 50, 50, 50, 50, 50, 50, 50, 50, 50, 50, 50, 50, 50, 50, 50, 50, 50, 50, 50, 50, 50, 50, 50, 50]

Generation 90
Average: 0.8888 Best: 0.9117
Best Individual: 
C0 1|17|32|11|0|26|21|28|14|20|23|13|30|12|27|4|33|29|22|25|16|31|19|2|8|15|6|5|24|18|9|10|3|7|
Overall Best: 0.9259 Generation: 9
length: 34.0
feature_occurency: [50, 50, 50, 50, 50, 50, 50, 50, 50, 50, 50, 50, 50, 50, 50, 50, 50, 50, 50, 50, 50, 50, 50, 50, 50, 50, 50, 50, 50, 50, 50, 50, 50, 50]

Generation 91
Average: 0.8918 Best: 0.9259
Best Individual: 
C0 24|20|30|18|4|14|2|23|6|15|10|27|19|26|12|28|3|31|5|8|11|13|32|16|1|29|25|17|9|22|21|33|0|7|
Overall Best: 0.9259 Generation: 9
length: 34.0
feature_occurency: [50, 50, 50, 50, 50, 50, 50, 50, 50, 50, 50, 50, 50, 50, 50, 50, 50, 50, 50, 50, 50, 50, 50, 50, 50, 50, 50, 50, 50, 50, 50, 50, 50, 50]

Generation 92
Average: 0.8891 Best: 0.9231
Best Individual: 
C0 32|16|27|14|19|29|22|8|21|20|33|0|15|23|12|4|3|13|24|5|11|30|26|6|10|31|18|9|2|25|17|28|7|1|
Overall Best: 0.9259 Generation: 9
length: 34.0
feature_occurency: [50, 50, 50, 50, 50, 50, 50, 50, 50, 50, 50, 50, 50, 50, 50, 50, 50, 50, 50, 50, 50, 50, 50, 50, 50, 50, 50, 50, 50, 50, 50, 50, 50, 50]

Generation 93
Average: 0.8893 Best: 0.9145
Best Individual: 
C0 32|16|27|14|19|29|25|8|21|20|33|0|15|23|12|4|3|13|24|9|11|30|26|6|10|31|18|5|2|22|17|28|7|1|
Overall Best: 0.9259 Generation: 9
length: 34.0
feature_occurency: [50, 50, 50, 50, 50, 50, 50, 50, 50, 50, 50, 50, 50, 50, 50, 50, 50, 50, 50, 50, 50, 50, 50, 50, 50, 50, 50, 50, 50, 50, 50, 50, 50, 50]

Generation 94
Average: 0.8883 Best: 0.9060
Best Individual: 
C0 17|10|1|4|29|18|33|19|20|26|21|0|15|23|12|14|6|32|11|5|8|16|27|31|28|7|30|2|3|22|9|24|13|25|
Overall Best: 0.9259 Generation: 9
length: 34.0
feature_occurency: [50, 50, 50, 50, 50, 50, 50, 50, 50, 50, 50, 50, 50, 50, 50, 50, 50, 50, 50, 50, 50, 50, 50, 50, 50, 50, 50, 50, 50, 50, 50, 50, 50, 50]

Generation 95
Average: 0.8887 Best: 0.9145
Best Individual: 
C0 17|10|16|4|29|18|0|19|20|26|8|33|15|23|12|14|5|32|11|6|21|1|2|9|28|7|30|27|3|22|31|24|13|25|
Overall Best: 0.9259 Generation: 9
length: 34.0
feature_occurency: [50, 50, 50, 50, 50, 50, 50, 50, 50, 50, 50, 50, 50, 50, 50, 50, 50, 50, 50, 50, 50, 50, 50, 50, 50, 50, 50, 50, 50, 50, 50, 50, 50, 50]

Generation 96
Average: 0.8881 Best: 0.9088
Best Individual: 
C0 32|29|0|19|23|4|27|8|22|33|25|14|26|21|20|9|5|30|7|16|3|13|28|15|18|31|10|12|2|11|6|24|17|1|
Overall Best: 0.9259 Generation: 9
length: 34.0
feature_occurency: [50, 50, 50, 50, 50, 50, 50, 50, 50, 50, 50, 50, 50, 50, 50, 50, 50, 50, 50, 50, 50, 50, 50, 50, 50, 50, 50, 50, 50, 50, 50, 50, 50, 50]

Generation 97
Average: 0.8889 Best: 0.9145
Best Individual: 
C0 24|15|4|31|25|1|0|23|29|26|14|3|7|21|6|33|12|5|18|32|11|13|8|10|27|30|28|19|9|16|17|20|22|2|
Overall Best: 0.9259 Generation: 9
length: 34.0
feature_occurency: [50, 50, 50, 50, 50, 50, 50, 50, 50, 50, 50, 50, 50, 50, 50, 50, 50, 50, 50, 50, 50, 50, 50, 50, 50, 50, 50, 50, 50, 50, 50, 50, 50, 50]

Generation 98
Average: 0.8892 Best: 0.9145
Best Individual: 
C0 4|17|24|15|26|31|21|7|14|19|23|12|18|20|6|0|22|27|13|16|9|8|25|33|10|3|29|5|2|28|11|1|32|30|
Overall Best: 0.9259 Generation: 9
length: 34.0
feature_occurency: [50, 50, 50, 50, 50, 50, 50, 50, 50, 50, 50, 50, 50, 50, 50, 50, 50, 50, 50, 50, 50, 50, 50, 50, 50, 50, 50, 50, 50, 50, 50, 50, 50, 50]

Generation 99
Average: 0.8884 Best: 0.9117
Best Individual: 
C0 30|7|15|26|23|11|33|1|27|4|14|3|24|32|19|6|0|20|13|16|9|8|25|21|10|2|29|18|5|12|31|17|22|28|
Overall Best: 0.9259 Generation: 9
==================
    Best individual after 100 generations
    computed in 112.7320 seconds
    325 elements out of 351 correct.
    emerged in generation 9
    with fitness 0.9259
==================

16|10|25|12|29|4|26|27|14|20|19|2|9|33|6|23|18|13|3|28|32|22|31|5|0|30|7|24|1|11|15|8|21|17|
