Starting evolution...
length: 34.0
feature_occurency: [50, 50, 50, 50, 50, 50, 50, 50, 50, 50, 50, 50, 50, 50, 50, 50, 50, 50, 50, 50, 50, 50, 50, 50, 50, 50, 50, 50, 50, 50, 50, 50, 50, 50]

Generation 0
Average: 0.8690 Best: 0.8889
Best Individual: 
C0 0|1|2|3|4|29|27|16|20|31|13|9|12|14|11|10|25|17|18|19|8|30|5|15|32|21|26|6|23|22|7|28|24|33|
Overall Best: 0.8889 Generation: 0
length: 34.0
feature_occurency: [50, 50, 50, 50, 50, 50, 50, 50, 50, 50, 50, 50, 50, 50, 50, 50, 50, 50, 50, 50, 50, 50, 50, 50, 50, 50, 50, 50, 50, 50, 50, 50, 50, 50]

Generation 1
Average: 0.8726 Best: 0.8860
Best Individual: 
C0 0|1|17|3|4|5|6|31|20|33|14|11|13|30|9|15|12|28|2|19|22|32|7|23|25|27|26|24|18|29|16|8|21|10|
Overall Best: 0.8889 Generation: 0
length: 34.0
feature_occurency: [50, 50, 50, 50, 50, 50, 50, 50, 50, 50, 50, 50, 50, 50, 50, 50, 50, 50, 50, 50, 50, 50, 50, 50, 50, 50, 50, 50, 50, 50, 50, 50, 50, 50]

Generation 2
Average: 0.8723 Best: 0.8860
Best Individual: 
C0 22|1|28|3|32|33|6|12|27|7|10|0|25|23|14|15|5|17|18|26|24|4|8|11|19|29|20|9|2|31|16|13|21|30|
Overall Best: 0.8889 Generation: 0
length: 34.0
feature_occurency: [50, 50, 50, 50, 50, 50, 50, 50, 50, 50, 50, 50, 50, 50, 50, 50, 50, 50, 50, 50, 50, 50, 50, 50, 50, 50, 50, 50, 50, 50, 50, 50, 50, 50]

Generation 3
Average: 0.8747 Best: 0.8889
Best Individual: 
C0 11|1|3|7|14|29|10|33|23|2|6|0|25|13|20|22|19|27|8|18|28|9|4|12|31|5|24|16|17|26|30|15|32|21|
Overall Best: 0.8889 Generation: 0
length: 34.0
feature_occurency: [50, 50, 50, 50, 50, 50, 50, 50, 50, 50, 50, 50, 50, 50, 50, 50, 50, 50, 50, 50, 50, 50, 50, 50, 50, 50, 50, 50, 50, 50, 50, 50, 50, 50]

Generation 4
Average: 0.8749 Best: 0.8889
Best Individual: 
C0 11|1|31|26|14|29|10|6|23|16|33|0|25|2|3|7|19|27|8|18|28|9|4|12|20|5|24|13|17|22|30|15|32|21|
Overall Best: 0.8889 Generation: 0
length: 34.0
feature_occurency: [50, 50, 50, 50, 50, 50, 50, 50, 50, 50, 50, 50, 50, 50, 50, 50, 50, 50, 50, 50, 50, 50, 50, 50, 50, 50, 50, 50, 50, 50, 50, 50, 50, 50]

Generation 5
Average: 0.8747 Best: 0.8889
Best Individual: 
C0 33|25|1|22|18|31|6|15|23|2|21|11|24|13|16|3|5|4|8|12|29|9|17|28|30|0|26|14|19|27|7|10|32|20|
Overall Best: 0.8889 Generation: 0
length: 34.0
feature_occurency: [50, 50, 50, 50, 50, 50, 50, 50, 50, 50, 50, 50, 50, 50, 50, 50, 50, 50, 50, 50, 50, 50, 50, 50, 50, 50, 50, 50, 50, 50, 50, 50, 50, 50]

Generation 6
Average: 0.8761 Best: 0.8946
Best Individual: 
C0 10|8|33|11|6|9|13|19|20|1|0|32|12|15|17|4|23|28|3|24|27|30|18|5|14|25|26|31|29|7|21|2|16|22|
Overall Best: 0.8946 Generation: 6
length: 34.0
feature_occurency: [50, 50, 50, 50, 50, 50, 50, 50, 50, 50, 50, 50, 50, 50, 50, 50, 50, 50, 50, 50, 50, 50, 50, 50, 50, 50, 50, 50, 50, 50, 50, 50, 50, 50]

Generation 7
Average: 0.8774 Best: 0.8946
Best Individual: 
C0 10|5|33|11|17|9|13|19|20|1|23|32|12|15|6|4|0|28|3|24|27|30|18|8|14|25|26|31|29|7|21|2|16|22|
Overall Best: 0.8946 Generation: 6
length: 34.0
feature_occurency: [50, 50, 50, 50, 50, 50, 50, 50, 50, 50, 50, 50, 50, 50, 50, 50, 50, 50, 50, 50, 50, 50, 50, 50, 50, 50, 50, 50, 50, 50, 50, 50, 50, 50]

Generation 8
Average: 0.8779 Best: 0.8946
Best Individual: 
C0 10|5|33|11|17|9|13|19|20|1|23|32|12|15|6|4|0|28|3|24|27|30|18|8|14|25|26|31|29|7|21|2|16|22|
Overall Best: 0.8946 Generation: 6
length: 34.0
feature_occurency: [50, 50, 50, 50, 50, 50, 50, 50, 50, 50, 50, 50, 50, 50, 50, 50, 50, 50, 50, 50, 50, 50, 50, 50, 50, 50, 50, 50, 50, 50, 50, 50, 50, 50]

Generation 9
Average: 0.8778 Best: 0.8946
Best Individual: 
C0 10|5|33|11|17|9|13|6|20|1|23|32|12|15|19|4|0|28|3|24|30|27|18|8|14|25|26|31|29|7|21|2|16|22|
Overall Best: 0.8946 Generation: 6
length: 34.0
feature_occurency: [50, 50, 50, 50, 50, 50, 50, 50, 50, 50, 50, 50, 50, 50, 50, 50, 50, 50, 50, 50, 50, 50, 50, 50, 50, 50, 50, 50, 50, 50, 50, 50, 50, 50]

Generation 10
Average: 0.8776 Best: 0.8946
Best Individual: 
C0 28|11|23|33|6|9|24|19|20|1|26|32|4|10|17|12|13|15|8|27|25|31|18|30|14|3|0|7|29|5|21|2|16|22|
Overall Best: 0.8946 Generation: 6
length: 34.0
feature_occurency: [50, 50, 50, 50, 50, 50, 50, 50, 50, 50, 50, 50, 50, 50, 50, 50, 50, 50, 50, 50, 50, 50, 50, 50, 50, 50, 50, 50, 50, 50, 50, 50, 50, 50]

Generation 11
Average: 0.8778 Best: 0.8946
Best Individual: 
C0 28|11|23|33|6|10|24|19|20|1|26|32|4|9|17|12|13|15|8|27|25|31|18|30|14|3|0|7|29|5|21|2|16|22|
Overall Best: 0.8946 Generation: 6
length: 34.0
feature_occurency: [50, 50, 50, 50, 50, 50, 50, 50, 50, 50, 50, 50, 50, 50, 50, 50, 50, 50, 50, 50, 50, 50, 50, 50, 50, 50, 50, 50, 50, 50, 50, 50, 50, 50]

Generation 12
Average: 0.8767 Best: 0.8946
Best Individual: 
C0 11|24|27|26|30|15|13|20|1|17|33|23|31|9|6|18|7|28|3|32|5|8|4|19|10|12|14|2|29|0|21|25|16|22|
Overall Best: 0.8946 Generation: 6
length: 34.0
feature_occurency: [50, 50, 50, 50, 50, 50, 50, 50, 50, 50, 50, 50, 50, 50, 50, 50, 50, 50, 50, 50, 50, 50, 50, 50, 50, 50, 50, 50, 50, 50, 50, 50, 50, 50]

Generation 13
Average: 0.8784 Best: 0.8946
Best Individual: 
C0 30|20|16|0|8|15|17|5|18|23|7|32|1|13|28|3|27|4|2|26|19|11|12|6|29|31|25|14|33|21|24|10|9|22|
Overall Best: 0.8946 Generation: 6
length: 34.0
feature_occurency: [50, 50, 50, 50, 50, 50, 50, 50, 50, 50, 50, 50, 50, 50, 50, 50, 50, 50, 50, 50, 50, 50, 50, 50, 50, 50, 50, 50, 50, 50, 50, 50, 50, 50]

Generation 14
Average: 0.8783 Best: 0.8917
Best Individual: 
C0 1|17|10|23|21|8|18|9|16|12|14|11|20|25|6|26|33|28|3|32|27|19|4|22|13|29|5|31|0|2|30|7|24|15|
Overall Best: 0.8946 Generation: 6
length: 34.0
feature_occurency: [50, 50, 50, 50, 50, 50, 50, 50, 50, 50, 50, 50, 50, 50, 50, 50, 50, 50, 50, 50, 50, 50, 50, 50, 50, 50, 50, 50, 50, 50, 50, 50, 50, 50]

Generation 15
Average: 0.8773 Best: 0.8917
Best Individual: 
C0 11|27|3|32|6|28|21|20|17|23|33|14|26|25|19|12|10|9|18|24|15|1|4|22|13|29|5|31|0|2|30|7|8|16|
Overall Best: 0.8946 Generation: 6
length: 34.0
feature_occurency: [50, 50, 50, 50, 50, 50, 50, 50, 50, 50, 50, 50, 50, 50, 50, 50, 50, 50, 50, 50, 50, 50, 50, 50, 50, 50, 50, 50, 50, 50, 50, 50, 50, 50]

Generation 16
Average: 0.8793 Best: 0.8946
Best Individual: 
C0 33|6|0|15|10|13|21|19|25|11|9|32|4|18|14|5|23|1|28|20|31|27|12|2|30|29|26|24|3|8|17|22|7|16|
Overall Best: 0.8946 Generation: 6
length: 34.0
feature_occurency: [50, 50, 50, 50, 50, 50, 50, 50, 50, 50, 50, 50, 50, 50, 50, 50, 50, 50, 50, 50, 50, 50, 50, 50, 50, 50, 50, 50, 50, 50, 50, 50, 50, 50]

Generation 17
Average: 0.8774 Best: 0.8946
Best Individual: 
C0 33|6|3|15|10|13|21|19|25|11|9|32|4|18|14|5|23|1|28|20|31|27|12|2|30|29|26|24|0|8|17|22|7|16|
Overall Best: 0.8946 Generation: 6
length: 34.0
feature_occurency: [50, 50, 50, 50, 50, 50, 50, 50, 50, 50, 50, 50, 50, 50, 50, 50, 50, 50, 50, 50, 50, 50, 50, 50, 50, 50, 50, 50, 50, 50, 50, 50, 50, 50]

Generation 18
Average: 0.8793 Best: 0.8946
Best Individual: 
C0 33|6|10|15|3|13|21|19|26|11|9|32|4|18|14|5|23|1|28|20|31|27|12|2|30|29|25|24|0|8|7|22|16|17|
Overall Best: 0.8946 Generation: 6
length: 34.0
feature_occurency: [50, 50, 50, 50, 50, 50, 50, 50, 50, 50, 50, 50, 50, 50, 50, 50, 50, 50, 50, 50, 50, 50, 50, 50, 50, 50, 50, 50, 50, 50, 50, 50, 50, 50]

Generation 19
Average: 0.8799 Best: 0.8946
Best Individual: 
C0 33|3|19|0|30|4|6|27|20|14|26|32|9|18|28|5|23|24|21|25|31|10|12|2|8|1|29|13|11|15|22|7|16|17|
Overall Best: 0.8946 Generation: 6
length: 34.0
feature_occurency: [50, 50, 50, 50, 50, 50, 50, 50, 50, 50, 50, 50, 50, 50, 50, 50, 50, 50, 50, 50, 50, 50, 50, 50, 50, 50, 50, 50, 50, 50, 50, 50, 50, 50]

Generation 20
Average: 0.8803 Best: 0.8974
Best Individual: 
C0 30|1|14|20|10|26|21|29|3|28|9|8|4|19|18|5|13|6|11|15|25|17|12|31|2|24|27|23|33|32|7|22|0|16|
Overall Best: 0.8974 Generation: 20
length: 34.0
feature_occurency: [50, 50, 50, 50, 50, 50, 50, 50, 50, 50, 50, 50, 50, 50, 50, 50, 50, 50, 50, 50, 50, 50, 50, 50, 50, 50, 50, 50, 50, 50, 50, 50, 50, 50]

Generation 21
Average: 0.8795 Best: 0.8974
Best Individual: 
C0 12|33|11|4|14|19|18|13|25|20|9|32|15|21|16|5|1|30|28|0|6|17|29|31|27|2|23|3|26|22|8|7|24|10|
Overall Best: 0.8974 Generation: 20
length: 34.0
feature_occurency: [50, 50, 50, 50, 50, 50, 50, 50, 50, 50, 50, 50, 50, 50, 50, 50, 50, 50, 50, 50, 50, 50, 50, 50, 50, 50, 50, 50, 50, 50, 50, 50, 50, 50]

Generation 22
Average: 0.8783 Best: 0.8974
Best Individual: 
C0 12|4|11|33|14|19|18|13|25|20|9|32|29|21|16|5|1|30|28|0|6|17|27|31|15|2|23|3|26|22|8|7|24|10|
Overall Best: 0.8974 Generation: 20
length: 34.0
feature_occurency: [50, 50, 50, 50, 50, 50, 50, 50, 50, 50, 50, 50, 50, 50, 50, 50, 50, 50, 50, 50, 50, 50, 50, 50, 50, 50, 50, 50, 50, 50, 50, 50, 50, 50]

Generation 23
Average: 0.8813 Best: 0.8974
Best Individual: 
C0 29|4|11|33|14|19|2|13|25|20|9|32|0|21|16|5|1|30|28|12|6|17|27|31|15|18|23|3|26|22|8|7|24|10|
Overall Best: 0.8974 Generation: 20
length: 34.0
feature_occurency: [50, 50, 50, 50, 50, 50, 50, 50, 50, 50, 50, 50, 50, 50, 50, 50, 50, 50, 50, 50, 50, 50, 50, 50, 50, 50, 50, 50, 50, 50, 50, 50, 50, 50]

Generation 24
Average: 0.8813 Best: 0.9003
Best Individual: 
C0 3|0|1|22|33|13|23|14|9|20|6|32|4|30|25|5|18|15|21|2|8|11|12|10|28|27|19|29|26|31|24|7|17|16|
Overall Best: 0.9003 Generation: 24
length: 34.0
feature_occurency: [50, 50, 50, 50, 50, 50, 50, 50, 50, 50, 50, 50, 50, 50, 50, 50, 50, 50, 50, 50, 50, 50, 50, 50, 50, 50, 50, 50, 50, 50, 50, 50, 50, 50]

Generation 25
Average: 0.8815 Best: 0.8974
Best Individual: 
C0 25|32|9|33|14|19|2|18|29|30|11|4|21|31|16|5|1|20|28|12|6|17|27|0|15|13|23|3|26|22|8|7|24|10|
Overall Best: 0.9003 Generation: 24
length: 34.0
feature_occurency: [50, 50, 50, 50, 50, 50, 50, 50, 50, 50, 50, 50, 50, 50, 50, 50, 50, 50, 50, 50, 50, 50, 50, 50, 50, 50, 50, 50, 50, 50, 50, 50, 50, 50]

Generation 26
Average: 0.8821 Best: 0.8974
Best Individual: 
C0 25|0|9|33|13|19|2|18|29|30|11|4|21|31|16|5|1|20|28|12|6|17|27|32|15|14|23|3|26|22|8|7|24|10|
Overall Best: 0.9003 Generation: 24
length: 34.0
feature_occurency: [50, 50, 50, 50, 50, 50, 50, 50, 50, 50, 50, 50, 50, 50, 50, 50, 50, 50, 50, 50, 50, 50, 50, 50, 50, 50, 50, 50, 50, 50, 50, 50, 50, 50]

Generation 27
Average: 0.8799 Best: 0.8974
Best Individual: 
C0 9|2|13|25|20|4|30|26|1|5|24|3|28|31|33|15|0|23|29|8|27|17|11|12|18|14|21|19|6|32|7|10|22|16|
Overall Best: 0.9003 Generation: 24
length: 34.0
feature_occurency: [50, 50, 50, 50, 50, 50, 50, 50, 50, 50, 50, 50, 50, 50, 50, 50, 50, 50, 50, 50, 50, 50, 50, 50, 50, 50, 50, 50, 50, 50, 50, 50, 50, 50]

Generation 28
Average: 0.8797 Best: 0.8974
Best Individual: 
C0 3|2|4|30|5|25|14|32|1|20|24|0|23|17|29|27|18|31|26|8|15|28|11|12|9|33|21|19|6|13|16|10|22|7|
Overall Best: 0.9003 Generation: 24
length: 34.0
feature_occurency: [50, 50, 50, 50, 50, 50, 50, 50, 50, 50, 50, 50, 50, 50, 50, 50, 50, 50, 50, 50, 50, 50, 50, 50, 50, 50, 50, 50, 50, 50, 50, 50, 50, 50]

Generation 29
Average: 0.8793 Best: 0.8974
Best Individual: 
C0 20|18|26|16|9|4|12|29|3|31|13|22|23|25|19|5|1|30|33|28|32|15|21|6|2|14|27|17|0|11|7|10|24|8|
Overall Best: 0.9003 Generation: 24
length: 34.0
feature_occurency: [50, 50, 50, 50, 50, 50, 50, 50, 50, 50, 50, 50, 50, 50, 50, 50, 50, 50, 50, 50, 50, 50, 50, 50, 50, 50, 50, 50, 50, 50, 50, 50, 50, 50]

Generation 30
Average: 0.8791 Best: 0.8946
Best Individual: 
C0 33|25|32|10|5|3|11|13|9|19|30|18|0|21|24|27|15|31|4|23|1|8|29|14|22|2|12|20|6|26|7|17|28|16|
Overall Best: 0.9003 Generation: 24
length: 34.0
feature_occurency: [50, 50, 50, 50, 50, 50, 50, 50, 50, 50, 50, 50, 50, 50, 50, 50, 50, 50, 50, 50, 50, 50, 50, 50, 50, 50, 50, 50, 50, 50, 50, 50, 50, 50]

Generation 31
Average: 0.8778 Best: 0.8946
Best Individual: 
C0 32|25|33|22|30|3|11|13|9|19|5|18|10|21|24|27|15|31|29|23|1|8|4|14|0|2|12|20|6|26|7|17|28|16|
Overall Best: 0.9003 Generation: 24
length: 34.0
feature_occurency: [50, 50, 50, 50, 50, 50, 50, 50, 50, 50, 50, 50, 50, 50, 50, 50, 50, 50, 50, 50, 50, 50, 50, 50, 50, 50, 50, 50, 50, 50, 50, 50, 50, 50]

Generation 32
Average: 0.8790 Best: 0.8946
Best Individual: 
C0 0|30|28|22|12|4|11|6|1|29|24|3|8|15|32|2|18|23|20|5|27|17|31|14|33|21|25|19|26|9|7|10|13|16|
Overall Best: 0.9003 Generation: 24
length: 34.0
feature_occurency: [50, 50, 50, 50, 50, 50, 50, 50, 50, 50, 50, 50, 50, 50, 50, 50, 50, 50, 50, 50, 50, 50, 50, 50, 50, 50, 50, 50, 50, 50, 50, 50, 50, 50]

Generation 33
Average: 0.8768 Best: 0.8946
Best Individual: 
C0 31|11|12|22|5|23|8|14|17|28|0|4|3|6|18|20|30|2|1|15|27|26|24|25|7|13|29|33|19|21|16|10|32|9|
Overall Best: 0.9003 Generation: 24
length: 34.0
feature_occurency: [50, 50, 50, 50, 50, 50, 50, 50, 50, 50, 50, 50, 50, 50, 50, 50, 50, 50, 50, 50, 50, 50, 50, 50, 50, 50, 50, 50, 50, 50, 50, 50, 50, 50]

Generation 34
Average: 0.8767 Best: 0.8946
Best Individual: 
C0 32|9|33|22|20|3|6|13|31|30|0|11|8|14|19|26|15|4|29|5|1|24|25|12|10|2|21|23|18|27|7|17|28|16|
Overall Best: 0.9003 Generation: 24
length: 34.0
feature_occurency: [50, 50, 50, 50, 50, 50, 50, 50, 50, 50, 50, 50, 50, 50, 50, 50, 50, 50, 50, 50, 50, 50, 50, 50, 50, 50, 50, 50, 50, 50, 50, 50, 50, 50]

Generation 35
Average: 0.8773 Best: 0.8917
Best Individual: 
C0 1|17|33|6|30|18|11|22|5|29|24|25|8|15|27|2|21|31|19|23|9|20|4|0|14|32|12|16|13|26|7|3|28|10|
Overall Best: 0.9003 Generation: 24
length: 34.0
feature_occurency: [50, 50, 50, 50, 50, 50, 50, 50, 50, 50, 50, 50, 50, 50, 50, 50, 50, 50, 50, 50, 50, 50, 50, 50, 50, 50, 50, 50, 50, 50, 50, 50, 50, 50]

Generation 36
Average: 0.8756 Best: 0.8917
Best Individual: 
C0 9|21|14|4|5|0|28|22|31|3|15|2|32|6|26|20|30|7|1|12|27|23|18|25|24|13|29|19|11|33|17|8|10|16|
Overall Best: 0.9003 Generation: 24
length: 34.0
feature_occurency: [50, 50, 50, 50, 50, 50, 50, 50, 50, 50, 50, 50, 50, 50, 50, 50, 50, 50, 50, 50, 50, 50, 50, 50, 50, 50, 50, 50, 50, 50, 50, 50, 50, 50]

Generation 37
Average: 0.8745 Best: 0.8889
Best Individual: 
C0 22|13|29|15|27|10|12|9|18|7|3|21|6|26|14|25|20|33|31|24|23|17|2|19|4|1|11|32|28|5|8|30|0|16|
Overall Best: 0.9003 Generation: 24
length: 34.0
feature_occurency: [50, 50, 50, 50, 50, 50, 50, 50, 50, 50, 50, 50, 50, 50, 50, 50, 50, 50, 50, 50, 50, 50, 50, 50, 50, 50, 50, 50, 50, 50, 50, 50, 50, 50]

Generation 38
Average: 0.8765 Best: 0.8889
Best Individual: 
C0 12|28|2|11|15|3|9|26|10|4|27|31|13|0|19|24|23|21|22|17|18|14|7|25|6|33|1|8|5|29|20|30|32|16|
Overall Best: 0.9003 Generation: 24
length: 34.0
feature_occurency: [50, 50, 50, 50, 50, 50, 50, 50, 50, 50, 50, 50, 50, 50, 50, 50, 50, 50, 50, 50, 50, 50, 50, 50, 50, 50, 50, 50, 50, 50, 50, 50, 50, 50]

Generation 39
Average: 0.8747 Best: 0.8889
Best Individual: 
C0 12|28|2|11|15|3|9|26|10|4|27|31|13|0|19|24|17|21|22|25|1|14|8|18|6|33|23|7|5|29|20|30|32|16|
Overall Best: 0.9003 Generation: 24
length: 34.0
feature_occurency: [50, 50, 50, 50, 50, 50, 50, 50, 50, 50, 50, 50, 50, 50, 50, 50, 50, 50, 50, 50, 50, 50, 50, 50, 50, 50, 50, 50, 50, 50, 50, 50, 50, 50]

Generation 40
Average: 0.8748 Best: 0.8889
Best Individual: 
C0 25|28|2|11|13|3|9|12|10|4|27|31|15|0|19|24|17|21|22|26|1|14|8|18|6|33|23|7|5|29|20|30|32|16|
Overall Best: 0.9003 Generation: 24
length: 34.0
feature_occurency: [50, 50, 50, 50, 50, 50, 50, 50, 50, 50, 50, 50, 50, 50, 50, 50, 50, 50, 50, 50, 50, 50, 50, 50, 50, 50, 50, 50, 50, 50, 50, 50, 50, 50]

Generation 41
Average: 0.8760 Best: 0.8917
Best Individual: 
C0 25|28|2|11|13|3|9|12|10|4|33|31|15|6|19|24|23|21|22|26|27|14|8|18|0|1|17|32|5|29|20|30|7|16|
Overall Best: 0.9003 Generation: 24
length: 34.0
feature_occurency: [50, 50, 50, 50, 50, 50, 50, 50, 50, 50, 50, 50, 50, 50, 50, 50, 50, 50, 50, 50, 50, 50, 50, 50, 50, 50, 50, 50, 50, 50, 50, 50, 50, 50]

Generation 42
Average: 0.8738 Best: 0.8917
Best Individual: 
C0 21|28|2|6|23|3|9|12|7|4|33|26|20|11|19|25|13|27|10|29|24|1|14|18|0|8|17|32|5|31|15|30|22|16|
Overall Best: 0.9003 Generation: 24
length: 34.0
feature_occurency: [50, 50, 50, 50, 50, 50, 50, 50, 50, 50, 50, 50, 50, 50, 50, 50, 50, 50, 50, 50, 50, 50, 50, 50, 50, 50, 50, 50, 50, 50, 50, 50, 50, 50]

Generation 43
Average: 0.8755 Best: 0.8946
Best Individual: 
C0 15|12|18|26|29|20|1|22|8|7|9|21|28|2|14|32|25|24|6|13|0|17|3|19|4|23|33|31|11|5|27|30|10|16|
Overall Best: 0.9003 Generation: 24
length: 34.0
feature_occurency: [50, 50, 50, 50, 50, 50, 50, 50, 50, 50, 50, 50, 50, 50, 50, 50, 50, 50, 50, 50, 50, 50, 50, 50, 50, 50, 50, 50, 50, 50, 50, 50, 50, 50]

Generation 44
Average: 0.8749 Best: 0.8946
Best Individual: 
C0 22|0|17|26|15|12|1|28|8|7|9|21|29|2|14|32|25|24|6|13|20|18|3|19|4|23|33|31|11|5|27|30|10|16|
Overall Best: 0.9003 Generation: 24
length: 34.0
feature_occurency: [50, 50, 50, 50, 50, 50, 50, 50, 50, 50, 50, 50, 50, 50, 50, 50, 50, 50, 50, 50, 50, 50, 50, 50, 50, 50, 50, 50, 50, 50, 50, 50, 50, 50]

Generation 45
Average: 0.8765 Best: 0.8946
Best Individual: 
C0 18|12|17|6|0|20|1|11|27|29|5|7|24|25|14|13|33|23|22|32|3|15|9|19|31|2|10|26|4|28|8|30|21|16|
Overall Best: 0.9003 Generation: 24
length: 34.0
feature_occurency: [50, 50, 50, 50, 50, 50, 50, 50, 50, 50, 50, 50, 50, 50, 50, 50, 50, 50, 50, 50, 50, 50, 50, 50, 50, 50, 50, 50, 50, 50, 50, 50, 50, 50]

Generation 46
Average: 0.8766 Best: 0.8946
Best Individual: 
C0 21|23|2|8|5|13|12|17|9|6|33|26|20|24|19|25|31|27|14|29|0|1|32|18|15|7|30|11|28|4|3|10|22|16|
Overall Best: 0.9003 Generation: 24
length: 34.0
feature_occurency: [50, 50, 50, 50, 50, 50, 50, 50, 50, 50, 50, 50, 50, 50, 50, 50, 50, 50, 50, 50, 50, 50, 50, 50, 50, 50, 50, 50, 50, 50, 50, 50, 50, 50]

Generation 47
Average: 0.8769 Best: 0.8974
Best Individual: 
C0 6|15|5|4|32|1|2|26|33|22|9|31|3|27|18|30|28|8|11|14|24|25|17|12|13|20|23|0|21|29|7|19|10|16|
Overall Best: 0.9003 Generation: 24
length: 34.0
feature_occurency: [50, 50, 50, 50, 50, 50, 50, 50, 50, 50, 50, 50, 50, 50, 50, 50, 50, 50, 50, 50, 50, 50, 50, 50, 50, 50, 50, 50, 50, 50, 50, 50, 50, 50]

Generation 48
Average: 0.8769 Best: 0.8946
Best Individual: 
C0 3|12|24|15|19|20|33|10|27|29|5|4|6|32|14|13|1|25|22|26|18|9|31|28|11|2|0|23|7|17|8|21|30|16|
Overall Best: 0.9003 Generation: 24
length: 34.0
feature_occurency: [50, 50, 50, 50, 50, 50, 50, 50, 50, 50, 50, 50, 50, 50, 50, 50, 50, 50, 50, 50, 50, 50, 50, 50, 50, 50, 50, 50, 50, 50, 50, 50, 50, 50]

Generation 49
Average: 0.8782 Best: 0.8946
Best Individual: 
C0 22|0|26|2|17|11|24|30|1|23|31|25|3|14|15|19|4|18|13|9|32|8|33|20|21|29|7|12|27|5|6|10|28|16|
Overall Best: 0.9003 Generation: 24
length: 34.0
feature_occurency: [50, 50, 50, 50, 50, 50, 50, 50, 50, 50, 50, 50, 50, 50, 50, 50, 50, 50, 50, 50, 50, 50, 50, 50, 50, 50, 50, 50, 50, 50, 50, 50, 50, 50]

Generation 50
Average: 0.8774 Best: 0.8917
Best Individual: 
C0 27|11|4|8|0|5|32|31|26|12|16|21|14|25|24|13|18|23|20|30|33|6|9|2|22|17|1|28|15|29|19|3|7|10|
Overall Best: 0.9003 Generation: 24
length: 34.0
feature_occurency: [50, 50, 50, 50, 50, 50, 50, 50, 50, 50, 50, 50, 50, 50, 50, 50, 50, 50, 50, 50, 50, 50, 50, 50, 50, 50, 50, 50, 50, 50, 50, 50, 50, 50]

Generation 51
Average: 0.8753 Best: 0.8946
Best Individual: 
C0 10|22|24|26|3|1|21|28|11|12|23|4|2|15|8|6|25|31|0|14|33|19|27|17|13|20|9|18|5|29|32|7|30|16|
Overall Best: 0.9003 Generation: 24
length: 34.0
feature_occurency: [50, 50, 50, 50, 50, 50, 50, 50, 50, 50, 50, 50, 50, 50, 50, 50, 50, 50, 50, 50, 50, 50, 50, 50, 50, 50, 50, 50, 50, 50, 50, 50, 50, 50]

Generation 52
Average: 0.8761 Best: 0.8946
Best Individual: 
C0 10|9|24|26|3|1|4|12|11|28|14|5|2|15|23|6|25|31|29|8|33|19|27|17|13|20|22|18|21|0|7|32|30|16|
Overall Best: 0.9003 Generation: 24
length: 34.0
feature_occurency: [50, 50, 50, 50, 50, 50, 50, 50, 50, 50, 50, 50, 50, 50, 50, 50, 50, 50, 50, 50, 50, 50, 50, 50, 50, 50, 50, 50, 50, 50, 50, 50, 50, 50]

Generation 53
Average: 0.8780 Best: 0.8917
Best Individual: 
C0 14|26|9|3|13|4|12|10|25|24|23|0|22|11|8|2|32|27|17|20|18|29|6|33|1|30|15|16|31|5|7|28|19|21|
Overall Best: 0.9003 Generation: 24
length: 34.0
feature_occurency: [50, 50, 50, 50, 50, 50, 50, 50, 50, 50, 50, 50, 50, 50, 50, 50, 50, 50, 50, 50, 50, 50, 50, 50, 50, 50, 50, 50, 50, 50, 50, 50, 50, 50]

Generation 54
Average: 0.8769 Best: 0.8946
Best Individual: 
C0 8|25|11|10|14|26|27|5|31|12|19|22|23|24|29|18|4|30|15|2|0|33|20|3|1|13|21|17|28|6|32|7|16|9|
Overall Best: 0.9003 Generation: 24
length: 34.0
feature_occurency: [50, 50, 50, 50, 50, 50, 50, 50, 50, 50, 50, 50, 50, 50, 50, 50, 50, 50, 50, 50, 50, 50, 50, 50, 50, 50, 50, 50, 50, 50, 50, 50, 50, 50]

Generation 55
Average: 0.8768 Best: 0.8946
Best Individual: 
C0 4|25|17|5|14|26|1|10|8|12|15|2|23|24|6|3|30|31|0|28|33|19|27|11|13|20|22|18|21|29|32|7|16|9|
Overall Best: 0.9003 Generation: 24
length: 34.0
feature_occurency: [50, 50, 50, 50, 50, 50, 50, 50, 50, 50, 50, 50, 50, 50, 50, 50, 50, 50, 50, 50, 50, 50, 50, 50, 50, 50, 50, 50, 50, 50, 50, 50, 50, 50]

Generation 56
Average: 0.8793 Best: 0.8946
Best Individual: 
C0 14|25|19|26|13|30|27|21|15|1|18|4|8|20|11|28|29|23|24|2|17|3|31|0|6|22|10|5|33|12|7|32|16|9|
Overall Best: 0.9003 Generation: 24
length: 34.0
feature_occurency: [50, 50, 50, 50, 50, 50, 50, 50, 50, 50, 50, 50, 50, 50, 50, 50, 50, 50, 50, 50, 50, 50, 50, 50, 50, 50, 50, 50, 50, 50, 50, 50, 50, 50]

Generation 57
Average: 0.8771 Best: 0.8946
Best Individual: 
C0 25|18|17|15|21|13|27|26|31|0|23|3|11|30|4|14|22|24|33|9|2|6|12|19|28|29|8|32|1|20|7|5|10|16|
Overall Best: 0.9003 Generation: 24
length: 34.0
feature_occurency: [50, 50, 50, 50, 50, 50, 50, 50, 50, 50, 50, 50, 50, 50, 50, 50, 50, 50, 50, 50, 50, 50, 50, 50, 50, 50, 50, 50, 50, 50, 50, 50, 50, 50]

Generation 58
Average: 0.8769 Best: 0.8946
Best Individual: 
C0 25|18|17|15|21|13|2|26|31|0|23|3|11|30|4|14|22|24|33|9|27|6|12|19|28|29|8|32|1|20|7|5|10|16|
Overall Best: 0.9003 Generation: 24
length: 34.0
feature_occurency: [50, 50, 50, 50, 50, 50, 50, 50, 50, 50, 50, 50, 50, 50, 50, 50, 50, 50, 50, 50, 50, 50, 50, 50, 50, 50, 50, 50, 50, 50, 50, 50, 50, 50]

Generation 59
Average: 0.8768 Best: 0.8974
Best Individual: 
C0 33|26|18|30|17|3|25|29|15|19|11|4|24|21|0|6|32|27|9|1|7|16|13|5|20|12|8|14|31|23|10|28|22|2|
Overall Best: 0.9003 Generation: 24
length: 34.0
feature_occurency: [50, 50, 50, 50, 50, 50, 50, 50, 50, 50, 50, 50, 50, 50, 50, 50, 50, 50, 50, 50, 50, 50, 50, 50, 50, 50, 50, 50, 50, 50, 50, 50, 50, 50]

Generation 60
Average: 0.8751 Best: 0.8917
Best Individual: 
C0 9|15|1|0|31|30|25|3|4|22|14|23|11|21|8|10|2|20|12|33|6|27|29|13|5|32|17|24|19|18|26|28|7|16|
Overall Best: 0.9003 Generation: 24
length: 34.0
feature_occurency: [50, 50, 50, 50, 50, 50, 50, 50, 50, 50, 50, 50, 50, 50, 50, 50, 50, 50, 50, 50, 50, 50, 50, 50, 50, 50, 50, 50, 50, 50, 50, 50, 50, 50]

Generation 61
Average: 0.8755 Best: 0.8917
Best Individual: 
C0 1|27|24|32|29|13|30|33|6|2|10|22|11|18|17|14|0|4|8|25|21|26|20|12|28|5|15|23|3|31|9|16|7|19|
Overall Best: 0.9003 Generation: 24
length: 34.0
feature_occurency: [50, 50, 50, 50, 50, 50, 50, 50, 50, 50, 50, 50, 50, 50, 50, 50, 50, 50, 50, 50, 50, 50, 50, 50, 50, 50, 50, 50, 50, 50, 50, 50, 50, 50]

Generation 62
Average: 0.8753 Best: 0.8946
Best Individual: 
C0 11|27|24|32|29|13|30|33|10|6|21|14|26|5|8|0|2|12|4|31|18|23|25|28|3|20|19|1|15|9|7|22|17|16|
Overall Best: 0.9003 Generation: 24
length: 34.0
feature_occurency: [50, 50, 50, 50, 50, 50, 50, 50, 50, 50, 50, 50, 50, 50, 50, 50, 50, 50, 50, 50, 50, 50, 50, 50, 50, 50, 50, 50, 50, 50, 50, 50, 50, 50]

Generation 63
Average: 0.8750 Best: 0.8917
Best Individual: 
C0 21|27|24|19|0|8|17|33|6|2|10|9|11|14|13|23|32|29|4|31|18|26|3|12|28|25|22|15|1|20|7|5|30|16|
Overall Best: 0.9003 Generation: 24
length: 34.0
feature_occurency: [50, 50, 50, 50, 50, 50, 50, 50, 50, 50, 50, 50, 50, 50, 50, 50, 50, 50, 50, 50, 50, 50, 50, 50, 50, 50, 50, 50, 50, 50, 50, 50, 50, 50]

Generation 64
Average: 0.8747 Best: 0.8974
Best Individual: 
C0 6|12|28|16|3|26|30|29|27|5|11|33|31|13|8|18|25|19|0|1|14|2|22|23|32|20|9|21|4|17|15|7|24|10|
Overall Best: 0.9003 Generation: 24
length: 34.0
feature_occurency: [50, 50, 50, 50, 50, 50, 50, 50, 50, 50, 50, 50, 50, 50, 50, 50, 50, 50, 50, 50, 50, 50, 50, 50, 50, 50, 50, 50, 50, 50, 50, 50, 50, 50]

Generation 65
Average: 0.8768 Best: 0.8974
Best Individual: 
C0 6|5|28|16|3|26|0|29|27|12|19|33|31|13|8|23|25|11|30|1|14|2|22|18|32|20|9|21|4|17|15|7|24|10|
Overall Best: 0.9003 Generation: 24
length: 34.0
feature_occurency: [50, 50, 50, 50, 50, 50, 50, 50, 50, 50, 50, 50, 50, 50, 50, 50, 50, 50, 50, 50, 50, 50, 50, 50, 50, 50, 50, 50, 50, 50, 50, 50, 50, 50]

Generation 66
Average: 0.8769 Best: 0.8974
Best Individual: 
C0 6|5|28|16|1|29|25|26|27|12|19|33|31|13|8|23|0|11|30|3|14|2|22|18|32|20|9|21|4|17|15|7|24|10|
Overall Best: 0.9003 Generation: 24
length: 34.0
feature_occurency: [50, 50, 50, 50, 50, 50, 50, 50, 50, 50, 50, 50, 50, 50, 50, 50, 50, 50, 50, 50, 50, 50, 50, 50, 50, 50, 50, 50, 50, 50, 50, 50, 50, 50]

Generation 67
Average: 0.8772 Best: 0.8974
Best Individual: 
C0 6|5|28|31|1|29|25|8|15|14|23|22|13|30|26|33|0|11|16|3|12|2|27|18|32|20|9|21|4|17|19|7|24|10|
Overall Best: 0.9003 Generation: 24
length: 34.0
feature_occurency: [50, 50, 50, 50, 50, 50, 50, 50, 50, 50, 50, 50, 50, 50, 50, 50, 50, 50, 50, 50, 50, 50, 50, 50, 50, 50, 50, 50, 50, 50, 50, 50, 50, 50]

Generation 68
Average: 0.8777 Best: 0.8974
Best Individual: 
C0 27|5|32|20|1|29|25|17|15|14|9|18|13|30|26|33|4|8|19|6|22|23|3|12|28|31|2|21|11|0|16|7|24|10|
Overall Best: 0.9003 Generation: 24
length: 34.0
feature_occurency: [50, 50, 50, 50, 50, 50, 50, 50, 50, 50, 50, 50, 50, 50, 50, 50, 50, 50, 50, 50, 50, 50, 50, 50, 50, 50, 50, 50, 50, 50, 50, 50, 50, 50]

Generation 69
Average: 0.8778 Best: 0.8946
Best Individual: 
C0 1|29|31|23|15|20|3|13|27|7|19|14|12|5|32|18|25|26|8|4|6|28|2|0|21|22|24|11|17|33|9|16|10|30|
Overall Best: 0.9003 Generation: 24
length: 34.0
feature_occurency: [50, 50, 50, 50, 50, 50, 50, 50, 50, 50, 50, 50, 50, 50, 50, 50, 50, 50, 50, 50, 50, 50, 50, 50, 50, 50, 50, 50, 50, 50, 50, 50, 50, 50]

Generation 70
Average: 0.8790 Best: 0.8946
Best Individual: 
C0 29|1|31|23|15|20|3|13|27|7|19|14|12|5|32|18|25|26|0|4|6|28|2|8|21|22|24|11|17|33|9|16|10|30|
Overall Best: 0.9003 Generation: 24
length: 34.0
feature_occurency: [50, 50, 50, 50, 50, 50, 50, 50, 50, 50, 50, 50, 50, 50, 50, 50, 50, 50, 50, 50, 50, 50, 50, 50, 50, 50, 50, 50, 50, 50, 50, 50, 50, 50]

Generation 71
Average: 0.8790 Best: 0.8946
Best Individual: 
C0 29|1|31|5|15|20|3|33|27|7|19|26|12|23|8|18|6|14|22|25|4|28|2|32|21|0|24|11|17|13|9|16|10|30|
Overall Best: 0.9003 Generation: 24
length: 34.0
feature_occurency: [50, 50, 50, 50, 50, 50, 50, 50, 50, 50, 50, 50, 50, 50, 50, 50, 50, 50, 50, 50, 50, 50, 50, 50, 50, 50, 50, 50, 50, 50, 50, 50, 50, 50]

Generation 72
Average: 0.8803 Best: 0.8974
Best Individual: 
C0 29|6|8|28|32|18|13|27|30|14|19|15|24|2|26|4|25|33|12|17|1|9|23|31|3|20|5|21|11|10|16|7|22|0|
Overall Best: 0.9003 Generation: 24
length: 34.0
feature_occurency: [50, 50, 50, 50, 50, 50, 50, 50, 50, 50, 50, 50, 50, 50, 50, 50, 50, 50, 50, 50, 50, 50, 50, 50, 50, 50, 50, 50, 50, 50, 50, 50, 50, 50]

Generation 73
Average: 0.8790 Best: 0.8974
Best Individual: 
C0 29|6|24|28|32|18|13|27|30|14|19|15|8|2|26|4|25|33|12|5|1|23|9|20|3|31|10|21|11|17|16|7|22|0|
Overall Best: 0.9003 Generation: 24
length: 34.0
feature_occurency: [50, 50, 50, 50, 50, 50, 50, 50, 50, 50, 50, 50, 50, 50, 50, 50, 50, 50, 50, 50, 50, 50, 50, 50, 50, 50, 50, 50, 50, 50, 50, 50, 50, 50]

Generation 74
Average: 0.8779 Best: 0.8946
Best Individual: 
C0 11|22|31|21|18|29|8|13|24|20|3|30|27|23|12|5|33|1|4|15|6|0|25|2|14|28|17|26|7|19|9|16|10|32|
Overall Best: 0.9003 Generation: 24
length: 34.0
feature_occurency: [50, 50, 50, 50, 50, 50, 50, 50, 50, 50, 50, 50, 50, 50, 50, 50, 50, 50, 50, 50, 50, 50, 50, 50, 50, 50, 50, 50, 50, 50, 50, 50, 50, 50]

Generation 75
Average: 0.8778 Best: 0.8946
Best Individual: 
C0 11|32|7|19|18|1|8|13|24|20|3|30|27|23|12|5|33|29|26|15|6|0|25|4|14|28|31|10|21|9|17|2|22|16|
Overall Best: 0.9003 Generation: 24
length: 34.0
feature_occurency: [50, 50, 50, 50, 50, 50, 50, 50, 50, 50, 50, 50, 50, 50, 50, 50, 50, 50, 50, 50, 50, 50, 50, 50, 50, 50, 50, 50, 50, 50, 50, 50, 50, 50]

Generation 76
Average: 0.8769 Best: 0.8946
Best Individual: 
C0 15|8|33|1|22|29|0|5|30|31|18|6|16|11|4|2|27|28|32|23|13|24|12|3|26|20|17|14|25|19|9|21|10|7|
Overall Best: 0.9003 Generation: 24
length: 34.0
feature_occurency: [50, 50, 50, 50, 50, 50, 50, 50, 50, 50, 50, 50, 50, 50, 50, 50, 50, 50, 50, 50, 50, 50, 50, 50, 50, 50, 50, 50, 50, 50, 50, 50, 50, 50]

Generation 77
Average: 0.8758 Best: 0.8946
Best Individual: 
C0 1|24|21|17|31|14|30|2|8|18|11|33|12|25|27|32|29|26|20|13|5|9|6|7|23|19|4|0|15|28|16|3|22|10|
Overall Best: 0.9003 Generation: 24
length: 34.0
feature_occurency: [50, 50, 50, 50, 50, 50, 50, 50, 50, 50, 50, 50, 50, 50, 50, 50, 50, 50, 50, 50, 50, 50, 50, 50, 50, 50, 50, 50, 50, 50, 50, 50, 50, 50]

Generation 78
Average: 0.8773 Best: 0.8946
Best Individual: 
C0 15|23|33|1|22|4|0|5|30|31|18|8|16|11|29|32|27|20|17|24|13|19|12|3|25|28|14|2|26|6|9|21|10|7|
Overall Best: 0.9003 Generation: 24
length: 34.0
feature_occurency: [50, 50, 50, 50, 50, 50, 50, 50, 50, 50, 50, 50, 50, 50, 50, 50, 50, 50, 50, 50, 50, 50, 50, 50, 50, 50, 50, 50, 50, 50, 50, 50, 50, 50]

Generation 79
Average: 0.8760 Best: 0.8946
Best Individual: 
C0 19|5|21|6|31|18|30|13|1|14|9|33|12|25|27|32|29|26|20|4|17|8|7|11|23|2|24|0|15|28|16|3|22|10|
Overall Best: 0.9003 Generation: 24
length: 34.0
feature_occurency: [50, 50, 50, 50, 50, 50, 50, 50, 50, 50, 50, 50, 50, 50, 50, 50, 50, 50, 50, 50, 50, 50, 50, 50, 50, 50, 50, 50, 50, 50, 50, 50, 50, 50]

Generation 80
Average: 0.8754 Best: 0.8946
Best Individual: 
C0 15|23|33|1|22|3|0|5|30|31|18|8|16|11|29|32|12|20|19|24|6|17|25|4|14|10|27|2|26|13|9|21|28|7|
Overall Best: 0.9003 Generation: 24
length: 34.0
feature_occurency: [50, 50, 50, 50, 50, 50, 50, 50, 50, 50, 50, 50, 50, 50, 50, 50, 50, 50, 50, 50, 50, 50, 50, 50, 50, 50, 50, 50, 50, 50, 50, 50, 50, 50]

Generation 81
Average: 0.8789 Best: 0.8946
Best Individual: 
C0 15|23|24|5|22|3|0|1|13|31|18|8|16|12|29|32|11|20|19|33|6|17|2|4|14|10|27|25|26|30|9|21|28|7|
Overall Best: 0.9003 Generation: 24
length: 34.0
feature_occurency: [50, 50, 50, 50, 50, 50, 50, 50, 50, 50, 50, 50, 50, 50, 50, 50, 50, 50, 50, 50, 50, 50, 50, 50, 50, 50, 50, 50, 50, 50, 50, 50, 50, 50]

Generation 82
Average: 0.8782 Best: 0.8946
Best Individual: 
C0 3|23|24|5|22|15|1|2|13|26|18|8|16|12|29|32|33|20|19|11|6|17|0|4|14|10|27|25|31|30|9|21|28|7|
Overall Best: 0.9003 Generation: 24
length: 34.0
feature_occurency: [50, 50, 50, 50, 50, 50, 50, 50, 50, 50, 50, 50, 50, 50, 50, 50, 50, 50, 50, 50, 50, 50, 50, 50, 50, 50, 50, 50, 50, 50, 50, 50, 50, 50]

Generation 83
Average: 0.8789 Best: 0.8946
Best Individual: 
C0 13|1|33|15|14|8|18|4|5|2|29|20|12|19|27|6|9|26|21|24|17|30|7|11|23|31|0|25|32|28|16|3|22|10|
Overall Best: 0.9003 Generation: 24
length: 34.0
feature_occurency: [50, 50, 50, 50, 50, 50, 50, 50, 50, 50, 50, 50, 50, 50, 50, 50, 50, 50, 50, 50, 50, 50, 50, 50, 50, 50, 50, 50, 50, 50, 50, 50, 50, 50]

Generation 84
Average: 0.8789 Best: 0.8946
Best Individual: 
C0 13|27|28|11|14|8|18|4|5|2|29|20|12|0|1|6|9|26|33|24|17|30|7|21|23|31|19|25|32|15|16|3|22|10|
Overall Best: 0.9003 Generation: 24
length: 34.0
feature_occurency: [50, 50, 50, 50, 50, 50, 50, 50, 50, 50, 50, 50, 50, 50, 50, 50, 50, 50, 50, 50, 50, 50, 50, 50, 50, 50, 50, 50, 50, 50, 50, 50, 50, 50]

Generation 85
Average: 0.8767 Best: 0.8917
Best Individual: 
C0 20|25|21|9|3|29|27|19|8|11|18|26|14|23|12|15|33|13|7|0|31|1|6|5|28|4|10|30|17|24|22|32|2|16|
Overall Best: 0.9003 Generation: 24
length: 34.0
feature_occurency: [50, 50, 50, 50, 50, 50, 50, 50, 50, 50, 50, 50, 50, 50, 50, 50, 50, 50, 50, 50, 50, 50, 50, 50, 50, 50, 50, 50, 50, 50, 50, 50, 50, 50]

Generation 86
Average: 0.8730 Best: 0.8974
Best Individual: 
C0 12|14|30|5|3|26|2|15|8|24|4|29|25|23|20|19|9|13|32|17|18|27|1|33|28|31|21|6|0|11|22|7|10|16|
Overall Best: 0.9003 Generation: 24
length: 34.0
feature_occurency: [50, 50, 50, 50, 50, 50, 50, 50, 50, 50, 50, 50, 50, 50, 50, 50, 50, 50, 50, 50, 50, 50, 50, 50, 50, 50, 50, 50, 50, 50, 50, 50, 50, 50]

Generation 87
Average: 0.8755 Best: 0.9060
Best Individual: 
C0 13|5|19|26|8|0|3|22|24|12|1|15|27|31|6|33|4|20|21|11|9|23|29|25|14|32|2|17|18|30|10|16|28|7|
Overall Best: 0.9060 Generation: 87
length: 34.0
feature_occurency: [50, 50, 50, 50, 50, 50, 50, 50, 50, 50, 50, 50, 50, 50, 50, 50, 50, 50, 50, 50, 50, 50, 50, 50, 50, 50, 50, 50, 50, 50, 50, 50, 50, 50]

Generation 88
Average: 0.8749 Best: 0.9060
Best Individual: 
C0 13|5|19|26|8|33|3|22|24|12|1|15|27|31|6|0|4|20|21|11|9|23|29|25|14|32|2|17|18|30|10|16|28|7|
Overall Best: 0.9060 Generation: 87
length: 34.0
feature_occurency: [50, 50, 50, 50, 50, 50, 50, 50, 50, 50, 50, 50, 50, 50, 50, 50, 50, 50, 50, 50, 50, 50, 50, 50, 50, 50, 50, 50, 50, 50, 50, 50, 50, 50]

Generation 89
Average: 0.8757 Best: 0.8974
Best Individual: 
C0 19|33|24|13|26|7|3|5|31|12|1|15|27|18|6|0|4|20|21|11|9|23|29|25|14|32|2|17|8|30|10|28|22|16|
Overall Best: 0.9060 Generation: 87
length: 34.0
feature_occurency: [50, 50, 50, 50, 50, 50, 50, 50, 50, 50, 50, 50, 50, 50, 50, 50, 50, 50, 50, 50, 50, 50, 50, 50, 50, 50, 50, 50, 50, 50, 50, 50, 50, 50]

Generation 90
Average: 0.8774 Best: 0.8974
Best Individual: 
C0 19|6|11|13|26|7|3|5|31|12|1|15|27|18|33|0|4|20|21|24|9|23|30|25|14|32|2|17|8|29|10|28|22|16|
Overall Best: 0.9060 Generation: 87
length: 34.0
feature_occurency: [50, 50, 50, 50, 50, 50, 50, 50, 50, 50, 50, 50, 50, 50, 50, 50, 50, 50, 50, 50, 50, 50, 50, 50, 50, 50, 50, 50, 50, 50, 50, 50, 50, 50]

Generation 91
Average: 0.8779 Best: 0.8974
Best Individual: 
C0 19|6|11|13|3|7|8|5|31|12|1|15|32|18|33|0|4|20|26|24|9|23|30|27|14|25|2|17|21|29|10|28|22|16|
Overall Best: 0.9060 Generation: 87
length: 34.0
feature_occurency: [50, 50, 50, 50, 50, 50, 50, 50, 50, 50, 50, 50, 50, 50, 50, 50, 50, 50, 50, 50, 50, 50, 50, 50, 50, 50, 50, 50, 50, 50, 50, 50, 50, 50]

Generation 92
Average: 0.8777 Best: 0.8946
Best Individual: 
C0 4|26|5|32|2|13|28|29|12|16|19|3|1|11|25|20|17|18|15|0|14|31|30|21|8|7|23|33|6|27|22|10|9|24|
Overall Best: 0.9060 Generation: 87
length: 34.0
feature_occurency: [50, 50, 50, 50, 50, 50, 50, 50, 50, 50, 50, 50, 50, 50, 50, 50, 50, 50, 50, 50, 50, 50, 50, 50, 50, 50, 50, 50, 50, 50, 50, 50, 50, 50]

Generation 93
Average: 0.8754 Best: 0.8946
Best Individual: 
C0 29|26|5|32|2|13|28|4|12|16|19|3|1|11|25|20|17|18|15|0|14|31|30|21|8|7|23|33|6|27|22|10|9|24|
Overall Best: 0.9060 Generation: 87
length: 34.0
feature_occurency: [50, 50, 50, 50, 50, 50, 50, 50, 50, 50, 50, 50, 50, 50, 50, 50, 50, 50, 50, 50, 50, 50, 50, 50, 50, 50, 50, 50, 50, 50, 50, 50, 50, 50]

Generation 94
Average: 0.8789 Best: 0.8946
Best Individual: 
C0 29|26|5|32|2|13|28|4|12|16|19|1|3|11|25|6|17|18|15|0|7|31|30|21|23|14|8|33|20|27|22|10|9|24|
Overall Best: 0.9060 Generation: 87
length: 34.0
feature_occurency: [50, 50, 50, 50, 50, 50, 50, 50, 50, 50, 50, 50, 50, 50, 50, 50, 50, 50, 50, 50, 50, 50, 50, 50, 50, 50, 50, 50, 50, 50, 50, 50, 50, 50]

Generation 95
Average: 0.8788 Best: 0.9060
Best Individual: 
C0 4|8|17|18|5|11|32|25|3|14|13|33|30|19|26|20|22|0|29|9|31|2|21|15|23|12|1|24|6|27|10|28|7|16|
Overall Best: 0.9060 Generation: 87
length: 34.0
feature_occurency: [50, 50, 50, 50, 50, 50, 50, 50, 50, 50, 50, 50, 50, 50, 50, 50, 50, 50, 50, 50, 50, 50, 50, 50, 50, 50, 50, 50, 50, 50, 50, 50, 50, 50]

Generation 96
Average: 0.8787 Best: 0.9060
Best Individual: 
C0 11|8|17|18|5|4|32|25|3|22|13|33|30|19|26|20|14|12|29|9|31|1|21|15|23|0|2|24|6|27|10|28|7|16|
Overall Best: 0.9060 Generation: 87
length: 34.0
feature_occurency: [50, 50, 50, 50, 50, 50, 50, 50, 50, 50, 50, 50, 50, 50, 50, 50, 50, 50, 50, 50, 50, 50, 50, 50, 50, 50, 50, 50, 50, 50, 50, 50, 50, 50]

Generation 97
Average: 0.8771 Best: 0.8946
Best Individual: 
C0 33|5|0|26|27|2|19|17|15|12|25|32|21|23|30|20|24|1|4|11|9|31|8|18|7|13|22|14|3|29|10|28|6|16|
Overall Best: 0.9060 Generation: 87
length: 34.0
feature_occurency: [50, 50, 50, 50, 50, 50, 50, 50, 50, 50, 50, 50, 50, 50, 50, 50, 50, 50, 50, 50, 50, 50, 50, 50, 50, 50, 50, 50, 50, 50, 50, 50, 50, 50]

Generation 98
Average: 0.8783 Best: 0.8946
Best Individual: 
C0 33|5|0|26|27|2|19|17|11|12|25|32|21|23|30|20|24|1|4|15|9|31|8|18|7|13|22|14|3|29|10|28|6|16|
Overall Best: 0.9060 Generation: 87
length: 34.0
feature_occurency: [50, 50, 50, 50, 50, 50, 50, 50, 50, 50, 50, 50, 50, 50, 50, 50, 50, 50, 50, 50, 50, 50, 50, 50, 50, 50, 50, 50, 50, 50, 50, 50, 50, 50]

Generation 99
Average: 0.8756 Best: 0.8917
Best Individual: 
C0 19|3|1|9|14|22|17|24|11|4|33|12|18|21|31|27|32|25|7|2|13|23|15|29|5|20|0|8|30|6|10|28|26|16|
Overall Best: 0.9060 Generation: 87
==================
    Best individual after 100 generations
    computed in 125.8060 seconds
    318 elements out of 351 correct.
    emerged in generation 87
    with fitness 0.9060
==================

13|5|19|26|8|0|3|22|24|12|1|15|27|31|6|33|4|20|21|11|9|23|29|25|14|32|2|17|18|30|10|16|28|7|
