Starting evolution...
length: 34.0
feature_occurency: [50, 50, 50, 50, 50, 50, 50, 50, 50, 50, 50, 50, 50, 50, 50, 50, 50, 50, 50, 50, 50, 50, 50, 50, 50, 50, 50, 50, 50, 50, 50, 50, 50, 50]

Generation 0
Average: 0.8687 Best: 0.8917
Best Individual: 
C0 0|5|6|3|21|1|8|7|28|9|29|11|12|13|14|30|16|17|18|26|33|24|15|23|4|2|19|25|27|22|10|20|31|32|
Overall Best: 0.8917 Generation: 0
length: 34.0
feature_occurency: [50, 50, 50, 50, 50, 50, 50, 50, 50, 50, 50, 50, 50, 50, 50, 50, 50, 50, 50, 50, 50, 50, 50, 50, 50, 50, 50, 50, 50, 50, 50, 50, 50, 50]

Generation 1
Average: 0.8710 Best: 0.8917
Best Individual: 
C0 24|1|31|3|20|5|8|32|6|4|19|11|0|13|14|18|30|17|2|7|29|21|22|25|26|23|12|27|28|16|15|9|10|33|
Overall Best: 0.8917 Generation: 0
length: 34.0
feature_occurency: [50, 50, 50, 50, 50, 50, 50, 50, 50, 50, 50, 50, 50, 50, 50, 50, 50, 50, 50, 50, 50, 50, 50, 50, 50, 50, 50, 50, 50, 50, 50, 50, 50, 50]

Generation 2
Average: 0.8711 Best: 0.8946
Best Individual: 
C0 0|31|3|33|4|20|30|12|8|25|10|23|32|13|15|1|16|6|18|24|7|21|5|19|26|14|27|11|28|29|17|2|22|9|
Overall Best: 0.8946 Generation: 2
length: 34.0
feature_occurency: [50, 50, 50, 50, 50, 50, 50, 50, 50, 50, 50, 50, 50, 50, 50, 50, 50, 50, 50, 50, 50, 50, 50, 50, 50, 50, 50, 50, 50, 50, 50, 50, 50, 50]

Generation 3
Average: 0.8743 Best: 0.8946
Best Individual: 
C0 25|5|27|11|17|18|2|22|33|6|29|10|1|31|14|28|21|13|3|24|20|4|23|7|19|0|26|12|15|8|30|9|32|16|
Overall Best: 0.8946 Generation: 2
length: 34.0
feature_occurency: [50, 50, 50, 50, 50, 50, 50, 50, 50, 50, 50, 50, 50, 50, 50, 50, 50, 50, 50, 50, 50, 50, 50, 50, 50, 50, 50, 50, 50, 50, 50, 50, 50, 50]

Generation 4
Average: 0.8746 Best: 0.8889
Best Individual: 
C0 30|1|31|3|13|5|8|32|17|4|19|11|0|21|14|28|23|25|18|15|29|20|27|7|26|16|2|10|33|22|6|12|24|9|
Overall Best: 0.8946 Generation: 2
length: 34.0
feature_occurency: [50, 50, 50, 50, 50, 50, 50, 50, 50, 50, 50, 50, 50, 50, 50, 50, 50, 50, 50, 50, 50, 50, 50, 50, 50, 50, 50, 50, 50, 50, 50, 50, 50, 50]

Generation 5
Average: 0.8735 Best: 0.8889
Best Individual: 
C0 13|8|9|15|4|20|0|27|10|25|31|11|22|23|12|29|6|17|5|19|30|3|14|7|32|26|24|28|16|1|2|18|21|33|
Overall Best: 0.8946 Generation: 2
length: 34.0
feature_occurency: [50, 50, 50, 50, 50, 50, 50, 50, 50, 50, 50, 50, 50, 50, 50, 50, 50, 50, 50, 50, 50, 50, 50, 50, 50, 50, 50, 50, 50, 50, 50, 50, 50, 50]

Generation 6
Average: 0.8749 Best: 0.8889
Best Individual: 
C0 13|14|31|4|3|20|32|33|18|1|10|22|0|9|8|15|16|25|28|23|30|21|5|19|26|6|27|11|12|29|17|24|2|7|
Overall Best: 0.8946 Generation: 2
length: 34.0
feature_occurency: [50, 50, 50, 50, 50, 50, 50, 50, 50, 50, 50, 50, 50, 50, 50, 50, 50, 50, 50, 50, 50, 50, 50, 50, 50, 50, 50, 50, 50, 50, 50, 50, 50, 50]

Generation 7
Average: 0.8737 Best: 0.8974
Best Individual: 
C0 13|5|31|20|25|1|28|22|9|16|10|33|0|18|3|15|4|8|12|23|6|21|14|19|26|30|27|11|32|29|17|24|2|7|
Overall Best: 0.8974 Generation: 7
length: 34.0
feature_occurency: [50, 50, 50, 50, 50, 50, 50, 50, 50, 50, 50, 50, 50, 50, 50, 50, 50, 50, 50, 50, 50, 50, 50, 50, 50, 50, 50, 50, 50, 50, 50, 50, 50, 50]

Generation 8
Average: 0.8775 Best: 0.9031
Best Individual: 
C0 25|12|1|11|17|3|15|13|28|6|29|18|26|31|4|33|27|22|5|19|20|2|23|8|16|0|14|10|21|7|30|9|32|24|
Overall Best: 0.9031 Generation: 8
length: 34.0
feature_occurency: [50, 50, 50, 50, 50, 50, 50, 50, 50, 50, 50, 50, 50, 50, 50, 50, 50, 50, 50, 50, 50, 50, 50, 50, 50, 50, 50, 50, 50, 50, 50, 50, 50, 50]

Generation 9
Average: 0.8756 Best: 0.8974
Best Individual: 
C0 24|27|15|22|8|3|4|26|20|17|23|12|1|6|29|7|19|9|33|2|14|21|5|30|32|18|11|13|28|10|25|16|31|0|
Overall Best: 0.9031 Generation: 8
length: 34.0
feature_occurency: [50, 50, 50, 50, 50, 50, 50, 50, 50, 50, 50, 50, 50, 50, 50, 50, 50, 50, 50, 50, 50, 50, 50, 50, 50, 50, 50, 50, 50, 50, 50, 50, 50, 50]

Generation 10
Average: 0.8770 Best: 0.8974
Best Individual: 
C0 17|24|1|21|15|25|33|12|11|32|2|14|4|23|26|13|19|5|10|30|22|20|31|29|27|3|28|0|9|6|7|16|18|8|
Overall Best: 0.9031 Generation: 8
length: 34.0
feature_occurency: [50, 50, 50, 50, 50, 50, 50, 50, 50, 50, 50, 50, 50, 50, 50, 50, 50, 50, 50, 50, 50, 50, 50, 50, 50, 50, 50, 50, 50, 50, 50, 50, 50, 50]

Generation 11
Average: 0.8752 Best: 0.8946
Best Individual: 
C0 13|22|26|23|30|17|19|7|33|31|6|32|1|28|27|20|2|25|12|5|3|0|11|4|9|14|24|10|21|18|16|15|29|8|
Overall Best: 0.9031 Generation: 8
length: 34.0
feature_occurency: [50, 50, 50, 50, 50, 50, 50, 50, 50, 50, 50, 50, 50, 50, 50, 50, 50, 50, 50, 50, 50, 50, 50, 50, 50, 50, 50, 50, 50, 50, 50, 50, 50, 50]

Generation 12
Average: 0.8754 Best: 0.8946
Best Individual: 
C0 17|29|4|19|15|25|33|12|30|32|2|27|8|23|26|13|10|5|21|11|22|20|31|24|14|3|28|0|7|6|9|16|18|1|
Overall Best: 0.9031 Generation: 8
length: 34.0
feature_occurency: [50, 50, 50, 50, 50, 50, 50, 50, 50, 50, 50, 50, 50, 50, 50, 50, 50, 50, 50, 50, 50, 50, 50, 50, 50, 50, 50, 50, 50, 50, 50, 50, 50, 50]

Generation 13
Average: 0.8787 Best: 0.8917
Best Individual: 
C0 18|29|4|26|0|31|20|12|30|15|23|14|17|27|24|19|6|9|13|8|33|25|3|7|11|22|5|32|28|10|2|16|21|1|
Overall Best: 0.9031 Generation: 8
length: 34.0
feature_occurency: [50, 50, 50, 50, 50, 50, 50, 50, 50, 50, 50, 50, 50, 50, 50, 50, 50, 50, 50, 50, 50, 50, 50, 50, 50, 50, 50, 50, 50, 50, 50, 50, 50, 50]

Generation 14
Average: 0.8787 Best: 0.8946
Best Individual: 
C0 1|24|26|23|18|30|5|7|11|31|32|20|4|12|2|19|6|16|22|13|3|0|33|27|9|14|28|10|21|17|25|15|29|8|
Overall Best: 0.9031 Generation: 8
length: 34.0
feature_occurency: [50, 50, 50, 50, 50, 50, 50, 50, 50, 50, 50, 50, 50, 50, 50, 50, 50, 50, 50, 50, 50, 50, 50, 50, 50, 50, 50, 50, 50, 50, 50, 50, 50, 50]

Generation 15
Average: 0.8770 Best: 0.8946
Best Individual: 
C0 12|24|26|23|18|30|5|33|11|31|22|20|4|1|2|6|19|16|32|13|3|0|7|27|9|14|28|10|21|17|25|15|29|8|
Overall Best: 0.9031 Generation: 8
length: 34.0
feature_occurency: [50, 50, 50, 50, 50, 50, 50, 50, 50, 50, 50, 50, 50, 50, 50, 50, 50, 50, 50, 50, 50, 50, 50, 50, 50, 50, 50, 50, 50, 50, 50, 50, 50, 50]

Generation 16
Average: 0.8765 Best: 0.8946
Best Individual: 
C0 0|1|19|21|12|29|6|3|5|32|2|20|4|15|31|30|33|22|24|11|27|18|16|8|23|28|26|17|9|10|7|14|13|25|
Overall Best: 0.9031 Generation: 8
length: 34.0
feature_occurency: [50, 50, 50, 50, 50, 50, 50, 50, 50, 50, 50, 50, 50, 50, 50, 50, 50, 50, 50, 50, 50, 50, 50, 50, 50, 50, 50, 50, 50, 50, 50, 50, 50, 50]

Generation 17
Average: 0.8770 Best: 0.8917
Best Individual: 
C0 0|30|13|23|20|4|25|19|14|11|32|26|9|8|3|24|10|1|27|33|6|18|12|7|22|31|5|29|28|17|2|16|15|21|
Overall Best: 0.9031 Generation: 8
length: 34.0
feature_occurency: [50, 50, 50, 50, 50, 50, 50, 50, 50, 50, 50, 50, 50, 50, 50, 50, 50, 50, 50, 50, 50, 50, 50, 50, 50, 50, 50, 50, 50, 50, 50, 50, 50, 50]

Generation 18
Average: 0.8758 Best: 0.8946
Best Individual: 
C0 29|1|28|27|4|19|33|7|5|22|25|26|23|30|6|9|13|18|15|20|8|21|11|0|17|14|24|10|32|31|16|12|3|2|
Overall Best: 0.9031 Generation: 8
length: 34.0
feature_occurency: [50, 50, 50, 50, 50, 50, 50, 50, 50, 50, 50, 50, 50, 50, 50, 50, 50, 50, 50, 50, 50, 50, 50, 50, 50, 50, 50, 50, 50, 50, 50, 50, 50, 50]

Generation 19
Average: 0.8766 Best: 0.8946
Best Individual: 
C0 5|3|19|25|2|20|4|8|15|13|23|24|12|6|21|26|27|22|14|33|7|16|31|0|32|18|30|17|28|29|1|11|10|9|
Overall Best: 0.9031 Generation: 8
length: 34.0
feature_occurency: [50, 50, 50, 50, 50, 50, 50, 50, 50, 50, 50, 50, 50, 50, 50, 50, 50, 50, 50, 50, 50, 50, 50, 50, 50, 50, 50, 50, 50, 50, 50, 50, 50, 50]

Generation 20
Average: 0.8770 Best: 0.8946
Best Individual: 
C0 7|14|0|20|2|13|18|12|5|21|9|26|23|30|6|19|15|33|25|4|27|11|24|22|31|28|1|10|32|8|3|16|29|17|
Overall Best: 0.9031 Generation: 8
length: 34.0
feature_occurency: [50, 50, 50, 50, 50, 50, 50, 50, 50, 50, 50, 50, 50, 50, 50, 50, 50, 50, 50, 50, 50, 50, 50, 50, 50, 50, 50, 50, 50, 50, 50, 50, 50, 50]

Generation 21
Average: 0.8794 Best: 0.8974
Best Individual: 
C0 11|12|26|15|4|6|0|17|8|27|24|16|9|33|1|30|7|20|18|3|31|13|23|14|32|5|19|22|21|2|29|10|25|28|
Overall Best: 0.9031 Generation: 8
length: 34.0
feature_occurency: [50, 50, 50, 50, 50, 50, 50, 50, 50, 50, 50, 50, 50, 50, 50, 50, 50, 50, 50, 50, 50, 50, 50, 50, 50, 50, 50, 50, 50, 50, 50, 50, 50, 50]

Generation 22
Average: 0.8795 Best: 0.9031
Best Individual: 
C0 15|32|2|14|9|7|11|12|22|6|23|19|13|31|27|29|24|20|18|3|4|26|1|33|17|5|0|16|21|10|30|25|8|28|
Overall Best: 0.9031 Generation: 8
length: 34.0
feature_occurency: [50, 50, 50, 50, 50, 50, 50, 50, 50, 50, 50, 50, 50, 50, 50, 50, 50, 50, 50, 50, 50, 50, 50, 50, 50, 50, 50, 50, 50, 50, 50, 50, 50, 50]

Generation 23
Average: 0.8785 Best: 0.9031
Best Individual: 
C0 15|32|2|14|9|0|11|12|3|6|23|19|13|31|27|29|24|20|18|22|4|26|1|33|17|5|7|16|21|10|30|25|8|28|
Overall Best: 0.9031 Generation: 8
length: 34.0
feature_occurency: [50, 50, 50, 50, 50, 50, 50, 50, 50, 50, 50, 50, 50, 50, 50, 50, 50, 50, 50, 50, 50, 50, 50, 50, 50, 50, 50, 50, 50, 50, 50, 50, 50, 50]

Generation 24
Average: 0.8777 Best: 0.9003
Best Individual: 
C0 27|26|13|8|3|5|0|1|25|23|6|21|4|31|29|12|14|22|20|24|28|17|11|2|33|15|9|30|19|10|7|18|16|32|
Overall Best: 0.9031 Generation: 8
length: 34.0
feature_occurency: [50, 50, 50, 50, 50, 50, 50, 50, 50, 50, 50, 50, 50, 50, 50, 50, 50, 50, 50, 50, 50, 50, 50, 50, 50, 50, 50, 50, 50, 50, 50, 50, 50, 50]

Generation 25
Average: 0.8791 Best: 0.9003
Best Individual: 
C0 11|32|12|23|20|22|25|18|6|28|14|27|15|2|21|5|1|4|26|0|31|30|13|19|7|24|33|9|17|8|3|16|10|29|
Overall Best: 0.9031 Generation: 8
length: 34.0
feature_occurency: [50, 50, 50, 50, 50, 50, 50, 50, 50, 50, 50, 50, 50, 50, 50, 50, 50, 50, 50, 50, 50, 50, 50, 50, 50, 50, 50, 50, 50, 50, 50, 50, 50, 50]

Generation 26
Average: 0.8781 Best: 0.8946
Best Individual: 
C0 29|5|22|10|8|20|25|14|7|1|24|32|27|30|4|18|12|3|15|2|23|13|19|26|31|6|0|33|28|11|16|9|21|17|
Overall Best: 0.9031 Generation: 8
length: 34.0
feature_occurency: [50, 50, 50, 50, 50, 50, 50, 50, 50, 50, 50, 50, 50, 50, 50, 50, 50, 50, 50, 50, 50, 50, 50, 50, 50, 50, 50, 50, 50, 50, 50, 50, 50, 50]

Generation 27
Average: 0.8808 Best: 0.9003
Best Individual: 
C0 19|33|6|30|15|32|11|17|9|29|4|7|2|25|1|24|27|5|18|21|0|14|23|22|13|31|20|10|3|28|16|26|12|8|
Overall Best: 0.9031 Generation: 8
length: 34.0
feature_occurency: [50, 50, 50, 50, 50, 50, 50, 50, 50, 50, 50, 50, 50, 50, 50, 50, 50, 50, 50, 50, 50, 50, 50, 50, 50, 50, 50, 50, 50, 50, 50, 50, 50, 50]

Generation 28
Average: 0.8825 Best: 0.9031
Best Individual: 
C0 28|31|0|23|20|1|12|18|4|3|14|27|15|29|21|22|17|30|26|25|32|11|6|13|5|2|33|9|7|8|16|19|10|24|
Overall Best: 0.9031 Generation: 8
length: 34.0
feature_occurency: [50, 50, 50, 50, 50, 50, 50, 50, 50, 50, 50, 50, 50, 50, 50, 50, 50, 50, 50, 50, 50, 50, 50, 50, 50, 50, 50, 50, 50, 50, 50, 50, 50, 50]

Generation 29
Average: 0.8825 Best: 0.9003
Best Individual: 
C0 17|12|30|8|3|0|32|18|6|5|11|19|4|27|29|22|24|33|1|7|20|15|9|26|23|25|14|16|28|21|13|2|10|31|
Overall Best: 0.9031 Generation: 8
length: 34.0
feature_occurency: [50, 50, 50, 50, 50, 50, 50, 50, 50, 50, 50, 50, 50, 50, 50, 50, 50, 50, 50, 50, 50, 50, 50, 50, 50, 50, 50, 50, 50, 50, 50, 50, 50, 50]

Generation 30
Average: 0.8787 Best: 0.9003
Best Individual: 
C0 17|12|30|8|3|0|7|18|6|5|11|19|29|27|4|14|24|33|1|32|20|15|9|26|25|23|22|16|28|21|13|2|10|31|
Overall Best: 0.9031 Generation: 8
length: 34.0
feature_occurency: [50, 50, 50, 50, 50, 50, 50, 50, 50, 50, 50, 50, 50, 50, 50, 50, 50, 50, 50, 50, 50, 50, 50, 50, 50, 50, 50, 50, 50, 50, 50, 50, 50, 50]

Generation 31
Average: 0.8777 Best: 0.9003
Best Individual: 
C0 32|23|30|11|6|13|5|9|26|29|24|14|27|1|33|2|4|19|25|21|0|7|20|22|18|16|28|8|12|3|15|17|10|31|
Overall Best: 0.9031 Generation: 8
length: 34.0
feature_occurency: [50, 50, 50, 50, 50, 50, 50, 50, 50, 50, 50, 50, 50, 50, 50, 50, 50, 50, 50, 50, 50, 50, 50, 50, 50, 50, 50, 50, 50, 50, 50, 50, 50, 50]

Generation 32
Average: 0.8792 Best: 0.9003
Best Individual: 
C0 32|29|30|11|19|13|5|9|26|23|24|14|27|1|33|2|4|6|25|21|0|7|20|22|18|16|28|8|12|3|15|17|10|31|
Overall Best: 0.9031 Generation: 8
length: 34.0
feature_occurency: [50, 50, 50, 50, 50, 50, 50, 50, 50, 50, 50, 50, 50, 50, 50, 50, 50, 50, 50, 50, 50, 50, 50, 50, 50, 50, 50, 50, 50, 50, 50, 50, 50, 50]

Generation 33
Average: 0.8793 Best: 0.9031
Best Individual: 
C0 1|2|11|5|20|19|27|31|6|33|26|12|4|21|28|3|14|13|15|17|23|22|16|24|29|25|0|10|32|8|30|9|7|18|
Overall Best: 0.9031 Generation: 8
length: 34.0
feature_occurency: [50, 50, 50, 50, 50, 50, 50, 50, 50, 50, 50, 50, 50, 50, 50, 50, 50, 50, 50, 50, 50, 50, 50, 50, 50, 50, 50, 50, 50, 50, 50, 50, 50, 50]

Generation 34
Average: 0.8803 Best: 0.9031
Best Individual: 
C0 1|2|11|5|26|19|27|31|6|33|20|12|4|21|28|3|14|13|15|17|16|22|23|24|29|25|0|10|32|8|30|9|18|7|
Overall Best: 0.9031 Generation: 8
length: 34.0
feature_occurency: [50, 50, 50, 50, 50, 50, 50, 50, 50, 50, 50, 50, 50, 50, 50, 50, 50, 50, 50, 50, 50, 50, 50, 50, 50, 50, 50, 50, 50, 50, 50, 50, 50, 50]

Generation 35
Average: 0.8800 Best: 0.9031
Best Individual: 
C0 24|4|11|5|26|19|27|31|6|13|20|12|2|21|14|3|28|33|15|25|16|22|23|1|29|17|0|10|32|8|30|9|18|7|
Overall Best: 0.9031 Generation: 8
length: 34.0
feature_occurency: [50, 50, 50, 50, 50, 50, 50, 50, 50, 50, 50, 50, 50, 50, 50, 50, 50, 50, 50, 50, 50, 50, 50, 50, 50, 50, 50, 50, 50, 50, 50, 50, 50, 50]

Generation 36
Average: 0.8794 Best: 0.9031
Best Individual: 
C0 24|4|11|5|26|19|27|31|6|13|20|12|2|21|14|3|28|16|15|25|33|22|23|1|29|17|0|10|32|8|30|9|18|7|
Overall Best: 0.9031 Generation: 8
length: 34.0
feature_occurency: [50, 50, 50, 50, 50, 50, 50, 50, 50, 50, 50, 50, 50, 50, 50, 50, 50, 50, 50, 50, 50, 50, 50, 50, 50, 50, 50, 50, 50, 50, 50, 50, 50, 50]

Generation 37
Average: 0.8794 Best: 0.9088
Best Individual: 
C0 24|4|11|5|26|19|27|31|6|13|20|28|2|0|14|3|12|33|15|25|16|22|23|18|29|17|21|10|32|8|30|9|1|7|
Overall Best: 0.9088 Generation: 37
length: 34.0
feature_occurency: [50, 50, 50, 50, 50, 50, 50, 50, 50, 50, 50, 50, 50, 50, 50, 50, 50, 50, 50, 50, 50, 50, 50, 50, 50, 50, 50, 50, 50, 50, 50, 50, 50, 50]

Generation 38
Average: 0.8777 Best: 0.8974
Best Individual: 
C0 24|4|11|5|26|19|27|31|6|13|20|28|2|12|14|3|0|33|1|25|16|7|23|18|29|17|21|10|32|8|30|9|15|22|
Overall Best: 0.9088 Generation: 37
length: 34.0
feature_occurency: [50, 50, 50, 50, 50, 50, 50, 50, 50, 50, 50, 50, 50, 50, 50, 50, 50, 50, 50, 50, 50, 50, 50, 50, 50, 50, 50, 50, 50, 50, 50, 50, 50, 50]

Generation 39
Average: 0.8771 Best: 0.8946
Best Individual: 
C0 24|4|12|30|15|23|7|5|32|14|20|31|9|0|1|3|2|18|21|28|27|17|11|25|29|33|26|10|22|6|16|13|19|8|
Overall Best: 0.9088 Generation: 37
length: 34.0
feature_occurency: [50, 50, 50, 50, 50, 50, 50, 50, 50, 50, 50, 50, 50, 50, 50, 50, 50, 50, 50, 50, 50, 50, 50, 50, 50, 50, 50, 50, 50, 50, 50, 50, 50, 50]

Generation 40
Average: 0.8783 Best: 0.8946
Best Individual: 
C0 24|4|12|30|15|23|7|5|32|14|20|31|9|18|2|3|1|0|21|28|27|17|11|25|29|33|26|10|22|6|16|13|19|8|
Overall Best: 0.9088 Generation: 37
length: 34.0
feature_occurency: [50, 50, 50, 50, 50, 50, 50, 50, 50, 50, 50, 50, 50, 50, 50, 50, 50, 50, 50, 50, 50, 50, 50, 50, 50, 50, 50, 50, 50, 50, 50, 50, 50, 50]

Generation 41
Average: 0.8779 Best: 0.8917
Best Individual: 
C0 14|33|23|17|20|10|24|1|0|32|2|22|31|3|9|15|29|26|5|21|8|6|18|13|4|27|12|16|11|30|19|25|7|28|
Overall Best: 0.9088 Generation: 37
length: 34.0
feature_occurency: [50, 50, 50, 50, 50, 50, 50, 50, 50, 50, 50, 50, 50, 50, 50, 50, 50, 50, 50, 50, 50, 50, 50, 50, 50, 50, 50, 50, 50, 50, 50, 50, 50, 50]

Generation 42
Average: 0.8783 Best: 0.9003
Best Individual: 
C0 23|26|33|19|31|27|13|18|2|22|12|4|1|30|7|17|25|3|14|9|32|0|29|11|24|5|6|10|8|20|15|21|28|16|
Overall Best: 0.9088 Generation: 37
length: 34.0
feature_occurency: [50, 50, 50, 50, 50, 50, 50, 50, 50, 50, 50, 50, 50, 50, 50, 50, 50, 50, 50, 50, 50, 50, 50, 50, 50, 50, 50, 50, 50, 50, 50, 50, 50, 50]

Generation 43
Average: 0.8786 Best: 0.9003
Best Individual: 
C0 1|27|18|8|11|25|14|30|22|2|9|20|4|32|5|23|19|28|33|29|13|6|21|3|26|15|31|17|10|0|16|7|12|24|
Overall Best: 0.9088 Generation: 37
length: 34.0
feature_occurency: [50, 50, 50, 50, 50, 50, 50, 50, 50, 50, 50, 50, 50, 50, 50, 50, 50, 50, 50, 50, 50, 50, 50, 50, 50, 50, 50, 50, 50, 50, 50, 50, 50, 50]

Generation 44
Average: 0.8797 Best: 0.9003
Best Individual: 
C0 1|27|5|8|29|11|14|30|33|32|2|23|15|26|22|20|19|28|18|25|13|31|21|3|9|4|6|17|10|0|7|16|12|24|
Overall Best: 0.9088 Generation: 37
length: 34.0
feature_occurency: [50, 50, 50, 50, 50, 50, 50, 50, 50, 50, 50, 50, 50, 50, 50, 50, 50, 50, 50, 50, 50, 50, 50, 50, 50, 50, 50, 50, 50, 50, 50, 50, 50, 50]

Generation 45
Average: 0.8799 Best: 0.8946
Best Individual: 
C0 14|8|4|25|28|1|6|31|20|23|2|3|30|24|5|0|29|19|22|21|17|26|18|13|10|27|12|16|15|33|32|7|11|9|
Overall Best: 0.9088 Generation: 37
length: 34.0
feature_occurency: [50, 50, 50, 50, 50, 50, 50, 50, 50, 50, 50, 50, 50, 50, 50, 50, 50, 50, 50, 50, 50, 50, 50, 50, 50, 50, 50, 50, 50, 50, 50, 50, 50, 50]

Generation 46
Average: 0.8795 Best: 0.8946
Best Individual: 
C0 16|5|30|15|13|27|28|4|26|14|31|1|29|20|9|33|6|2|21|11|7|12|23|25|19|3|18|10|22|24|17|32|0|8|
Overall Best: 0.9088 Generation: 37
length: 34.0
feature_occurency: [50, 50, 50, 50, 50, 50, 50, 50, 50, 50, 50, 50, 50, 50, 50, 50, 50, 50, 50, 50, 50, 50, 50, 50, 50, 50, 50, 50, 50, 50, 50, 50, 50, 50]

Generation 47
Average: 0.8787 Best: 0.8946
Best Individual: 
C0 21|9|11|6|33|3|19|24|2|13|22|1|27|20|14|12|25|0|29|5|8|16|26|28|23|18|4|7|32|30|17|31|15|10|
Overall Best: 0.9088 Generation: 37
length: 34.0
feature_occurency: [50, 50, 50, 50, 50, 50, 50, 50, 50, 50, 50, 50, 50, 50, 50, 50, 50, 50, 50, 50, 50, 50, 50, 50, 50, 50, 50, 50, 50, 50, 50, 50, 50, 50]

Generation 48
Average: 0.8795 Best: 0.9088
Best Individual: 
C0 32|23|15|9|3|27|24|16|30|0|4|18|12|14|1|19|17|5|33|6|13|11|26|28|20|7|25|2|29|8|22|21|10|31|
Overall Best: 0.9088 Generation: 37
length: 34.0
feature_occurency: [50, 50, 50, 50, 50, 50, 50, 50, 50, 50, 50, 50, 50, 50, 50, 50, 50, 50, 50, 50, 50, 50, 50, 50, 50, 50, 50, 50, 50, 50, 50, 50, 50, 50]

Generation 49
Average: 0.8800 Best: 0.9088
Best Individual: 
C0 32|23|15|9|3|27|24|18|30|7|4|16|12|14|1|19|17|5|33|28|13|11|26|6|20|0|25|2|29|8|22|21|10|31|
Overall Best: 0.9088 Generation: 37
length: 34.0
feature_occurency: [50, 50, 50, 50, 50, 50, 50, 50, 50, 50, 50, 50, 50, 50, 50, 50, 50, 50, 50, 50, 50, 50, 50, 50, 50, 50, 50, 50, 50, 50, 50, 50, 50, 50]

Generation 50
Average: 0.8799 Best: 0.9088
Best Individual: 
C0 32|23|15|9|3|27|24|18|30|7|4|16|12|14|1|19|6|5|11|28|13|33|26|17|20|0|25|2|29|8|31|21|10|22|
Overall Best: 0.9088 Generation: 37
length: 34.0
feature_occurency: [50, 50, 50, 50, 50, 50, 50, 50, 50, 50, 50, 50, 50, 50, 50, 50, 50, 50, 50, 50, 50, 50, 50, 50, 50, 50, 50, 50, 50, 50, 50, 50, 50, 50]

Generation 51
Average: 0.8800 Best: 0.9088
Best Individual: 
C0 32|3|15|9|23|27|24|18|30|7|4|16|12|14|1|19|6|5|11|28|13|33|26|17|20|0|25|2|29|8|31|21|10|22|
Overall Best: 0.9088 Generation: 37
length: 34.0
feature_occurency: [50, 50, 50, 50, 50, 50, 50, 50, 50, 50, 50, 50, 50, 50, 50, 50, 50, 50, 50, 50, 50, 50, 50, 50, 50, 50, 50, 50, 50, 50, 50, 50, 50, 50]

Generation 52
Average: 0.8818 Best: 0.9031
Best Individual: 
C0 1|16|4|11|27|14|18|24|3|21|31|28|33|15|29|2|20|17|26|32|19|23|12|5|30|7|25|10|6|22|8|13|0|9|
Overall Best: 0.9088 Generation: 37
length: 34.0
feature_occurency: [50, 50, 50, 50, 50, 50, 50, 50, 50, 50, 50, 50, 50, 50, 50, 50, 50, 50, 50, 50, 50, 50, 50, 50, 50, 50, 50, 50, 50, 50, 50, 50, 50, 50]

Generation 53
Average: 0.8811 Best: 0.9031
Best Individual: 
C0 1|16|4|28|27|14|18|24|3|21|31|11|2|15|29|26|20|17|30|32|19|23|12|5|33|7|25|10|6|22|8|13|0|9|
Overall Best: 0.9088 Generation: 37
length: 34.0
feature_occurency: [50, 50, 50, 50, 50, 50, 50, 50, 50, 50, 50, 50, 50, 50, 50, 50, 50, 50, 50, 50, 50, 50, 50, 50, 50, 50, 50, 50, 50, 50, 50, 50, 50, 50]

Generation 54
Average: 0.8808 Best: 0.9031
Best Individual: 
C0 1|16|4|28|27|14|18|24|3|21|31|11|2|15|29|30|20|17|26|32|19|23|12|5|33|7|25|10|6|22|8|13|0|9|
Overall Best: 0.9088 Generation: 37
length: 34.0
feature_occurency: [50, 50, 50, 50, 50, 50, 50, 50, 50, 50, 50, 50, 50, 50, 50, 50, 50, 50, 50, 50, 50, 50, 50, 50, 50, 50, 50, 50, 50, 50, 50, 50, 50, 50]

Generation 55
Average: 0.8802 Best: 0.8917
Best Individual: 
C0 6|30|26|15|25|28|21|7|3|12|17|27|33|24|13|32|31|14|19|20|18|5|23|2|16|29|4|9|8|22|11|0|10|1|
Overall Best: 0.9088 Generation: 37
length: 34.0
feature_occurency: [50, 50, 50, 50, 50, 50, 50, 50, 50, 50, 50, 50, 50, 50, 50, 50, 50, 50, 50, 50, 50, 50, 50, 50, 50, 50, 50, 50, 50, 50, 50, 50, 50, 50]

Generation 56
Average: 0.8797 Best: 0.9003
Best Individual: 
C0 27|4|31|29|7|1|30|5|32|15|0|18|14|6|23|11|26|17|13|19|12|21|8|24|33|3|25|10|28|22|16|20|2|9|
Overall Best: 0.9088 Generation: 37
length: 34.0
feature_occurency: [50, 50, 50, 50, 50, 50, 50, 50, 50, 50, 50, 50, 50, 50, 50, 50, 50, 50, 50, 50, 50, 50, 50, 50, 50, 50, 50, 50, 50, 50, 50, 50, 50, 50]

Generation 57
Average: 0.8775 Best: 0.8946
Best Individual: 
C0 22|1|21|25|9|15|31|6|13|23|4|12|8|29|33|27|30|18|14|28|32|24|11|26|0|5|19|20|16|7|17|3|10|2|
Overall Best: 0.9088 Generation: 37
length: 34.0
feature_occurency: [50, 50, 50, 50, 50, 50, 50, 50, 50, 50, 50, 50, 50, 50, 50, 50, 50, 50, 50, 50, 50, 50, 50, 50, 50, 50, 50, 50, 50, 50, 50, 50, 50, 50]

Generation 58
Average: 0.8775 Best: 0.8974
Best Individual: 
C0 32|17|16|0|30|2|31|6|14|23|4|24|18|20|15|22|25|26|12|29|8|3|11|27|5|28|33|7|19|10|1|21|13|9|
Overall Best: 0.9088 Generation: 37
length: 34.0
feature_occurency: [50, 50, 50, 50, 50, 50, 50, 50, 50, 50, 50, 50, 50, 50, 50, 50, 50, 50, 50, 50, 50, 50, 50, 50, 50, 50, 50, 50, 50, 50, 50, 50, 50, 50]

Generation 59
Average: 0.8790 Best: 0.9003
Best Individual: 
C0 2|30|5|29|33|8|22|17|13|11|4|23|18|1|15|0|24|9|3|20|25|26|14|6|12|21|31|27|32|28|19|10|16|7|
Overall Best: 0.9088 Generation: 37
length: 34.0
feature_occurency: [50, 50, 50, 50, 50, 50, 50, 50, 50, 50, 50, 50, 50, 50, 50, 50, 50, 50, 50, 50, 50, 50, 50, 50, 50, 50, 50, 50, 50, 50, 50, 50, 50, 50]

Generation 60
Average: 0.8794 Best: 0.9003
Best Individual: 
C0 2|30|5|29|33|8|27|17|13|11|9|23|18|1|15|0|24|4|3|20|25|26|12|6|14|21|31|22|32|28|19|10|16|7|
Overall Best: 0.9088 Generation: 37
length: 34.0
feature_occurency: [50, 50, 50, 50, 50, 50, 50, 50, 50, 50, 50, 50, 50, 50, 50, 50, 50, 50, 50, 50, 50, 50, 50, 50, 50, 50, 50, 50, 50, 50, 50, 50, 50, 50]

Generation 61
Average: 0.8782 Best: 0.9003
Best Individual: 
C0 2|30|5|29|33|8|27|17|13|11|24|23|18|1|15|0|9|4|6|20|25|26|12|3|14|21|31|22|32|28|19|10|16|7|
Overall Best: 0.9088 Generation: 37
length: 34.0
feature_occurency: [50, 50, 50, 50, 50, 50, 50, 50, 50, 50, 50, 50, 50, 50, 50, 50, 50, 50, 50, 50, 50, 50, 50, 50, 50, 50, 50, 50, 50, 50, 50, 50, 50, 50]

Generation 62
Average: 0.8791 Best: 0.9003
Best Individual: 
C0 2|28|5|29|33|8|1|17|13|11|24|23|18|27|15|0|26|4|6|20|25|9|12|3|14|21|31|22|32|30|19|10|7|16|
Overall Best: 0.9088 Generation: 37
length: 34.0
feature_occurency: [50, 50, 50, 50, 50, 50, 50, 50, 50, 50, 50, 50, 50, 50, 50, 50, 50, 50, 50, 50, 50, 50, 50, 50, 50, 50, 50, 50, 50, 50, 50, 50, 50, 50]

Generation 63
Average: 0.8774 Best: 0.9003
Best Individual: 
C0 2|28|5|29|33|8|1|17|13|11|24|23|18|27|15|0|26|4|6|20|25|9|12|3|14|21|31|22|32|30|19|10|7|16|
Overall Best: 0.9088 Generation: 37
length: 34.0
feature_occurency: [50, 50, 50, 50, 50, 50, 50, 50, 50, 50, 50, 50, 50, 50, 50, 50, 50, 50, 50, 50, 50, 50, 50, 50, 50, 50, 50, 50, 50, 50, 50, 50, 50, 50]

Generation 64
Average: 0.8774 Best: 0.9003
Best Individual: 
C0 2|28|5|18|33|8|1|17|13|0|24|23|29|27|20|11|21|4|6|31|25|9|12|3|14|26|15|22|32|30|19|10|7|16|
Overall Best: 0.9088 Generation: 37
length: 34.0
feature_occurency: [50, 50, 50, 50, 50, 50, 50, 50, 50, 50, 50, 50, 50, 50, 50, 50, 50, 50, 50, 50, 50, 50, 50, 50, 50, 50, 50, 50, 50, 50, 50, 50, 50, 50]

Generation 65
Average: 0.8779 Best: 0.9003
Best Individual: 
C0 2|28|5|23|33|8|1|17|21|0|24|18|29|27|20|11|13|4|6|31|25|9|12|3|14|26|15|22|32|30|19|10|7|16|
Overall Best: 0.9088 Generation: 37
length: 34.0
feature_occurency: [50, 50, 50, 50, 50, 50, 50, 50, 50, 50, 50, 50, 50, 50, 50, 50, 50, 50, 50, 50, 50, 50, 50, 50, 50, 50, 50, 50, 50, 50, 50, 50, 50, 50]

Generation 66
Average: 0.8803 Best: 0.9003
Best Individual: 
C0 2|28|5|23|33|12|1|15|21|0|24|18|29|27|20|11|13|4|6|31|25|9|8|3|14|26|17|22|32|30|19|10|7|16|
Overall Best: 0.9088 Generation: 37
length: 34.0
feature_occurency: [50, 50, 50, 50, 50, 50, 50, 50, 50, 50, 50, 50, 50, 50, 50, 50, 50, 50, 50, 50, 50, 50, 50, 50, 50, 50, 50, 50, 50, 50, 50, 50, 50, 50]

Generation 67
Average: 0.8810 Best: 0.9003
Best Individual: 
C0 2|28|8|23|33|5|1|13|21|0|24|18|4|27|20|11|17|29|6|31|26|25|12|3|14|9|15|22|32|30|19|10|7|16|
Overall Best: 0.9088 Generation: 37
length: 34.0
feature_occurency: [50, 50, 50, 50, 50, 50, 50, 50, 50, 50, 50, 50, 50, 50, 50, 50, 50, 50, 50, 50, 50, 50, 50, 50, 50, 50, 50, 50, 50, 50, 50, 50, 50, 50]

Generation 68
Average: 0.8810 Best: 0.9003
Best Individual: 
C0 14|24|5|26|33|29|7|8|0|11|23|13|30|1|3|15|31|4|20|21|25|9|27|6|17|12|19|16|28|18|22|2|10|32|
Overall Best: 0.9088 Generation: 37
length: 34.0
feature_occurency: [50, 50, 50, 50, 50, 50, 50, 50, 50, 50, 50, 50, 50, 50, 50, 50, 50, 50, 50, 50, 50, 50, 50, 50, 50, 50, 50, 50, 50, 50, 50, 50, 50, 50]

Generation 69
Average: 0.8790 Best: 0.8946
Best Individual: 
C0 14|1|19|8|33|26|15|32|0|11|13|5|30|7|3|24|31|4|18|22|25|29|27|20|17|12|23|16|28|6|21|2|10|9|
Overall Best: 0.9088 Generation: 37
length: 34.0
feature_occurency: [50, 50, 50, 50, 50, 50, 50, 50, 50, 50, 50, 50, 50, 50, 50, 50, 50, 50, 50, 50, 50, 50, 50, 50, 50, 50, 50, 50, 50, 50, 50, 50, 50, 50]

Generation 70
Average: 0.8779 Best: 0.8946
Best Individual: 
C0 11|7|5|15|0|26|14|20|31|10|13|23|9|4|16|27|25|18|28|33|3|32|19|12|1|24|21|29|17|8|30|6|22|2|
Overall Best: 0.9088 Generation: 37
length: 34.0
feature_occurency: [50, 50, 50, 50, 50, 50, 50, 50, 50, 50, 50, 50, 50, 50, 50, 50, 50, 50, 50, 50, 50, 50, 50, 50, 50, 50, 50, 50, 50, 50, 50, 50, 50, 50]

Generation 71
Average: 0.8778 Best: 0.8917
Best Individual: 
C0 33|3|24|23|21|0|5|8|1|12|26|15|31|27|9|17|20|2|29|32|4|14|25|6|11|22|13|16|30|7|10|28|18|19|
Overall Best: 0.9088 Generation: 37
length: 34.0
feature_occurency: [50, 50, 50, 50, 50, 50, 50, 50, 50, 50, 50, 50, 50, 50, 50, 50, 50, 50, 50, 50, 50, 50, 50, 50, 50, 50, 50, 50, 50, 50, 50, 50, 50, 50]

Generation 72
Average: 0.8770 Best: 0.8917
Best Individual: 
C0 11|7|5|15|32|20|14|26|31|10|13|23|33|9|1|4|25|18|28|27|3|16|19|12|8|24|21|29|17|0|30|6|22|2|
Overall Best: 0.9088 Generation: 37
length: 34.0
feature_occurency: [50, 50, 50, 50, 50, 50, 50, 50, 50, 50, 50, 50, 50, 50, 50, 50, 50, 50, 50, 50, 50, 50, 50, 50, 50, 50, 50, 50, 50, 50, 50, 50, 50, 50]

Generation 73
Average: 0.8781 Best: 0.9003
Best Individual: 
C0 2|3|23|8|4|18|17|1|27|14|16|21|29|12|9|20|25|11|15|28|0|26|32|6|22|33|5|31|24|7|19|13|10|30|
Overall Best: 0.9088 Generation: 37
length: 34.0
feature_occurency: [50, 50, 50, 50, 50, 50, 50, 50, 50, 50, 50, 50, 50, 50, 50, 50, 50, 50, 50, 50, 50, 50, 50, 50, 50, 50, 50, 50, 50, 50, 50, 50, 50, 50]

Generation 74
Average: 0.8779 Best: 0.8974
Best Individual: 
C0 11|16|5|25|17|4|26|27|23|1|32|20|14|2|21|29|24|33|9|12|28|15|0|3|6|19|22|13|8|30|10|7|31|18|
Overall Best: 0.9088 Generation: 37
length: 34.0
feature_occurency: [50, 50, 50, 50, 50, 50, 50, 50, 50, 50, 50, 50, 50, 50, 50, 50, 50, 50, 50, 50, 50, 50, 50, 50, 50, 50, 50, 50, 50, 50, 50, 50, 50, 50]

Generation 75
Average: 0.8764 Best: 0.8974
Best Individual: 
C0 19|15|27|3|24|14|8|25|23|5|20|1|9|7|12|13|16|6|18|30|0|11|31|26|4|17|29|28|21|10|33|2|22|32|
Overall Best: 0.9088 Generation: 37
length: 34.0
feature_occurency: [50, 50, 50, 50, 50, 50, 50, 50, 50, 50, 50, 50, 50, 50, 50, 50, 50, 50, 50, 50, 50, 50, 50, 50, 50, 50, 50, 50, 50, 50, 50, 50, 50, 50]

Generation 76
Average: 0.8773 Best: 0.9031
Best Individual: 
C0 19|28|27|31|23|26|8|25|24|5|1|13|9|18|12|20|16|6|7|30|0|11|3|14|33|4|32|29|17|21|10|15|22|2|
Overall Best: 0.9088 Generation: 37
length: 34.0
feature_occurency: [50, 50, 50, 50, 50, 50, 50, 50, 50, 50, 50, 50, 50, 50, 50, 50, 50, 50, 50, 50, 50, 50, 50, 50, 50, 50, 50, 50, 50, 50, 50, 50, 50, 50]

Generation 77
Average: 0.8777 Best: 0.8974
Best Individual: 
C0 3|7|1|21|11|16|24|17|23|6|8|28|14|18|5|33|19|13|31|27|29|26|25|20|4|12|15|9|22|0|30|10|32|2|
Overall Best: 0.9088 Generation: 37
length: 34.0
feature_occurency: [50, 50, 50, 50, 50, 50, 50, 50, 50, 50, 50, 50, 50, 50, 50, 50, 50, 50, 50, 50, 50, 50, 50, 50, 50, 50, 50, 50, 50, 50, 50, 50, 50, 50]

Generation 78
Average: 0.8766 Best: 0.8917
Best Individual: 
C0 9|30|31|7|17|4|26|27|12|1|32|20|19|2|21|22|24|6|18|15|28|23|0|11|33|14|29|13|8|5|25|16|10|3|
Overall Best: 0.9088 Generation: 37
length: 34.0
feature_occurency: [50, 50, 50, 50, 50, 50, 50, 50, 50, 50, 50, 50, 50, 50, 50, 50, 50, 50, 50, 50, 50, 50, 50, 50, 50, 50, 50, 50, 50, 50, 50, 50, 50, 50]

Generation 79
Average: 0.8793 Best: 0.9031
Best Individual: 
C0 17|25|24|32|18|14|29|1|2|4|7|13|3|11|5|30|12|26|23|27|0|33|19|8|21|16|20|6|31|22|10|15|28|9|
Overall Best: 0.9088 Generation: 37
length: 34.0
feature_occurency: [50, 50, 50, 50, 50, 50, 50, 50, 50, 50, 50, 50, 50, 50, 50, 50, 50, 50, 50, 50, 50, 50, 50, 50, 50, 50, 50, 50, 50, 50, 50, 50, 50, 50]

Generation 80
Average: 0.8774 Best: 0.9003
Best Individual: 
C0 29|0|22|33|25|14|7|24|1|5|20|19|3|21|23|12|16|26|32|11|27|13|18|2|4|8|28|6|31|17|10|15|9|30|
Overall Best: 0.9088 Generation: 37
length: 34.0
feature_occurency: [50, 50, 50, 50, 50, 50, 50, 50, 50, 50, 50, 50, 50, 50, 50, 50, 50, 50, 50, 50, 50, 50, 50, 50, 50, 50, 50, 50, 50, 50, 50, 50, 50, 50]

Generation 81
Average: 0.8790 Best: 0.9003
Best Individual: 
C0 29|0|22|21|25|1|7|24|14|5|3|19|20|33|8|12|16|26|32|11|27|13|18|2|4|23|28|6|31|17|10|15|9|30|
Overall Best: 0.9088 Generation: 37
length: 34.0
feature_occurency: [50, 50, 50, 50, 50, 50, 50, 50, 50, 50, 50, 50, 50, 50, 50, 50, 50, 50, 50, 50, 50, 50, 50, 50, 50, 50, 50, 50, 50, 50, 50, 50, 50, 50]

Generation 82
Average: 0.8763 Best: 0.9060
Best Individual: 
C0 27|28|21|15|22|14|25|24|1|0|20|6|32|17|23|8|18|33|31|29|11|13|19|4|3|7|5|9|16|12|30|26|10|2|
Overall Best: 0.9088 Generation: 37
length: 34.0
feature_occurency: [50, 50, 50, 50, 50, 50, 50, 50, 50, 50, 50, 50, 50, 50, 50, 50, 50, 50, 50, 50, 50, 50, 50, 50, 50, 50, 50, 50, 50, 50, 50, 50, 50, 50]

Generation 83
Average: 0.8793 Best: 0.9060
Best Individual: 
C0 27|28|7|15|22|14|25|24|1|0|20|6|32|17|23|8|18|21|31|29|11|13|19|4|26|33|5|9|16|12|30|3|10|2|
Overall Best: 0.9088 Generation: 37
length: 34.0
feature_occurency: [50, 50, 50, 50, 50, 50, 50, 50, 50, 50, 50, 50, 50, 50, 50, 50, 50, 50, 50, 50, 50, 50, 50, 50, 50, 50, 50, 50, 50, 50, 50, 50, 50, 50]

Generation 84
Average: 0.8821 Best: 0.9088
Best Individual: 
C0 27|28|7|15|22|14|25|24|1|0|20|6|32|17|23|8|18|21|31|3|11|13|19|4|26|33|5|9|16|12|30|29|10|2|
Overall Best: 0.9088 Generation: 37
length: 34.0
feature_occurency: [50, 50, 50, 50, 50, 50, 50, 50, 50, 50, 50, 50, 50, 50, 50, 50, 50, 50, 50, 50, 50, 50, 50, 50, 50, 50, 50, 50, 50, 50, 50, 50, 50, 50]

Generation 85
Average: 0.8792 Best: 0.9088
Best Individual: 
C0 27|17|7|15|22|14|25|24|1|0|20|6|32|28|23|3|18|21|31|8|11|13|19|4|26|33|5|9|16|12|30|29|10|2|
Overall Best: 0.9088 Generation: 37
length: 34.0
feature_occurency: [50, 50, 50, 50, 50, 50, 50, 50, 50, 50, 50, 50, 50, 50, 50, 50, 50, 50, 50, 50, 50, 50, 50, 50, 50, 50, 50, 50, 50, 50, 50, 50, 50, 50]

Generation 86
Average: 0.8819 Best: 0.9088
Best Individual: 
C0 22|17|21|24|23|14|25|15|1|0|20|6|32|8|13|31|18|4|3|28|11|27|19|7|26|33|5|9|16|12|30|29|10|2|
Overall Best: 0.9088 Generation: 37
length: 34.0
feature_occurency: [50, 50, 50, 50, 50, 50, 50, 50, 50, 50, 50, 50, 50, 50, 50, 50, 50, 50, 50, 50, 50, 50, 50, 50, 50, 50, 50, 50, 50, 50, 50, 50, 50, 50]

Generation 87
Average: 0.8814 Best: 0.9031
Best Individual: 
C0 17|25|24|22|15|14|29|2|23|6|33|32|27|3|5|1|20|21|31|18|11|13|19|4|26|0|12|10|28|8|7|30|16|9|
Overall Best: 0.9088 Generation: 37
length: 34.0
feature_occurency: [50, 50, 50, 50, 50, 50, 50, 50, 50, 50, 50, 50, 50, 50, 50, 50, 50, 50, 50, 50, 50, 50, 50, 50, 50, 50, 50, 50, 50, 50, 50, 50, 50, 50]

Generation 88
Average: 0.8803 Best: 0.8974
Best Individual: 
C0 12|6|15|18|4|0|27|23|24|29|13|28|14|16|31|33|7|3|19|11|26|20|30|9|32|1|5|21|17|2|10|22|8|25|
Overall Best: 0.9088 Generation: 37
length: 34.0
feature_occurency: [50, 50, 50, 50, 50, 50, 50, 50, 50, 50, 50, 50, 50, 50, 50, 50, 50, 50, 50, 50, 50, 50, 50, 50, 50, 50, 50, 50, 50, 50, 50, 50, 50, 50]

Generation 89
Average: 0.8817 Best: 0.8974
Best Individual: 
C0 28|2|5|3|23|30|13|31|26|8|32|20|19|0|18|11|4|17|29|14|25|15|24|12|27|1|9|16|33|21|10|6|7|22|
Overall Best: 0.9088 Generation: 37
length: 34.0
feature_occurency: [50, 50, 50, 50, 50, 50, 50, 50, 50, 50, 50, 50, 50, 50, 50, 50, 50, 50, 50, 50, 50, 50, 50, 50, 50, 50, 50, 50, 50, 50, 50, 50, 50, 50]

Generation 90
Average: 0.8809 Best: 0.9003
Best Individual: 
C0 17|9|14|8|30|3|19|31|20|29|1|5|6|0|18|12|4|15|13|23|26|11|27|2|32|25|24|10|33|21|16|28|7|22|
Overall Best: 0.9088 Generation: 37
length: 34.0
feature_occurency: [50, 50, 50, 50, 50, 50, 50, 50, 50, 50, 50, 50, 50, 50, 50, 50, 50, 50, 50, 50, 50, 50, 50, 50, 50, 50, 50, 50, 50, 50, 50, 50, 50, 50]

Generation 91
Average: 0.8815 Best: 0.9003
Best Individual: 
C0 17|9|14|8|30|3|19|31|20|29|1|5|6|0|18|12|4|15|13|23|26|11|27|2|32|25|24|10|33|21|16|28|7|22|
Overall Best: 0.9088 Generation: 37
length: 34.0
feature_occurency: [50, 50, 50, 50, 50, 50, 50, 50, 50, 50, 50, 50, 50, 50, 50, 50, 50, 50, 50, 50, 50, 50, 50, 50, 50, 50, 50, 50, 50, 50, 50, 50, 50, 50]

Generation 92
Average: 0.8827 Best: 0.9003
Best Individual: 
C0 17|12|14|8|30|3|19|31|20|29|1|5|6|24|18|9|4|15|13|23|26|11|27|2|32|25|0|10|33|21|16|28|7|22|
Overall Best: 0.9088 Generation: 37
length: 34.0
feature_occurency: [50, 50, 50, 50, 50, 50, 50, 50, 50, 50, 50, 50, 50, 50, 50, 50, 50, 50, 50, 50, 50, 50, 50, 50, 50, 50, 50, 50, 50, 50, 50, 50, 50, 50]

Generation 93
Average: 0.8827 Best: 0.9003
Best Individual: 
C0 26|23|4|13|14|29|21|3|0|27|31|24|28|20|11|33|16|18|5|19|2|25|15|22|7|12|1|9|8|30|6|32|17|10|
Overall Best: 0.9088 Generation: 37
length: 34.0
feature_occurency: [50, 50, 50, 50, 50, 50, 50, 50, 50, 50, 50, 50, 50, 50, 50, 50, 50, 50, 50, 50, 50, 50, 50, 50, 50, 50, 50, 50, 50, 50, 50, 50, 50, 50]

Generation 94
Average: 0.8818 Best: 0.9003
Best Individual: 
C0 10|23|4|13|20|29|26|3|0|27|31|24|28|14|11|32|16|18|5|19|2|25|15|22|7|12|1|6|8|30|9|33|17|21|
Overall Best: 0.9088 Generation: 37
length: 34.0
feature_occurency: [50, 50, 50, 50, 50, 50, 50, 50, 50, 50, 50, 50, 50, 50, 50, 50, 50, 50, 50, 50, 50, 50, 50, 50, 50, 50, 50, 50, 50, 50, 50, 50, 50, 50]

Generation 95
Average: 0.8810 Best: 0.9031
Best Individual: 
C0 18|21|19|20|28|14|33|6|3|17|30|25|31|4|26|12|11|8|24|1|2|13|23|27|7|5|15|0|29|22|10|32|16|9|
Overall Best: 0.9088 Generation: 37
length: 34.0
feature_occurency: [50, 50, 50, 50, 50, 50, 50, 50, 50, 50, 50, 50, 50, 50, 50, 50, 50, 50, 50, 50, 50, 50, 50, 50, 50, 50, 50, 50, 50, 50, 50, 50, 50, 50]

Generation 96
Average: 0.8802 Best: 0.9031
Best Individual: 
C0 17|33|6|8|30|1|12|4|20|13|9|32|27|21|7|31|24|15|26|14|28|23|11|19|3|0|5|10|29|25|16|2|18|22|
Overall Best: 0.9088 Generation: 37
length: 34.0
feature_occurency: [50, 50, 50, 50, 50, 50, 50, 50, 50, 50, 50, 50, 50, 50, 50, 50, 50, 50, 50, 50, 50, 50, 50, 50, 50, 50, 50, 50, 50, 50, 50, 50, 50, 50]

Generation 97
Average: 0.8805 Best: 0.9031
Best Individual: 
C0 17|33|6|8|30|1|12|4|20|13|9|32|27|21|7|31|24|15|26|14|28|23|11|19|3|0|5|10|29|25|16|2|18|22|
Overall Best: 0.9088 Generation: 37
length: 34.0
feature_occurency: [50, 50, 50, 50, 50, 50, 50, 50, 50, 50, 50, 50, 50, 50, 50, 50, 50, 50, 50, 50, 50, 50, 50, 50, 50, 50, 50, 50, 50, 50, 50, 50, 50, 50]

Generation 98
Average: 0.8807 Best: 0.8946
Best Individual: 
C0 9|21|4|1|30|3|13|8|25|24|33|23|27|29|6|19|12|16|20|14|31|5|11|2|26|15|0|28|22|32|18|7|17|10|
Overall Best: 0.9088 Generation: 37
length: 34.0
feature_occurency: [50, 50, 50, 50, 50, 50, 50, 50, 50, 50, 50, 50, 50, 50, 50, 50, 50, 50, 50, 50, 50, 50, 50, 50, 50, 50, 50, 50, 50, 50, 50, 50, 50, 50]

Generation 99
Average: 0.8832 Best: 0.9003
Best Individual: 
C0 33|29|32|1|27|13|4|21|11|3|23|20|25|8|19|2|6|16|22|14|15|26|0|12|5|31|24|17|30|9|18|7|28|10|
Overall Best: 0.9088 Generation: 37
==================
    Best individual after 100 generations
    computed in 124.5360 seconds
    319 elements out of 351 correct.
    emerged in generation 37
    with fitness 0.9088
==================

24|4|11|5|26|19|27|31|6|13|20|28|2|0|14|3|12|33|15|25|16|22|23|18|29|17|21|10|32|8|30|9|1|7|
