Starting evolution...
length: 34.0
feature_occurency: [50, 50, 50, 50, 50, 50, 50, 50, 50, 50, 50, 50, 50, 50, 50, 50, 50, 50, 50, 50, 50, 50, 50, 50, 50, 50, 50, 50, 50, 50, 50, 50, 50, 50]

Generation 0
Average: 0.8779 Best: 0.9003
Best Individual: 
C0 0|1|20|2|26|5|12|7|25|9|10|11|4|24|14|3|23|17|27|6|19|22|21|16|18|8|15|13|28|29|30|31|32|33|
Overall Best: 0.9003 Generation: 0
length: 34.0
feature_occurency: [50, 50, 50, 50, 50, 50, 50, 50, 50, 50, 50, 50, 50, 50, 50, 50, 50, 50, 50, 50, 50, 50, 50, 50, 50, 50, 50, 50, 50, 50, 50, 50, 50, 50]

Generation 1
Average: 0.8804 Best: 0.9060
Best Individual: 
C0 0|20|16|23|4|5|14|7|22|6|29|11|12|15|9|26|30|2|25|19|21|3|8|10|24|13|1|27|28|18|17|31|32|33|
Overall Best: 0.9060 Generation: 1
length: 34.0
feature_occurency: [50, 50, 50, 50, 50, 50, 50, 50, 50, 50, 50, 50, 50, 50, 50, 50, 50, 50, 50, 50, 50, 50, 50, 50, 50, 50, 50, 50, 50, 50, 50, 50, 50, 50]

Generation 2
Average: 0.8793 Best: 0.9031
Best Individual: 
C0 0|6|12|17|4|5|33|1|8|31|26|7|18|13|22|15|20|23|11|27|16|19|14|10|24|25|9|32|21|29|2|3|28|30|
Overall Best: 0.9060 Generation: 1
length: 34.0
feature_occurency: [50, 50, 50, 50, 50, 50, 50, 50, 50, 50, 50, 50, 50, 50, 50, 50, 50, 50, 50, 50, 50, 50, 50, 50, 50, 50, 50, 50, 50, 50, 50, 50, 50, 50]

Generation 3
Average: 0.8807 Best: 0.9060
Best Individual: 
C0 1|14|11|3|7|20|33|4|8|0|17|2|6|25|23|12|26|10|9|19|5|27|28|21|18|22|29|13|24|15|32|31|30|16|
Overall Best: 0.9060 Generation: 1
length: 34.0
feature_occurency: [50, 50, 50, 50, 50, 50, 50, 50, 50, 50, 50, 50, 50, 50, 50, 50, 50, 50, 50, 50, 50, 50, 50, 50, 50, 50, 50, 50, 50, 50, 50, 50, 50, 50]

Generation 4
Average: 0.8860 Best: 0.9145
Best Individual: 
C0 0|10|3|24|4|23|6|33|25|20|8|11|12|1|30|18|9|26|2|19|29|21|16|22|7|5|17|31|15|27|14|32|13|28|
Overall Best: 0.9145 Generation: 4
length: 34.0
feature_occurency: [50, 50, 50, 50, 50, 50, 50, 50, 50, 50, 50, 50, 50, 50, 50, 50, 50, 50, 50, 50, 50, 50, 50, 50, 50, 50, 50, 50, 50, 50, 50, 50, 50, 50]

Generation 5
Average: 0.8825 Best: 0.9174
Best Individual: 
C0 26|1|6|18|4|28|17|23|12|33|20|21|8|11|14|3|27|2|0|31|19|25|22|16|24|10|15|30|9|29|13|5|32|7|
Overall Best: 0.9174 Generation: 5
length: 34.0
feature_occurency: [50, 50, 50, 50, 50, 50, 50, 50, 50, 50, 50, 50, 50, 50, 50, 50, 50, 50, 50, 50, 50, 50, 50, 50, 50, 50, 50, 50, 50, 50, 50, 50, 50, 50]

Generation 6
Average: 0.8829 Best: 0.9031
Best Individual: 
C0 1|14|11|7|3|9|19|4|8|25|17|2|6|0|23|12|26|10|5|33|20|28|27|18|21|22|29|13|24|15|32|30|31|16|
Overall Best: 0.9174 Generation: 5
length: 34.0
feature_occurency: [50, 50, 50, 50, 50, 50, 50, 50, 50, 50, 50, 50, 50, 50, 50, 50, 50, 50, 50, 50, 50, 50, 50, 50, 50, 50, 50, 50, 50, 50, 50, 50, 50, 50]

Generation 7
Average: 0.8830 Best: 0.9088
Best Individual: 
C0 14|29|21|18|19|20|15|23|7|13|4|5|6|11|2|1|26|10|31|22|12|8|33|30|3|9|25|27|32|17|16|28|24|0|
Overall Best: 0.9174 Generation: 5
length: 34.0
feature_occurency: [50, 50, 50, 50, 50, 50, 50, 50, 50, 50, 50, 50, 50, 50, 50, 50, 50, 50, 50, 50, 50, 50, 50, 50, 50, 50, 50, 50, 50, 50, 50, 50, 50, 50]

Generation 8
Average: 0.8808 Best: 0.9060
Best Individual: 
C0 32|33|2|20|7|18|6|27|22|11|17|4|21|15|26|1|24|23|12|0|31|19|25|16|14|30|8|5|29|28|10|9|3|13|
Overall Best: 0.9174 Generation: 5
length: 34.0
feature_occurency: [50, 50, 50, 50, 50, 50, 50, 50, 50, 50, 50, 50, 50, 50, 50, 50, 50, 50, 50, 50, 50, 50, 50, 50, 50, 50, 50, 50, 50, 50, 50, 50, 50, 50]

Generation 9
Average: 0.8821 Best: 0.9088
Best Individual: 
C0 6|23|21|7|18|33|1|22|10|15|26|12|0|27|24|4|19|25|2|31|30|17|3|14|29|5|32|13|20|9|11|8|28|16|
Overall Best: 0.9174 Generation: 5
length: 34.0
feature_occurency: [50, 50, 50, 50, 50, 50, 50, 50, 50, 50, 50, 50, 50, 50, 50, 50, 50, 50, 50, 50, 50, 50, 50, 50, 50, 50, 50, 50, 50, 50, 50, 50, 50, 50]

Generation 10
Average: 0.8840 Best: 0.9088
Best Individual: 
C0 4|23|19|9|33|5|10|1|11|15|26|30|16|27|13|20|3|17|14|31|24|22|6|21|29|18|28|32|0|25|2|12|8|7|
Overall Best: 0.9174 Generation: 5
length: 34.0
feature_occurency: [50, 50, 50, 50, 50, 50, 50, 50, 50, 50, 50, 50, 50, 50, 50, 50, 50, 50, 50, 50, 50, 50, 50, 50, 50, 50, 50, 50, 50, 50, 50, 50, 50, 50]

Generation 11
Average: 0.8838 Best: 0.9003
Best Individual: 
C0 1|2|21|10|18|32|6|22|17|15|26|12|0|27|24|4|19|25|23|31|30|7|3|14|29|5|33|13|20|9|11|8|28|16|
Overall Best: 0.9174 Generation: 5
length: 34.0
feature_occurency: [50, 50, 50, 50, 50, 50, 50, 50, 50, 50, 50, 50, 50, 50, 50, 50, 50, 50, 50, 50, 50, 50, 50, 50, 50, 50, 50, 50, 50, 50, 50, 50, 50, 50]

Generation 12
Average: 0.8812 Best: 0.9031
Best Individual: 
C0 14|29|18|5|3|1|27|31|17|15|26|12|0|6|24|4|20|25|23|11|8|7|32|16|28|33|22|2|19|30|10|9|21|13|
Overall Best: 0.9174 Generation: 5
length: 34.0
feature_occurency: [50, 50, 50, 50, 50, 50, 50, 50, 50, 50, 50, 50, 50, 50, 50, 50, 50, 50, 50, 50, 50, 50, 50, 50, 50, 50, 50, 50, 50, 50, 50, 50, 50, 50]

Generation 13
Average: 0.8848 Best: 0.9031
Best Individual: 
C0 32|29|18|30|7|1|27|31|17|15|26|12|11|6|24|13|20|25|23|4|0|3|14|16|28|33|22|2|19|5|10|9|21|8|
Overall Best: 0.9174 Generation: 5
length: 34.0
feature_occurency: [50, 50, 50, 50, 50, 50, 50, 50, 50, 50, 50, 50, 50, 50, 50, 50, 50, 50, 50, 50, 50, 50, 50, 50, 50, 50, 50, 50, 50, 50, 50, 50, 50, 50]

Generation 14
Average: 0.8830 Best: 0.9060
Best Individual: 
C0 24|2|31|4|33|14|1|27|13|29|11|21|6|18|23|32|12|20|8|15|30|9|5|25|3|16|7|17|10|22|19|26|28|0|
Overall Best: 0.9174 Generation: 5
length: 34.0
feature_occurency: [50, 50, 50, 50, 50, 50, 50, 50, 50, 50, 50, 50, 50, 50, 50, 50, 50, 50, 50, 50, 50, 50, 50, 50, 50, 50, 50, 50, 50, 50, 50, 50, 50, 50]

Generation 15
Average: 0.8870 Best: 0.9060
Best Individual: 
C0 12|23|26|5|9|4|3|1|17|33|32|30|11|27|31|0|19|15|14|10|22|24|13|21|28|8|20|7|16|25|2|29|18|6|
Overall Best: 0.9174 Generation: 5
length: 34.0
feature_occurency: [50, 50, 50, 50, 50, 50, 50, 50, 50, 50, 50, 50, 50, 50, 50, 50, 50, 50, 50, 50, 50, 50, 50, 50, 50, 50, 50, 50, 50, 50, 50, 50, 50, 50]

Generation 16
Average: 0.8854 Best: 0.9088
Best Individual: 
C0 12|11|19|14|30|9|20|2|33|4|6|0|32|10|23|13|3|5|26|31|24|1|28|21|18|15|17|7|27|29|16|8|22|25|
Overall Best: 0.9174 Generation: 5
length: 34.0
feature_occurency: [50, 50, 50, 50, 50, 50, 50, 50, 50, 50, 50, 50, 50, 50, 50, 50, 50, 50, 50, 50, 50, 50, 50, 50, 50, 50, 50, 50, 50, 50, 50, 50, 50, 50]

Generation 17
Average: 0.8872 Best: 0.9060
Best Individual: 
C0 0|24|27|14|18|19|23|30|4|15|26|1|6|32|12|3|13|31|9|11|8|20|7|22|2|29|17|28|5|16|25|10|21|33|
Overall Best: 0.9174 Generation: 5
length: 34.0
feature_occurency: [50, 50, 50, 50, 50, 50, 50, 50, 50, 50, 50, 50, 50, 50, 50, 50, 50, 50, 50, 50, 50, 50, 50, 50, 50, 50, 50, 50, 50, 50, 50, 50, 50, 50]

Generation 18
Average: 0.8840 Best: 0.9117
Best Individual: 
C0 24|0|28|14|22|10|33|11|30|1|21|23|29|32|6|26|17|5|20|4|8|19|7|16|2|13|31|27|9|18|15|12|25|3|
Overall Best: 0.9174 Generation: 5
length: 34.0
feature_occurency: [50, 50, 50, 50, 50, 50, 50, 50, 50, 50, 50, 50, 50, 50, 50, 50, 50, 50, 50, 50, 50, 50, 50, 50, 50, 50, 50, 50, 50, 50, 50, 50, 50, 50]

Generation 19
Average: 0.8852 Best: 0.9031
Best Individual: 
C0 6|21|13|27|2|4|1|22|33|5|10|25|14|0|11|28|12|9|17|29|30|23|32|26|18|15|8|7|3|20|16|31|19|24|
Overall Best: 0.9174 Generation: 5
length: 34.0
feature_occurency: [50, 50, 50, 50, 50, 50, 50, 50, 50, 50, 50, 50, 50, 50, 50, 50, 50, 50, 50, 50, 50, 50, 50, 50, 50, 50, 50, 50, 50, 50, 50, 50, 50, 50]

Generation 20
Average: 0.8825 Best: 0.9145
Best Individual: 
C0 7|24|20|14|3|19|23|27|4|15|26|1|12|32|6|18|13|31|22|11|8|30|9|0|2|25|17|5|28|10|29|16|21|33|
Overall Best: 0.9174 Generation: 5
length: 34.0
feature_occurency: [50, 50, 50, 50, 50, 50, 50, 50, 50, 50, 50, 50, 50, 50, 50, 50, 50, 50, 50, 50, 50, 50, 50, 50, 50, 50, 50, 50, 50, 50, 50, 50, 50, 50]

Generation 21
Average: 0.8851 Best: 0.9145
Best Individual: 
C0 7|24|20|14|3|19|23|27|4|15|26|1|12|32|6|18|13|31|22|11|8|30|9|0|2|25|16|5|28|10|29|17|21|33|
Overall Best: 0.9174 Generation: 5
length: 34.0
feature_occurency: [50, 50, 50, 50, 50, 50, 50, 50, 50, 50, 50, 50, 50, 50, 50, 50, 50, 50, 50, 50, 50, 50, 50, 50, 50, 50, 50, 50, 50, 50, 50, 50, 50, 50]

Generation 22
Average: 0.8864 Best: 0.9088
Best Individual: 
C0 3|33|6|32|26|27|13|18|29|24|17|4|10|23|5|9|15|0|12|19|20|28|16|22|1|30|8|25|21|2|7|11|14|31|
Overall Best: 0.9174 Generation: 5
length: 34.0
feature_occurency: [50, 50, 50, 50, 50, 50, 50, 50, 50, 50, 50, 50, 50, 50, 50, 50, 50, 50, 50, 50, 50, 50, 50, 50, 50, 50, 50, 50, 50, 50, 50, 50, 50, 50]

Generation 23
Average: 0.8874 Best: 0.9088
Best Individual: 
C0 19|24|20|14|3|7|23|1|4|15|33|27|25|12|6|5|13|31|22|0|8|30|9|26|2|32|17|18|28|10|21|16|29|11|
Overall Best: 0.9174 Generation: 5
length: 34.0
feature_occurency: [50, 50, 50, 50, 50, 50, 50, 50, 50, 50, 50, 50, 50, 50, 50, 50, 50, 50, 50, 50, 50, 50, 50, 50, 50, 50, 50, 50, 50, 50, 50, 50, 50, 50]

Generation 24
Average: 0.8884 Best: 0.9117
Best Individual: 
C0 26|2|21|27|30|32|4|23|1|20|15|28|5|14|0|6|8|17|33|31|7|13|16|24|10|29|19|22|12|9|18|25|3|11|
Overall Best: 0.9174 Generation: 5
length: 34.0
feature_occurency: [50, 50, 50, 50, 50, 50, 50, 50, 50, 50, 50, 50, 50, 50, 50, 50, 50, 50, 50, 50, 50, 50, 50, 50, 50, 50, 50, 50, 50, 50, 50, 50, 50, 50]

Generation 25
Average: 0.8858 Best: 0.9117
Best Individual: 
C0 19|24|14|20|1|31|8|3|4|23|33|13|21|12|6|5|27|25|22|26|15|17|30|0|2|32|7|18|28|10|9|16|29|11|
Overall Best: 0.9174 Generation: 5
length: 34.0
feature_occurency: [50, 50, 50, 50, 50, 50, 50, 50, 50, 50, 50, 50, 50, 50, 50, 50, 50, 50, 50, 50, 50, 50, 50, 50, 50, 50, 50, 50, 50, 50, 50, 50, 50, 50]

Generation 26
Average: 0.8872 Best: 0.9088
Best Individual: 
C0 23|1|11|0|25|4|27|10|33|12|6|14|24|32|5|9|30|17|7|19|20|18|26|13|29|16|2|28|21|22|31|3|8|15|
Overall Best: 0.9174 Generation: 5
length: 34.0
feature_occurency: [50, 50, 50, 50, 50, 50, 50, 50, 50, 50, 50, 50, 50, 50, 50, 50, 50, 50, 50, 50, 50, 50, 50, 50, 50, 50, 50, 50, 50, 50, 50, 50, 50, 50]

Generation 27
Average: 0.8883 Best: 0.9202
Best Individual: 
C0 22|20|7|23|3|8|26|19|4|0|15|6|32|12|27|5|25|13|24|33|18|2|17|9|1|11|16|31|30|14|28|10|21|29|
Overall Best: 0.9202 Generation: 27
length: 34.0
feature_occurency: [50, 50, 50, 50, 50, 50, 50, 50, 50, 50, 50, 50, 50, 50, 50, 50, 50, 50, 50, 50, 50, 50, 50, 50, 50, 50, 50, 50, 50, 50, 50, 50, 50, 50]

Generation 28
Average: 0.8861 Best: 0.9060
Best Individual: 
C0 23|8|11|0|10|4|27|30|19|13|6|14|7|25|12|5|20|28|24|33|18|2|17|9|26|31|32|29|21|22|16|1|3|15|
Overall Best: 0.9202 Generation: 27
length: 34.0
feature_occurency: [50, 50, 50, 50, 50, 50, 50, 50, 50, 50, 50, 50, 50, 50, 50, 50, 50, 50, 50, 50, 50, 50, 50, 50, 50, 50, 50, 50, 50, 50, 50, 50, 50, 50]

Generation 29
Average: 0.8879 Best: 0.9117
Best Individual: 
C0 11|32|19|20|10|4|23|2|33|18|6|3|13|1|5|12|27|14|7|26|0|29|16|17|9|30|25|31|21|22|28|24|8|15|
Overall Best: 0.9202 Generation: 27
length: 34.0
feature_occurency: [50, 50, 50, 50, 50, 50, 50, 50, 50, 50, 50, 50, 50, 50, 50, 50, 50, 50, 50, 50, 50, 50, 50, 50, 50, 50, 50, 50, 50, 50, 50, 50, 50, 50]

Generation 30
Average: 0.8870 Best: 0.9088
Best Individual: 
C0 26|14|7|16|28|17|4|23|1|20|27|30|6|19|15|25|5|13|29|33|11|2|8|9|10|24|12|22|32|0|31|21|18|3|
Overall Best: 0.9202 Generation: 27
length: 34.0
feature_occurency: [50, 50, 50, 50, 50, 50, 50, 50, 50, 50, 50, 50, 50, 50, 50, 50, 50, 50, 50, 50, 50, 50, 50, 50, 50, 50, 50, 50, 50, 50, 50, 50, 50, 50]

Generation 31
Average: 0.8843 Best: 0.9060
Best Individual: 
C0 25|2|23|4|31|33|27|30|11|17|16|1|26|12|14|6|9|0|18|20|5|15|22|21|32|19|13|8|7|24|10|28|29|3|
Overall Best: 0.9202 Generation: 27
length: 34.0
feature_occurency: [50, 50, 50, 50, 50, 50, 50, 50, 50, 50, 50, 50, 50, 50, 50, 50, 50, 50, 50, 50, 50, 50, 50, 50, 50, 50, 50, 50, 50, 50, 50, 50, 50, 50]

Generation 32
Average: 0.8844 Best: 0.9145
Best Individual: 
C0 30|11|24|2|23|14|4|0|19|29|6|26|12|27|1|16|25|9|20|32|13|15|5|21|22|8|3|18|31|17|7|28|10|33|
Overall Best: 0.9202 Generation: 27
length: 34.0
feature_occurency: [50, 50, 50, 50, 50, 50, 50, 50, 50, 50, 50, 50, 50, 50, 50, 50, 50, 50, 50, 50, 50, 50, 50, 50, 50, 50, 50, 50, 50, 50, 50, 50, 50, 50]

Generation 33
Average: 0.8859 Best: 0.9060
Best Individual: 
C0 11|21|32|1|29|4|23|12|24|25|6|20|33|13|30|18|27|14|7|28|0|3|16|17|9|26|5|10|19|2|22|31|8|15|
Overall Best: 0.9202 Generation: 27
length: 34.0
feature_occurency: [50, 50, 50, 50, 50, 50, 50, 50, 50, 50, 50, 50, 50, 50, 50, 50, 50, 50, 50, 50, 50, 50, 50, 50, 50, 50, 50, 50, 50, 50, 50, 50, 50, 50]

Generation 34
Average: 0.8868 Best: 0.9031
Best Individual: 
C0 26|11|19|6|33|4|21|23|13|28|16|1|20|12|7|5|3|25|24|27|18|8|2|10|9|14|0|32|30|15|22|31|17|29|
Overall Best: 0.9202 Generation: 27
length: 34.0
feature_occurency: [50, 50, 50, 50, 50, 50, 50, 50, 50, 50, 50, 50, 50, 50, 50, 50, 50, 50, 50, 50, 50, 50, 50, 50, 50, 50, 50, 50, 50, 50, 50, 50, 50, 50]

Generation 35
Average: 0.8855 Best: 0.9060
Best Individual: 
C0 29|17|33|8|6|3|16|19|9|13|20|21|12|26|4|10|27|23|14|1|30|18|11|24|31|22|5|2|32|0|7|28|15|25|
Overall Best: 0.9202 Generation: 27
length: 34.0
feature_occurency: [50, 50, 50, 50, 50, 50, 50, 50, 50, 50, 50, 50, 50, 50, 50, 50, 50, 50, 50, 50, 50, 50, 50, 50, 50, 50, 50, 50, 50, 50, 50, 50, 50, 50]

Generation 36
Average: 0.8828 Best: 0.9060
Best Individual: 
C0 24|13|15|1|8|4|23|12|29|33|6|20|25|32|3|18|27|26|7|28|0|30|16|14|9|17|5|10|19|2|22|31|11|21|
Overall Best: 0.9202 Generation: 27
length: 34.0
feature_occurency: [50, 50, 50, 50, 50, 50, 50, 50, 50, 50, 50, 50, 50, 50, 50, 50, 50, 50, 50, 50, 50, 50, 50, 50, 50, 50, 50, 50, 50, 50, 50, 50, 50, 50]

Generation 37
Average: 0.8847 Best: 0.9145
Best Individual: 
C0 11|28|18|21|13|4|1|12|27|15|22|8|20|14|5|23|16|26|30|33|6|17|29|31|19|0|24|25|9|32|7|2|3|10|
Overall Best: 0.9202 Generation: 27
length: 34.0
feature_occurency: [50, 50, 50, 50, 50, 50, 50, 50, 50, 50, 50, 50, 50, 50, 50, 50, 50, 50, 50, 50, 50, 50, 50, 50, 50, 50, 50, 50, 50, 50, 50, 50, 50, 50]

Generation 38
Average: 0.8873 Best: 0.9117
Best Individual: 
C0 26|3|6|11|14|1|23|30|9|5|4|13|8|2|10|17|16|20|12|33|29|18|15|31|27|22|7|0|25|19|21|32|24|28|
Overall Best: 0.9202 Generation: 27
length: 34.0
feature_occurency: [50, 50, 50, 50, 50, 50, 50, 50, 50, 50, 50, 50, 50, 50, 50, 50, 50, 50, 50, 50, 50, 50, 50, 50, 50, 50, 50, 50, 50, 50, 50, 50, 50, 50]

Generation 39
Average: 0.8866 Best: 0.9088
Best Individual: 
C0 27|11|20|22|12|33|24|26|25|18|5|7|19|23|1|17|2|8|14|28|21|29|3|10|31|0|9|32|13|16|30|4|6|15|
Overall Best: 0.9202 Generation: 27
length: 34.0
feature_occurency: [50, 50, 50, 50, 50, 50, 50, 50, 50, 50, 50, 50, 50, 50, 50, 50, 50, 50, 50, 50, 50, 50, 50, 50, 50, 50, 50, 50, 50, 50, 50, 50, 50, 50]

Generation 40
Average: 0.8823 Best: 0.9031
Best Individual: 
C0 1|24|19|6|5|26|18|12|2|22|23|20|25|11|17|7|27|8|33|28|21|29|15|10|31|0|9|32|13|14|30|4|3|16|
Overall Best: 0.9202 Generation: 27
length: 34.0
feature_occurency: [50, 50, 50, 50, 50, 50, 50, 50, 50, 50, 50, 50, 50, 50, 50, 50, 50, 50, 50, 50, 50, 50, 50, 50, 50, 50, 50, 50, 50, 50, 50, 50, 50, 50]

Generation 41
Average: 0.8815 Best: 0.9088
Best Individual: 
C0 9|28|14|1|18|2|15|4|5|23|26|33|6|10|29|12|20|11|27|30|17|7|19|32|22|25|13|0|16|31|3|24|8|21|
Overall Best: 0.9202 Generation: 27
length: 34.0
feature_occurency: [50, 50, 50, 50, 50, 50, 50, 50, 50, 50, 50, 50, 50, 50, 50, 50, 50, 50, 50, 50, 50, 50, 50, 50, 50, 50, 50, 50, 50, 50, 50, 50, 50, 50]

Generation 42
Average: 0.8795 Best: 0.9003
Best Individual: 
C0 9|28|14|1|27|2|15|4|5|23|0|33|6|10|29|12|20|21|18|30|17|7|25|32|22|19|13|26|16|31|3|24|8|11|
Overall Best: 0.9202 Generation: 27
length: 34.0
feature_occurency: [50, 50, 50, 50, 50, 50, 50, 50, 50, 50, 50, 50, 50, 50, 50, 50, 50, 50, 50, 50, 50, 50, 50, 50, 50, 50, 50, 50, 50, 50, 50, 50, 50, 50]

Generation 43
Average: 0.8824 Best: 0.9031
Best Individual: 
C0 25|29|6|1|18|4|33|13|19|20|7|15|23|14|16|22|31|30|17|27|11|5|12|24|3|2|8|9|26|28|32|21|10|0|
Overall Best: 0.9202 Generation: 27
length: 34.0
feature_occurency: [50, 50, 50, 50, 50, 50, 50, 50, 50, 50, 50, 50, 50, 50, 50, 50, 50, 50, 50, 50, 50, 50, 50, 50, 50, 50, 50, 50, 50, 50, 50, 50, 50, 50]

Generation 44
Average: 0.8822 Best: 0.9060
Best Individual: 
C0 22|26|32|23|0|29|4|8|18|28|17|15|33|1|11|6|19|27|14|20|24|16|31|13|9|30|12|7|25|2|10|21|3|5|
Overall Best: 0.9202 Generation: 27
length: 34.0
feature_occurency: [50, 50, 50, 50, 50, 50, 50, 50, 50, 50, 50, 50, 50, 50, 50, 50, 50, 50, 50, 50, 50, 50, 50, 50, 50, 50, 50, 50, 50, 50, 50, 50, 50, 50]

Generation 45
Average: 0.8830 Best: 0.9060
Best Individual: 
C0 32|30|21|3|14|12|23|2|24|8|27|33|6|4|9|29|18|1|26|16|15|28|7|31|10|22|25|20|0|13|17|5|19|11|
Overall Best: 0.9202 Generation: 27
length: 34.0
feature_occurency: [50, 50, 50, 50, 50, 50, 50, 50, 50, 50, 50, 50, 50, 50, 50, 50, 50, 50, 50, 50, 50, 50, 50, 50, 50, 50, 50, 50, 50, 50, 50, 50, 50, 50]

Generation 46
Average: 0.8855 Best: 0.9060
Best Individual: 
C0 25|2|0|6|18|21|22|13|33|20|32|31|30|14|5|4|1|23|26|24|15|28|7|10|8|27|3|19|29|9|17|12|11|16|
Overall Best: 0.9202 Generation: 27
length: 34.0
feature_occurency: [50, 50, 50, 50, 50, 50, 50, 50, 50, 50, 50, 50, 50, 50, 50, 50, 50, 50, 50, 50, 50, 50, 50, 50, 50, 50, 50, 50, 50, 50, 50, 50, 50, 50]

Generation 47
Average: 0.8824 Best: 0.9060
Best Individual: 
C0 25|2|0|6|18|23|22|13|33|20|32|31|30|14|5|4|1|21|26|24|15|28|7|10|8|27|3|19|29|9|11|12|17|16|
Overall Best: 0.9202 Generation: 27
length: 34.0
feature_occurency: [50, 50, 50, 50, 50, 50, 50, 50, 50, 50, 50, 50, 50, 50, 50, 50, 50, 50, 50, 50, 50, 50, 50, 50, 50, 50, 50, 50, 50, 50, 50, 50, 50, 50]

Generation 48
Average: 0.8822 Best: 0.9060
Best Individual: 
C0 18|11|5|13|4|20|23|2|24|8|26|33|25|31|1|6|0|29|7|21|9|10|27|16|22|3|32|19|12|28|15|30|14|17|
Overall Best: 0.9202 Generation: 27
length: 34.0
feature_occurency: [50, 50, 50, 50, 50, 50, 50, 50, 50, 50, 50, 50, 50, 50, 50, 50, 50, 50, 50, 50, 50, 50, 50, 50, 50, 50, 50, 50, 50, 50, 50, 50, 50, 50]

Generation 49
Average: 0.8814 Best: 0.9088
Best Individual: 
C0 8|20|22|14|27|30|23|4|1|11|12|17|10|26|2|6|28|33|32|15|18|7|19|13|29|25|5|16|3|31|21|0|9|24|
Overall Best: 0.9202 Generation: 27
length: 34.0
feature_occurency: [50, 50, 50, 50, 50, 50, 50, 50, 50, 50, 50, 50, 50, 50, 50, 50, 50, 50, 50, 50, 50, 50, 50, 50, 50, 50, 50, 50, 50, 50, 50, 50, 50, 50]

Generation 50
Average: 0.8819 Best: 0.9031
Best Individual: 
C0 8|0|22|27|14|30|23|4|1|11|12|17|10|26|33|25|15|3|19|5|7|18|6|29|13|2|20|32|28|21|31|16|24|9|
Overall Best: 0.9202 Generation: 27
length: 34.0
feature_occurency: [50, 50, 50, 50, 50, 50, 50, 50, 50, 50, 50, 50, 50, 50, 50, 50, 50, 50, 50, 50, 50, 50, 50, 50, 50, 50, 50, 50, 50, 50, 50, 50, 50, 50]

Generation 51
Average: 0.8831 Best: 0.9031
Best Individual: 
C0 14|1|11|3|33|12|26|32|2|19|17|23|18|4|15|6|30|25|31|21|9|10|27|16|22|0|5|24|7|28|8|29|13|20|
Overall Best: 0.9202 Generation: 27
length: 34.0
feature_occurency: [50, 50, 50, 50, 50, 50, 50, 50, 50, 50, 50, 50, 50, 50, 50, 50, 50, 50, 50, 50, 50, 50, 50, 50, 50, 50, 50, 50, 50, 50, 50, 50, 50, 50]

Generation 52
Average: 0.8827 Best: 0.9060
Best Individual: 
C0 8|0|29|26|14|30|23|19|1|25|20|21|18|27|4|22|15|13|32|5|7|31|6|11|3|17|2|28|33|16|10|12|24|9|
Overall Best: 0.9202 Generation: 27
length: 34.0
feature_occurency: [50, 50, 50, 50, 50, 50, 50, 50, 50, 50, 50, 50, 50, 50, 50, 50, 50, 50, 50, 50, 50, 50, 50, 50, 50, 50, 50, 50, 50, 50, 50, 50, 50, 50]

Generation 53
Average: 0.8815 Best: 0.9060
Best Individual: 
C0 8|0|26|23|25|30|29|19|1|14|20|21|18|27|4|22|15|13|32|5|7|31|6|11|3|17|2|28|33|16|10|12|24|9|
Overall Best: 0.9202 Generation: 27
length: 34.0
feature_occurency: [50, 50, 50, 50, 50, 50, 50, 50, 50, 50, 50, 50, 50, 50, 50, 50, 50, 50, 50, 50, 50, 50, 50, 50, 50, 50, 50, 50, 50, 50, 50, 50, 50, 50]

Generation 54
Average: 0.8839 Best: 0.9060
Best Individual: 
C0 8|0|26|18|25|30|29|19|1|14|20|21|23|27|4|22|15|13|32|5|7|31|6|11|3|17|2|28|33|16|10|12|24|9|
Overall Best: 0.9202 Generation: 27
length: 34.0
feature_occurency: [50, 50, 50, 50, 50, 50, 50, 50, 50, 50, 50, 50, 50, 50, 50, 50, 50, 50, 50, 50, 50, 50, 50, 50, 50, 50, 50, 50, 50, 50, 50, 50, 50, 50]

Generation 55
Average: 0.8863 Best: 0.9060
Best Individual: 
C0 8|31|0|9|33|16|23|17|24|11|32|1|4|26|12|6|21|29|20|15|7|5|22|28|3|2|14|13|25|19|10|27|30|18|
Overall Best: 0.9202 Generation: 27
length: 34.0
feature_occurency: [50, 50, 50, 50, 50, 50, 50, 50, 50, 50, 50, 50, 50, 50, 50, 50, 50, 50, 50, 50, 50, 50, 50, 50, 50, 50, 50, 50, 50, 50, 50, 50, 50, 50]

Generation 56
Average: 0.8831 Best: 0.9060
Best Individual: 
C0 1|9|22|15|18|10|27|32|14|30|31|33|8|20|4|6|28|21|0|7|25|11|2|26|24|19|12|5|29|16|17|13|3|23|
Overall Best: 0.9202 Generation: 27
length: 34.0
feature_occurency: [50, 50, 50, 50, 50, 50, 50, 50, 50, 50, 50, 50, 50, 50, 50, 50, 50, 50, 50, 50, 50, 50, 50, 50, 50, 50, 50, 50, 50, 50, 50, 50, 50, 50]

Generation 57
Average: 0.8852 Best: 0.9174
Best Individual: 
C0 19|6|26|20|5|27|1|30|4|32|23|18|28|3|31|33|2|12|9|11|14|7|10|16|22|21|0|13|15|25|8|29|24|17|
Overall Best: 0.9202 Generation: 27
length: 34.0
feature_occurency: [50, 50, 50, 50, 50, 50, 50, 50, 50, 50, 50, 50, 50, 50, 50, 50, 50, 50, 50, 50, 50, 50, 50, 50, 50, 50, 50, 50, 50, 50, 50, 50, 50, 50]

Generation 58
Average: 0.8864 Best: 0.9088
Best Individual: 
C0 4|2|23|18|19|10|3|27|31|28|29|26|17|1|8|15|6|12|0|24|33|11|13|22|7|21|25|14|5|16|20|32|9|30|
Overall Best: 0.9202 Generation: 27
length: 34.0
feature_occurency: [50, 50, 50, 50, 50, 50, 50, 50, 50, 50, 50, 50, 50, 50, 50, 50, 50, 50, 50, 50, 50, 50, 50, 50, 50, 50, 50, 50, 50, 50, 50, 50, 50, 50]

Generation 59
Average: 0.8795 Best: 0.9031
Best Individual: 
C0 33|4|6|10|28|3|2|13|26|11|20|12|8|14|17|0|21|15|19|23|27|5|22|16|29|7|32|9|24|30|18|31|25|1|
Overall Best: 0.9202 Generation: 27
length: 34.0
feature_occurency: [50, 50, 50, 50, 50, 50, 50, 50, 50, 50, 50, 50, 50, 50, 50, 50, 50, 50, 50, 50, 50, 50, 50, 50, 50, 50, 50, 50, 50, 50, 50, 50, 50, 50]

Generation 60
Average: 0.8823 Best: 0.9031
Best Individual: 
C0 1|23|31|10|20|15|17|9|28|22|3|33|8|18|4|6|14|21|0|26|25|11|2|7|5|27|12|24|29|16|19|30|32|13|
Overall Best: 0.9202 Generation: 27
length: 34.0
feature_occurency: [50, 50, 50, 50, 50, 50, 50, 50, 50, 50, 50, 50, 50, 50, 50, 50, 50, 50, 50, 50, 50, 50, 50, 50, 50, 50, 50, 50, 50, 50, 50, 50, 50, 50]

Generation 61
Average: 0.8816 Best: 0.9031
Best Individual: 
C0 23|30|31|3|20|15|17|9|28|22|26|33|8|32|4|6|14|21|0|10|25|11|12|7|5|27|13|24|29|16|18|19|2|1|
Overall Best: 0.9202 Generation: 27
length: 34.0
feature_occurency: [50, 50, 50, 50, 50, 50, 50, 50, 50, 50, 50, 50, 50, 50, 50, 50, 50, 50, 50, 50, 50, 50, 50, 50, 50, 50, 50, 50, 50, 50, 50, 50, 50, 50]

Generation 62
Average: 0.8844 Best: 0.9088
Best Individual: 
C0 26|6|0|21|12|27|23|28|33|11|30|13|4|20|7|25|19|8|29|22|2|16|31|18|32|1|3|14|10|17|5|24|9|15|
Overall Best: 0.9202 Generation: 27
length: 34.0
feature_occurency: [50, 50, 50, 50, 50, 50, 50, 50, 50, 50, 50, 50, 50, 50, 50, 50, 50, 50, 50, 50, 50, 50, 50, 50, 50, 50, 50, 50, 50, 50, 50, 50, 50, 50]

Generation 63
Average: 0.8831 Best: 0.9060
Best Individual: 
C0 3|4|8|14|22|23|33|19|0|15|12|20|1|30|5|6|9|7|26|11|28|31|10|29|24|25|13|21|17|16|32|18|2|27|
Overall Best: 0.9202 Generation: 27
length: 34.0
feature_occurency: [50, 50, 50, 50, 50, 50, 50, 50, 50, 50, 50, 50, 50, 50, 50, 50, 50, 50, 50, 50, 50, 50, 50, 50, 50, 50, 50, 50, 50, 50, 50, 50, 50, 50]

Generation 64
Average: 0.8851 Best: 0.9060
Best Individual: 
C0 3|4|8|14|6|23|33|19|0|15|12|20|1|30|5|22|9|7|26|11|28|31|10|29|24|25|13|21|17|16|32|18|2|27|
Overall Best: 0.9202 Generation: 27
length: 34.0
feature_occurency: [50, 50, 50, 50, 50, 50, 50, 50, 50, 50, 50, 50, 50, 50, 50, 50, 50, 50, 50, 50, 50, 50, 50, 50, 50, 50, 50, 50, 50, 50, 50, 50, 50, 50]

Generation 65
Average: 0.8847 Best: 0.9060
Best Individual: 
C0 26|28|18|23|22|27|1|2|32|25|3|20|5|8|29|6|13|14|4|12|24|0|19|16|7|17|31|9|15|30|10|21|33|11|
Overall Best: 0.9202 Generation: 27
length: 34.0
feature_occurency: [50, 50, 50, 50, 50, 50, 50, 50, 50, 50, 50, 50, 50, 50, 50, 50, 50, 50, 50, 50, 50, 50, 50, 50, 50, 50, 50, 50, 50, 50, 50, 50, 50, 50]

Generation 66
Average: 0.8847 Best: 0.9117
Best Individual: 
C0 15|9|12|28|31|27|23|7|20|4|1|30|19|16|18|25|11|14|22|26|3|24|2|13|29|10|8|0|5|33|17|6|21|32|
Overall Best: 0.9202 Generation: 27
length: 34.0
feature_occurency: [50, 50, 50, 50, 50, 50, 50, 50, 50, 50, 50, 50, 50, 50, 50, 50, 50, 50, 50, 50, 50, 50, 50, 50, 50, 50, 50, 50, 50, 50, 50, 50, 50, 50]

Generation 67
Average: 0.8835 Best: 0.9145
Best Individual: 
C0 26|28|18|23|0|27|1|2|32|20|3|25|33|12|29|6|13|14|4|8|31|22|19|16|7|17|24|9|15|30|10|21|5|11|
Overall Best: 0.9202 Generation: 27
length: 34.0
feature_occurency: [50, 50, 50, 50, 50, 50, 50, 50, 50, 50, 50, 50, 50, 50, 50, 50, 50, 50, 50, 50, 50, 50, 50, 50, 50, 50, 50, 50, 50, 50, 50, 50, 50, 50]

Generation 68
Average: 0.8854 Best: 0.9088
Best Individual: 
C0 19|20|14|3|22|27|15|32|10|6|17|8|31|13|1|23|2|4|33|12|29|7|5|24|11|25|28|0|18|16|30|9|21|26|
Overall Best: 0.9202 Generation: 27
length: 34.0
feature_occurency: [50, 50, 50, 50, 50, 50, 50, 50, 50, 50, 50, 50, 50, 50, 50, 50, 50, 50, 50, 50, 50, 50, 50, 50, 50, 50, 50, 50, 50, 50, 50, 50, 50, 50]

Generation 69
Average: 0.8854 Best: 0.9031
Best Individual: 
C0 22|16|6|28|3|0|14|32|29|30|4|23|11|2|19|33|7|12|25|20|31|8|10|18|24|13|9|21|17|27|15|5|26|1|
Overall Best: 0.9202 Generation: 27
length: 34.0
feature_occurency: [50, 50, 50, 50, 50, 50, 50, 50, 50, 50, 50, 50, 50, 50, 50, 50, 50, 50, 50, 50, 50, 50, 50, 50, 50, 50, 50, 50, 50, 50, 50, 50, 50, 50]

Generation 70
Average: 0.8828 Best: 0.9031
Best Individual: 
C0 0|27|24|5|12|33|7|20|21|32|13|26|6|16|18|10|23|14|4|22|1|28|11|19|3|17|29|9|2|8|31|30|25|15|
Overall Best: 0.9202 Generation: 27
length: 34.0
feature_occurency: [50, 50, 50, 50, 50, 50, 50, 50, 50, 50, 50, 50, 50, 50, 50, 50, 50, 50, 50, 50, 50, 50, 50, 50, 50, 50, 50, 50, 50, 50, 50, 50, 50, 50]

Generation 71
Average: 0.8813 Best: 0.9031
Best Individual: 
C0 0|27|24|5|12|33|4|20|21|32|13|26|6|16|18|10|23|14|7|22|1|28|11|19|3|17|29|9|2|8|31|30|25|15|
Overall Best: 0.9202 Generation: 27
length: 34.0
feature_occurency: [50, 50, 50, 50, 50, 50, 50, 50, 50, 50, 50, 50, 50, 50, 50, 50, 50, 50, 50, 50, 50, 50, 50, 50, 50, 50, 50, 50, 50, 50, 50, 50, 50, 50]

Generation 72
Average: 0.8825 Best: 0.9003
Best Individual: 
C0 17|4|0|9|10|6|32|26|29|12|24|30|33|23|14|22|28|8|15|5|2|11|13|19|20|21|7|1|25|27|16|3|31|18|
Overall Best: 0.9202 Generation: 27
length: 34.0
feature_occurency: [50, 50, 50, 50, 50, 50, 50, 50, 50, 50, 50, 50, 50, 50, 50, 50, 50, 50, 50, 50, 50, 50, 50, 50, 50, 50, 50, 50, 50, 50, 50, 50, 50, 50]

Generation 73
Average: 0.8839 Best: 0.9117
Best Individual: 
C0 10|5|28|14|21|23|1|27|6|15|4|12|29|8|9|0|16|3|33|24|2|11|13|32|26|25|30|17|20|18|7|22|31|19|
Overall Best: 0.9202 Generation: 27
length: 34.0
feature_occurency: [50, 50, 50, 50, 50, 50, 50, 50, 50, 50, 50, 50, 50, 50, 50, 50, 50, 50, 50, 50, 50, 50, 50, 50, 50, 50, 50, 50, 50, 50, 50, 50, 50, 50]

Generation 74
Average: 0.8836 Best: 0.9003
Best Individual: 
C0 31|5|20|19|23|10|17|32|4|28|18|24|27|13|26|33|14|6|30|9|3|0|22|15|29|7|25|16|1|8|12|11|21|2|
Overall Best: 0.9202 Generation: 27
length: 34.0
feature_occurency: [50, 50, 50, 50, 50, 50, 50, 50, 50, 50, 50, 50, 50, 50, 50, 50, 50, 50, 50, 50, 50, 50, 50, 50, 50, 50, 50, 50, 50, 50, 50, 50, 50, 50]

Generation 75
Average: 0.8815 Best: 0.9031
Best Individual: 
C0 33|31|10|20|30|26|6|3|12|17|4|27|11|23|25|22|28|24|29|14|2|13|18|16|21|32|9|15|19|1|5|0|7|8|
Overall Best: 0.9202 Generation: 27
length: 34.0
feature_occurency: [50, 50, 50, 50, 50, 50, 50, 50, 50, 50, 50, 50, 50, 50, 50, 50, 50, 50, 50, 50, 50, 50, 50, 50, 50, 50, 50, 50, 50, 50, 50, 50, 50, 50]

Generation 76
Average: 0.8818 Best: 0.9060
Best Individual: 
C0 13|28|0|26|7|27|6|23|3|18|12|2|33|31|22|24|20|30|25|19|10|4|21|15|14|1|17|9|5|11|16|8|29|32|
Overall Best: 0.9202 Generation: 27
length: 34.0
feature_occurency: [50, 50, 50, 50, 50, 50, 50, 50, 50, 50, 50, 50, 50, 50, 50, 50, 50, 50, 50, 50, 50, 50, 50, 50, 50, 50, 50, 50, 50, 50, 50, 50, 50, 50]

Generation 77
Average: 0.8854 Best: 0.9060
Best Individual: 
C0 3|23|9|20|27|26|6|10|7|17|4|2|11|29|13|5|33|14|31|24|18|25|21|22|1|0|28|32|15|8|30|16|12|19|
Overall Best: 0.9202 Generation: 27
length: 34.0
feature_occurency: [50, 50, 50, 50, 50, 50, 50, 50, 50, 50, 50, 50, 50, 50, 50, 50, 50, 50, 50, 50, 50, 50, 50, 50, 50, 50, 50, 50, 50, 50, 50, 50, 50, 50]

Generation 78
Average: 0.8805 Best: 0.9003
Best Individual: 
C0 13|10|29|24|8|4|33|23|7|0|6|5|27|25|31|14|17|26|11|30|16|18|2|3|22|9|20|32|15|21|19|12|1|28|
Overall Best: 0.9202 Generation: 27
length: 34.0
feature_occurency: [50, 50, 50, 50, 50, 50, 50, 50, 50, 50, 50, 50, 50, 50, 50, 50, 50, 50, 50, 50, 50, 50, 50, 50, 50, 50, 50, 50, 50, 50, 50, 50, 50, 50]

Generation 79
Average: 0.8844 Best: 0.9117
Best Individual: 
C0 11|7|33|5|32|3|23|12|2|17|22|19|27|21|8|1|20|14|4|24|18|25|30|13|0|6|9|28|15|31|26|10|16|29|
Overall Best: 0.9202 Generation: 27
length: 34.0
feature_occurency: [50, 50, 50, 50, 50, 50, 50, 50, 50, 50, 50, 50, 50, 50, 50, 50, 50, 50, 50, 50, 50, 50, 50, 50, 50, 50, 50, 50, 50, 50, 50, 50, 50, 50]

Generation 80
Average: 0.8848 Best: 0.9117
Best Individual: 
C0 11|7|33|22|32|4|23|12|2|17|5|19|27|21|8|1|20|14|3|24|18|25|30|13|0|6|9|28|15|31|26|10|16|29|
Overall Best: 0.9202 Generation: 27
length: 34.0
feature_occurency: [50, 50, 50, 50, 50, 50, 50, 50, 50, 50, 50, 50, 50, 50, 50, 50, 50, 50, 50, 50, 50, 50, 50, 50, 50, 50, 50, 50, 50, 50, 50, 50, 50, 50]

Generation 81
Average: 0.8878 Best: 0.9031
Best Individual: 
C0 13|14|0|26|6|32|4|23|16|7|12|10|33|21|22|3|1|30|25|20|18|31|29|28|8|15|2|9|5|11|24|19|17|27|
Overall Best: 0.9202 Generation: 27
length: 34.0
feature_occurency: [50, 50, 50, 50, 50, 50, 50, 50, 50, 50, 50, 50, 50, 50, 50, 50, 50, 50, 50, 50, 50, 50, 50, 50, 50, 50, 50, 50, 50, 50, 50, 50, 50, 50]

Generation 82
Average: 0.8865 Best: 0.9031
Best Individual: 
C0 27|8|33|26|4|32|6|22|19|29|31|1|10|15|14|0|24|23|20|17|25|30|28|12|7|18|13|9|5|11|16|3|21|2|
Overall Best: 0.9202 Generation: 27
length: 34.0
feature_occurency: [50, 50, 50, 50, 50, 50, 50, 50, 50, 50, 50, 50, 50, 50, 50, 50, 50, 50, 50, 50, 50, 50, 50, 50, 50, 50, 50, 50, 50, 50, 50, 50, 50, 50]

Generation 83
Average: 0.8847 Best: 0.9031
Best Individual: 
C0 4|6|29|26|0|32|17|23|19|15|12|10|33|3|16|2|20|28|5|24|9|13|1|14|8|30|7|27|18|25|31|11|22|21|
Overall Best: 0.9202 Generation: 27
length: 34.0
feature_occurency: [50, 50, 50, 50, 50, 50, 50, 50, 50, 50, 50, 50, 50, 50, 50, 50, 50, 50, 50, 50, 50, 50, 50, 50, 50, 50, 50, 50, 50, 50, 50, 50, 50, 50]

Generation 84
Average: 0.8838 Best: 0.9088
Best Individual: 
C0 14|11|25|26|32|18|6|12|21|4|24|19|2|28|0|3|31|23|10|33|29|8|9|22|17|20|30|1|15|5|16|13|7|27|
Overall Best: 0.9202 Generation: 27
length: 34.0
feature_occurency: [50, 50, 50, 50, 50, 50, 50, 50, 50, 50, 50, 50, 50, 50, 50, 50, 50, 50, 50, 50, 50, 50, 50, 50, 50, 50, 50, 50, 50, 50, 50, 50, 50, 50]

Generation 85
Average: 0.8826 Best: 0.9088
Best Individual: 
C0 14|11|25|26|32|18|6|12|21|4|24|19|2|28|0|3|31|23|10|33|22|8|9|29|17|7|30|1|15|5|16|13|20|27|
Overall Best: 0.9202 Generation: 27
length: 34.0
feature_occurency: [50, 50, 50, 50, 50, 50, 50, 50, 50, 50, 50, 50, 50, 50, 50, 50, 50, 50, 50, 50, 50, 50, 50, 50, 50, 50, 50, 50, 50, 50, 50, 50, 50, 50]

Generation 86
Average: 0.8794 Best: 0.9060
Best Individual: 
C0 22|3|25|19|31|24|15|18|26|20|12|2|10|0|30|29|4|1|27|7|13|23|14|5|8|28|9|21|11|33|32|17|16|6|
Overall Best: 0.9202 Generation: 27
length: 34.0
feature_occurency: [50, 50, 50, 50, 50, 50, 50, 50, 50, 50, 50, 50, 50, 50, 50, 50, 50, 50, 50, 50, 50, 50, 50, 50, 50, 50, 50, 50, 50, 50, 50, 50, 50, 50]

Generation 87
Average: 0.8799 Best: 0.9060
Best Individual: 
C0 1|27|20|6|5|23|4|19|13|0|18|28|22|2|10|26|12|7|15|21|33|25|16|31|8|24|30|9|29|14|17|3|32|11|
Overall Best: 0.9202 Generation: 27
length: 34.0
feature_occurency: [50, 50, 50, 50, 50, 50, 50, 50, 50, 50, 50, 50, 50, 50, 50, 50, 50, 50, 50, 50, 50, 50, 50, 50, 50, 50, 50, 50, 50, 50, 50, 50, 50, 50]

Generation 88
Average: 0.8834 Best: 0.9060
Best Individual: 
C0 1|27|20|2|26|6|10|19|13|4|33|28|23|22|0|5|12|15|18|21|7|25|16|17|8|24|30|9|29|14|31|3|11|32|
Overall Best: 0.9202 Generation: 27
length: 34.0
feature_occurency: [50, 50, 50, 50, 50, 50, 50, 50, 50, 50, 50, 50, 50, 50, 50, 50, 50, 50, 50, 50, 50, 50, 50, 50, 50, 50, 50, 50, 50, 50, 50, 50, 50, 50]

Generation 89
Average: 0.8849 Best: 0.9060
Best Individual: 
C0 10|20|33|27|16|15|13|23|31|22|24|12|19|26|30|0|6|14|2|1|8|32|3|7|29|28|5|17|18|9|4|21|11|25|
Overall Best: 0.9202 Generation: 27
length: 34.0
feature_occurency: [50, 50, 50, 50, 50, 50, 50, 50, 50, 50, 50, 50, 50, 50, 50, 50, 50, 50, 50, 50, 50, 50, 50, 50, 50, 50, 50, 50, 50, 50, 50, 50, 50, 50]

Generation 90
Average: 0.8811 Best: 0.9031
Best Individual: 
C0 31|13|26|5|0|23|2|30|18|14|27|32|33|11|20|6|29|28|4|10|15|8|22|7|16|24|9|12|1|3|25|21|17|19|
Overall Best: 0.9202 Generation: 27
length: 34.0
feature_occurency: [50, 50, 50, 50, 50, 50, 50, 50, 50, 50, 50, 50, 50, 50, 50, 50, 50, 50, 50, 50, 50, 50, 50, 50, 50, 50, 50, 50, 50, 50, 50, 50, 50, 50]

Generation 91
Average: 0.8844 Best: 0.9031
Best Individual: 
C0 27|0|16|23|3|6|19|18|14|4|28|12|7|11|20|31|24|33|5|9|32|17|21|22|8|13|15|25|2|1|10|26|30|29|
Overall Best: 0.9202 Generation: 27
length: 34.0
feature_occurency: [50, 50, 50, 50, 50, 50, 50, 50, 50, 50, 50, 50, 50, 50, 50, 50, 50, 50, 50, 50, 50, 50, 50, 50, 50, 50, 50, 50, 50, 50, 50, 50, 50, 50]

Generation 92
Average: 0.8834 Best: 0.9060
Best Individual: 
C0 14|10|13|6|12|32|25|27|23|0|9|24|2|22|4|1|3|18|19|26|29|5|21|7|17|33|8|31|11|30|28|15|16|20|
Overall Best: 0.9202 Generation: 27
length: 34.0
feature_occurency: [50, 50, 50, 50, 50, 50, 50, 50, 50, 50, 50, 50, 50, 50, 50, 50, 50, 50, 50, 50, 50, 50, 50, 50, 50, 50, 50, 50, 50, 50, 50, 50, 50, 50]

Generation 93
Average: 0.8831 Best: 0.9117
Best Individual: 
C0 4|11|1|26|14|15|13|29|0|24|5|31|23|22|10|18|6|25|33|21|7|12|16|2|28|32|30|8|20|27|17|19|9|3|
Overall Best: 0.9202 Generation: 27
length: 34.0
feature_occurency: [50, 50, 50, 50, 50, 50, 50, 50, 50, 50, 50, 50, 50, 50, 50, 50, 50, 50, 50, 50, 50, 50, 50, 50, 50, 50, 50, 50, 50, 50, 50, 50, 50, 50]

Generation 94
Average: 0.8823 Best: 0.9088
Best Individual: 
C0 11|26|20|13|1|19|23|10|2|12|33|22|21|25|24|7|6|14|5|4|0|32|16|30|27|3|17|9|29|15|18|8|28|31|
Overall Best: 0.9202 Generation: 27
length: 34.0
feature_occurency: [50, 50, 50, 50, 50, 50, 50, 50, 50, 50, 50, 50, 50, 50, 50, 50, 50, 50, 50, 50, 50, 50, 50, 50, 50, 50, 50, 50, 50, 50, 50, 50, 50, 50]

Generation 95
Average: 0.8843 Best: 0.9117
Best Individual: 
C0 4|11|24|26|14|15|32|25|5|1|7|0|8|13|20|23|6|29|33|21|31|12|16|28|10|22|30|18|2|27|17|19|9|3|
Overall Best: 0.9202 Generation: 27
length: 34.0
feature_occurency: [50, 50, 50, 50, 50, 50, 50, 50, 50, 50, 50, 50, 50, 50, 50, 50, 50, 50, 50, 50, 50, 50, 50, 50, 50, 50, 50, 50, 50, 50, 50, 50, 50, 50]

Generation 96
Average: 0.8862 Best: 0.9117
Best Individual: 
C0 17|5|0|24|14|31|21|20|29|27|15|25|33|11|6|26|23|28|4|1|22|13|12|10|2|30|32|7|18|8|3|19|16|9|
Overall Best: 0.9202 Generation: 27
length: 34.0
feature_occurency: [50, 50, 50, 50, 50, 50, 50, 50, 50, 50, 50, 50, 50, 50, 50, 50, 50, 50, 50, 50, 50, 50, 50, 50, 50, 50, 50, 50, 50, 50, 50, 50, 50, 50]

Generation 97
Average: 0.8856 Best: 0.9060
Best Individual: 
C0 4|11|1|33|14|9|13|30|19|27|26|24|17|0|21|23|6|29|32|20|7|12|16|28|10|18|22|8|31|15|2|25|5|3|
Overall Best: 0.9202 Generation: 27
length: 34.0
feature_occurency: [50, 50, 50, 50, 50, 50, 50, 50, 50, 50, 50, 50, 50, 50, 50, 50, 50, 50, 50, 50, 50, 50, 50, 50, 50, 50, 50, 50, 50, 50, 50, 50, 50, 50]

Generation 98
Average: 0.8877 Best: 0.9060
Best Individual: 
C0 7|11|5|32|17|9|1|30|29|27|23|25|33|18|6|26|20|15|14|24|3|8|16|10|28|4|22|19|2|21|31|12|13|0|
Overall Best: 0.9202 Generation: 27
length: 34.0
feature_occurency: [50, 50, 50, 50, 50, 50, 50, 50, 50, 50, 50, 50, 50, 50, 50, 50, 50, 50, 50, 50, 50, 50, 50, 50, 50, 50, 50, 50, 50, 50, 50, 50, 50, 50]

Generation 99
Average: 0.8848 Best: 0.9145
Best Individual: 
C0 4|2|1|17|12|19|32|22|29|27|23|25|9|18|6|26|20|15|14|24|3|8|16|10|5|0|7|13|31|30|21|11|33|28|
Overall Best: 0.9202 Generation: 27
==================
    Best individual after 100 generations
    computed in 115.3210 seconds
    323 elements out of 351 correct.
    emerged in generation 27
    with fitness 0.9202
==================

22|20|7|23|3|8|26|19|4|0|15|6|32|12|27|5|25|13|24|33|18|2|17|9|1|11|16|31|30|14|28|10|21|29|
