Starting evolution...
length: 34.0
feature_occurency: [50, 50, 50, 50, 50, 50, 50, 50, 50, 50, 50, 50, 50, 50, 50, 50, 50, 50, 50, 50, 50, 50, 50, 50, 50, 50, 50, 50, 50, 50, 50, 50, 50, 50]

Generation 0
Average: 0.8846 Best: 0.9145
Best Individual: 
C0 0|22|2|17|4|23|3|24|8|32|11|16|12|13|9|15|33|6|21|19|20|18|29|28|7|10|26|31|5|1|30|27|14|25|
Overall Best: 0.9145 Generation: 0
length: 34.0
feature_occurency: [50, 50, 50, 50, 50, 50, 50, 50, 50, 50, 50, 50, 50, 50, 50, 50, 50, 50, 50, 50, 50, 50, 50, 50, 50, 50, 50, 50, 50, 50, 50, 50, 50, 50]

Generation 1
Average: 0.8882 Best: 0.9117
Best Individual: 
C0 24|29|2|7|4|27|6|25|18|14|0|15|20|13|10|11|16|17|28|5|12|3|19|23|31|21|8|30|26|1|9|22|32|33|
Overall Best: 0.9145 Generation: 0
length: 34.0
feature_occurency: [50, 50, 50, 50, 50, 50, 50, 50, 50, 50, 50, 50, 50, 50, 50, 50, 50, 50, 50, 50, 50, 50, 50, 50, 50, 50, 50, 50, 50, 50, 50, 50, 50, 50]

Generation 2
Average: 0.8854 Best: 0.9117
Best Individual: 
C0 18|22|0|3|4|5|23|20|17|15|10|8|2|1|14|28|16|30|6|19|7|21|33|24|31|25|26|27|9|11|13|29|32|12|
Overall Best: 0.9145 Generation: 0
length: 34.0
feature_occurency: [50, 50, 50, 50, 50, 50, 50, 50, 50, 50, 50, 50, 50, 50, 50, 50, 50, 50, 50, 50, 50, 50, 50, 50, 50, 50, 50, 50, 50, 50, 50, 50, 50, 50]

Generation 3
Average: 0.8877 Best: 0.9231
Best Individual: 
C0 0|22|3|17|4|23|2|21|12|32|28|26|15|1|30|7|13|24|25|19|20|11|18|6|31|10|33|29|5|16|14|9|27|8|
Overall Best: 0.9231 Generation: 3
length: 34.0
feature_occurency: [50, 50, 50, 50, 50, 50, 50, 50, 50, 50, 50, 50, 50, 50, 50, 50, 50, 50, 50, 50, 50, 50, 50, 50, 50, 50, 50, 50, 50, 50, 50, 50, 50, 50]

Generation 4
Average: 0.8885 Best: 0.9145
Best Individual: 
C0 7|1|31|10|20|5|11|2|14|4|26|30|28|3|17|21|16|6|9|19|12|27|25|18|24|15|29|22|0|13|23|8|32|33|
Overall Best: 0.9231 Generation: 3
length: 34.0
feature_occurency: [50, 50, 50, 50, 50, 50, 50, 50, 50, 50, 50, 50, 50, 50, 50, 50, 50, 50, 50, 50, 50, 50, 50, 50, 50, 50, 50, 50, 50, 50, 50, 50, 50, 50]

Generation 5
Average: 0.8893 Best: 0.9202
Best Individual: 
C0 26|16|14|5|24|9|29|23|0|21|4|28|1|11|13|7|10|27|8|19|20|30|22|12|17|25|2|31|15|32|6|3|18|33|
Overall Best: 0.9231 Generation: 3
length: 34.0
feature_occurency: [50, 50, 50, 50, 50, 50, 50, 50, 50, 50, 50, 50, 50, 50, 50, 50, 50, 50, 50, 50, 50, 50, 50, 50, 50, 50, 50, 50, 50, 50, 50, 50, 50, 50]

Generation 6
Average: 0.8897 Best: 0.9202
Best Individual: 
C0 26|16|14|5|24|9|29|23|0|21|4|28|1|11|13|7|10|27|8|19|20|30|22|12|17|25|2|15|31|32|6|3|18|33|
Overall Best: 0.9231 Generation: 3
length: 34.0
feature_occurency: [50, 50, 50, 50, 50, 50, 50, 50, 50, 50, 50, 50, 50, 50, 50, 50, 50, 50, 50, 50, 50, 50, 50, 50, 50, 50, 50, 50, 50, 50, 50, 50, 50, 50]

Generation 7
Average: 0.8897 Best: 0.9145
Best Individual: 
C0 23|33|31|8|4|28|1|21|0|26|32|12|3|11|20|5|16|7|30|13|14|22|25|27|24|18|10|19|29|17|6|9|2|15|
Overall Best: 0.9231 Generation: 3
length: 34.0
feature_occurency: [50, 50, 50, 50, 50, 50, 50, 50, 50, 50, 50, 50, 50, 50, 50, 50, 50, 50, 50, 50, 50, 50, 50, 50, 50, 50, 50, 50, 50, 50, 50, 50, 50, 50]

Generation 8
Average: 0.8889 Best: 0.9145
Best Individual: 
C0 30|0|26|10|12|21|23|20|22|4|5|11|33|6|32|28|3|17|8|15|25|9|16|27|19|1|2|18|14|29|31|24|13|7|
Overall Best: 0.9231 Generation: 3
length: 34.0
feature_occurency: [50, 50, 50, 50, 50, 50, 50, 50, 50, 50, 50, 50, 50, 50, 50, 50, 50, 50, 50, 50, 50, 50, 50, 50, 50, 50, 50, 50, 50, 50, 50, 50, 50, 50]

Generation 9
Average: 0.8916 Best: 0.9202
Best Individual: 
C0 26|11|14|12|25|9|22|23|24|21|4|28|33|0|13|7|16|8|19|29|5|32|10|20|17|30|2|6|31|27|15|3|18|1|
Overall Best: 0.9231 Generation: 3
length: 34.0
feature_occurency: [50, 50, 50, 50, 50, 50, 50, 50, 50, 50, 50, 50, 50, 50, 50, 50, 50, 50, 50, 50, 50, 50, 50, 50, 50, 50, 50, 50, 50, 50, 50, 50, 50, 50]

Generation 10
Average: 0.8937 Best: 0.9174
Best Individual: 
C0 13|8|1|32|16|23|4|22|10|33|28|26|15|0|11|3|25|27|6|12|5|30|19|24|20|17|2|31|29|9|21|7|14|18|
Overall Best: 0.9231 Generation: 3
length: 34.0
feature_occurency: [50, 50, 50, 50, 50, 50, 50, 50, 50, 50, 50, 50, 50, 50, 50, 50, 50, 50, 50, 50, 50, 50, 50, 50, 50, 50, 50, 50, 50, 50, 50, 50, 50, 50]

Generation 11
Average: 0.8923 Best: 0.9231
Best Individual: 
C0 12|19|1|32|16|23|4|22|30|33|24|26|15|31|11|3|25|5|6|13|14|10|8|28|20|17|2|0|27|9|21|7|29|18|
Overall Best: 0.9231 Generation: 3
length: 34.0
feature_occurency: [50, 50, 50, 50, 50, 50, 50, 50, 50, 50, 50, 50, 50, 50, 50, 50, 50, 50, 50, 50, 50, 50, 50, 50, 50, 50, 50, 50, 50, 50, 50, 50, 50, 50]

Generation 12
Average: 0.8901 Best: 0.9231
Best Individual: 
C0 12|19|1|32|16|23|4|22|30|33|24|26|15|31|11|18|25|5|6|13|14|21|8|28|20|9|2|0|27|17|10|7|29|3|
Overall Best: 0.9231 Generation: 3
length: 34.0
feature_occurency: [50, 50, 50, 50, 50, 50, 50, 50, 50, 50, 50, 50, 50, 50, 50, 50, 50, 50, 50, 50, 50, 50, 50, 50, 50, 50, 50, 50, 50, 50, 50, 50, 50, 50]

Generation 13
Average: 0.8903 Best: 0.9231
Best Individual: 
C0 1|15|14|10|6|27|4|2|26|23|19|31|13|7|11|20|29|24|22|16|0|18|17|12|5|28|32|9|33|30|21|25|8|3|
Overall Best: 0.9231 Generation: 3
length: 34.0
feature_occurency: [50, 50, 50, 50, 50, 50, 50, 50, 50, 50, 50, 50, 50, 50, 50, 50, 50, 50, 50, 50, 50, 50, 50, 50, 50, 50, 50, 50, 50, 50, 50, 50, 50, 50]

Generation 14
Average: 0.8918 Best: 0.9202
Best Individual: 
C0 33|19|5|25|2|23|29|27|14|22|26|12|16|7|0|21|11|13|20|8|17|6|24|10|28|9|31|30|4|32|1|3|15|18|
Overall Best: 0.9231 Generation: 3
length: 34.0
feature_occurency: [50, 50, 50, 50, 50, 50, 50, 50, 50, 50, 50, 50, 50, 50, 50, 50, 50, 50, 50, 50, 50, 50, 50, 50, 50, 50, 50, 50, 50, 50, 50, 50, 50, 50]

Generation 15
Average: 0.8972 Best: 0.9259
Best Individual: 
C0 12|19|0|3|11|7|6|1|15|23|20|33|26|17|13|25|29|28|22|16|14|18|27|8|5|10|32|9|31|4|21|30|2|24|
Overall Best: 0.9259 Generation: 15
length: 34.0
feature_occurency: [50, 50, 50, 50, 50, 50, 50, 50, 50, 50, 50, 50, 50, 50, 50, 50, 50, 50, 50, 50, 50, 50, 50, 50, 50, 50, 50, 50, 50, 50, 50, 50, 50, 50]

Generation 16
Average: 0.8954 Best: 0.9259
Best Individual: 
C0 11|3|0|12|19|7|6|1|15|23|20|33|26|18|22|25|29|28|13|16|14|17|27|8|5|10|32|9|31|4|21|30|2|24|
Overall Best: 0.9259 Generation: 15
length: 34.0
feature_occurency: [50, 50, 50, 50, 50, 50, 50, 50, 50, 50, 50, 50, 50, 50, 50, 50, 50, 50, 50, 50, 50, 50, 50, 50, 50, 50, 50, 50, 50, 50, 50, 50, 50, 50]

Generation 17
Average: 0.8929 Best: 0.9231
Best Individual: 
C0 11|3|0|12|19|7|6|18|15|23|20|33|25|1|22|14|29|28|13|16|26|17|27|8|5|10|32|9|31|4|21|30|2|24|
Overall Best: 0.9259 Generation: 15
length: 34.0
feature_occurency: [50, 50, 50, 50, 50, 50, 50, 50, 50, 50, 50, 50, 50, 50, 50, 50, 50, 50, 50, 50, 50, 50, 50, 50, 50, 50, 50, 50, 50, 50, 50, 50, 50, 50]

Generation 18
Average: 0.8947 Best: 0.9202
Best Individual: 
C0 14|4|6|10|20|27|16|2|23|7|28|26|33|11|18|21|12|29|22|19|8|5|32|24|15|3|17|31|0|1|9|13|30|25|
Overall Best: 0.9259 Generation: 15
length: 34.0
feature_occurency: [50, 50, 50, 50, 50, 50, 50, 50, 50, 50, 50, 50, 50, 50, 50, 50, 50, 50, 50, 50, 50, 50, 50, 50, 50, 50, 50, 50, 50, 50, 50, 50, 50, 50]

Generation 19
Average: 0.8923 Best: 0.9174
Best Individual: 
C0 12|19|0|3|11|23|26|17|30|6|20|33|1|15|13|32|29|28|22|16|14|10|27|8|5|18|25|9|31|24|7|21|2|4|
Overall Best: 0.9259 Generation: 15
length: 34.0
feature_occurency: [50, 50, 50, 50, 50, 50, 50, 50, 50, 50, 50, 50, 50, 50, 50, 50, 50, 50, 50, 50, 50, 50, 50, 50, 50, 50, 50, 50, 50, 50, 50, 50, 50, 50]

Generation 20
Average: 0.8902 Best: 0.9231
Best Individual: 
C0 16|4|6|32|20|21|14|5|26|13|28|23|33|22|2|7|9|24|15|19|0|27|8|31|10|1|12|3|11|29|17|30|18|25|
Overall Best: 0.9259 Generation: 15
length: 34.0
feature_occurency: [50, 50, 50, 50, 50, 50, 50, 50, 50, 50, 50, 50, 50, 50, 50, 50, 50, 50, 50, 50, 50, 50, 50, 50, 50, 50, 50, 50, 50, 50, 50, 50, 50, 50]

Generation 21
Average: 0.8886 Best: 0.9202
Best Individual: 
C0 14|21|4|0|28|22|8|23|27|5|7|33|26|15|19|17|29|18|32|10|13|3|20|9|16|6|12|30|1|24|2|31|11|25|
Overall Best: 0.9259 Generation: 15
length: 34.0
feature_occurency: [50, 50, 50, 50, 50, 50, 50, 50, 50, 50, 50, 50, 50, 50, 50, 50, 50, 50, 50, 50, 50, 50, 50, 50, 50, 50, 50, 50, 50, 50, 50, 50, 50, 50]

Generation 22
Average: 0.8926 Best: 0.9288
Best Individual: 
C0 1|24|7|10|20|19|26|33|23|4|2|15|6|3|31|21|12|29|22|28|13|5|0|9|18|17|30|32|16|11|25|8|27|14|
Overall Best: 0.9288 Generation: 22
length: 34.0
feature_occurency: [50, 50, 50, 50, 50, 50, 50, 50, 50, 50, 50, 50, 50, 50, 50, 50, 50, 50, 50, 50, 50, 50, 50, 50, 50, 50, 50, 50, 50, 50, 50, 50, 50, 50]

Generation 23
Average: 0.8932 Best: 0.9288
Best Individual: 
C0 1|24|7|10|20|19|26|33|23|4|2|15|6|3|31|21|12|29|22|28|13|5|0|9|18|17|30|32|16|11|25|8|27|14|
Overall Best: 0.9288 Generation: 22
length: 34.0
feature_occurency: [50, 50, 50, 50, 50, 50, 50, 50, 50, 50, 50, 50, 50, 50, 50, 50, 50, 50, 50, 50, 50, 50, 50, 50, 50, 50, 50, 50, 50, 50, 50, 50, 50, 50]

Generation 24
Average: 0.8923 Best: 0.9202
Best Individual: 
C0 20|12|1|19|16|26|23|31|29|0|6|4|33|21|22|30|28|14|17|27|8|15|7|24|10|18|13|5|32|11|25|9|2|3|
Overall Best: 0.9288 Generation: 22
length: 34.0
feature_occurency: [50, 50, 50, 50, 50, 50, 50, 50, 50, 50, 50, 50, 50, 50, 50, 50, 50, 50, 50, 50, 50, 50, 50, 50, 50, 50, 50, 50, 50, 50, 50, 50, 50, 50]

Generation 25
Average: 0.8966 Best: 0.9231
Best Individual: 
C0 23|1|11|25|30|10|26|7|5|22|6|24|15|13|3|19|33|14|2|17|12|8|32|21|31|9|0|18|29|28|16|27|20|4|
Overall Best: 0.9288 Generation: 22
length: 34.0
feature_occurency: [50, 50, 50, 50, 50, 50, 50, 50, 50, 50, 50, 50, 50, 50, 50, 50, 50, 50, 50, 50, 50, 50, 50, 50, 50, 50, 50, 50, 50, 50, 50, 50, 50, 50]

Generation 26
Average: 0.8926 Best: 0.9202
Best Individual: 
C0 26|11|15|5|25|7|16|1|4|23|6|24|22|33|3|19|13|12|2|17|14|8|32|21|31|9|0|18|29|28|27|10|30|20|
Overall Best: 0.9288 Generation: 22
length: 34.0
feature_occurency: [50, 50, 50, 50, 50, 50, 50, 50, 50, 50, 50, 50, 50, 50, 50, 50, 50, 50, 50, 50, 50, 50, 50, 50, 50, 50, 50, 50, 50, 50, 50, 50, 50, 50]

Generation 27
Average: 0.8966 Best: 0.9259
Best Individual: 
C0 18|1|12|19|21|31|33|4|6|0|23|17|26|22|5|11|30|20|28|27|24|16|9|7|32|29|15|2|13|8|3|10|14|25|
Overall Best: 0.9288 Generation: 22
length: 34.0
feature_occurency: [50, 50, 50, 50, 50, 50, 50, 50, 50, 50, 50, 50, 50, 50, 50, 50, 50, 50, 50, 50, 50, 50, 50, 50, 50, 50, 50, 50, 50, 50, 50, 50, 50, 50]

Generation 28
Average: 0.8972 Best: 0.9202
Best Individual: 
C0 26|11|15|5|25|7|16|1|4|23|6|24|22|8|32|19|13|12|2|17|27|33|3|21|31|9|14|18|29|28|0|10|30|20|
Overall Best: 0.9288 Generation: 22
length: 34.0
feature_occurency: [50, 50, 50, 50, 50, 50, 50, 50, 50, 50, 50, 50, 50, 50, 50, 50, 50, 50, 50, 50, 50, 50, 50, 50, 50, 50, 50, 50, 50, 50, 50, 50, 50, 50]

Generation 29
Average: 0.8943 Best: 0.9259
Best Individual: 
C0 23|24|19|4|3|15|11|5|22|33|14|7|0|26|16|10|28|20|21|8|12|17|1|30|27|9|31|6|32|29|25|13|18|2|
Overall Best: 0.9288 Generation: 22
length: 34.0
feature_occurency: [50, 50, 50, 50, 50, 50, 50, 50, 50, 50, 50, 50, 50, 50, 50, 50, 50, 50, 50, 50, 50, 50, 50, 50, 50, 50, 50, 50, 50, 50, 50, 50, 50, 50]

Generation 30
Average: 0.8952 Best: 0.9174
Best Individual: 
C0 4|8|22|24|14|13|33|18|23|15|17|19|12|7|11|3|16|21|6|2|31|10|0|1|32|26|30|20|5|29|25|28|27|9|
Overall Best: 0.9288 Generation: 22
length: 34.0
feature_occurency: [50, 50, 50, 50, 50, 50, 50, 50, 50, 50, 50, 50, 50, 50, 50, 50, 50, 50, 50, 50, 50, 50, 50, 50, 50, 50, 50, 50, 50, 50, 50, 50, 50, 50]

Generation 31
Average: 0.8947 Best: 0.9174
Best Individual: 
C0 4|8|22|24|14|19|33|15|23|18|17|13|12|7|11|3|16|21|6|2|31|10|9|5|32|26|30|20|1|29|25|28|27|0|
Overall Best: 0.9288 Generation: 22
length: 34.0
feature_occurency: [50, 50, 50, 50, 50, 50, 50, 50, 50, 50, 50, 50, 50, 50, 50, 50, 50, 50, 50, 50, 50, 50, 50, 50, 50, 50, 50, 50, 50, 50, 50, 50, 50, 50]

Generation 32
Average: 0.8900 Best: 0.9174
Best Individual: 
C0 22|21|26|4|7|32|31|23|2|27|20|25|12|0|18|11|3|30|6|8|10|15|14|13|5|1|29|24|19|9|17|28|33|16|
Overall Best: 0.9288 Generation: 22
length: 34.0
feature_occurency: [50, 50, 50, 50, 50, 50, 50, 50, 50, 50, 50, 50, 50, 50, 50, 50, 50, 50, 50, 50, 50, 50, 50, 50, 50, 50, 50, 50, 50, 50, 50, 50, 50, 50]

Generation 33
Average: 0.8887 Best: 0.9145
Best Individual: 
C0 22|21|26|4|7|1|31|23|2|25|20|27|28|10|18|16|3|30|32|8|0|15|24|13|5|6|29|14|9|19|17|12|33|11|
Overall Best: 0.9288 Generation: 22
length: 34.0
feature_occurency: [50, 50, 50, 50, 50, 50, 50, 50, 50, 50, 50, 50, 50, 50, 50, 50, 50, 50, 50, 50, 50, 50, 50, 50, 50, 50, 50, 50, 50, 50, 50, 50, 50, 50]

Generation 34
Average: 0.8887 Best: 0.9088
Best Individual: 
C0 29|27|19|15|24|26|14|7|6|13|23|1|16|9|17|30|12|21|25|32|5|8|10|3|28|2|18|11|4|0|20|31|22|33|
Overall Best: 0.9288 Generation: 22
length: 34.0
feature_occurency: [50, 50, 50, 50, 50, 50, 50, 50, 50, 50, 50, 50, 50, 50, 50, 50, 50, 50, 50, 50, 50, 50, 50, 50, 50, 50, 50, 50, 50, 50, 50, 50, 50, 50]

Generation 35
Average: 0.8891 Best: 0.9174
Best Individual: 
C0 4|18|30|19|5|32|15|25|23|26|33|28|14|16|8|21|6|7|10|11|31|12|2|0|17|27|29|22|9|13|20|24|1|3|
Overall Best: 0.9288 Generation: 22
length: 34.0
feature_occurency: [50, 50, 50, 50, 50, 50, 50, 50, 50, 50, 50, 50, 50, 50, 50, 50, 50, 50, 50, 50, 50, 50, 50, 50, 50, 50, 50, 50, 50, 50, 50, 50, 50, 50]

Generation 36
Average: 0.8896 Best: 0.9174
Best Individual: 
C0 27|3|26|23|19|6|14|21|31|4|29|15|33|10|13|22|1|32|24|2|11|5|30|12|20|7|8|0|28|9|16|17|25|18|
Overall Best: 0.9288 Generation: 22
length: 34.0
feature_occurency: [50, 50, 50, 50, 50, 50, 50, 50, 50, 50, 50, 50, 50, 50, 50, 50, 50, 50, 50, 50, 50, 50, 50, 50, 50, 50, 50, 50, 50, 50, 50, 50, 50, 50]

Generation 37
Average: 0.8881 Best: 0.9174
Best Individual: 
C0 27|3|26|23|19|6|14|21|31|4|29|15|33|18|13|22|1|32|24|2|11|5|30|12|20|7|8|0|10|25|17|16|28|9|
Overall Best: 0.9288 Generation: 22
length: 34.0
feature_occurency: [50, 50, 50, 50, 50, 50, 50, 50, 50, 50, 50, 50, 50, 50, 50, 50, 50, 50, 50, 50, 50, 50, 50, 50, 50, 50, 50, 50, 50, 50, 50, 50, 50, 50]

Generation 38
Average: 0.8891 Best: 0.9174
Best Individual: 
C0 1|15|26|4|33|22|24|0|11|25|20|30|23|12|18|5|10|6|28|16|3|27|21|29|31|17|13|14|8|19|2|7|32|9|
Overall Best: 0.9288 Generation: 22
length: 34.0
feature_occurency: [50, 50, 50, 50, 50, 50, 50, 50, 50, 50, 50, 50, 50, 50, 50, 50, 50, 50, 50, 50, 50, 50, 50, 50, 50, 50, 50, 50, 50, 50, 50, 50, 50, 50]

Generation 39
Average: 0.8879 Best: 0.9202
Best Individual: 
C0 26|6|33|24|7|19|12|4|8|25|27|14|20|30|31|32|16|17|9|13|21|28|2|0|11|18|29|15|23|5|22|10|1|3|
Overall Best: 0.9288 Generation: 22
length: 34.0
feature_occurency: [50, 50, 50, 50, 50, 50, 50, 50, 50, 50, 50, 50, 50, 50, 50, 50, 50, 50, 50, 50, 50, 50, 50, 50, 50, 50, 50, 50, 50, 50, 50, 50, 50, 50]

Generation 40
Average: 0.8930 Best: 0.9231
Best Individual: 
C0 26|4|6|24|2|32|18|3|20|23|10|27|1|25|22|9|14|0|7|30|33|8|21|19|15|28|11|29|5|13|16|17|12|31|
Overall Best: 0.9288 Generation: 22
length: 34.0
feature_occurency: [50, 50, 50, 50, 50, 50, 50, 50, 50, 50, 50, 50, 50, 50, 50, 50, 50, 50, 50, 50, 50, 50, 50, 50, 50, 50, 50, 50, 50, 50, 50, 50, 50, 50]

Generation 41
Average: 0.8926 Best: 0.9174
Best Individual: 
C0 8|3|26|23|4|6|14|21|31|22|18|12|33|17|25|19|1|24|32|29|11|5|27|15|20|7|30|2|10|13|0|16|28|9|
Overall Best: 0.9288 Generation: 22
length: 34.0
feature_occurency: [50, 50, 50, 50, 50, 50, 50, 50, 50, 50, 50, 50, 50, 50, 50, 50, 50, 50, 50, 50, 50, 50, 50, 50, 50, 50, 50, 50, 50, 50, 50, 50, 50, 50]

Generation 42
Average: 0.8928 Best: 0.9174
Best Individual: 
C0 32|20|7|14|18|30|19|11|25|6|12|4|23|0|13|31|22|24|9|29|21|26|33|16|3|8|28|1|17|27|15|2|5|10|
Overall Best: 0.9288 Generation: 22
length: 34.0
feature_occurency: [50, 50, 50, 50, 50, 50, 50, 50, 50, 50, 50, 50, 50, 50, 50, 50, 50, 50, 50, 50, 50, 50, 50, 50, 50, 50, 50, 50, 50, 50, 50, 50, 50, 50]

Generation 43
Average: 0.8944 Best: 0.9231
Best Individual: 
C0 23|2|6|18|27|10|20|3|19|4|0|9|26|17|14|12|28|24|32|30|22|8|5|13|7|21|15|29|16|1|31|25|11|33|
Overall Best: 0.9288 Generation: 22
length: 34.0
feature_occurency: [50, 50, 50, 50, 50, 50, 50, 50, 50, 50, 50, 50, 50, 50, 50, 50, 50, 50, 50, 50, 50, 50, 50, 50, 50, 50, 50, 50, 50, 50, 50, 50, 50, 50]

Generation 44
Average: 0.8908 Best: 0.9202
Best Individual: 
C0 4|6|19|25|26|0|20|2|32|23|14|29|33|9|15|21|5|18|22|12|30|13|10|16|3|8|28|1|17|27|7|31|24|11|
Overall Best: 0.9288 Generation: 22
length: 34.0
feature_occurency: [50, 50, 50, 50, 50, 50, 50, 50, 50, 50, 50, 50, 50, 50, 50, 50, 50, 50, 50, 50, 50, 50, 50, 50, 50, 50, 50, 50, 50, 50, 50, 50, 50, 50]

Generation 45
Average: 0.8880 Best: 0.9145
Best Individual: 
C0 24|3|6|11|7|32|4|26|0|23|14|29|19|9|15|21|5|18|22|12|30|13|10|25|33|31|2|17|16|20|27|28|8|1|
Overall Best: 0.9288 Generation: 22
length: 34.0
feature_occurency: [50, 50, 50, 50, 50, 50, 50, 50, 50, 50, 50, 50, 50, 50, 50, 50, 50, 50, 50, 50, 50, 50, 50, 50, 50, 50, 50, 50, 50, 50, 50, 50, 50, 50]

Generation 46
Average: 0.8867 Best: 0.9145
Best Individual: 
C0 12|19|24|25|26|29|30|11|33|2|32|4|23|0|13|31|22|7|14|27|20|16|9|18|3|8|28|1|17|21|15|6|5|10|
Overall Best: 0.9288 Generation: 22
length: 34.0
feature_occurency: [50, 50, 50, 50, 50, 50, 50, 50, 50, 50, 50, 50, 50, 50, 50, 50, 50, 50, 50, 50, 50, 50, 50, 50, 50, 50, 50, 50, 50, 50, 50, 50, 50, 50]

Generation 47
Average: 0.8908 Best: 0.9145
Best Individual: 
C0 25|20|33|2|9|29|1|26|27|14|16|4|17|15|18|13|6|5|31|24|30|8|10|19|28|11|32|12|3|0|21|23|22|7|
Overall Best: 0.9288 Generation: 22
length: 34.0
feature_occurency: [50, 50, 50, 50, 50, 50, 50, 50, 50, 50, 50, 50, 50, 50, 50, 50, 50, 50, 50, 50, 50, 50, 50, 50, 50, 50, 50, 50, 50, 50, 50, 50, 50, 50]

Generation 48
Average: 0.8907 Best: 0.9145
Best Individual: 
C0 25|20|33|2|9|29|1|26|27|14|16|4|17|15|18|13|6|5|31|24|30|8|10|19|28|11|32|12|0|3|21|23|22|7|
Overall Best: 0.9288 Generation: 22
length: 34.0
feature_occurency: [50, 50, 50, 50, 50, 50, 50, 50, 50, 50, 50, 50, 50, 50, 50, 50, 50, 50, 50, 50, 50, 50, 50, 50, 50, 50, 50, 50, 50, 50, 50, 50, 50, 50]

Generation 49
Average: 0.8931 Best: 0.9202
Best Individual: 
C0 0|23|1|33|26|20|4|11|3|19|24|2|15|7|18|10|29|22|32|30|6|16|21|8|14|17|12|13|5|31|25|9|27|28|
Overall Best: 0.9288 Generation: 22
length: 34.0
feature_occurency: [50, 50, 50, 50, 50, 50, 50, 50, 50, 50, 50, 50, 50, 50, 50, 50, 50, 50, 50, 50, 50, 50, 50, 50, 50, 50, 50, 50, 50, 50, 50, 50, 50, 50]

Generation 50
Average: 0.8911 Best: 0.9145
Best Individual: 
C0 33|23|6|9|25|0|28|3|11|1|20|26|22|8|12|4|30|19|24|15|16|10|5|32|2|13|18|7|31|27|21|17|29|14|
Overall Best: 0.9288 Generation: 22
length: 34.0
feature_occurency: [50, 50, 50, 50, 50, 50, 50, 50, 50, 50, 50, 50, 50, 50, 50, 50, 50, 50, 50, 50, 50, 50, 50, 50, 50, 50, 50, 50, 50, 50, 50, 50, 50, 50]

Generation 51
Average: 0.8923 Best: 0.9231
Best Individual: 
C0 1|23|25|8|27|3|4|29|9|20|16|0|22|11|13|18|12|5|31|24|6|21|19|15|2|28|17|26|33|32|10|30|7|14|
Overall Best: 0.9288 Generation: 22
length: 34.0
feature_occurency: [50, 50, 50, 50, 50, 50, 50, 50, 50, 50, 50, 50, 50, 50, 50, 50, 50, 50, 50, 50, 50, 50, 50, 50, 50, 50, 50, 50, 50, 50, 50, 50, 50, 50]

Generation 52
Average: 0.8950 Best: 0.9231
Best Individual: 
C0 4|11|6|13|7|16|18|26|14|15|22|0|23|24|30|10|27|19|17|1|8|12|2|29|31|9|33|5|20|3|25|32|21|28|
Overall Best: 0.9288 Generation: 22
length: 34.0
feature_occurency: [50, 50, 50, 50, 50, 50, 50, 50, 50, 50, 50, 50, 50, 50, 50, 50, 50, 50, 50, 50, 50, 50, 50, 50, 50, 50, 50, 50, 50, 50, 50, 50, 50, 50]

Generation 53
Average: 0.8956 Best: 0.9231
Best Individual: 
C0 4|11|6|13|7|16|18|26|14|15|22|0|23|24|30|10|27|19|17|1|8|12|2|29|31|9|33|5|20|3|25|32|21|28|
Overall Best: 0.9288 Generation: 22
length: 34.0
feature_occurency: [50, 50, 50, 50, 50, 50, 50, 50, 50, 50, 50, 50, 50, 50, 50, 50, 50, 50, 50, 50, 50, 50, 50, 50, 50, 50, 50, 50, 50, 50, 50, 50, 50, 50]

Generation 54
Average: 0.8900 Best: 0.9231
Best Individual: 
C0 4|11|6|13|7|16|18|26|14|15|22|0|23|24|30|10|27|19|17|1|8|12|2|29|31|9|33|5|20|3|25|32|21|28|
Overall Best: 0.9288 Generation: 22
length: 34.0
feature_occurency: [50, 50, 50, 50, 50, 50, 50, 50, 50, 50, 50, 50, 50, 50, 50, 50, 50, 50, 50, 50, 50, 50, 50, 50, 50, 50, 50, 50, 50, 50, 50, 50, 50, 50]

Generation 55
Average: 0.8921 Best: 0.9345
Best Individual: 
C0 4|11|6|13|7|16|33|26|14|15|22|0|23|24|12|10|27|19|17|1|8|30|20|29|31|9|25|5|2|3|18|32|21|28|
Overall Best: 0.9345 Generation: 55
length: 34.0
feature_occurency: [50, 50, 50, 50, 50, 50, 50, 50, 50, 50, 50, 50, 50, 50, 50, 50, 50, 50, 50, 50, 50, 50, 50, 50, 50, 50, 50, 50, 50, 50, 50, 50, 50, 50]

Generation 56
Average: 0.8924 Best: 0.9174
Best Individual: 
C0 17|16|27|7|19|14|30|11|8|33|4|0|23|6|2|26|15|22|13|24|18|10|20|29|31|9|3|5|1|25|32|28|12|21|
Overall Best: 0.9345 Generation: 55
length: 34.0
feature_occurency: [50, 50, 50, 50, 50, 50, 50, 50, 50, 50, 50, 50, 50, 50, 50, 50, 50, 50, 50, 50, 50, 50, 50, 50, 50, 50, 50, 50, 50, 50, 50, 50, 50, 50]

Generation 57
Average: 0.8927 Best: 0.9117
Best Individual: 
C0 4|11|6|20|22|8|2|26|19|31|7|14|24|32|5|25|30|0|33|15|1|9|18|10|16|29|12|27|13|3|28|21|17|23|
Overall Best: 0.9345 Generation: 55
length: 34.0
feature_occurency: [50, 50, 50, 50, 50, 50, 50, 50, 50, 50, 50, 50, 50, 50, 50, 50, 50, 50, 50, 50, 50, 50, 50, 50, 50, 50, 50, 50, 50, 50, 50, 50, 50, 50]

Generation 58
Average: 0.8942 Best: 0.9202
Best Individual: 
C0 32|3|33|26|7|25|20|2|30|5|22|19|23|11|16|1|27|21|31|6|8|29|14|24|17|18|0|12|4|15|13|9|28|10|
Overall Best: 0.9345 Generation: 55
length: 34.0
feature_occurency: [50, 50, 50, 50, 50, 50, 50, 50, 50, 50, 50, 50, 50, 50, 50, 50, 50, 50, 50, 50, 50, 50, 50, 50, 50, 50, 50, 50, 50, 50, 50, 50, 50, 50]

Generation 59
Average: 0.8947 Best: 0.9174
Best Individual: 
C0 22|13|1|10|21|11|31|23|4|12|2|14|33|32|17|25|30|0|6|3|16|8|27|19|9|28|29|20|15|26|18|24|7|5|
Overall Best: 0.9345 Generation: 55
length: 34.0
feature_occurency: [50, 50, 50, 50, 50, 50, 50, 50, 50, 50, 50, 50, 50, 50, 50, 50, 50, 50, 50, 50, 50, 50, 50, 50, 50, 50, 50, 50, 50, 50, 50, 50, 50, 50]

Generation 60
Average: 0.8928 Best: 0.9174
Best Individual: 
C0 30|7|19|22|12|2|4|11|23|31|26|14|17|32|5|25|13|0|24|15|8|16|21|10|1|28|29|20|33|27|6|9|18|3|
Overall Best: 0.9345 Generation: 55
length: 34.0
feature_occurency: [50, 50, 50, 50, 50, 50, 50, 50, 50, 50, 50, 50, 50, 50, 50, 50, 50, 50, 50, 50, 50, 50, 50, 50, 50, 50, 50, 50, 50, 50, 50, 50, 50, 50]

Generation 61
Average: 0.8895 Best: 0.9202
Best Individual: 
C0 20|0|6|4|2|19|7|11|23|10|31|5|33|32|14|18|30|17|9|15|8|16|27|28|1|29|22|25|13|3|26|12|24|21|
Overall Best: 0.9345 Generation: 55
length: 34.0
feature_occurency: [50, 50, 50, 50, 50, 50, 50, 50, 50, 50, 50, 50, 50, 50, 50, 50, 50, 50, 50, 50, 50, 50, 50, 50, 50, 50, 50, 50, 50, 50, 50, 50, 50, 50]

Generation 62
Average: 0.8895 Best: 0.9145
Best Individual: 
C0 20|0|6|4|2|19|7|11|23|10|31|5|18|25|14|33|30|17|9|15|29|16|27|28|1|8|22|32|13|3|26|12|24|21|
Overall Best: 0.9345 Generation: 55
length: 34.0
feature_occurency: [50, 50, 50, 50, 50, 50, 50, 50, 50, 50, 50, 50, 50, 50, 50, 50, 50, 50, 50, 50, 50, 50, 50, 50, 50, 50, 50, 50, 50, 50, 50, 50, 50, 50]

Generation 63
Average: 0.8900 Best: 0.9145
Best Individual: 
C0 32|26|19|29|11|7|30|31|20|33|4|27|0|14|22|10|15|24|5|3|25|9|18|6|28|21|8|16|1|2|13|17|12|23|
Overall Best: 0.9345 Generation: 55
length: 34.0
feature_occurency: [50, 50, 50, 50, 50, 50, 50, 50, 50, 50, 50, 50, 50, 50, 50, 50, 50, 50, 50, 50, 50, 50, 50, 50, 50, 50, 50, 50, 50, 50, 50, 50, 50, 50]

Generation 64
Average: 0.8875 Best: 0.9145
Best Individual: 
C0 21|12|19|10|23|27|6|9|2|4|31|29|18|25|14|33|3|17|11|15|1|16|7|28|22|8|5|32|13|20|30|0|26|24|
Overall Best: 0.9345 Generation: 55
length: 34.0
feature_occurency: [50, 50, 50, 50, 50, 50, 50, 50, 50, 50, 50, 50, 50, 50, 50, 50, 50, 50, 50, 50, 50, 50, 50, 50, 50, 50, 50, 50, 50, 50, 50, 50, 50, 50]

Generation 65
Average: 0.8918 Best: 0.9174
Best Individual: 
C0 18|1|20|7|26|6|12|0|23|17|27|33|15|14|31|2|24|28|32|29|3|4|8|25|10|9|5|30|19|22|13|21|11|16|
Overall Best: 0.9345 Generation: 55
length: 34.0
feature_occurency: [50, 50, 50, 50, 50, 50, 50, 50, 50, 50, 50, 50, 50, 50, 50, 50, 50, 50, 50, 50, 50, 50, 50, 50, 50, 50, 50, 50, 50, 50, 50, 50, 50, 50]

Generation 66
Average: 0.8900 Best: 0.9202
Best Individual: 
C0 10|13|6|1|33|4|28|26|3|32|8|14|18|29|19|25|24|5|0|15|7|31|2|16|20|23|30|21|17|9|27|11|12|22|
Overall Best: 0.9345 Generation: 55
length: 34.0
feature_occurency: [50, 50, 50, 50, 50, 50, 50, 50, 50, 50, 50, 50, 50, 50, 50, 50, 50, 50, 50, 50, 50, 50, 50, 50, 50, 50, 50, 50, 50, 50, 50, 50, 50, 50]

Generation 67
Average: 0.8889 Best: 0.9145
Best Individual: 
C0 13|26|20|29|0|7|32|31|4|23|25|33|6|14|19|10|15|3|11|24|30|9|18|5|28|16|8|21|1|27|22|17|12|2|
Overall Best: 0.9345 Generation: 55
length: 34.0
feature_occurency: [50, 50, 50, 50, 50, 50, 50, 50, 50, 50, 50, 50, 50, 50, 50, 50, 50, 50, 50, 50, 50, 50, 50, 50, 50, 50, 50, 50, 50, 50, 50, 50, 50, 50]

Generation 68
Average: 0.8889 Best: 0.9145
Best Individual: 
C0 4|23|33|3|1|19|5|17|10|13|6|26|24|15|18|25|32|14|29|12|11|2|30|0|8|7|20|22|21|9|27|16|28|31|
Overall Best: 0.9345 Generation: 55
length: 34.0
feature_occurency: [50, 50, 50, 50, 50, 50, 50, 50, 50, 50, 50, 50, 50, 50, 50, 50, 50, 50, 50, 50, 50, 50, 50, 50, 50, 50, 50, 50, 50, 50, 50, 50, 50, 50]

Generation 69
Average: 0.8865 Best: 0.9117
Best Individual: 
C0 4|23|33|3|1|30|5|17|10|13|6|26|24|15|12|25|32|14|29|19|11|2|18|0|8|7|20|22|21|9|27|16|28|31|
Overall Best: 0.9345 Generation: 55
length: 34.0
feature_occurency: [50, 50, 50, 50, 50, 50, 50, 50, 50, 50, 50, 50, 50, 50, 50, 50, 50, 50, 50, 50, 50, 50, 50, 50, 50, 50, 50, 50, 50, 50, 50, 50, 50, 50]

Generation 70
Average: 0.8877 Best: 0.9202
Best Individual: 
C0 20|2|17|1|15|4|29|19|26|7|14|0|27|18|32|16|33|12|28|10|13|5|6|25|3|23|22|30|11|31|9|21|8|24|
Overall Best: 0.9345 Generation: 55
length: 34.0
feature_occurency: [50, 50, 50, 50, 50, 50, 50, 50, 50, 50, 50, 50, 50, 50, 50, 50, 50, 50, 50, 50, 50, 50, 50, 50, 50, 50, 50, 50, 50, 50, 50, 50, 50, 50]

Generation 71
Average: 0.8891 Best: 0.9145
Best Individual: 
C0 4|26|15|1|14|30|7|22|27|20|13|21|23|10|11|17|9|3|29|19|12|2|32|0|8|25|33|5|16|18|24|6|28|31|
Overall Best: 0.9345 Generation: 55
length: 34.0
feature_occurency: [50, 50, 50, 50, 50, 50, 50, 50, 50, 50, 50, 50, 50, 50, 50, 50, 50, 50, 50, 50, 50, 50, 50, 50, 50, 50, 50, 50, 50, 50, 50, 50, 50, 50]

Generation 72
Average: 0.8894 Best: 0.9174
Best Individual: 
C0 13|4|28|10|24|15|26|30|18|20|27|6|14|5|22|0|11|32|17|31|9|23|2|7|25|29|8|16|1|3|12|21|19|33|
Overall Best: 0.9345 Generation: 55
length: 34.0
feature_occurency: [50, 50, 50, 50, 50, 50, 50, 50, 50, 50, 50, 50, 50, 50, 50, 50, 50, 50, 50, 50, 50, 50, 50, 50, 50, 50, 50, 50, 50, 50, 50, 50, 50, 50]

Generation 73
Average: 0.8936 Best: 0.9174
Best Individual: 
C0 28|4|6|7|10|12|26|30|18|19|17|33|1|9|24|13|5|32|15|8|2|11|3|31|14|0|20|22|21|23|27|16|25|29|
Overall Best: 0.9345 Generation: 55
length: 34.0
feature_occurency: [50, 50, 50, 50, 50, 50, 50, 50, 50, 50, 50, 50, 50, 50, 50, 50, 50, 50, 50, 50, 50, 50, 50, 50, 50, 50, 50, 50, 50, 50, 50, 50, 50, 50]

Generation 74
Average: 0.8921 Best: 0.9174
Best Individual: 
C0 20|4|26|23|15|24|12|5|22|7|11|0|16|27|6|10|2|31|28|33|32|17|18|25|3|1|30|21|13|29|9|8|14|19|
Overall Best: 0.9345 Generation: 55
length: 34.0
feature_occurency: [50, 50, 50, 50, 50, 50, 50, 50, 50, 50, 50, 50, 50, 50, 50, 50, 50, 50, 50, 50, 50, 50, 50, 50, 50, 50, 50, 50, 50, 50, 50, 50, 50, 50]

Generation 75
Average: 0.8897 Best: 0.9145
Best Individual: 
C0 4|19|14|29|28|17|7|2|33|15|11|22|0|26|12|3|20|6|1|10|13|5|32|8|16|23|27|30|21|31|9|18|24|25|
Overall Best: 0.9345 Generation: 55
length: 34.0
feature_occurency: [50, 50, 50, 50, 50, 50, 50, 50, 50, 50, 50, 50, 50, 50, 50, 50, 50, 50, 50, 50, 50, 50, 50, 50, 50, 50, 50, 50, 50, 50, 50, 50, 50, 50]

Generation 76
Average: 0.8914 Best: 0.9259
Best Individual: 
C0 30|4|26|23|17|19|12|14|18|7|11|0|16|27|20|22|2|1|28|25|8|15|32|33|5|31|13|3|29|9|24|6|21|10|
Overall Best: 0.9345 Generation: 55
length: 34.0
feature_occurency: [50, 50, 50, 50, 50, 50, 50, 50, 50, 50, 50, 50, 50, 50, 50, 50, 50, 50, 50, 50, 50, 50, 50, 50, 50, 50, 50, 50, 50, 50, 50, 50, 50, 50]

Generation 77
Average: 0.8908 Best: 0.9259
Best Individual: 
C0 4|23|33|3|19|24|28|27|22|0|1|5|29|32|12|10|30|25|18|9|8|26|20|2|16|7|17|14|21|15|11|31|13|6|
Overall Best: 0.9345 Generation: 55
length: 34.0
feature_occurency: [50, 50, 50, 50, 50, 50, 50, 50, 50, 50, 50, 50, 50, 50, 50, 50, 50, 50, 50, 50, 50, 50, 50, 50, 50, 50, 50, 50, 50, 50, 50, 50, 50, 50]

Generation 78
Average: 0.8958 Best: 0.9259
Best Individual: 
C0 18|10|26|14|29|4|2|33|12|24|13|23|6|1|9|25|11|30|17|16|5|20|28|0|15|8|21|27|19|31|3|22|32|7|
Overall Best: 0.9345 Generation: 55
length: 34.0
feature_occurency: [50, 50, 50, 50, 50, 50, 50, 50, 50, 50, 50, 50, 50, 50, 50, 50, 50, 50, 50, 50, 50, 50, 50, 50, 50, 50, 50, 50, 50, 50, 50, 50, 50, 50]

Generation 79
Average: 0.8929 Best: 0.9231
Best Individual: 
C0 18|10|26|14|29|4|2|33|24|12|13|23|20|1|9|25|22|30|17|16|5|6|28|0|15|8|21|27|3|31|19|11|32|7|
Overall Best: 0.9345 Generation: 55
length: 34.0
feature_occurency: [50, 50, 50, 50, 50, 50, 50, 50, 50, 50, 50, 50, 50, 50, 50, 50, 50, 50, 50, 50, 50, 50, 50, 50, 50, 50, 50, 50, 50, 50, 50, 50, 50, 50]

Generation 80
Average: 0.8960 Best: 0.9373
Best Individual: 
C0 10|23|13|33|5|4|15|32|24|22|16|0|1|6|29|7|17|3|25|9|8|27|20|2|12|11|26|14|21|19|18|31|28|30|
Overall Best: 0.9373 Generation: 80
length: 34.0
feature_occurency: [50, 50, 50, 50, 50, 50, 50, 50, 50, 50, 50, 50, 50, 50, 50, 50, 50, 50, 50, 50, 50, 50, 50, 50, 50, 50, 50, 50, 50, 50, 50, 50, 50, 50]

Generation 81
Average: 0.8969 Best: 0.9259
Best Individual: 
C0 31|10|1|23|33|4|5|15|28|9|26|13|14|2|19|21|11|32|0|29|22|24|25|30|18|7|17|16|27|3|8|6|12|20|
Overall Best: 0.9373 Generation: 80
length: 34.0
feature_occurency: [50, 50, 50, 50, 50, 50, 50, 50, 50, 50, 50, 50, 50, 50, 50, 50, 50, 50, 50, 50, 50, 50, 50, 50, 50, 50, 50, 50, 50, 50, 50, 50, 50, 50]

Generation 82
Average: 0.8957 Best: 0.9231
Best Individual: 
C0 7|4|30|32|13|24|16|0|26|6|10|14|23|27|20|22|15|31|5|33|1|19|29|8|11|25|12|3|21|9|18|28|17|2|
Overall Best: 0.9373 Generation: 80
length: 34.0
feature_occurency: [50, 50, 50, 50, 50, 50, 50, 50, 50, 50, 50, 50, 50, 50, 50, 50, 50, 50, 50, 50, 50, 50, 50, 50, 50, 50, 50, 50, 50, 50, 50, 50, 50, 50]

Generation 83
Average: 0.8936 Best: 0.9202
Best Individual: 
C0 10|23|16|33|13|5|2|21|24|15|0|4|12|31|8|30|29|9|1|14|19|32|17|7|25|22|3|27|28|18|11|6|20|26|
Overall Best: 0.9373 Generation: 80
length: 34.0
feature_occurency: [50, 50, 50, 50, 50, 50, 50, 50, 50, 50, 50, 50, 50, 50, 50, 50, 50, 50, 50, 50, 50, 50, 50, 50, 50, 50, 50, 50, 50, 50, 50, 50, 50, 50]

Generation 84
Average: 0.8922 Best: 0.9288
Best Individual: 
C0 33|10|23|26|13|5|2|21|24|15|0|4|12|22|8|30|29|9|1|14|19|32|17|7|25|31|3|27|28|18|11|16|20|6|
Overall Best: 0.9373 Generation: 80
length: 34.0
feature_occurency: [50, 50, 50, 50, 50, 50, 50, 50, 50, 50, 50, 50, 50, 50, 50, 50, 50, 50, 50, 50, 50, 50, 50, 50, 50, 50, 50, 50, 50, 50, 50, 50, 50, 50]

Generation 85
Average: 0.8940 Best: 0.9174
Best Individual: 
C0 22|14|24|10|29|3|4|28|30|17|6|26|23|7|0|21|15|19|5|11|1|31|8|13|33|25|16|32|2|20|18|12|9|27|
Overall Best: 0.9373 Generation: 80
length: 34.0
feature_occurency: [50, 50, 50, 50, 50, 50, 50, 50, 50, 50, 50, 50, 50, 50, 50, 50, 50, 50, 50, 50, 50, 50, 50, 50, 50, 50, 50, 50, 50, 50, 50, 50, 50, 50]

Generation 86
Average: 0.8895 Best: 0.9202
Best Individual: 
C0 12|26|15|33|28|10|4|27|3|20|16|2|19|1|23|0|29|9|24|6|21|25|31|30|17|8|14|7|18|13|11|22|5|32|
Overall Best: 0.9373 Generation: 80
length: 34.0
feature_occurency: [50, 50, 50, 50, 50, 50, 50, 50, 50, 50, 50, 50, 50, 50, 50, 50, 50, 50, 50, 50, 50, 50, 50, 50, 50, 50, 50, 50, 50, 50, 50, 50, 50, 50]

Generation 87
Average: 0.8897 Best: 0.9202
Best Individual: 
C0 18|27|26|4|22|24|31|6|19|1|21|23|15|17|0|30|29|9|14|2|3|32|8|20|25|28|13|5|33|10|11|16|7|12|
Overall Best: 0.9373 Generation: 80
length: 34.0
feature_occurency: [50, 50, 50, 50, 50, 50, 50, 50, 50, 50, 50, 50, 50, 50, 50, 50, 50, 50, 50, 50, 50, 50, 50, 50, 50, 50, 50, 50, 50, 50, 50, 50, 50, 50]

Generation 88
Average: 0.8889 Best: 0.9117
Best Individual: 
C0 33|27|19|17|25|10|23|13|4|6|30|12|14|2|26|9|7|29|21|0|24|11|28|31|32|16|1|5|15|20|18|3|8|22|
Overall Best: 0.9373 Generation: 80
length: 34.0
feature_occurency: [50, 50, 50, 50, 50, 50, 50, 50, 50, 50, 50, 50, 50, 50, 50, 50, 50, 50, 50, 50, 50, 50, 50, 50, 50, 50, 50, 50, 50, 50, 50, 50, 50, 50]

Generation 89
Average: 0.8876 Best: 0.9174
Best Individual: 
C0 27|12|19|0|23|15|22|24|33|25|11|13|4|17|2|3|29|10|31|26|18|20|28|1|8|7|32|5|21|9|16|14|30|6|
Overall Best: 0.9373 Generation: 80
length: 34.0
feature_occurency: [50, 50, 50, 50, 50, 50, 50, 50, 50, 50, 50, 50, 50, 50, 50, 50, 50, 50, 50, 50, 50, 50, 50, 50, 50, 50, 50, 50, 50, 50, 50, 50, 50, 50]

Generation 90
Average: 0.8896 Best: 0.9231
Best Individual: 
C0 28|4|19|27|23|32|22|21|33|25|0|8|20|24|29|2|7|17|13|11|10|31|6|14|9|30|16|3|5|1|26|18|15|12|
Overall Best: 0.9373 Generation: 80
length: 34.0
feature_occurency: [50, 50, 50, 50, 50, 50, 50, 50, 50, 50, 50, 50, 50, 50, 50, 50, 50, 50, 50, 50, 50, 50, 50, 50, 50, 50, 50, 50, 50, 50, 50, 50, 50, 50]

Generation 91
Average: 0.8911 Best: 0.9231
Best Individual: 
C0 25|10|23|26|24|4|19|21|12|2|0|22|7|30|18|16|11|29|20|5|14|33|15|17|32|9|1|28|8|31|27|3|6|13|
Overall Best: 0.9373 Generation: 80
length: 34.0
feature_occurency: [50, 50, 50, 50, 50, 50, 50, 50, 50, 50, 50, 50, 50, 50, 50, 50, 50, 50, 50, 50, 50, 50, 50, 50, 50, 50, 50, 50, 50, 50, 50, 50, 50, 50]

Generation 92
Average: 0.8913 Best: 0.9202
Best Individual: 
C0 20|22|21|30|4|0|5|26|12|28|19|23|33|17|3|13|18|9|14|29|15|31|7|24|25|27|10|6|1|16|2|8|11|32|
Overall Best: 0.9373 Generation: 80
length: 34.0
feature_occurency: [50, 50, 50, 50, 50, 50, 50, 50, 50, 50, 50, 50, 50, 50, 50, 50, 50, 50, 50, 50, 50, 50, 50, 50, 50, 50, 50, 50, 50, 50, 50, 50, 50, 50]

Generation 93
Average: 0.8857 Best: 0.9117
Best Individual: 
C0 25|10|23|26|24|4|19|21|22|7|0|15|30|2|16|18|11|29|20|5|14|33|12|17|32|9|1|28|8|31|27|3|6|13|
Overall Best: 0.9373 Generation: 80
length: 34.0
feature_occurency: [50, 50, 50, 50, 50, 50, 50, 50, 50, 50, 50, 50, 50, 50, 50, 50, 50, 50, 50, 50, 50, 50, 50, 50, 50, 50, 50, 50, 50, 50, 50, 50, 50, 50]

Generation 94
Average: 0.8911 Best: 0.9174
Best Individual: 
C0 28|12|4|0|26|15|27|6|1|9|14|31|33|5|25|32|7|29|21|10|3|17|24|22|19|18|13|30|20|2|11|8|16|23|
Overall Best: 0.9373 Generation: 80
length: 34.0
feature_occurency: [50, 50, 50, 50, 50, 50, 50, 50, 50, 50, 50, 50, 50, 50, 50, 50, 50, 50, 50, 50, 50, 50, 50, 50, 50, 50, 50, 50, 50, 50, 50, 50, 50, 50]

Generation 95
Average: 0.8892 Best: 0.9145
Best Individual: 
C0 18|15|17|4|14|10|33|26|21|28|16|23|30|5|8|13|20|12|29|0|22|31|6|24|11|27|9|7|1|19|2|25|3|32|
Overall Best: 0.9373 Generation: 80
length: 34.0
feature_occurency: [50, 50, 50, 50, 50, 50, 50, 50, 50, 50, 50, 50, 50, 50, 50, 50, 50, 50, 50, 50, 50, 50, 50, 50, 50, 50, 50, 50, 50, 50, 50, 50, 50, 50]

Generation 96
Average: 0.8911 Best: 0.9145
Best Individual: 
C0 23|22|29|19|5|6|20|11|2|4|25|30|7|10|16|33|18|15|8|14|1|31|17|21|9|27|0|3|24|12|28|26|13|32|
Overall Best: 0.9373 Generation: 80
length: 34.0
feature_occurency: [50, 50, 50, 50, 50, 50, 50, 50, 50, 50, 50, 50, 50, 50, 50, 50, 50, 50, 50, 50, 50, 50, 50, 50, 50, 50, 50, 50, 50, 50, 50, 50, 50, 50]

Generation 97
Average: 0.8939 Best: 0.9288
Best Individual: 
C0 18|23|27|26|29|4|0|20|11|25|19|12|7|24|16|22|33|28|30|10|32|5|8|17|1|9|15|21|3|31|2|14|6|13|
Overall Best: 0.9373 Generation: 80
length: 34.0
feature_occurency: [50, 50, 50, 50, 50, 50, 50, 50, 50, 50, 50, 50, 50, 50, 50, 50, 50, 50, 50, 50, 50, 50, 50, 50, 50, 50, 50, 50, 50, 50, 50, 50, 50, 50]

Generation 98
Average: 0.8901 Best: 0.9145
Best Individual: 
C0 16|4|29|23|0|8|19|28|24|27|33|20|21|1|5|17|30|18|13|9|11|10|14|32|31|2|22|3|7|12|15|25|26|6|
Overall Best: 0.9373 Generation: 80
length: 34.0
feature_occurency: [50, 50, 50, 50, 50, 50, 50, 50, 50, 50, 50, 50, 50, 50, 50, 50, 50, 50, 50, 50, 50, 50, 50, 50, 50, 50, 50, 50, 50, 50, 50, 50, 50, 50]

Generation 99
Average: 0.8904 Best: 0.9202
Best Individual: 
C0 8|17|16|26|4|2|9|14|33|10|23|19|32|15|6|29|3|7|0|21|22|27|1|25|24|20|11|18|12|31|30|13|28|5|
Overall Best: 0.9373 Generation: 80
==================
    Best individual after 100 generations
    computed in 109.2420 seconds
    329 elements out of 351 correct.
    emerged in generation 80
    with fitness 0.9373
==================

10|23|13|33|5|4|15|32|24|22|16|0|1|6|29|7|17|3|25|9|8|27|20|2|12|11|26|14|21|19|18|31|28|30|
