Starting evolution...
length: 34.0
feature_occurency: [50, 50, 50, 50, 50, 50, 50, 50, 50, 50, 50, 50, 50, 50, 50, 50, 50, 50, 50, 50, 50, 50, 50, 50, 50, 50, 50, 50, 50, 50, 50, 50, 50, 50]

Generation 0
Average: 0.8758 Best: 0.9174
Best Individual: 
C0 0|12|2|3|7|5|6|13|8|9|10|17|26|11|30|20|1|18|21|16|15|24|22|27|19|25|4|23|28|32|14|31|29|33|
Overall Best: 0.9174 Generation: 0
length: 34.0
feature_occurency: [50, 50, 50, 50, 50, 50, 50, 50, 50, 50, 50, 50, 50, 50, 50, 50, 50, 50, 50, 50, 50, 50, 50, 50, 50, 50, 50, 50, 50, 50, 50, 50, 50, 50]

Generation 1
Average: 0.8821 Best: 0.9259
Best Individual: 
C0 0|22|2|33|4|5|6|10|11|26|13|3|24|19|14|15|12|29|20|28|17|21|7|23|18|9|1|27|30|25|16|31|32|8|
Overall Best: 0.9259 Generation: 1
length: 34.0
feature_occurency: [50, 50, 50, 50, 50, 50, 50, 50, 50, 50, 50, 50, 50, 50, 50, 50, 50, 50, 50, 50, 50, 50, 50, 50, 50, 50, 50, 50, 50, 50, 50, 50, 50, 50]

Generation 2
Average: 0.8841 Best: 0.9259
Best Individual: 
C0 0|15|2|22|4|5|20|3|7|13|10|11|24|25|8|33|6|17|18|19|32|31|21|23|14|28|26|27|16|12|30|1|9|29|
Overall Best: 0.9259 Generation: 1
length: 34.0
feature_occurency: [50, 50, 50, 50, 50, 50, 50, 50, 50, 50, 50, 50, 50, 50, 50, 50, 50, 50, 50, 50, 50, 50, 50, 50, 50, 50, 50, 50, 50, 50, 50, 50, 50, 50]

Generation 3
Average: 0.8821 Best: 0.9174
Best Individual: 
C0 5|12|2|3|7|0|6|13|8|9|10|17|26|11|15|20|1|18|30|16|21|32|22|27|29|25|4|23|28|24|14|31|19|33|
Overall Best: 0.9259 Generation: 1
length: 34.0
feature_occurency: [50, 50, 50, 50, 50, 50, 50, 50, 50, 50, 50, 50, 50, 50, 50, 50, 50, 50, 50, 50, 50, 50, 50, 50, 50, 50, 50, 50, 50, 50, 50, 50, 50, 50]

Generation 4
Average: 0.8845 Best: 0.9202
Best Individual: 
C0 23|26|8|22|2|5|29|20|21|10|18|31|6|13|27|28|14|15|11|19|4|16|9|0|24|32|3|1|30|12|17|25|7|33|
Overall Best: 0.9259 Generation: 1
length: 34.0
feature_occurency: [50, 50, 50, 50, 50, 50, 50, 50, 50, 50, 50, 50, 50, 50, 50, 50, 50, 50, 50, 50, 50, 50, 50, 50, 50, 50, 50, 50, 50, 50, 50, 50, 50, 50]

Generation 5
Average: 0.8817 Best: 0.9259
Best Individual: 
C0 23|2|12|3|32|11|26|4|27|16|13|10|22|33|14|7|28|1|24|19|0|21|15|8|25|30|6|31|20|29|17|18|9|5|
Overall Best: 0.9259 Generation: 1
length: 34.0
feature_occurency: [50, 50, 50, 50, 50, 50, 50, 50, 50, 50, 50, 50, 50, 50, 50, 50, 50, 50, 50, 50, 50, 50, 50, 50, 50, 50, 50, 50, 50, 50, 50, 50, 50, 50]

Generation 6
Average: 0.8837 Best: 0.9174
Best Individual: 
C0 0|18|6|1|15|19|20|30|27|21|12|17|22|13|4|28|9|10|2|24|26|29|23|11|5|3|7|14|33|31|16|25|32|8|
Overall Best: 0.9259 Generation: 1
length: 34.0
feature_occurency: [50, 50, 50, 50, 50, 50, 50, 50, 50, 50, 50, 50, 50, 50, 50, 50, 50, 50, 50, 50, 50, 50, 50, 50, 50, 50, 50, 50, 50, 50, 50, 50, 50, 50]

Generation 7
Average: 0.8770 Best: 0.9174
Best Individual: 
C0 0|18|6|1|15|19|2|30|27|21|12|17|22|13|4|28|9|16|20|24|26|29|23|11|5|3|7|14|33|31|10|25|32|8|
Overall Best: 0.9259 Generation: 1
length: 34.0
feature_occurency: [50, 50, 50, 50, 50, 50, 50, 50, 50, 50, 50, 50, 50, 50, 50, 50, 50, 50, 50, 50, 50, 50, 50, 50, 50, 50, 50, 50, 50, 50, 50, 50, 50, 50]

Generation 8
Average: 0.8871 Best: 0.9145
Best Individual: 
C0 33|26|4|21|17|5|9|2|32|6|8|19|22|1|20|23|27|7|28|24|10|11|12|14|3|25|0|16|13|29|31|30|18|15|
Overall Best: 0.9259 Generation: 1
length: 34.0
feature_occurency: [50, 50, 50, 50, 50, 50, 50, 50, 50, 50, 50, 50, 50, 50, 50, 50, 50, 50, 50, 50, 50, 50, 50, 50, 50, 50, 50, 50, 50, 50, 50, 50, 50, 50]

Generation 9
Average: 0.8869 Best: 0.9316
Best Individual: 
C0 4|11|5|26|2|15|9|17|32|6|8|19|22|1|20|23|27|7|28|24|10|18|12|14|3|25|0|16|13|29|31|30|21|33|
Overall Best: 0.9316 Generation: 9
length: 34.0
feature_occurency: [50, 50, 50, 50, 50, 50, 50, 50, 50, 50, 50, 50, 50, 50, 50, 50, 50, 50, 50, 50, 50, 50, 50, 50, 50, 50, 50, 50, 50, 50, 50, 50, 50, 50]

Generation 10
Average: 0.8847 Best: 0.9145
Best Individual: 
C0 6|13|7|2|4|31|25|10|3|0|20|1|33|17|9|26|14|11|28|27|21|18|16|29|32|8|12|15|24|22|30|19|5|23|
Overall Best: 0.9316 Generation: 9
length: 34.0
feature_occurency: [50, 50, 50, 50, 50, 50, 50, 50, 50, 50, 50, 50, 50, 50, 50, 50, 50, 50, 50, 50, 50, 50, 50, 50, 50, 50, 50, 50, 50, 50, 50, 50, 50, 50]

Generation 11
Average: 0.8846 Best: 0.9145
Best Individual: 
C0 6|13|7|2|4|31|32|10|21|0|15|28|25|1|19|18|9|11|20|27|3|26|16|29|33|8|12|17|24|22|30|14|5|23|
Overall Best: 0.9316 Generation: 9
length: 34.0
feature_occurency: [50, 50, 50, 50, 50, 50, 50, 50, 50, 50, 50, 50, 50, 50, 50, 50, 50, 50, 50, 50, 50, 50, 50, 50, 50, 50, 50, 50, 50, 50, 50, 50, 50, 50]

Generation 12
Average: 0.8850 Best: 0.9202
Best Individual: 
C0 5|4|2|26|7|27|19|0|30|9|10|32|6|20|15|8|31|18|23|12|3|25|17|1|33|14|11|13|28|29|22|16|21|24|
Overall Best: 0.9316 Generation: 9
length: 34.0
feature_occurency: [50, 50, 50, 50, 50, 50, 50, 50, 50, 50, 50, 50, 50, 50, 50, 50, 50, 50, 50, 50, 50, 50, 50, 50, 50, 50, 50, 50, 50, 50, 50, 50, 50, 50]

Generation 13
Average: 0.8874 Best: 0.9288
Best Individual: 
C0 3|6|33|23|7|1|29|32|10|16|31|20|26|14|19|18|22|28|12|21|30|2|25|0|27|13|15|17|11|8|9|24|5|4|
Overall Best: 0.9316 Generation: 9
length: 34.0
feature_occurency: [50, 50, 50, 50, 50, 50, 50, 50, 50, 50, 50, 50, 50, 50, 50, 50, 50, 50, 50, 50, 50, 50, 50, 50, 50, 50, 50, 50, 50, 50, 50, 50, 50, 50]

Generation 14
Average: 0.8900 Best: 0.9288
Best Individual: 
C0 3|6|33|23|7|1|29|10|32|16|31|20|26|14|19|18|13|28|12|21|30|2|25|0|27|22|15|17|11|8|9|24|5|4|
Overall Best: 0.9316 Generation: 9
length: 34.0
feature_occurency: [50, 50, 50, 50, 50, 50, 50, 50, 50, 50, 50, 50, 50, 50, 50, 50, 50, 50, 50, 50, 50, 50, 50, 50, 50, 50, 50, 50, 50, 50, 50, 50, 50, 50]

Generation 15
Average: 0.8837 Best: 0.9288
Best Individual: 
C0 3|6|33|23|7|1|29|10|32|25|31|20|26|14|27|18|13|4|16|21|30|2|12|0|19|22|15|17|11|8|9|24|5|28|
Overall Best: 0.9316 Generation: 9
length: 34.0
feature_occurency: [50, 50, 50, 50, 50, 50, 50, 50, 50, 50, 50, 50, 50, 50, 50, 50, 50, 50, 50, 50, 50, 50, 50, 50, 50, 50, 50, 50, 50, 50, 50, 50, 50, 50]

Generation 16
Average: 0.8851 Best: 0.9345
Best Individual: 
C0 13|6|33|23|7|2|29|32|10|25|31|17|26|12|30|9|21|14|16|0|27|1|4|18|22|15|19|8|3|20|11|24|5|28|
Overall Best: 0.9345 Generation: 16
length: 34.0
feature_occurency: [50, 50, 50, 50, 50, 50, 50, 50, 50, 50, 50, 50, 50, 50, 50, 50, 50, 50, 50, 50, 50, 50, 50, 50, 50, 50, 50, 50, 50, 50, 50, 50, 50, 50]

Generation 17
Average: 0.8854 Best: 0.9202
Best Individual: 
C0 5|7|16|8|4|33|2|0|14|25|10|11|13|15|1|28|19|20|17|24|23|9|31|29|18|27|30|22|6|32|3|26|21|12|
Overall Best: 0.9345 Generation: 16
length: 34.0
feature_occurency: [50, 50, 50, 50, 50, 50, 50, 50, 50, 50, 50, 50, 50, 50, 50, 50, 50, 50, 50, 50, 50, 50, 50, 50, 50, 50, 50, 50, 50, 50, 50, 50, 50, 50]

Generation 18
Average: 0.8854 Best: 0.9259
Best Individual: 
C0 26|15|10|13|4|2|11|14|3|29|17|5|0|8|12|30|19|25|33|21|32|6|22|20|27|9|28|23|18|7|16|24|1|31|
Overall Best: 0.9345 Generation: 16
length: 34.0
feature_occurency: [50, 50, 50, 50, 50, 50, 50, 50, 50, 50, 50, 50, 50, 50, 50, 50, 50, 50, 50, 50, 50, 50, 50, 50, 50, 50, 50, 50, 50, 50, 50, 50, 50, 50]

Generation 19
Average: 0.8821 Best: 0.9231
Best Individual: 
C0 5|15|3|8|4|10|2|18|11|25|32|14|13|6|12|21|19|20|17|24|23|9|31|29|0|27|22|7|1|33|16|26|28|30|
Overall Best: 0.9345 Generation: 16
length: 34.0
feature_occurency: [50, 50, 50, 50, 50, 50, 50, 50, 50, 50, 50, 50, 50, 50, 50, 50, 50, 50, 50, 50, 50, 50, 50, 50, 50, 50, 50, 50, 50, 50, 50, 50, 50, 50]

Generation 20
Average: 0.8881 Best: 0.9316
Best Individual: 
C0 7|8|4|23|0|11|30|2|9|31|18|13|22|1|5|24|12|10|26|29|16|32|27|17|3|20|33|25|6|15|28|19|21|14|
Overall Best: 0.9345 Generation: 16
length: 34.0
feature_occurency: [50, 50, 50, 50, 50, 50, 50, 50, 50, 50, 50, 50, 50, 50, 50, 50, 50, 50, 50, 50, 50, 50, 50, 50, 50, 50, 50, 50, 50, 50, 50, 50, 50, 50]

Generation 21
Average: 0.8864 Best: 0.9373
Best Individual: 
C0 16|1|4|23|0|15|33|24|7|14|6|2|12|11|21|31|20|27|13|28|32|8|9|18|25|29|26|17|22|5|10|19|3|30|
Overall Best: 0.9373 Generation: 21
length: 34.0
feature_occurency: [50, 50, 50, 50, 50, 50, 50, 50, 50, 50, 50, 50, 50, 50, 50, 50, 50, 50, 50, 50, 50, 50, 50, 50, 50, 50, 50, 50, 50, 50, 50, 50, 50, 50]

Generation 22
Average: 0.8969 Best: 0.9430
Best Individual: 
C0 7|8|23|1|6|11|30|2|20|29|21|13|22|27|5|28|16|19|12|26|31|4|17|9|18|24|14|32|33|10|0|15|25|3|
Overall Best: 0.9430 Generation: 22
length: 34.0
feature_occurency: [50, 50, 50, 50, 50, 50, 50, 50, 50, 50, 50, 50, 50, 50, 50, 50, 50, 50, 50, 50, 50, 50, 50, 50, 50, 50, 50, 50, 50, 50, 50, 50, 50, 50]

Generation 23
Average: 0.8853 Best: 0.9373
Best Individual: 
C0 16|1|4|23|0|15|26|7|24|14|6|32|12|11|18|31|17|27|13|28|2|8|9|30|21|20|33|25|22|5|10|19|3|29|
Overall Best: 0.9430 Generation: 22
length: 34.0
feature_occurency: [50, 50, 50, 50, 50, 50, 50, 50, 50, 50, 50, 50, 50, 50, 50, 50, 50, 50, 50, 50, 50, 50, 50, 50, 50, 50, 50, 50, 50, 50, 50, 50, 50, 50]

Generation 24
Average: 0.8874 Best: 0.9316
Best Individual: 
C0 7|30|4|2|0|5|22|6|28|24|19|8|1|16|33|3|18|25|17|12|27|26|31|11|29|20|9|10|23|13|32|15|21|14|
Overall Best: 0.9430 Generation: 22
length: 34.0
feature_occurency: [50, 50, 50, 50, 50, 50, 50, 50, 50, 50, 50, 50, 50, 50, 50, 50, 50, 50, 50, 50, 50, 50, 50, 50, 50, 50, 50, 50, 50, 50, 50, 50, 50, 50]

Generation 25
Average: 0.8877 Best: 0.9316
Best Individual: 
C0 7|30|4|2|0|5|13|23|32|24|31|8|9|27|33|3|18|10|26|29|16|11|15|17|20|6|1|25|12|22|28|14|21|19|
Overall Best: 0.9430 Generation: 22
length: 34.0
feature_occurency: [50, 50, 50, 50, 50, 50, 50, 50, 50, 50, 50, 50, 50, 50, 50, 50, 50, 50, 50, 50, 50, 50, 50, 50, 50, 50, 50, 50, 50, 50, 50, 50, 50, 50]

Generation 26
Average: 0.8917 Best: 0.9316
Best Individual: 
C0 7|30|4|2|0|5|13|23|32|24|31|17|9|27|33|3|10|18|11|29|16|26|15|8|6|12|1|25|20|22|28|14|21|19|
Overall Best: 0.9430 Generation: 22
length: 34.0
feature_occurency: [50, 50, 50, 50, 50, 50, 50, 50, 50, 50, 50, 50, 50, 50, 50, 50, 50, 50, 50, 50, 50, 50, 50, 50, 50, 50, 50, 50, 50, 50, 50, 50, 50, 50]

Generation 27
Average: 0.8897 Best: 0.9316
Best Individual: 
C0 7|30|4|0|2|5|13|8|32|24|31|17|9|27|33|3|10|18|11|29|16|26|15|23|6|12|1|25|20|22|28|14|21|19|
Overall Best: 0.9430 Generation: 22
length: 34.0
feature_occurency: [50, 50, 50, 50, 50, 50, 50, 50, 50, 50, 50, 50, 50, 50, 50, 50, 50, 50, 50, 50, 50, 50, 50, 50, 50, 50, 50, 50, 50, 50, 50, 50, 50, 50]

Generation 28
Average: 0.8859 Best: 0.9316
Best Individual: 
C0 0|30|4|2|7|5|27|9|32|24|33|11|23|13|18|26|31|12|15|29|16|8|3|17|10|6|19|25|20|22|28|14|21|1|
Overall Best: 0.9430 Generation: 22
length: 34.0
feature_occurency: [50, 50, 50, 50, 50, 50, 50, 50, 50, 50, 50, 50, 50, 50, 50, 50, 50, 50, 50, 50, 50, 50, 50, 50, 50, 50, 50, 50, 50, 50, 50, 50, 50, 50]

Generation 29
Average: 0.8874 Best: 0.9202
Best Individual: 
C0 0|30|4|2|20|5|27|9|32|24|33|31|23|13|18|26|11|12|15|29|16|8|3|17|10|6|19|25|7|22|28|14|21|1|
Overall Best: 0.9430 Generation: 22
length: 34.0
feature_occurency: [50, 50, 50, 50, 50, 50, 50, 50, 50, 50, 50, 50, 50, 50, 50, 50, 50, 50, 50, 50, 50, 50, 50, 50, 50, 50, 50, 50, 50, 50, 50, 50, 50, 50]

Generation 30
Average: 0.8852 Best: 0.9174
Best Individual: 
C0 8|15|0|14|4|26|25|18|6|21|19|28|1|10|12|29|27|16|33|11|5|9|13|20|30|17|2|7|24|22|31|32|23|3|
Overall Best: 0.9430 Generation: 22
length: 34.0
feature_occurency: [50, 50, 50, 50, 50, 50, 50, 50, 50, 50, 50, 50, 50, 50, 50, 50, 50, 50, 50, 50, 50, 50, 50, 50, 50, 50, 50, 50, 50, 50, 50, 50, 50, 50]

Generation 31
Average: 0.8822 Best: 0.9145
Best Individual: 
C0 4|22|19|13|5|2|3|12|28|7|18|14|1|16|23|30|33|24|31|11|20|9|17|10|27|25|29|21|6|15|32|8|0|26|
Overall Best: 0.9430 Generation: 22
length: 34.0
feature_occurency: [50, 50, 50, 50, 50, 50, 50, 50, 50, 50, 50, 50, 50, 50, 50, 50, 50, 50, 50, 50, 50, 50, 50, 50, 50, 50, 50, 50, 50, 50, 50, 50, 50, 50]

Generation 32
Average: 0.8823 Best: 0.9174
Best Individual: 
C0 23|15|0|12|29|4|25|2|3|7|20|13|17|16|14|31|30|24|21|19|28|8|26|1|9|27|33|18|5|22|6|32|10|11|
Overall Best: 0.9430 Generation: 22
length: 34.0
feature_occurency: [50, 50, 50, 50, 50, 50, 50, 50, 50, 50, 50, 50, 50, 50, 50, 50, 50, 50, 50, 50, 50, 50, 50, 50, 50, 50, 50, 50, 50, 50, 50, 50, 50, 50]

Generation 33
Average: 0.8822 Best: 0.9202
Best Individual: 
C0 23|15|0|14|29|4|25|2|3|7|26|17|13|16|21|31|30|24|1|19|28|8|18|20|9|27|33|6|5|22|12|32|10|11|
Overall Best: 0.9430 Generation: 22
length: 34.0
feature_occurency: [50, 50, 50, 50, 50, 50, 50, 50, 50, 50, 50, 50, 50, 50, 50, 50, 50, 50, 50, 50, 50, 50, 50, 50, 50, 50, 50, 50, 50, 50, 50, 50, 50, 50]

Generation 34
Average: 0.8832 Best: 0.9202
Best Individual: 
C0 23|15|0|14|29|4|25|2|3|7|26|17|13|16|21|31|30|24|1|19|8|28|18|20|9|27|33|6|5|22|12|32|10|11|
Overall Best: 0.9430 Generation: 22
length: 34.0
feature_occurency: [50, 50, 50, 50, 50, 50, 50, 50, 50, 50, 50, 50, 50, 50, 50, 50, 50, 50, 50, 50, 50, 50, 50, 50, 50, 50, 50, 50, 50, 50, 50, 50, 50, 50]

Generation 35
Average: 0.8890 Best: 0.9202
Best Individual: 
C0 23|15|0|14|29|4|25|11|3|7|26|17|13|16|21|31|5|10|1|32|8|28|18|20|9|27|33|6|30|22|12|19|24|2|
Overall Best: 0.9430 Generation: 22
length: 34.0
feature_occurency: [50, 50, 50, 50, 50, 50, 50, 50, 50, 50, 50, 50, 50, 50, 50, 50, 50, 50, 50, 50, 50, 50, 50, 50, 50, 50, 50, 50, 50, 50, 50, 50, 50, 50]

Generation 36
Average: 0.8877 Best: 0.9259
Best Individual: 
C0 12|15|10|17|6|28|20|33|8|11|25|31|16|29|1|2|19|5|30|21|9|24|3|18|4|7|26|23|27|32|14|13|22|0|
Overall Best: 0.9430 Generation: 22
length: 34.0
feature_occurency: [50, 50, 50, 50, 50, 50, 50, 50, 50, 50, 50, 50, 50, 50, 50, 50, 50, 50, 50, 50, 50, 50, 50, 50, 50, 50, 50, 50, 50, 50, 50, 50, 50, 50]

Generation 37
Average: 0.8904 Best: 0.9231
Best Individual: 
C0 3|7|31|13|14|2|26|30|11|8|15|24|27|32|10|12|5|17|18|29|22|25|20|1|9|6|28|23|33|21|4|16|19|0|
Overall Best: 0.9430 Generation: 22
length: 34.0
feature_occurency: [50, 50, 50, 50, 50, 50, 50, 50, 50, 50, 50, 50, 50, 50, 50, 50, 50, 50, 50, 50, 50, 50, 50, 50, 50, 50, 50, 50, 50, 50, 50, 50, 50, 50]

Generation 38
Average: 0.8895 Best: 0.9316
Best Individual: 
C0 23|26|7|4|27|20|28|32|8|19|16|25|1|5|31|13|10|17|29|21|14|9|2|3|12|6|33|11|22|15|24|18|0|30|
Overall Best: 0.9430 Generation: 22
length: 34.0
feature_occurency: [50, 50, 50, 50, 50, 50, 50, 50, 50, 50, 50, 50, 50, 50, 50, 50, 50, 50, 50, 50, 50, 50, 50, 50, 50, 50, 50, 50, 50, 50, 50, 50, 50, 50]

Generation 39
Average: 0.8814 Best: 0.9316
Best Individual: 
C0 23|26|7|4|27|20|28|32|8|19|16|25|1|5|31|13|10|17|29|21|14|9|2|3|12|11|33|6|22|15|24|18|0|30|
Overall Best: 0.9430 Generation: 22
length: 34.0
feature_occurency: [50, 50, 50, 50, 50, 50, 50, 50, 50, 50, 50, 50, 50, 50, 50, 50, 50, 50, 50, 50, 50, 50, 50, 50, 50, 50, 50, 50, 50, 50, 50, 50, 50, 50]

Generation 40
Average: 0.8839 Best: 0.9316
Best Individual: 
C0 23|26|7|4|27|20|28|24|8|19|14|25|1|5|31|13|10|17|3|21|16|9|2|29|12|11|33|6|22|32|15|18|0|30|
Overall Best: 0.9430 Generation: 22
length: 34.0
feature_occurency: [50, 50, 50, 50, 50, 50, 50, 50, 50, 50, 50, 50, 50, 50, 50, 50, 50, 50, 50, 50, 50, 50, 50, 50, 50, 50, 50, 50, 50, 50, 50, 50, 50, 50]

Generation 41
Average: 0.8862 Best: 0.9174
Best Individual: 
C0 19|10|20|26|3|23|14|8|2|27|13|30|11|0|6|33|12|32|21|4|28|15|5|22|9|31|18|25|29|17|16|1|7|24|
Overall Best: 0.9430 Generation: 22
length: 34.0
feature_occurency: [50, 50, 50, 50, 50, 50, 50, 50, 50, 50, 50, 50, 50, 50, 50, 50, 50, 50, 50, 50, 50, 50, 50, 50, 50, 50, 50, 50, 50, 50, 50, 50, 50, 50]

Generation 42
Average: 0.8915 Best: 0.9345
Best Individual: 
C0 23|33|7|11|2|20|28|14|8|3|4|21|10|5|26|30|25|22|19|31|1|9|0|32|17|24|16|6|12|29|15|18|27|13|
Overall Best: 0.9430 Generation: 22
length: 34.0
feature_occurency: [50, 50, 50, 50, 50, 50, 50, 50, 50, 50, 50, 50, 50, 50, 50, 50, 50, 50, 50, 50, 50, 50, 50, 50, 50, 50, 50, 50, 50, 50, 50, 50, 50, 50]

Generation 43
Average: 0.8868 Best: 0.9345
Best Individual: 
C0 23|33|7|11|2|20|19|16|8|3|4|21|10|5|26|30|25|22|28|31|1|9|0|12|17|24|14|18|32|29|15|6|27|13|
Overall Best: 0.9430 Generation: 22
length: 34.0
feature_occurency: [50, 50, 50, 50, 50, 50, 50, 50, 50, 50, 50, 50, 50, 50, 50, 50, 50, 50, 50, 50, 50, 50, 50, 50, 50, 50, 50, 50, 50, 50, 50, 50, 50, 50]

Generation 44
Average: 0.8892 Best: 0.9345
Best Individual: 
C0 23|33|7|11|2|20|19|16|8|3|4|21|10|18|26|30|25|22|28|31|1|9|0|12|17|24|14|27|32|29|15|6|5|13|
Overall Best: 0.9430 Generation: 22
length: 34.0
feature_occurency: [50, 50, 50, 50, 50, 50, 50, 50, 50, 50, 50, 50, 50, 50, 50, 50, 50, 50, 50, 50, 50, 50, 50, 50, 50, 50, 50, 50, 50, 50, 50, 50, 50, 50]

Generation 45
Average: 0.8905 Best: 0.9202
Best Individual: 
C0 19|10|4|15|3|5|14|21|2|27|30|29|11|7|6|12|33|32|9|20|28|23|22|26|8|1|18|25|13|17|16|31|0|24|
Overall Best: 0.9430 Generation: 22
length: 34.0
feature_occurency: [50, 50, 50, 50, 50, 50, 50, 50, 50, 50, 50, 50, 50, 50, 50, 50, 50, 50, 50, 50, 50, 50, 50, 50, 50, 50, 50, 50, 50, 50, 50, 50, 50, 50]

Generation 46
Average: 0.8911 Best: 0.9231
Best Individual: 
C0 23|26|10|4|21|13|28|24|3|2|9|33|1|5|20|30|12|19|25|15|22|29|31|27|18|7|16|17|0|14|6|11|8|32|
Overall Best: 0.9430 Generation: 22
length: 34.0
feature_occurency: [50, 50, 50, 50, 50, 50, 50, 50, 50, 50, 50, 50, 50, 50, 50, 50, 50, 50, 50, 50, 50, 50, 50, 50, 50, 50, 50, 50, 50, 50, 50, 50, 50, 50]

Generation 47
Average: 0.8922 Best: 0.9345
Best Individual: 
C0 23|6|7|33|3|12|4|29|2|10|24|20|9|18|26|27|15|32|30|21|19|25|22|31|8|1|0|5|28|17|16|13|11|14|
Overall Best: 0.9430 Generation: 22
length: 34.0
feature_occurency: [50, 50, 50, 50, 50, 50, 50, 50, 50, 50, 50, 50, 50, 50, 50, 50, 50, 50, 50, 50, 50, 50, 50, 50, 50, 50, 50, 50, 50, 50, 50, 50, 50, 50]

Generation 48
Average: 0.8884 Best: 0.9316
Best Individual: 
C0 2|10|20|26|3|23|24|17|12|11|31|19|29|14|4|0|15|27|9|5|25|22|13|33|18|8|16|30|28|6|32|21|1|7|
Overall Best: 0.9430 Generation: 22
length: 34.0
feature_occurency: [50, 50, 50, 50, 50, 50, 50, 50, 50, 50, 50, 50, 50, 50, 50, 50, 50, 50, 50, 50, 50, 50, 50, 50, 50, 50, 50, 50, 50, 50, 50, 50, 50, 50]

Generation 49
Average: 0.8866 Best: 0.9316
Best Individual: 
C0 23|2|33|3|20|26|32|12|21|14|16|1|31|24|15|28|4|8|27|30|5|25|0|17|6|10|18|9|13|19|11|22|7|29|
Overall Best: 0.9430 Generation: 22
length: 34.0
feature_occurency: [50, 50, 50, 50, 50, 50, 50, 50, 50, 50, 50, 50, 50, 50, 50, 50, 50, 50, 50, 50, 50, 50, 50, 50, 50, 50, 50, 50, 50, 50, 50, 50, 50, 50]

Generation 50
Average: 0.8870 Best: 0.9316
Best Individual: 
C0 23|2|33|3|20|26|27|12|21|14|16|1|31|24|15|5|32|8|4|30|28|25|0|17|6|10|18|9|13|19|11|22|7|29|
Overall Best: 0.9430 Generation: 22
length: 34.0
feature_occurency: [50, 50, 50, 50, 50, 50, 50, 50, 50, 50, 50, 50, 50, 50, 50, 50, 50, 50, 50, 50, 50, 50, 50, 50, 50, 50, 50, 50, 50, 50, 50, 50, 50, 50]

Generation 51
Average: 0.8914 Best: 0.9316
Best Individual: 
C0 23|2|33|3|20|26|27|28|21|14|16|10|6|24|22|5|32|8|4|15|12|13|0|19|31|1|18|30|25|9|11|17|7|29|
Overall Best: 0.9430 Generation: 22
length: 34.0
feature_occurency: [50, 50, 50, 50, 50, 50, 50, 50, 50, 50, 50, 50, 50, 50, 50, 50, 50, 50, 50, 50, 50, 50, 50, 50, 50, 50, 50, 50, 50, 50, 50, 50, 50, 50]

Generation 52
Average: 0.8900 Best: 0.9259
Best Individual: 
C0 19|27|6|23|26|7|17|21|30|4|13|10|31|24|32|28|9|22|5|0|25|1|2|18|29|8|3|33|20|12|16|15|11|14|
Overall Best: 0.9430 Generation: 22
length: 34.0
feature_occurency: [50, 50, 50, 50, 50, 50, 50, 50, 50, 50, 50, 50, 50, 50, 50, 50, 50, 50, 50, 50, 50, 50, 50, 50, 50, 50, 50, 50, 50, 50, 50, 50, 50, 50]

Generation 53
Average: 0.8888 Best: 0.9259
Best Individual: 
C0 19|27|6|23|26|7|18|32|30|25|13|29|16|4|21|33|10|31|8|15|24|11|2|17|0|5|3|9|20|12|22|28|1|14|
Overall Best: 0.9430 Generation: 22
length: 34.0
feature_occurency: [50, 50, 50, 50, 50, 50, 50, 50, 50, 50, 50, 50, 50, 50, 50, 50, 50, 50, 50, 50, 50, 50, 50, 50, 50, 50, 50, 50, 50, 50, 50, 50, 50, 50]

Generation 54
Average: 0.8928 Best: 0.9288
Best Individual: 
C0 19|27|7|23|4|6|29|16|0|8|12|10|20|1|25|33|11|9|17|32|31|28|15|5|26|18|3|13|24|2|30|22|21|14|
Overall Best: 0.9430 Generation: 22
length: 34.0
feature_occurency: [50, 50, 50, 50, 50, 50, 50, 50, 50, 50, 50, 50, 50, 50, 50, 50, 50, 50, 50, 50, 50, 50, 50, 50, 50, 50, 50, 50, 50, 50, 50, 50, 50, 50]

Generation 55
Average: 0.8969 Best: 0.9345
Best Individual: 
C0 13|23|4|33|20|26|27|25|21|14|19|1|9|24|15|7|5|31|3|10|28|12|30|32|6|11|22|8|17|18|16|29|0|2|
Overall Best: 0.9430 Generation: 22
length: 34.0
feature_occurency: [50, 50, 50, 50, 50, 50, 50, 50, 50, 50, 50, 50, 50, 50, 50, 50, 50, 50, 50, 50, 50, 50, 50, 50, 50, 50, 50, 50, 50, 50, 50, 50, 50, 50]

Generation 56
Average: 0.8962 Best: 0.9288
Best Individual: 
C0 8|26|4|33|20|23|27|25|21|14|19|1|13|24|15|7|5|31|3|10|28|12|30|32|6|11|22|9|0|18|16|29|17|2|
Overall Best: 0.9430 Generation: 22
length: 34.0
feature_occurency: [50, 50, 50, 50, 50, 50, 50, 50, 50, 50, 50, 50, 50, 50, 50, 50, 50, 50, 50, 50, 50, 50, 50, 50, 50, 50, 50, 50, 50, 50, 50, 50, 50, 50]

Generation 57
Average: 0.8942 Best: 0.9288
Best Individual: 
C0 8|26|4|33|20|23|27|25|21|24|19|1|22|14|15|7|5|31|3|10|28|12|30|32|6|11|13|9|0|18|16|29|17|2|
Overall Best: 0.9430 Generation: 22
length: 34.0
feature_occurency: [50, 50, 50, 50, 50, 50, 50, 50, 50, 50, 50, 50, 50, 50, 50, 50, 50, 50, 50, 50, 50, 50, 50, 50, 50, 50, 50, 50, 50, 50, 50, 50, 50, 50]

Generation 58
Average: 0.8918 Best: 0.9288
Best Individual: 
C0 32|6|17|33|23|4|13|16|14|22|9|3|18|10|5|2|26|7|28|19|24|27|1|31|0|29|15|8|11|30|21|12|20|25|
Overall Best: 0.9430 Generation: 22
length: 34.0
feature_occurency: [50, 50, 50, 50, 50, 50, 50, 50, 50, 50, 50, 50, 50, 50, 50, 50, 50, 50, 50, 50, 50, 50, 50, 50, 50, 50, 50, 50, 50, 50, 50, 50, 50, 50]

Generation 59
Average: 0.8925 Best: 0.9288
Best Individual: 
C0 32|6|17|33|23|4|30|16|14|22|9|3|18|10|5|2|26|7|28|19|20|27|1|31|0|29|15|8|11|13|21|12|24|25|
Overall Best: 0.9430 Generation: 22
length: 34.0
feature_occurency: [50, 50, 50, 50, 50, 50, 50, 50, 50, 50, 50, 50, 50, 50, 50, 50, 50, 50, 50, 50, 50, 50, 50, 50, 50, 50, 50, 50, 50, 50, 50, 50, 50, 50]

Generation 60
Average: 0.8936 Best: 0.9259
Best Individual: 
C0 13|23|4|2|20|0|19|27|8|11|16|1|31|12|33|18|5|14|3|28|30|24|17|29|6|32|9|10|26|15|21|22|7|25|
Overall Best: 0.9430 Generation: 22
length: 34.0
feature_occurency: [50, 50, 50, 50, 50, 50, 50, 50, 50, 50, 50, 50, 50, 50, 50, 50, 50, 50, 50, 50, 50, 50, 50, 50, 50, 50, 50, 50, 50, 50, 50, 50, 50, 50]

Generation 61
Average: 0.8956 Best: 0.9259
Best Individual: 
C0 22|23|3|20|8|4|18|17|25|0|29|15|10|2|26|19|31|16|32|30|21|7|28|33|14|13|5|11|27|12|1|9|24|6|
Overall Best: 0.9430 Generation: 22
length: 34.0
feature_occurency: [50, 50, 50, 50, 50, 50, 50, 50, 50, 50, 50, 50, 50, 50, 50, 50, 50, 50, 50, 50, 50, 50, 50, 50, 50, 50, 50, 50, 50, 50, 50, 50, 50, 50]

Generation 62
Average: 0.8920 Best: 0.9259
Best Individual: 
C0 22|23|3|20|8|4|18|17|25|0|29|15|31|2|27|19|11|16|13|30|21|7|28|33|6|32|9|10|26|12|1|5|24|14|
Overall Best: 0.9430 Generation: 22
length: 34.0
feature_occurency: [50, 50, 50, 50, 50, 50, 50, 50, 50, 50, 50, 50, 50, 50, 50, 50, 50, 50, 50, 50, 50, 50, 50, 50, 50, 50, 50, 50, 50, 50, 50, 50, 50, 50]

Generation 63
Average: 0.8915 Best: 0.9259
Best Individual: 
C0 10|23|1|4|19|0|20|27|8|18|5|31|2|15|12|14|13|22|7|32|17|24|21|26|30|11|9|3|29|28|25|16|6|33|
Overall Best: 0.9430 Generation: 22
length: 34.0
feature_occurency: [50, 50, 50, 50, 50, 50, 50, 50, 50, 50, 50, 50, 50, 50, 50, 50, 50, 50, 50, 50, 50, 50, 50, 50, 50, 50, 50, 50, 50, 50, 50, 50, 50, 50]

Generation 64
Average: 0.8902 Best: 0.9316
Best Individual: 
C0 7|16|4|21|20|23|27|11|8|22|26|10|15|31|25|0|12|33|13|32|5|2|1|28|30|17|18|24|14|9|3|29|6|19|
Overall Best: 0.9430 Generation: 22
length: 34.0
feature_occurency: [50, 50, 50, 50, 50, 50, 50, 50, 50, 50, 50, 50, 50, 50, 50, 50, 50, 50, 50, 50, 50, 50, 50, 50, 50, 50, 50, 50, 50, 50, 50, 50, 50, 50]

Generation 65
Average: 0.8881 Best: 0.9316
Best Individual: 
C0 7|16|4|21|20|23|27|19|8|22|26|10|15|31|18|0|12|33|13|14|5|2|1|29|30|17|25|24|32|9|3|28|6|11|
Overall Best: 0.9430 Generation: 22
length: 34.0
feature_occurency: [50, 50, 50, 50, 50, 50, 50, 50, 50, 50, 50, 50, 50, 50, 50, 50, 50, 50, 50, 50, 50, 50, 50, 50, 50, 50, 50, 50, 50, 50, 50, 50, 50, 50]

Generation 66
Average: 0.8854 Best: 0.9316
Best Individual: 
C0 7|16|4|21|20|23|27|19|8|22|26|10|18|31|15|0|12|33|13|28|5|2|1|29|30|17|25|11|32|9|3|14|6|24|
Overall Best: 0.9430 Generation: 22
length: 34.0
feature_occurency: [50, 50, 50, 50, 50, 50, 50, 50, 50, 50, 50, 50, 50, 50, 50, 50, 50, 50, 50, 50, 50, 50, 50, 50, 50, 50, 50, 50, 50, 50, 50, 50, 50, 50]

Generation 67
Average: 0.8840 Best: 0.9316
Best Individual: 
C0 7|16|4|21|20|23|12|22|30|24|0|14|31|27|3|18|28|33|13|9|5|2|1|29|32|17|25|26|8|19|6|15|10|11|
Overall Best: 0.9430 Generation: 22
length: 34.0
feature_occurency: [50, 50, 50, 50, 50, 50, 50, 50, 50, 50, 50, 50, 50, 50, 50, 50, 50, 50, 50, 50, 50, 50, 50, 50, 50, 50, 50, 50, 50, 50, 50, 50, 50, 50]

Generation 68
Average: 0.8893 Best: 0.9345
Best Individual: 
C0 19|33|32|4|20|23|12|22|30|0|1|31|17|7|6|26|13|9|3|16|18|27|25|21|5|29|15|28|8|14|11|2|24|10|
Overall Best: 0.9430 Generation: 22
length: 34.0
feature_occurency: [50, 50, 50, 50, 50, 50, 50, 50, 50, 50, 50, 50, 50, 50, 50, 50, 50, 50, 50, 50, 50, 50, 50, 50, 50, 50, 50, 50, 50, 50, 50, 50, 50, 50]

Generation 69
Average: 0.8846 Best: 0.9316
Best Individual: 
C0 5|13|23|8|4|10|11|1|6|17|9|32|26|20|27|19|24|21|12|2|33|14|16|31|30|25|0|18|29|28|7|3|22|15|
Overall Best: 0.9430 Generation: 22
length: 34.0
feature_occurency: [50, 50, 50, 50, 50, 50, 50, 50, 50, 50, 50, 50, 50, 50, 50, 50, 50, 50, 50, 50, 50, 50, 50, 50, 50, 50, 50, 50, 50, 50, 50, 50, 50, 50]

Generation 70
Average: 0.8850 Best: 0.9202
Best Individual: 
C0 27|23|2|11|6|7|1|15|5|28|16|21|26|9|10|3|0|12|30|33|31|17|25|8|22|29|19|13|32|14|20|4|24|18|
Overall Best: 0.9430 Generation: 22
length: 34.0
feature_occurency: [50, 50, 50, 50, 50, 50, 50, 50, 50, 50, 50, 50, 50, 50, 50, 50, 50, 50, 50, 50, 50, 50, 50, 50, 50, 50, 50, 50, 50, 50, 50, 50, 50, 50]

Generation 71
Average: 0.8857 Best: 0.9288
Best Individual: 
C0 8|23|3|4|6|7|22|28|32|24|21|2|26|30|11|13|29|19|20|15|12|17|1|18|9|33|14|16|0|10|25|31|27|5|
Overall Best: 0.9430 Generation: 22
length: 34.0
feature_occurency: [50, 50, 50, 50, 50, 50, 50, 50, 50, 50, 50, 50, 50, 50, 50, 50, 50, 50, 50, 50, 50, 50, 50, 50, 50, 50, 50, 50, 50, 50, 50, 50, 50, 50]

Generation 72
Average: 0.8854 Best: 0.9288
Best Individual: 
C0 4|24|33|18|22|23|13|30|14|20|9|19|28|26|21|10|7|3|2|11|15|25|29|0|27|1|8|5|32|31|16|12|17|6|
Overall Best: 0.9430 Generation: 22
length: 34.0
feature_occurency: [50, 50, 50, 50, 50, 50, 50, 50, 50, 50, 50, 50, 50, 50, 50, 50, 50, 50, 50, 50, 50, 50, 50, 50, 50, 50, 50, 50, 50, 50, 50, 50, 50, 50]

Generation 73
Average: 0.8884 Best: 0.9345
Best Individual: 
C0 26|22|23|7|5|4|2|9|8|30|17|29|14|27|13|15|10|11|19|31|3|16|18|12|1|6|28|0|24|33|20|25|32|21|
Overall Best: 0.9430 Generation: 22
length: 34.0
feature_occurency: [50, 50, 50, 50, 50, 50, 50, 50, 50, 50, 50, 50, 50, 50, 50, 50, 50, 50, 50, 50, 50, 50, 50, 50, 50, 50, 50, 50, 50, 50, 50, 50, 50, 50]

Generation 74
Average: 0.8859 Best: 0.9288
Best Individual: 
C0 4|17|33|18|22|23|13|30|15|20|14|16|28|26|21|10|7|3|2|11|9|25|19|0|27|1|32|5|8|31|24|12|29|6|
Overall Best: 0.9430 Generation: 22
length: 34.0
feature_occurency: [50, 50, 50, 50, 50, 50, 50, 50, 50, 50, 50, 50, 50, 50, 50, 50, 50, 50, 50, 50, 50, 50, 50, 50, 50, 50, 50, 50, 50, 50, 50, 50, 50, 50]

Generation 75
Average: 0.8917 Best: 0.9288
Best Individual: 
C0 1|23|13|12|6|7|27|25|20|33|16|21|19|32|10|0|15|17|9|8|5|3|29|28|14|24|26|4|11|22|31|30|2|18|
Overall Best: 0.9430 Generation: 22
length: 34.0
feature_occurency: [50, 50, 50, 50, 50, 50, 50, 50, 50, 50, 50, 50, 50, 50, 50, 50, 50, 50, 50, 50, 50, 50, 50, 50, 50, 50, 50, 50, 50, 50, 50, 50, 50, 50]

Generation 76
Average: 0.8847 Best: 0.9231
Best Individual: 
C0 6|15|7|20|0|23|18|13|14|10|12|9|25|11|19|27|17|30|21|33|4|26|16|22|28|3|32|31|29|5|24|2|8|1|
Overall Best: 0.9430 Generation: 22
length: 34.0
feature_occurency: [50, 50, 50, 50, 50, 50, 50, 50, 50, 50, 50, 50, 50, 50, 50, 50, 50, 50, 50, 50, 50, 50, 50, 50, 50, 50, 50, 50, 50, 50, 50, 50, 50, 50]

Generation 77
Average: 0.8867 Best: 0.9202
Best Individual: 
C0 6|7|23|0|10|13|15|19|31|17|2|29|21|27|28|9|14|30|16|12|20|25|8|32|33|18|24|4|11|22|5|3|26|1|
Overall Best: 0.9430 Generation: 22
length: 34.0
feature_occurency: [50, 50, 50, 50, 50, 50, 50, 50, 50, 50, 50, 50, 50, 50, 50, 50, 50, 50, 50, 50, 50, 50, 50, 50, 50, 50, 50, 50, 50, 50, 50, 50, 50, 50]

Generation 78
Average: 0.8905 Best: 0.9259
Best Individual: 
C0 6|7|23|33|12|15|2|9|8|5|17|3|14|27|28|1|21|0|16|11|20|25|31|32|18|30|24|4|10|22|13|29|26|19|
Overall Best: 0.9430 Generation: 22
length: 34.0
feature_occurency: [50, 50, 50, 50, 50, 50, 50, 50, 50, 50, 50, 50, 50, 50, 50, 50, 50, 50, 50, 50, 50, 50, 50, 50, 50, 50, 50, 50, 50, 50, 50, 50, 50, 50]

Generation 79
Average: 0.8891 Best: 0.9345
Best Individual: 
C0 6|7|17|33|12|15|2|9|8|5|25|3|14|27|28|1|21|0|16|11|10|23|31|32|18|30|24|4|20|22|13|29|26|19|
Overall Best: 0.9430 Generation: 22
length: 34.0
feature_occurency: [50, 50, 50, 50, 50, 50, 50, 50, 50, 50, 50, 50, 50, 50, 50, 50, 50, 50, 50, 50, 50, 50, 50, 50, 50, 50, 50, 50, 50, 50, 50, 50, 50, 50]

Generation 80
Average: 0.8933 Best: 0.9288
Best Individual: 
C0 6|13|23|0|12|4|7|5|29|16|21|27|26|14|11|1|10|17|30|15|3|24|33|18|22|9|28|25|8|31|32|2|20|19|
Overall Best: 0.9430 Generation: 22
length: 34.0
feature_occurency: [50, 50, 50, 50, 50, 50, 50, 50, 50, 50, 50, 50, 50, 50, 50, 50, 50, 50, 50, 50, 50, 50, 50, 50, 50, 50, 50, 50, 50, 50, 50, 50, 50, 50]

Generation 81
Average: 0.8863 Best: 0.9259
Best Individual: 
C0 2|1|3|4|23|19|29|8|9|14|18|15|33|26|12|13|32|5|20|11|25|17|22|0|27|24|30|6|28|10|21|16|31|7|
Overall Best: 0.9430 Generation: 22
length: 34.0
feature_occurency: [50, 50, 50, 50, 50, 50, 50, 50, 50, 50, 50, 50, 50, 50, 50, 50, 50, 50, 50, 50, 50, 50, 50, 50, 50, 50, 50, 50, 50, 50, 50, 50, 50, 50]

Generation 82
Average: 0.8881 Best: 0.9259
Best Individual: 
C0 2|1|3|4|23|19|31|9|29|6|20|15|33|25|12|13|32|26|18|11|5|17|22|10|27|24|30|14|28|0|21|16|8|7|
Overall Best: 0.9430 Generation: 22
length: 34.0
feature_occurency: [50, 50, 50, 50, 50, 50, 50, 50, 50, 50, 50, 50, 50, 50, 50, 50, 50, 50, 50, 50, 50, 50, 50, 50, 50, 50, 50, 50, 50, 50, 50, 50, 50, 50]

Generation 83
Average: 0.8860 Best: 0.9202
Best Individual: 
C0 2|10|9|3|12|4|32|14|29|31|22|6|17|5|11|27|33|28|21|16|15|23|1|24|7|30|19|0|8|18|26|20|25|13|
Overall Best: 0.9430 Generation: 22
length: 34.0
feature_occurency: [50, 50, 50, 50, 50, 50, 50, 50, 50, 50, 50, 50, 50, 50, 50, 50, 50, 50, 50, 50, 50, 50, 50, 50, 50, 50, 50, 50, 50, 50, 50, 50, 50, 50]

Generation 84
Average: 0.8858 Best: 0.9202
Best Individual: 
C0 2|10|9|3|12|4|32|14|29|11|22|6|17|5|31|23|33|28|21|16|15|27|1|24|7|30|19|0|8|18|26|20|25|13|
Overall Best: 0.9430 Generation: 22
length: 34.0
feature_occurency: [50, 50, 50, 50, 50, 50, 50, 50, 50, 50, 50, 50, 50, 50, 50, 50, 50, 50, 50, 50, 50, 50, 50, 50, 50, 50, 50, 50, 50, 50, 50, 50, 50, 50]

Generation 85
Average: 0.8794 Best: 0.9145
Best Individual: 
C0 4|17|6|8|12|7|2|33|22|5|14|3|28|27|25|19|1|16|30|11|15|10|32|24|31|26|29|23|18|20|9|13|21|0|
Overall Best: 0.9430 Generation: 22
length: 34.0
feature_occurency: [50, 50, 50, 50, 50, 50, 50, 50, 50, 50, 50, 50, 50, 50, 50, 50, 50, 50, 50, 50, 50, 50, 50, 50, 50, 50, 50, 50, 50, 50, 50, 50, 50, 50]

Generation 86
Average: 0.8819 Best: 0.9174
Best Individual: 
C0 20|24|23|30|33|0|19|5|1|16|31|9|11|10|2|14|6|3|13|25|29|28|4|12|27|32|18|21|7|8|22|17|15|26|
Overall Best: 0.9430 Generation: 22
length: 34.0
feature_occurency: [50, 50, 50, 50, 50, 50, 50, 50, 50, 50, 50, 50, 50, 50, 50, 50, 50, 50, 50, 50, 50, 50, 50, 50, 50, 50, 50, 50, 50, 50, 50, 50, 50, 50]

Generation 87
Average: 0.8778 Best: 0.9202
Best Individual: 
C0 20|24|28|23|33|0|19|31|1|16|5|10|26|22|18|13|21|4|6|30|3|25|14|32|29|8|11|9|15|2|27|17|7|12|
Overall Best: 0.9430 Generation: 22
length: 34.0
feature_occurency: [50, 50, 50, 50, 50, 50, 50, 50, 50, 50, 50, 50, 50, 50, 50, 50, 50, 50, 50, 50, 50, 50, 50, 50, 50, 50, 50, 50, 50, 50, 50, 50, 50, 50]

Generation 88
Average: 0.8822 Best: 0.9117
Best Individual: 
C0 21|7|14|23|6|15|20|3|0|16|9|32|30|27|18|5|33|26|29|8|10|4|25|13|22|12|1|17|28|24|2|11|31|19|
Overall Best: 0.9430 Generation: 22
length: 34.0
feature_occurency: [50, 50, 50, 50, 50, 50, 50, 50, 50, 50, 50, 50, 50, 50, 50, 50, 50, 50, 50, 50, 50, 50, 50, 50, 50, 50, 50, 50, 50, 50, 50, 50, 50, 50]

Generation 89
Average: 0.8853 Best: 0.9231
Best Individual: 
C0 6|10|28|4|33|13|17|18|1|11|5|31|14|22|9|8|7|15|30|29|26|25|20|21|27|12|16|2|23|0|24|3|19|32|
Overall Best: 0.9430 Generation: 22
length: 34.0
feature_occurency: [50, 50, 50, 50, 50, 50, 50, 50, 50, 50, 50, 50, 50, 50, 50, 50, 50, 50, 50, 50, 50, 50, 50, 50, 50, 50, 50, 50, 50, 50, 50, 50, 50, 50]

Generation 90
Average: 0.8884 Best: 0.9117
Best Individual: 
C0 4|2|20|31|24|7|33|23|11|25|28|1|3|22|0|27|16|8|15|10|32|19|13|6|14|9|21|29|17|12|30|18|26|5|
Overall Best: 0.9430 Generation: 22
length: 34.0
feature_occurency: [50, 50, 50, 50, 50, 50, 50, 50, 50, 50, 50, 50, 50, 50, 50, 50, 50, 50, 50, 50, 50, 50, 50, 50, 50, 50, 50, 50, 50, 50, 50, 50, 50, 50]

Generation 91
Average: 0.8841 Best: 0.9145
Best Individual: 
C0 6|3|22|4|23|13|26|18|1|11|5|9|14|28|31|17|7|15|12|29|8|25|20|16|27|30|21|2|33|0|24|10|19|32|
Overall Best: 0.9430 Generation: 22
length: 34.0
feature_occurency: [50, 50, 50, 50, 50, 50, 50, 50, 50, 50, 50, 50, 50, 50, 50, 50, 50, 50, 50, 50, 50, 50, 50, 50, 50, 50, 50, 50, 50, 50, 50, 50, 50, 50]

Generation 92
Average: 0.8874 Best: 0.9231
Best Individual: 
C0 6|7|20|30|23|26|15|3|11|16|21|1|28|10|5|13|31|29|4|8|33|19|25|18|22|12|32|27|14|24|2|0|17|9|
Overall Best: 0.9430 Generation: 22
length: 34.0
feature_occurency: [50, 50, 50, 50, 50, 50, 50, 50, 50, 50, 50, 50, 50, 50, 50, 50, 50, 50, 50, 50, 50, 50, 50, 50, 50, 50, 50, 50, 50, 50, 50, 50, 50, 50]

Generation 93
Average: 0.8883 Best: 0.9231
Best Individual: 
C0 6|7|20|30|23|26|3|15|11|16|21|1|29|10|5|13|31|28|4|8|33|19|25|27|22|12|32|18|14|24|2|0|17|9|
Overall Best: 0.9430 Generation: 22
length: 34.0
feature_occurency: [50, 50, 50, 50, 50, 50, 50, 50, 50, 50, 50, 50, 50, 50, 50, 50, 50, 50, 50, 50, 50, 50, 50, 50, 50, 50, 50, 50, 50, 50, 50, 50, 50, 50]

Generation 94
Average: 0.8875 Best: 0.9259
Best Individual: 
C0 6|7|20|0|23|26|3|15|11|16|21|1|32|10|5|13|31|28|4|8|33|19|25|27|22|12|29|18|14|24|2|30|17|9|
Overall Best: 0.9430 Generation: 22
length: 34.0
feature_occurency: [50, 50, 50, 50, 50, 50, 50, 50, 50, 50, 50, 50, 50, 50, 50, 50, 50, 50, 50, 50, 50, 50, 50, 50, 50, 50, 50, 50, 50, 50, 50, 50, 50, 50]

Generation 95
Average: 0.8894 Best: 0.9174
Best Individual: 
C0 4|2|20|19|31|7|25|8|0|33|6|1|3|10|23|27|16|13|30|22|15|18|14|28|17|9|21|29|24|12|32|11|26|5|
Overall Best: 0.9430 Generation: 22
length: 34.0
feature_occurency: [50, 50, 50, 50, 50, 50, 50, 50, 50, 50, 50, 50, 50, 50, 50, 50, 50, 50, 50, 50, 50, 50, 50, 50, 50, 50, 50, 50, 50, 50, 50, 50, 50, 50]

Generation 96
Average: 0.8875 Best: 0.9174
Best Individual: 
C0 3|23|33|2|4|9|32|31|13|24|0|18|28|20|17|1|22|14|12|25|11|21|29|7|30|19|5|10|8|6|16|27|15|26|
Overall Best: 0.9430 Generation: 22
length: 34.0
feature_occurency: [50, 50, 50, 50, 50, 50, 50, 50, 50, 50, 50, 50, 50, 50, 50, 50, 50, 50, 50, 50, 50, 50, 50, 50, 50, 50, 50, 50, 50, 50, 50, 50, 50, 50]

Generation 97
Average: 0.8813 Best: 0.9174
Best Individual: 
C0 6|7|20|32|23|8|1|30|3|26|0|2|16|10|15|33|22|13|5|27|11|17|12|21|29|31|14|18|4|24|28|25|19|9|
Overall Best: 0.9430 Generation: 22
length: 34.0
feature_occurency: [50, 50, 50, 50, 50, 50, 50, 50, 50, 50, 50, 50, 50, 50, 50, 50, 50, 50, 50, 50, 50, 50, 50, 50, 50, 50, 50, 50, 50, 50, 50, 50, 50, 50]

Generation 98
Average: 0.8865 Best: 0.9174
Best Individual: 
C0 17|7|33|4|2|1|31|22|12|11|20|5|8|14|25|18|16|13|28|30|15|27|23|32|0|9|3|21|19|29|24|6|10|26|
Overall Best: 0.9430 Generation: 22
length: 34.0
feature_occurency: [50, 50, 50, 50, 50, 50, 50, 50, 50, 50, 50, 50, 50, 50, 50, 50, 50, 50, 50, 50, 50, 50, 50, 50, 50, 50, 50, 50, 50, 50, 50, 50, 50, 50]

Generation 99
Average: 0.8899 Best: 0.9259
Best Individual: 
C0 4|0|15|32|23|8|16|14|21|22|13|19|1|9|26|31|3|11|29|30|6|33|10|28|24|27|17|20|25|12|2|7|5|18|
Overall Best: 0.9430 Generation: 22
==================
    Best individual after 100 generations
    computed in 103.5810 seconds
    331 elements out of 351 correct.
    emerged in generation 22
    with fitness 0.9430
==================

7|8|23|1|6|11|30|2|20|29|21|13|22|27|5|28|16|19|12|26|31|4|17|9|18|24|14|32|33|10|0|15|25|3|
