Starting evolution...
length: 34.0
feature_occurency: [50, 50, 50, 50, 50, 50, 50, 50, 50, 50, 50, 50, 50, 50, 50, 50, 50, 50, 50, 50, 50, 50, 50, 50, 50, 50, 50, 50, 50, 50, 50, 50, 50, 50]

Generation 0
Average: 0.8709 Best: 0.8917
Best Individual: 
C0 10|23|2|3|16|5|7|6|12|9|0|28|8|4|14|26|31|17|22|29|15|19|1|27|24|25|20|18|11|21|30|13|32|33|
Overall Best: 0.8917 Generation: 0
length: 34.0
feature_occurency: [50, 50, 50, 50, 50, 50, 50, 50, 50, 50, 50, 50, 50, 50, 50, 50, 50, 50, 50, 50, 50, 50, 50, 50, 50, 50, 50, 50, 50, 50, 50, 50, 50, 50]

Generation 1
Average: 0.8726 Best: 0.9060
Best Individual: 
C0 19|4|2|23|14|12|6|27|3|11|7|0|5|10|17|31|16|33|18|30|20|29|22|8|24|25|26|9|28|13|21|15|32|1|
Overall Best: 0.9060 Generation: 1
length: 34.0
feature_occurency: [50, 50, 50, 50, 50, 50, 50, 50, 50, 50, 50, 50, 50, 50, 50, 50, 50, 50, 50, 50, 50, 50, 50, 50, 50, 50, 50, 50, 50, 50, 50, 50, 50, 50]

Generation 2
Average: 0.8753 Best: 0.8917
Best Individual: 
C0 8|26|23|28|5|14|27|7|4|3|10|29|1|21|6|19|17|32|18|24|20|13|25|22|2|0|16|12|9|30|15|31|11|33|
Overall Best: 0.9060 Generation: 1
length: 34.0
feature_occurency: [50, 50, 50, 50, 50, 50, 50, 50, 50, 50, 50, 50, 50, 50, 50, 50, 50, 50, 50, 50, 50, 50, 50, 50, 50, 50, 50, 50, 50, 50, 50, 50, 50, 50]

Generation 3
Average: 0.8792 Best: 0.8946
Best Individual: 
C0 8|26|23|32|5|14|31|7|4|3|11|29|1|21|6|19|17|28|18|24|20|13|25|22|2|0|16|12|9|30|15|27|10|33|
Overall Best: 0.9060 Generation: 1
length: 34.0
feature_occurency: [50, 50, 50, 50, 50, 50, 50, 50, 50, 50, 50, 50, 50, 50, 50, 50, 50, 50, 50, 50, 50, 50, 50, 50, 50, 50, 50, 50, 50, 50, 50, 50, 50, 50]

Generation 4
Average: 0.8762 Best: 0.8917
Best Individual: 
C0 0|12|2|9|20|4|11|1|27|21|3|29|28|30|6|19|17|32|14|24|31|13|22|23|18|25|7|26|15|5|16|33|8|10|
Overall Best: 0.9060 Generation: 1
length: 34.0
feature_occurency: [50, 50, 50, 50, 50, 50, 50, 50, 50, 50, 50, 50, 50, 50, 50, 50, 50, 50, 50, 50, 50, 50, 50, 50, 50, 50, 50, 50, 50, 50, 50, 50, 50, 50]

Generation 5
Average: 0.8798 Best: 0.9088
Best Individual: 
C0 25|14|33|11|4|20|0|16|30|9|7|1|12|22|26|28|8|23|3|13|19|6|5|24|15|10|27|2|32|29|21|31|17|18|
Overall Best: 0.9088 Generation: 5
length: 34.0
feature_occurency: [50, 50, 50, 50, 50, 50, 50, 50, 50, 50, 50, 50, 50, 50, 50, 50, 50, 50, 50, 50, 50, 50, 50, 50, 50, 50, 50, 50, 50, 50, 50, 50, 50, 50]

Generation 6
Average: 0.8789 Best: 0.8974
Best Individual: 
C0 28|17|2|6|20|19|12|30|24|9|16|26|23|29|0|4|5|21|18|13|7|33|11|32|14|1|15|25|31|22|3|8|10|27|
Overall Best: 0.9088 Generation: 5
length: 34.0
feature_occurency: [50, 50, 50, 50, 50, 50, 50, 50, 50, 50, 50, 50, 50, 50, 50, 50, 50, 50, 50, 50, 50, 50, 50, 50, 50, 50, 50, 50, 50, 50, 50, 50, 50, 50]

Generation 7
Average: 0.8792 Best: 0.9031
Best Individual: 
C0 11|23|14|20|17|29|16|13|28|4|10|30|5|27|2|3|19|31|0|33|12|6|9|25|21|15|26|32|7|24|22|1|18|8|
Overall Best: 0.9088 Generation: 5
length: 34.0
feature_occurency: [50, 50, 50, 50, 50, 50, 50, 50, 50, 50, 50, 50, 50, 50, 50, 50, 50, 50, 50, 50, 50, 50, 50, 50, 50, 50, 50, 50, 50, 50, 50, 50, 50, 50]

Generation 8
Average: 0.8805 Best: 0.9031
Best Individual: 
C0 11|23|14|20|17|29|16|13|28|4|10|30|5|27|2|3|19|31|0|33|12|6|9|25|21|15|26|32|7|24|22|1|18|8|
Overall Best: 0.9088 Generation: 5
length: 34.0
feature_occurency: [50, 50, 50, 50, 50, 50, 50, 50, 50, 50, 50, 50, 50, 50, 50, 50, 50, 50, 50, 50, 50, 50, 50, 50, 50, 50, 50, 50, 50, 50, 50, 50, 50, 50]

Generation 9
Average: 0.8807 Best: 0.9031
Best Individual: 
C0 11|23|17|20|14|29|16|13|28|4|10|30|5|27|2|3|19|31|0|33|12|6|9|25|21|15|26|32|7|24|22|1|18|8|
Overall Best: 0.9088 Generation: 5
length: 34.0
feature_occurency: [50, 50, 50, 50, 50, 50, 50, 50, 50, 50, 50, 50, 50, 50, 50, 50, 50, 50, 50, 50, 50, 50, 50, 50, 50, 50, 50, 50, 50, 50, 50, 50, 50, 50]

Generation 10
Average: 0.8797 Best: 0.9003
Best Individual: 
C0 18|26|8|32|11|27|12|0|33|10|14|30|19|23|31|3|29|6|24|5|16|13|4|25|7|21|28|15|22|9|1|20|2|17|
Overall Best: 0.9088 Generation: 5
length: 34.0
feature_occurency: [50, 50, 50, 50, 50, 50, 50, 50, 50, 50, 50, 50, 50, 50, 50, 50, 50, 50, 50, 50, 50, 50, 50, 50, 50, 50, 50, 50, 50, 50, 50, 50, 50, 50]

Generation 11
Average: 0.8803 Best: 0.9031
Best Individual: 
C0 18|26|8|32|11|27|12|7|33|10|14|30|19|23|31|3|29|6|24|5|16|2|4|25|0|21|28|15|22|9|1|13|20|17|
Overall Best: 0.9088 Generation: 5
length: 34.0
feature_occurency: [50, 50, 50, 50, 50, 50, 50, 50, 50, 50, 50, 50, 50, 50, 50, 50, 50, 50, 50, 50, 50, 50, 50, 50, 50, 50, 50, 50, 50, 50, 50, 50, 50, 50]

Generation 12
Average: 0.8813 Best: 0.9003
Best Individual: 
C0 22|26|1|31|9|11|27|28|20|14|33|23|24|21|6|15|4|18|32|2|12|0|10|25|19|3|17|13|7|5|29|30|16|8|
Overall Best: 0.9088 Generation: 5
length: 34.0
feature_occurency: [50, 50, 50, 50, 50, 50, 50, 50, 50, 50, 50, 50, 50, 50, 50, 50, 50, 50, 50, 50, 50, 50, 50, 50, 50, 50, 50, 50, 50, 50, 50, 50, 50, 50]

Generation 13
Average: 0.8827 Best: 0.9060
Best Individual: 
C0 14|12|4|27|31|5|1|33|13|0|15|23|6|29|28|32|10|8|3|21|19|20|16|2|30|22|11|18|25|9|7|26|24|17|
Overall Best: 0.9088 Generation: 5
length: 34.0
feature_occurency: [50, 50, 50, 50, 50, 50, 50, 50, 50, 50, 50, 50, 50, 50, 50, 50, 50, 50, 50, 50, 50, 50, 50, 50, 50, 50, 50, 50, 50, 50, 50, 50, 50, 50]

Generation 14
Average: 0.8818 Best: 0.9031
Best Individual: 
C0 29|33|15|9|6|11|4|26|1|23|22|30|10|2|18|12|0|32|28|27|17|5|14|21|16|24|8|19|20|25|13|7|3|31|
Overall Best: 0.9088 Generation: 5
length: 34.0
feature_occurency: [50, 50, 50, 50, 50, 50, 50, 50, 50, 50, 50, 50, 50, 50, 50, 50, 50, 50, 50, 50, 50, 50, 50, 50, 50, 50, 50, 50, 50, 50, 50, 50, 50, 50]

Generation 15
Average: 0.8818 Best: 0.9031
Best Individual: 
C0 29|33|15|9|6|11|4|18|1|23|22|30|10|2|26|32|0|12|28|27|17|5|14|21|16|24|8|19|20|25|13|7|3|31|
Overall Best: 0.9088 Generation: 5
length: 34.0
feature_occurency: [50, 50, 50, 50, 50, 50, 50, 50, 50, 50, 50, 50, 50, 50, 50, 50, 50, 50, 50, 50, 50, 50, 50, 50, 50, 50, 50, 50, 50, 50, 50, 50, 50, 50]

Generation 16
Average: 0.8819 Best: 0.9060
Best Individual: 
C0 14|25|20|21|0|11|27|31|13|12|28|15|9|17|26|23|10|33|19|3|4|6|18|7|16|5|8|22|32|29|2|1|24|30|
Overall Best: 0.9088 Generation: 5
length: 34.0
feature_occurency: [50, 50, 50, 50, 50, 50, 50, 50, 50, 50, 50, 50, 50, 50, 50, 50, 50, 50, 50, 50, 50, 50, 50, 50, 50, 50, 50, 50, 50, 50, 50, 50, 50, 50]

Generation 17
Average: 0.8819 Best: 0.9088
Best Individual: 
C0 17|13|26|30|23|22|20|27|33|1|16|14|3|25|6|31|19|12|18|4|11|7|0|15|28|8|24|10|2|29|5|9|21|32|
Overall Best: 0.9088 Generation: 5
length: 34.0
feature_occurency: [50, 50, 50, 50, 50, 50, 50, 50, 50, 50, 50, 50, 50, 50, 50, 50, 50, 50, 50, 50, 50, 50, 50, 50, 50, 50, 50, 50, 50, 50, 50, 50, 50, 50]

Generation 18
Average: 0.8804 Best: 0.9088
Best Individual: 
C0 17|13|26|30|23|22|20|27|33|1|16|14|3|25|6|31|19|12|18|4|11|7|0|15|28|8|24|10|2|29|5|9|21|32|
Overall Best: 0.9088 Generation: 5
length: 34.0
feature_occurency: [50, 50, 50, 50, 50, 50, 50, 50, 50, 50, 50, 50, 50, 50, 50, 50, 50, 50, 50, 50, 50, 50, 50, 50, 50, 50, 50, 50, 50, 50, 50, 50, 50, 50]

Generation 19
Average: 0.8840 Best: 0.9088
Best Individual: 
C0 17|13|18|22|15|30|20|27|33|1|14|23|3|25|6|26|19|12|31|4|11|7|0|16|28|8|24|10|2|5|29|9|21|32|
Overall Best: 0.9088 Generation: 5
length: 34.0
feature_occurency: [50, 50, 50, 50, 50, 50, 50, 50, 50, 50, 50, 50, 50, 50, 50, 50, 50, 50, 50, 50, 50, 50, 50, 50, 50, 50, 50, 50, 50, 50, 50, 50, 50, 50]

Generation 20
Average: 0.8785 Best: 0.8974
Best Individual: 
C0 6|16|17|4|12|26|33|27|25|28|20|14|23|3|0|31|5|29|30|1|19|13|24|15|7|32|10|9|18|11|21|22|8|2|
Overall Best: 0.9088 Generation: 5
length: 34.0
feature_occurency: [50, 50, 50, 50, 50, 50, 50, 50, 50, 50, 50, 50, 50, 50, 50, 50, 50, 50, 50, 50, 50, 50, 50, 50, 50, 50, 50, 50, 50, 50, 50, 50, 50, 50]

Generation 21
Average: 0.8791 Best: 0.9003
Best Individual: 
C0 4|13|3|30|6|21|7|25|32|19|0|29|26|14|28|17|12|31|18|33|11|23|27|22|16|8|24|10|2|15|5|9|1|20|
Overall Best: 0.9088 Generation: 5
length: 34.0
feature_occurency: [50, 50, 50, 50, 50, 50, 50, 50, 50, 50, 50, 50, 50, 50, 50, 50, 50, 50, 50, 50, 50, 50, 50, 50, 50, 50, 50, 50, 50, 50, 50, 50, 50, 50]

Generation 22
Average: 0.8823 Best: 0.9088
Best Individual: 
C0 13|7|19|30|8|17|20|27|25|0|6|14|4|3|23|32|26|12|1|5|11|9|33|15|31|2|21|10|29|28|22|16|24|18|
Overall Best: 0.9088 Generation: 5
length: 34.0
feature_occurency: [50, 50, 50, 50, 50, 50, 50, 50, 50, 50, 50, 50, 50, 50, 50, 50, 50, 50, 50, 50, 50, 50, 50, 50, 50, 50, 50, 50, 50, 50, 50, 50, 50, 50]

Generation 23
Average: 0.8797 Best: 0.9088
Best Individual: 
C0 13|7|30|19|8|0|20|27|25|17|6|14|4|3|23|32|26|12|1|5|11|9|33|15|31|2|21|10|29|28|22|16|24|18|
Overall Best: 0.9088 Generation: 5
length: 34.0
feature_occurency: [50, 50, 50, 50, 50, 50, 50, 50, 50, 50, 50, 50, 50, 50, 50, 50, 50, 50, 50, 50, 50, 50, 50, 50, 50, 50, 50, 50, 50, 50, 50, 50, 50, 50]

Generation 24
Average: 0.8842 Best: 0.9060
Best Individual: 
C0 3|11|5|20|8|17|12|27|25|19|33|1|26|4|6|23|13|31|2|32|22|15|14|18|29|7|21|10|9|30|0|28|24|16|
Overall Best: 0.9088 Generation: 5
length: 34.0
feature_occurency: [50, 50, 50, 50, 50, 50, 50, 50, 50, 50, 50, 50, 50, 50, 50, 50, 50, 50, 50, 50, 50, 50, 50, 50, 50, 50, 50, 50, 50, 50, 50, 50, 50, 50]

Generation 25
Average: 0.8834 Best: 0.9088
Best Individual: 
C0 3|11|5|20|8|17|12|27|25|19|4|31|26|33|6|23|13|1|2|30|22|15|14|7|29|18|21|10|9|32|0|28|24|16|
Overall Best: 0.9088 Generation: 5
length: 34.0
feature_occurency: [50, 50, 50, 50, 50, 50, 50, 50, 50, 50, 50, 50, 50, 50, 50, 50, 50, 50, 50, 50, 50, 50, 50, 50, 50, 50, 50, 50, 50, 50, 50, 50, 50, 50]

Generation 26
Average: 0.8852 Best: 0.9031
Best Individual: 
C0 24|5|11|23|20|33|19|17|27|30|26|28|4|22|15|31|29|12|2|32|3|16|14|18|1|13|21|25|7|8|6|0|9|10|
Overall Best: 0.9088 Generation: 5
length: 34.0
feature_occurency: [50, 50, 50, 50, 50, 50, 50, 50, 50, 50, 50, 50, 50, 50, 50, 50, 50, 50, 50, 50, 50, 50, 50, 50, 50, 50, 50, 50, 50, 50, 50, 50, 50, 50]

Generation 27
Average: 0.8847 Best: 0.9031
Best Individual: 
C0 24|0|5|23|15|26|19|18|27|30|33|28|4|22|20|31|29|12|2|32|3|7|14|1|16|21|17|9|10|25|13|11|6|8|
Overall Best: 0.9088 Generation: 5
length: 34.0
feature_occurency: [50, 50, 50, 50, 50, 50, 50, 50, 50, 50, 50, 50, 50, 50, 50, 50, 50, 50, 50, 50, 50, 50, 50, 50, 50, 50, 50, 50, 50, 50, 50, 50, 50, 50]

Generation 28
Average: 0.8811 Best: 0.9031
Best Individual: 
C0 24|0|5|23|15|26|19|18|27|30|33|28|4|22|20|31|29|12|2|32|3|7|14|1|16|21|17|9|10|25|13|11|6|8|
Overall Best: 0.9088 Generation: 5
length: 34.0
feature_occurency: [50, 50, 50, 50, 50, 50, 50, 50, 50, 50, 50, 50, 50, 50, 50, 50, 50, 50, 50, 50, 50, 50, 50, 50, 50, 50, 50, 50, 50, 50, 50, 50, 50, 50]

Generation 29
Average: 0.8821 Best: 0.9117
Best Individual: 
C0 15|23|12|17|22|31|0|25|13|10|6|26|4|3|28|2|33|30|1|5|11|24|14|27|29|7|21|20|32|8|19|9|18|16|
Overall Best: 0.9117 Generation: 29
length: 34.0
feature_occurency: [50, 50, 50, 50, 50, 50, 50, 50, 50, 50, 50, 50, 50, 50, 50, 50, 50, 50, 50, 50, 50, 50, 50, 50, 50, 50, 50, 50, 50, 50, 50, 50, 50, 50]

Generation 30
Average: 0.8810 Best: 0.9060
Best Individual: 
C0 20|17|23|32|22|31|0|25|13|10|6|26|4|3|28|29|33|30|1|5|11|27|14|24|2|7|12|8|18|19|16|15|9|21|
Overall Best: 0.9117 Generation: 29
length: 34.0
feature_occurency: [50, 50, 50, 50, 50, 50, 50, 50, 50, 50, 50, 50, 50, 50, 50, 50, 50, 50, 50, 50, 50, 50, 50, 50, 50, 50, 50, 50, 50, 50, 50, 50, 50, 50]

Generation 31
Average: 0.8825 Best: 0.9088
Best Individual: 
C0 4|0|6|11|16|19|20|5|17|30|23|28|3|14|21|18|13|33|31|32|27|15|12|26|25|1|10|8|9|7|29|22|2|24|
Overall Best: 0.9117 Generation: 29
length: 34.0
feature_occurency: [50, 50, 50, 50, 50, 50, 50, 50, 50, 50, 50, 50, 50, 50, 50, 50, 50, 50, 50, 50, 50, 50, 50, 50, 50, 50, 50, 50, 50, 50, 50, 50, 50, 50]

Generation 32
Average: 0.8821 Best: 0.9031
Best Individual: 
C0 4|26|6|11|16|19|20|5|17|30|23|28|3|14|21|18|13|33|31|32|27|15|12|0|25|1|10|8|9|7|29|24|2|22|
Overall Best: 0.9117 Generation: 29
length: 34.0
feature_occurency: [50, 50, 50, 50, 50, 50, 50, 50, 50, 50, 50, 50, 50, 50, 50, 50, 50, 50, 50, 50, 50, 50, 50, 50, 50, 50, 50, 50, 50, 50, 50, 50, 50, 50]

Generation 33
Average: 0.8818 Best: 0.9088
Best Individual: 
C0 27|18|19|3|26|13|30|24|5|6|17|32|4|11|25|23|29|20|33|1|28|14|31|8|7|9|2|0|22|16|12|21|10|15|
Overall Best: 0.9117 Generation: 29
length: 34.0
feature_occurency: [50, 50, 50, 50, 50, 50, 50, 50, 50, 50, 50, 50, 50, 50, 50, 50, 50, 50, 50, 50, 50, 50, 50, 50, 50, 50, 50, 50, 50, 50, 50, 50, 50, 50]

Generation 34
Average: 0.8826 Best: 0.9031
Best Individual: 
C0 9|5|11|31|0|3|20|14|32|24|1|33|4|23|19|2|25|12|28|22|26|10|6|17|7|16|18|13|21|15|8|30|29|27|
Overall Best: 0.9117 Generation: 29
length: 34.0
feature_occurency: [50, 50, 50, 50, 50, 50, 50, 50, 50, 50, 50, 50, 50, 50, 50, 50, 50, 50, 50, 50, 50, 50, 50, 50, 50, 50, 50, 50, 50, 50, 50, 50, 50, 50]

Generation 35
Average: 0.8828 Best: 0.9088
Best Individual: 
C0 16|6|2|0|22|9|32|20|3|1|14|12|4|33|26|23|30|27|29|19|25|18|31|8|7|11|10|13|24|5|17|21|15|28|
Overall Best: 0.9117 Generation: 29
length: 34.0
feature_occurency: [50, 50, 50, 50, 50, 50, 50, 50, 50, 50, 50, 50, 50, 50, 50, 50, 50, 50, 50, 50, 50, 50, 50, 50, 50, 50, 50, 50, 50, 50, 50, 50, 50, 50]

Generation 36
Average: 0.8817 Best: 0.9003
Best Individual: 
C0 20|24|4|16|3|6|13|23|29|21|0|8|26|33|10|27|11|12|2|14|15|19|25|7|17|9|30|18|1|31|5|32|22|28|
Overall Best: 0.9117 Generation: 29
length: 34.0
feature_occurency: [50, 50, 50, 50, 50, 50, 50, 50, 50, 50, 50, 50, 50, 50, 50, 50, 50, 50, 50, 50, 50, 50, 50, 50, 50, 50, 50, 50, 50, 50, 50, 50, 50, 50]

Generation 37
Average: 0.8831 Best: 0.9060
Best Individual: 
C0 32|15|4|20|18|6|13|25|29|21|0|8|26|33|10|27|11|12|2|14|31|9|23|7|17|19|30|22|1|3|28|24|5|16|
Overall Best: 0.9117 Generation: 29
length: 34.0
feature_occurency: [50, 50, 50, 50, 50, 50, 50, 50, 50, 50, 50, 50, 50, 50, 50, 50, 50, 50, 50, 50, 50, 50, 50, 50, 50, 50, 50, 50, 50, 50, 50, 50, 50, 50]

Generation 38
Average: 0.8823 Best: 0.9003
Best Individual: 
C0 27|30|2|18|26|0|20|14|32|33|1|5|4|23|31|19|25|12|6|15|29|10|22|11|7|21|28|8|13|24|17|9|3|16|
Overall Best: 0.9117 Generation: 29
length: 34.0
feature_occurency: [50, 50, 50, 50, 50, 50, 50, 50, 50, 50, 50, 50, 50, 50, 50, 50, 50, 50, 50, 50, 50, 50, 50, 50, 50, 50, 50, 50, 50, 50, 50, 50, 50, 50]

Generation 39
Average: 0.8851 Best: 0.9088
Best Individual: 
C0 12|30|19|22|18|0|20|14|21|33|1|24|4|23|31|2|25|28|6|26|29|10|15|11|7|27|32|8|13|5|17|9|3|16|
Overall Best: 0.9117 Generation: 29
length: 34.0
feature_occurency: [50, 50, 50, 50, 50, 50, 50, 50, 50, 50, 50, 50, 50, 50, 50, 50, 50, 50, 50, 50, 50, 50, 50, 50, 50, 50, 50, 50, 50, 50, 50, 50, 50, 50]

Generation 40
Average: 0.8841 Best: 0.9088
Best Individual: 
C0 12|30|14|22|18|0|20|19|21|33|1|24|4|23|26|2|25|28|6|31|29|10|15|11|7|27|32|8|13|5|17|9|3|16|
Overall Best: 0.9117 Generation: 29
length: 34.0
feature_occurency: [50, 50, 50, 50, 50, 50, 50, 50, 50, 50, 50, 50, 50, 50, 50, 50, 50, 50, 50, 50, 50, 50, 50, 50, 50, 50, 50, 50, 50, 50, 50, 50, 50, 50]

Generation 41
Average: 0.8828 Best: 0.9117
Best Individual: 
C0 32|1|27|33|22|18|14|0|25|30|3|20|19|23|6|2|24|28|31|26|29|4|15|11|8|17|21|7|13|5|10|9|12|16|
Overall Best: 0.9117 Generation: 29
length: 34.0
feature_occurency: [50, 50, 50, 50, 50, 50, 50, 50, 50, 50, 50, 50, 50, 50, 50, 50, 50, 50, 50, 50, 50, 50, 50, 50, 50, 50, 50, 50, 50, 50, 50, 50, 50, 50]

Generation 42
Average: 0.8821 Best: 0.9031
Best Individual: 
C0 8|26|18|1|4|11|14|23|30|29|15|10|32|19|22|7|27|21|28|12|13|31|25|17|3|33|16|2|24|20|0|5|9|6|
Overall Best: 0.9117 Generation: 29
length: 34.0
feature_occurency: [50, 50, 50, 50, 50, 50, 50, 50, 50, 50, 50, 50, 50, 50, 50, 50, 50, 50, 50, 50, 50, 50, 50, 50, 50, 50, 50, 50, 50, 50, 50, 50, 50, 50]

Generation 43
Average: 0.8819 Best: 0.9031
Best Individual: 
C0 5|27|14|31|19|33|4|3|22|2|1|17|20|23|9|30|25|10|7|12|6|26|32|15|18|11|8|24|16|21|28|13|29|0|
Overall Best: 0.9117 Generation: 29
length: 34.0
feature_occurency: [50, 50, 50, 50, 50, 50, 50, 50, 50, 50, 50, 50, 50, 50, 50, 50, 50, 50, 50, 50, 50, 50, 50, 50, 50, 50, 50, 50, 50, 50, 50, 50, 50, 50]

Generation 44
Average: 0.8797 Best: 0.8946
Best Individual: 
C0 25|24|27|4|19|33|1|23|15|16|8|3|30|26|28|5|11|6|9|13|14|12|18|31|21|20|7|29|22|0|10|2|17|32|
Overall Best: 0.9117 Generation: 29
length: 34.0
feature_occurency: [50, 50, 50, 50, 50, 50, 50, 50, 50, 50, 50, 50, 50, 50, 50, 50, 50, 50, 50, 50, 50, 50, 50, 50, 50, 50, 50, 50, 50, 50, 50, 50, 50, 50]

Generation 45
Average: 0.8817 Best: 0.9003
Best Individual: 
C0 32|27|14|31|19|33|4|3|22|2|23|17|20|1|29|30|25|28|6|26|10|9|5|18|0|13|12|24|16|21|15|11|8|7|
Overall Best: 0.9117 Generation: 29
length: 34.0
feature_occurency: [50, 50, 50, 50, 50, 50, 50, 50, 50, 50, 50, 50, 50, 50, 50, 50, 50, 50, 50, 50, 50, 50, 50, 50, 50, 50, 50, 50, 50, 50, 50, 50, 50, 50]

Generation 46
Average: 0.8799 Best: 0.9003
Best Individual: 
C0 7|24|27|4|19|33|1|23|15|11|8|3|30|26|28|5|16|6|9|13|14|12|18|31|21|20|25|22|29|0|10|2|17|32|
Overall Best: 0.9117 Generation: 29
length: 34.0
feature_occurency: [50, 50, 50, 50, 50, 50, 50, 50, 50, 50, 50, 50, 50, 50, 50, 50, 50, 50, 50, 50, 50, 50, 50, 50, 50, 50, 50, 50, 50, 50, 50, 50, 50, 50]

Generation 47
Average: 0.8810 Best: 0.9003
Best Individual: 
C0 7|24|27|4|19|33|13|23|16|11|8|3|30|26|28|5|15|6|9|1|14|12|18|31|21|20|25|22|29|0|10|2|17|32|
Overall Best: 0.9117 Generation: 29
length: 34.0
feature_occurency: [50, 50, 50, 50, 50, 50, 50, 50, 50, 50, 50, 50, 50, 50, 50, 50, 50, 50, 50, 50, 50, 50, 50, 50, 50, 50, 50, 50, 50, 50, 50, 50, 50, 50]

Generation 48
Average: 0.8779 Best: 0.9031
Best Individual: 
C0 7|24|31|18|19|33|14|23|16|1|8|3|30|26|20|10|12|6|9|27|11|15|4|13|21|28|25|22|29|0|5|2|17|32|
Overall Best: 0.9117 Generation: 29
length: 34.0
feature_occurency: [50, 50, 50, 50, 50, 50, 50, 50, 50, 50, 50, 50, 50, 50, 50, 50, 50, 50, 50, 50, 50, 50, 50, 50, 50, 50, 50, 50, 50, 50, 50, 50, 50, 50]

Generation 49
Average: 0.8797 Best: 0.9088
Best Individual: 
C0 7|24|31|4|11|20|13|32|19|0|8|3|30|26|28|5|15|6|9|23|18|12|14|27|21|33|25|29|22|16|10|2|17|1|
Overall Best: 0.9117 Generation: 29
length: 34.0
feature_occurency: [50, 50, 50, 50, 50, 50, 50, 50, 50, 50, 50, 50, 50, 50, 50, 50, 50, 50, 50, 50, 50, 50, 50, 50, 50, 50, 50, 50, 50, 50, 50, 50, 50, 50]

Generation 50
Average: 0.8798 Best: 0.8974
Best Individual: 
C0 32|12|23|7|14|4|25|2|6|5|13|24|26|22|10|28|15|20|18|11|0|9|27|29|1|33|21|17|8|16|31|30|19|3|
Overall Best: 0.9117 Generation: 29
length: 34.0
feature_occurency: [50, 50, 50, 50, 50, 50, 50, 50, 50, 50, 50, 50, 50, 50, 50, 50, 50, 50, 50, 50, 50, 50, 50, 50, 50, 50, 50, 50, 50, 50, 50, 50, 50, 50]

Generation 51
Average: 0.8810 Best: 0.8974
Best Individual: 
C0 13|22|4|21|33|25|3|31|32|0|8|29|30|15|28|2|26|6|9|27|18|12|14|5|20|23|17|19|11|1|24|7|10|16|
Overall Best: 0.9117 Generation: 29
length: 34.0
feature_occurency: [50, 50, 50, 50, 50, 50, 50, 50, 50, 50, 50, 50, 50, 50, 50, 50, 50, 50, 50, 50, 50, 50, 50, 50, 50, 50, 50, 50, 50, 50, 50, 50, 50, 50]

Generation 52
Average: 0.8798 Best: 0.8974
Best Individual: 
C0 12|22|4|21|33|25|3|31|32|0|8|29|30|15|28|2|26|6|9|27|18|13|14|5|20|23|17|19|11|24|1|7|10|16|
Overall Best: 0.9117 Generation: 29
length: 34.0
feature_occurency: [50, 50, 50, 50, 50, 50, 50, 50, 50, 50, 50, 50, 50, 50, 50, 50, 50, 50, 50, 50, 50, 50, 50, 50, 50, 50, 50, 50, 50, 50, 50, 50, 50, 50]

Generation 53
Average: 0.8795 Best: 0.9003
Best Individual: 
C0 14|25|11|22|13|23|5|10|28|16|30|29|24|6|1|7|26|3|4|32|33|20|19|17|31|21|15|18|27|9|2|8|0|12|
Overall Best: 0.9117 Generation: 29
length: 34.0
feature_occurency: [50, 50, 50, 50, 50, 50, 50, 50, 50, 50, 50, 50, 50, 50, 50, 50, 50, 50, 50, 50, 50, 50, 50, 50, 50, 50, 50, 50, 50, 50, 50, 50, 50, 50]

Generation 54
Average: 0.8803 Best: 0.9031
Best Individual: 
C0 19|2|22|1|14|5|13|9|33|29|11|0|26|7|12|3|31|4|24|23|18|25|30|27|17|6|15|21|8|28|32|20|10|16|
Overall Best: 0.9117 Generation: 29
length: 34.0
feature_occurency: [50, 50, 50, 50, 50, 50, 50, 50, 50, 50, 50, 50, 50, 50, 50, 50, 50, 50, 50, 50, 50, 50, 50, 50, 50, 50, 50, 50, 50, 50, 50, 50, 50, 50]

Generation 55
Average: 0.8832 Best: 0.9117
Best Individual: 
C0 19|17|14|0|22|20|25|10|6|33|31|1|26|7|12|3|11|4|24|23|18|13|30|27|2|29|16|21|8|28|32|5|9|15|
Overall Best: 0.9117 Generation: 29
length: 34.0
feature_occurency: [50, 50, 50, 50, 50, 50, 50, 50, 50, 50, 50, 50, 50, 50, 50, 50, 50, 50, 50, 50, 50, 50, 50, 50, 50, 50, 50, 50, 50, 50, 50, 50, 50, 50]

Generation 56
Average: 0.8844 Best: 0.9117
Best Individual: 
C0 19|17|6|0|22|20|25|10|11|4|31|1|26|7|12|3|14|33|24|23|18|13|30|27|2|29|16|21|8|28|32|5|9|15|
Overall Best: 0.9117 Generation: 29
length: 34.0
feature_occurency: [50, 50, 50, 50, 50, 50, 50, 50, 50, 50, 50, 50, 50, 50, 50, 50, 50, 50, 50, 50, 50, 50, 50, 50, 50, 50, 50, 50, 50, 50, 50, 50, 50, 50]

Generation 57
Average: 0.8831 Best: 0.9031
Best Individual: 
C0 19|17|6|0|22|20|25|10|11|4|31|1|26|7|29|3|14|33|24|23|18|13|30|27|2|12|16|21|8|28|32|5|9|15|
Overall Best: 0.9117 Generation: 29
length: 34.0
feature_occurency: [50, 50, 50, 50, 50, 50, 50, 50, 50, 50, 50, 50, 50, 50, 50, 50, 50, 50, 50, 50, 50, 50, 50, 50, 50, 50, 50, 50, 50, 50, 50, 50, 50, 50]

Generation 58
Average: 0.8817 Best: 0.9060
Best Individual: 
C0 28|16|19|33|6|30|14|13|1|8|23|11|26|7|12|25|31|4|24|20|27|0|15|32|2|17|9|21|22|18|10|29|3|5|
Overall Best: 0.9117 Generation: 29
length: 34.0
feature_occurency: [50, 50, 50, 50, 50, 50, 50, 50, 50, 50, 50, 50, 50, 50, 50, 50, 50, 50, 50, 50, 50, 50, 50, 50, 50, 50, 50, 50, 50, 50, 50, 50, 50, 50]

Generation 59
Average: 0.8809 Best: 0.8974
Best Individual: 
C0 17|13|2|6|31|10|3|11|33|9|28|12|32|30|23|29|24|18|20|0|26|4|14|22|1|15|5|27|7|25|8|16|19|21|
Overall Best: 0.9117 Generation: 29
length: 34.0
feature_occurency: [50, 50, 50, 50, 50, 50, 50, 50, 50, 50, 50, 50, 50, 50, 50, 50, 50, 50, 50, 50, 50, 50, 50, 50, 50, 50, 50, 50, 50, 50, 50, 50, 50, 50]

Generation 60
Average: 0.8805 Best: 0.9088
Best Individual: 
C0 19|2|22|8|27|28|29|1|25|0|20|15|33|21|4|12|23|18|6|13|5|26|3|7|14|30|9|17|11|10|16|31|24|32|
Overall Best: 0.9117 Generation: 29
length: 34.0
feature_occurency: [50, 50, 50, 50, 50, 50, 50, 50, 50, 50, 50, 50, 50, 50, 50, 50, 50, 50, 50, 50, 50, 50, 50, 50, 50, 50, 50, 50, 50, 50, 50, 50, 50, 50]

Generation 61
Average: 0.8823 Best: 0.9145
Best Individual: 
C0 0|22|6|21|25|27|4|23|26|33|28|8|19|15|32|12|1|18|2|13|5|20|3|7|14|30|9|17|11|10|16|31|24|29|
Overall Best: 0.9145 Generation: 61
length: 34.0
feature_occurency: [50, 50, 50, 50, 50, 50, 50, 50, 50, 50, 50, 50, 50, 50, 50, 50, 50, 50, 50, 50, 50, 50, 50, 50, 50, 50, 50, 50, 50, 50, 50, 50, 50, 50]

Generation 62
Average: 0.8804 Best: 0.9031
Best Individual: 
C0 27|10|6|28|11|20|19|29|4|33|0|23|26|24|32|12|1|18|2|13|5|8|3|7|15|30|9|17|21|25|31|16|14|22|
Overall Best: 0.9145 Generation: 61
length: 34.0
feature_occurency: [50, 50, 50, 50, 50, 50, 50, 50, 50, 50, 50, 50, 50, 50, 50, 50, 50, 50, 50, 50, 50, 50, 50, 50, 50, 50, 50, 50, 50, 50, 50, 50, 50, 50]

Generation 63
Average: 0.8830 Best: 0.9088
Best Individual: 
C0 9|20|26|8|7|27|32|11|33|13|22|23|19|21|30|25|5|12|24|0|4|6|14|28|2|16|17|1|18|10|31|3|29|15|
Overall Best: 0.9145 Generation: 61
length: 34.0
feature_occurency: [50, 50, 50, 50, 50, 50, 50, 50, 50, 50, 50, 50, 50, 50, 50, 50, 50, 50, 50, 50, 50, 50, 50, 50, 50, 50, 50, 50, 50, 50, 50, 50, 50, 50]

Generation 64
Average: 0.8829 Best: 0.9060
Best Individual: 
C0 0|30|6|16|29|27|2|19|26|32|22|28|12|8|18|23|15|9|33|11|13|14|4|3|31|10|7|21|17|5|25|20|1|24|
Overall Best: 0.9145 Generation: 61
length: 34.0
feature_occurency: [50, 50, 50, 50, 50, 50, 50, 50, 50, 50, 50, 50, 50, 50, 50, 50, 50, 50, 50, 50, 50, 50, 50, 50, 50, 50, 50, 50, 50, 50, 50, 50, 50, 50]

Generation 65
Average: 0.8836 Best: 0.9060
Best Individual: 
C0 18|30|6|16|29|27|2|19|26|11|22|28|12|8|0|23|15|9|33|32|13|14|4|3|31|10|7|21|17|5|25|20|1|24|
Overall Best: 0.9145 Generation: 61
length: 34.0
feature_occurency: [50, 50, 50, 50, 50, 50, 50, 50, 50, 50, 50, 50, 50, 50, 50, 50, 50, 50, 50, 50, 50, 50, 50, 50, 50, 50, 50, 50, 50, 50, 50, 50, 50, 50]

Generation 66
Average: 0.8840 Best: 0.9031
Best Individual: 
C0 18|30|6|16|29|27|2|19|26|11|22|28|12|8|0|23|15|9|33|32|3|14|4|17|31|10|7|21|13|5|25|20|1|24|
Overall Best: 0.9145 Generation: 61
length: 34.0
feature_occurency: [50, 50, 50, 50, 50, 50, 50, 50, 50, 50, 50, 50, 50, 50, 50, 50, 50, 50, 50, 50, 50, 50, 50, 50, 50, 50, 50, 50, 50, 50, 50, 50, 50, 50]

Generation 67
Average: 0.8859 Best: 0.9145
Best Individual: 
C0 18|30|6|16|29|27|2|19|26|11|22|28|12|8|0|23|13|9|33|32|20|14|4|17|31|10|7|21|15|5|25|3|1|24|
Overall Best: 0.9145 Generation: 61
length: 34.0
feature_occurency: [50, 50, 50, 50, 50, 50, 50, 50, 50, 50, 50, 50, 50, 50, 50, 50, 50, 50, 50, 50, 50, 50, 50, 50, 50, 50, 50, 50, 50, 50, 50, 50, 50, 50]

Generation 68
Average: 0.8839 Best: 0.9031
Best Individual: 
C0 19|28|14|20|24|13|31|11|16|23|22|29|33|6|0|7|4|32|21|1|17|15|18|8|9|5|27|10|25|12|26|2|30|3|
Overall Best: 0.9145 Generation: 61
length: 34.0
feature_occurency: [50, 50, 50, 50, 50, 50, 50, 50, 50, 50, 50, 50, 50, 50, 50, 50, 50, 50, 50, 50, 50, 50, 50, 50, 50, 50, 50, 50, 50, 50, 50, 50, 50, 50]

Generation 69
Average: 0.8844 Best: 0.9031
Best Individual: 
C0 18|29|11|26|19|32|31|1|21|23|14|8|27|0|4|5|16|15|12|7|13|20|2|33|30|3|25|17|9|10|22|24|28|6|
Overall Best: 0.9145 Generation: 61
length: 34.0
feature_occurency: [50, 50, 50, 50, 50, 50, 50, 50, 50, 50, 50, 50, 50, 50, 50, 50, 50, 50, 50, 50, 50, 50, 50, 50, 50, 50, 50, 50, 50, 50, 50, 50, 50, 50]

Generation 70
Average: 0.8855 Best: 0.9031
Best Individual: 
C0 27|21|26|1|3|20|23|24|14|22|15|8|7|5|17|0|19|11|29|4|13|18|12|9|2|25|28|32|33|31|6|10|30|16|
Overall Best: 0.9145 Generation: 61
length: 34.0
feature_occurency: [50, 50, 50, 50, 50, 50, 50, 50, 50, 50, 50, 50, 50, 50, 50, 50, 50, 50, 50, 50, 50, 50, 50, 50, 50, 50, 50, 50, 50, 50, 50, 50, 50, 50]

Generation 71
Average: 0.8848 Best: 0.9031
Best Individual: 
C0 18|29|11|26|13|8|31|1|21|23|14|32|27|0|4|5|16|15|12|7|19|20|2|33|9|3|25|17|30|22|10|24|28|6|
Overall Best: 0.9145 Generation: 61
length: 34.0
feature_occurency: [50, 50, 50, 50, 50, 50, 50, 50, 50, 50, 50, 50, 50, 50, 50, 50, 50, 50, 50, 50, 50, 50, 50, 50, 50, 50, 50, 50, 50, 50, 50, 50, 50, 50]

Generation 72
Average: 0.8834 Best: 0.9060
Best Individual: 
C0 3|1|0|33|16|26|11|5|12|2|24|32|28|27|29|23|17|10|15|30|20|14|4|8|19|21|13|31|25|9|22|6|7|18|
Overall Best: 0.9145 Generation: 61
length: 34.0
feature_occurency: [50, 50, 50, 50, 50, 50, 50, 50, 50, 50, 50, 50, 50, 50, 50, 50, 50, 50, 50, 50, 50, 50, 50, 50, 50, 50, 50, 50, 50, 50, 50, 50, 50, 50]

Generation 73
Average: 0.8828 Best: 0.9031
Best Individual: 
C0 28|25|33|5|2|26|27|22|7|12|1|4|0|14|9|18|6|23|29|24|21|11|19|16|31|15|17|30|8|13|20|32|3|10|
Overall Best: 0.9145 Generation: 61
length: 34.0
feature_occurency: [50, 50, 50, 50, 50, 50, 50, 50, 50, 50, 50, 50, 50, 50, 50, 50, 50, 50, 50, 50, 50, 50, 50, 50, 50, 50, 50, 50, 50, 50, 50, 50, 50, 50]

Generation 74
Average: 0.8799 Best: 0.8974
Best Individual: 
C0 3|27|33|30|2|9|19|7|29|31|25|23|20|11|0|12|6|10|8|1|4|13|14|26|17|22|32|28|24|15|21|5|18|16|
Overall Best: 0.9145 Generation: 61
length: 34.0
feature_occurency: [50, 50, 50, 50, 50, 50, 50, 50, 50, 50, 50, 50, 50, 50, 50, 50, 50, 50, 50, 50, 50, 50, 50, 50, 50, 50, 50, 50, 50, 50, 50, 50, 50, 50]

Generation 75
Average: 0.8825 Best: 0.9031
Best Individual: 
C0 8|25|32|33|2|13|27|18|7|12|23|5|0|14|22|6|11|1|4|24|3|9|19|16|31|15|17|30|28|26|20|29|21|10|
Overall Best: 0.9145 Generation: 61
length: 34.0
feature_occurency: [50, 50, 50, 50, 50, 50, 50, 50, 50, 50, 50, 50, 50, 50, 50, 50, 50, 50, 50, 50, 50, 50, 50, 50, 50, 50, 50, 50, 50, 50, 50, 50, 50, 50]

Generation 76
Average: 0.8828 Best: 0.9031
Best Individual: 
C0 8|25|32|33|2|13|27|18|11|12|23|5|0|14|7|9|22|1|4|24|3|6|19|16|31|15|17|30|28|26|20|29|21|10|
Overall Best: 0.9145 Generation: 61
length: 34.0
feature_occurency: [50, 50, 50, 50, 50, 50, 50, 50, 50, 50, 50, 50, 50, 50, 50, 50, 50, 50, 50, 50, 50, 50, 50, 50, 50, 50, 50, 50, 50, 50, 50, 50, 50, 50]

Generation 77
Average: 0.8811 Best: 0.9060
Best Individual: 
C0 8|25|32|33|2|13|14|18|11|6|23|5|7|22|0|1|4|9|12|20|27|3|19|16|31|15|17|30|28|26|24|29|21|10|
Overall Best: 0.9145 Generation: 61
length: 34.0
feature_occurency: [50, 50, 50, 50, 50, 50, 50, 50, 50, 50, 50, 50, 50, 50, 50, 50, 50, 50, 50, 50, 50, 50, 50, 50, 50, 50, 50, 50, 50, 50, 50, 50, 50, 50]

Generation 78
Average: 0.8827 Best: 0.9060
Best Individual: 
C0 3|19|33|17|1|26|10|23|12|31|24|6|28|27|29|0|32|5|15|30|7|14|4|16|2|11|13|8|9|21|22|25|18|20|
Overall Best: 0.9145 Generation: 61
length: 34.0
feature_occurency: [50, 50, 50, 50, 50, 50, 50, 50, 50, 50, 50, 50, 50, 50, 50, 50, 50, 50, 50, 50, 50, 50, 50, 50, 50, 50, 50, 50, 50, 50, 50, 50, 50, 50]

Generation 79
Average: 0.8834 Best: 0.9003
Best Individual: 
C0 4|28|6|9|31|1|26|7|33|27|32|25|11|5|18|0|19|10|13|23|14|3|22|15|2|12|21|16|20|17|30|8|29|24|
Overall Best: 0.9145 Generation: 61
length: 34.0
feature_occurency: [50, 50, 50, 50, 50, 50, 50, 50, 50, 50, 50, 50, 50, 50, 50, 50, 50, 50, 50, 50, 50, 50, 50, 50, 50, 50, 50, 50, 50, 50, 50, 50, 50, 50]

Generation 80
Average: 0.8818 Best: 0.9003
Best Individual: 
C0 31|4|30|25|24|29|2|14|33|13|32|20|1|22|15|27|23|9|12|28|0|3|19|16|21|5|18|7|10|6|17|11|8|26|
Overall Best: 0.9145 Generation: 61
length: 34.0
feature_occurency: [50, 50, 50, 50, 50, 50, 50, 50, 50, 50, 50, 50, 50, 50, 50, 50, 50, 50, 50, 50, 50, 50, 50, 50, 50, 50, 50, 50, 50, 50, 50, 50, 50, 50]

Generation 81
Average: 0.8832 Best: 0.9003
Best Individual: 
C0 31|4|30|25|24|29|2|14|33|13|32|20|1|22|15|27|23|9|12|28|0|3|19|16|21|5|18|7|10|6|17|11|8|26|
Overall Best: 0.9145 Generation: 61
length: 34.0
feature_occurency: [50, 50, 50, 50, 50, 50, 50, 50, 50, 50, 50, 50, 50, 50, 50, 50, 50, 50, 50, 50, 50, 50, 50, 50, 50, 50, 50, 50, 50, 50, 50, 50, 50, 50]

Generation 82
Average: 0.8815 Best: 0.9060
Best Individual: 
C0 31|23|30|3|24|29|27|14|33|6|26|11|1|22|15|20|4|9|12|28|2|19|8|16|18|0|17|7|10|13|21|5|25|32|
Overall Best: 0.9145 Generation: 61
length: 34.0
feature_occurency: [50, 50, 50, 50, 50, 50, 50, 50, 50, 50, 50, 50, 50, 50, 50, 50, 50, 50, 50, 50, 50, 50, 50, 50, 50, 50, 50, 50, 50, 50, 50, 50, 50, 50]

Generation 83
Average: 0.8793 Best: 0.9060
Best Individual: 
C0 31|23|17|3|11|29|27|19|33|6|26|24|1|22|15|20|4|9|12|28|21|14|8|16|18|0|30|7|10|13|2|5|25|32|
Overall Best: 0.9145 Generation: 61
length: 34.0
feature_occurency: [50, 50, 50, 50, 50, 50, 50, 50, 50, 50, 50, 50, 50, 50, 50, 50, 50, 50, 50, 50, 50, 50, 50, 50, 50, 50, 50, 50, 50, 50, 50, 50, 50, 50]

Generation 84
Average: 0.8793 Best: 0.8974
Best Individual: 
C0 12|15|0|1|17|33|2|4|27|31|18|25|23|22|5|28|24|10|14|26|29|3|6|16|21|11|32|8|9|20|19|13|7|30|
Overall Best: 0.9145 Generation: 61
length: 34.0
feature_occurency: [50, 50, 50, 50, 50, 50, 50, 50, 50, 50, 50, 50, 50, 50, 50, 50, 50, 50, 50, 50, 50, 50, 50, 50, 50, 50, 50, 50, 50, 50, 50, 50, 50, 50]

Generation 85
Average: 0.8781 Best: 0.9117
Best Individual: 
C0 33|32|11|5|15|12|28|22|19|18|13|31|17|4|21|27|24|9|14|23|29|3|6|16|26|1|10|8|0|30|20|2|7|25|
Overall Best: 0.9145 Generation: 61
length: 34.0
feature_occurency: [50, 50, 50, 50, 50, 50, 50, 50, 50, 50, 50, 50, 50, 50, 50, 50, 50, 50, 50, 50, 50, 50, 50, 50, 50, 50, 50, 50, 50, 50, 50, 50, 50, 50]

Generation 86
Average: 0.8797 Best: 0.9003
Best Individual: 
C0 33|11|20|0|6|26|4|22|15|25|13|31|17|19|21|27|24|9|14|23|29|1|28|16|8|32|5|18|12|30|2|3|10|7|
Overall Best: 0.9145 Generation: 61
length: 34.0
feature_occurency: [50, 50, 50, 50, 50, 50, 50, 50, 50, 50, 50, 50, 50, 50, 50, 50, 50, 50, 50, 50, 50, 50, 50, 50, 50, 50, 50, 50, 50, 50, 50, 50, 50, 50]

Generation 87
Average: 0.8807 Best: 0.9031
Best Individual: 
C0 32|23|17|30|3|27|15|29|21|19|8|22|28|1|26|11|25|4|2|33|0|12|31|18|9|20|16|13|7|6|10|14|24|5|
Overall Best: 0.9145 Generation: 61
length: 34.0
feature_occurency: [50, 50, 50, 50, 50, 50, 50, 50, 50, 50, 50, 50, 50, 50, 50, 50, 50, 50, 50, 50, 50, 50, 50, 50, 50, 50, 50, 50, 50, 50, 50, 50, 50, 50]

Generation 88
Average: 0.8796 Best: 0.9031
Best Individual: 
C0 32|23|17|30|3|27|15|29|21|19|8|22|28|1|26|11|25|4|2|33|0|12|31|18|9|20|16|13|7|6|10|14|24|5|
Overall Best: 0.9145 Generation: 61
length: 34.0
feature_occurency: [50, 50, 50, 50, 50, 50, 50, 50, 50, 50, 50, 50, 50, 50, 50, 50, 50, 50, 50, 50, 50, 50, 50, 50, 50, 50, 50, 50, 50, 50, 50, 50, 50, 50]

Generation 89
Average: 0.8790 Best: 0.9117
Best Individual: 
C0 32|19|24|15|29|28|6|30|1|31|21|23|14|22|4|2|25|33|26|3|0|12|18|16|17|27|9|13|7|5|10|11|8|20|
Overall Best: 0.9145 Generation: 61
length: 34.0
feature_occurency: [50, 50, 50, 50, 50, 50, 50, 50, 50, 50, 50, 50, 50, 50, 50, 50, 50, 50, 50, 50, 50, 50, 50, 50, 50, 50, 50, 50, 50, 50, 50, 50, 50, 50]

Generation 90
Average: 0.8840 Best: 0.9060
Best Individual: 
C0 28|19|24|15|29|32|6|30|1|14|21|23|31|17|4|0|25|33|26|3|2|12|18|16|22|27|9|13|7|5|10|11|8|20|
Overall Best: 0.9145 Generation: 61
length: 34.0
feature_occurency: [50, 50, 50, 50, 50, 50, 50, 50, 50, 50, 50, 50, 50, 50, 50, 50, 50, 50, 50, 50, 50, 50, 50, 50, 50, 50, 50, 50, 50, 50, 50, 50, 50, 50]

Generation 91
Average: 0.8801 Best: 0.9031
Best Individual: 
C0 0|19|29|27|24|2|7|22|12|9|23|31|15|18|3|25|4|21|26|20|33|6|14|16|1|32|11|8|28|30|17|10|5|13|
Overall Best: 0.9145 Generation: 61
length: 34.0
feature_occurency: [50, 50, 50, 50, 50, 50, 50, 50, 50, 50, 50, 50, 50, 50, 50, 50, 50, 50, 50, 50, 50, 50, 50, 50, 50, 50, 50, 50, 50, 50, 50, 50, 50, 50]

Generation 92
Average: 0.8846 Best: 0.9117
Best Individual: 
C0 19|28|31|26|29|32|3|25|1|14|21|23|24|17|12|0|30|33|4|6|20|2|16|7|9|27|10|13|8|5|22|18|11|15|
Overall Best: 0.9145 Generation: 61
length: 34.0
feature_occurency: [50, 50, 50, 50, 50, 50, 50, 50, 50, 50, 50, 50, 50, 50, 50, 50, 50, 50, 50, 50, 50, 50, 50, 50, 50, 50, 50, 50, 50, 50, 50, 50, 50, 50]

Generation 93
Average: 0.8794 Best: 0.9060
Best Individual: 
C0 25|27|26|11|29|23|9|12|32|20|31|15|0|22|14|19|33|21|8|1|24|7|4|13|5|10|2|28|17|18|6|30|3|16|
Overall Best: 0.9145 Generation: 61
length: 34.0
feature_occurency: [50, 50, 50, 50, 50, 50, 50, 50, 50, 50, 50, 50, 50, 50, 50, 50, 50, 50, 50, 50, 50, 50, 50, 50, 50, 50, 50, 50, 50, 50, 50, 50, 50, 50]

Generation 94
Average: 0.8810 Best: 0.9060
Best Individual: 
C0 11|23|29|25|14|27|31|12|32|20|9|33|0|22|26|19|15|21|8|1|24|7|4|13|5|10|2|28|17|18|6|30|3|16|
Overall Best: 0.9145 Generation: 61
length: 34.0
feature_occurency: [50, 50, 50, 50, 50, 50, 50, 50, 50, 50, 50, 50, 50, 50, 50, 50, 50, 50, 50, 50, 50, 50, 50, 50, 50, 50, 50, 50, 50, 50, 50, 50, 50, 50]

Generation 95
Average: 0.8826 Best: 0.9003
Best Individual: 
C0 29|17|9|6|10|27|30|1|4|32|2|8|23|24|11|12|3|33|18|20|26|0|7|16|14|19|13|15|22|5|21|28|25|31|
Overall Best: 0.9145 Generation: 61
length: 34.0
feature_occurency: [50, 50, 50, 50, 50, 50, 50, 50, 50, 50, 50, 50, 50, 50, 50, 50, 50, 50, 50, 50, 50, 50, 50, 50, 50, 50, 50, 50, 50, 50, 50, 50, 50, 50]

Generation 96
Average: 0.8824 Best: 0.9060
Best Individual: 
C0 19|7|9|25|0|1|22|4|27|29|5|18|11|14|15|6|23|24|26|32|20|12|8|3|28|21|16|33|31|30|17|10|2|13|
Overall Best: 0.9145 Generation: 61
length: 34.0
feature_occurency: [50, 50, 50, 50, 50, 50, 50, 50, 50, 50, 50, 50, 50, 50, 50, 50, 50, 50, 50, 50, 50, 50, 50, 50, 50, 50, 50, 50, 50, 50, 50, 50, 50, 50]

Generation 97
Average: 0.8829 Best: 0.9060
Best Individual: 
C0 19|7|9|25|0|1|22|4|27|26|5|18|11|14|15|6|23|24|29|32|20|12|8|3|28|21|16|33|31|30|17|10|2|13|
Overall Best: 0.9145 Generation: 61
length: 34.0
feature_occurency: [50, 50, 50, 50, 50, 50, 50, 50, 50, 50, 50, 50, 50, 50, 50, 50, 50, 50, 50, 50, 50, 50, 50, 50, 50, 50, 50, 50, 50, 50, 50, 50, 50, 50]

Generation 98
Average: 0.8838 Best: 0.9060
Best Individual: 
C0 25|1|23|33|3|30|27|11|29|12|31|10|15|17|16|14|26|19|20|28|4|24|2|13|5|32|7|21|8|18|6|22|9|0|
Overall Best: 0.9145 Generation: 61
length: 34.0
feature_occurency: [50, 50, 50, 50, 50, 50, 50, 50, 50, 50, 50, 50, 50, 50, 50, 50, 50, 50, 50, 50, 50, 50, 50, 50, 50, 50, 50, 50, 50, 50, 50, 50, 50, 50]

Generation 99
Average: 0.8824 Best: 0.9031
Best Individual: 
C0 1|23|8|16|26|27|21|33|10|31|29|28|20|17|4|14|15|19|12|18|0|24|2|13|5|32|7|6|22|30|3|9|11|25|
Overall Best: 0.9145 Generation: 61
==================
    Best individual after 100 generations
    computed in 119.0170 seconds
    321 elements out of 351 correct.
    emerged in generation 61
    with fitness 0.9145
==================

0|22|6|21|25|27|4|23|26|33|28|8|19|15|32|12|1|18|2|13|5|20|3|7|14|30|9|17|11|10|16|31|24|29|
