Starting evolution...
length: 34.0
feature_occurency: [50, 50, 50, 50, 50, 50, 50, 50, 50, 50, 50, 50, 50, 50, 50, 50, 50, 50, 50, 50, 50, 50, 50, 50, 50, 50, 50, 50, 50, 50, 50, 50, 50, 50]

Generation 0
Average: 0.8878 Best: 0.9145
Best Individual: 
C0 15|19|30|3|4|2|8|23|27|20|9|11|12|13|14|6|28|18|17|1|7|26|22|10|24|25|31|5|16|29|21|0|32|33|
Overall Best: 0.9145 Generation: 0
length: 34.0
feature_occurency: [50, 50, 50, 50, 50, 50, 50, 50, 50, 50, 50, 50, 50, 50, 50, 50, 50, 50, 50, 50, 50, 50, 50, 50, 50, 50, 50, 50, 50, 50, 50, 50, 50, 50]

Generation 1
Average: 0.8907 Best: 0.9259
Best Individual: 
C0 11|1|2|23|26|15|6|7|27|10|5|0|19|4|14|30|16|17|9|12|32|21|22|3|24|25|18|33|20|29|28|31|8|13|
Overall Best: 0.9259 Generation: 1
length: 34.0
feature_occurency: [50, 50, 50, 50, 50, 50, 50, 50, 50, 50, 50, 50, 50, 50, 50, 50, 50, 50, 50, 50, 50, 50, 50, 50, 50, 50, 50, 50, 50, 50, 50, 50, 50, 50]

Generation 2
Average: 0.8934 Best: 0.9316
Best Individual: 
C0 15|18|8|20|4|5|19|23|27|3|24|30|7|13|14|0|16|17|25|1|12|11|2|10|9|22|31|21|28|33|26|6|32|29|
Overall Best: 0.9316 Generation: 2
length: 34.0
feature_occurency: [50, 50, 50, 50, 50, 50, 50, 50, 50, 50, 50, 50, 50, 50, 50, 50, 50, 50, 50, 50, 50, 50, 50, 50, 50, 50, 50, 50, 50, 50, 50, 50, 50, 50]

Generation 3
Average: 0.8908 Best: 0.9174
Best Individual: 
C0 29|18|26|23|4|1|19|3|12|20|11|31|6|21|14|27|30|16|13|5|32|10|7|17|15|25|8|24|28|0|2|22|9|33|
Overall Best: 0.9316 Generation: 2
length: 34.0
feature_occurency: [50, 50, 50, 50, 50, 50, 50, 50, 50, 50, 50, 50, 50, 50, 50, 50, 50, 50, 50, 50, 50, 50, 50, 50, 50, 50, 50, 50, 50, 50, 50, 50, 50, 50]

Generation 4
Average: 0.8938 Best: 0.9202
Best Individual: 
C0 0|6|4|19|27|5|24|7|11|1|10|3|33|21|29|15|13|16|25|20|2|30|26|23|9|18|17|14|12|22|8|31|32|28|
Overall Best: 0.9316 Generation: 2
length: 34.0
feature_occurency: [50, 50, 50, 50, 50, 50, 50, 50, 50, 50, 50, 50, 50, 50, 50, 50, 50, 50, 50, 50, 50, 50, 50, 50, 50, 50, 50, 50, 50, 50, 50, 50, 50, 50]

Generation 5
Average: 0.8930 Best: 0.9259
Best Individual: 
C0 3|4|26|23|33|5|6|7|13|17|29|0|19|11|14|10|16|2|22|21|32|8|18|24|9|25|30|27|12|28|15|1|20|31|
Overall Best: 0.9316 Generation: 2
length: 34.0
feature_occurency: [50, 50, 50, 50, 50, 50, 50, 50, 50, 50, 50, 50, 50, 50, 50, 50, 50, 50, 50, 50, 50, 50, 50, 50, 50, 50, 50, 50, 50, 50, 50, 50, 50, 50]

Generation 6
Average: 0.8941 Best: 0.9231
Best Individual: 
C0 0|6|27|17|4|7|24|5|11|1|10|26|33|21|14|13|15|16|28|19|2|30|3|23|9|18|29|8|12|22|25|31|32|20|
Overall Best: 0.9316 Generation: 2
length: 34.0
feature_occurency: [50, 50, 50, 50, 50, 50, 50, 50, 50, 50, 50, 50, 50, 50, 50, 50, 50, 50, 50, 50, 50, 50, 50, 50, 50, 50, 50, 50, 50, 50, 50, 50, 50, 50]

Generation 7
Average: 0.8949 Best: 0.9316
Best Individual: 
C0 16|7|26|23|33|5|6|4|0|30|3|13|19|11|14|10|8|2|22|21|32|29|18|24|9|17|25|27|12|28|15|1|20|31|
Overall Best: 0.9316 Generation: 2
length: 34.0
feature_occurency: [50, 50, 50, 50, 50, 50, 50, 50, 50, 50, 50, 50, 50, 50, 50, 50, 50, 50, 50, 50, 50, 50, 50, 50, 50, 50, 50, 50, 50, 50, 50, 50, 50, 50]

Generation 8
Average: 0.8967 Best: 0.9259
Best Individual: 
C0 7|24|32|19|2|20|6|28|1|4|21|5|25|22|23|17|30|15|13|16|27|8|3|33|11|10|14|9|12|29|18|0|26|31|
Overall Best: 0.9316 Generation: 2
length: 34.0
feature_occurency: [50, 50, 50, 50, 50, 50, 50, 50, 50, 50, 50, 50, 50, 50, 50, 50, 50, 50, 50, 50, 50, 50, 50, 50, 50, 50, 50, 50, 50, 50, 50, 50, 50, 50]

Generation 9
Average: 0.8937 Best: 0.9202
Best Individual: 
C0 1|26|4|23|33|9|6|11|16|5|20|13|19|2|14|17|28|27|31|25|8|18|30|15|24|0|29|22|21|10|32|12|7|3|
Overall Best: 0.9316 Generation: 2
length: 34.0
feature_occurency: [50, 50, 50, 50, 50, 50, 50, 50, 50, 50, 50, 50, 50, 50, 50, 50, 50, 50, 50, 50, 50, 50, 50, 50, 50, 50, 50, 50, 50, 50, 50, 50, 50, 50]

Generation 10
Average: 0.8945 Best: 0.9288
Best Individual: 
C0 7|33|32|19|3|20|23|28|4|2|21|5|25|26|6|15|18|27|13|16|1|11|31|24|17|9|12|10|14|0|30|22|29|8|
Overall Best: 0.9316 Generation: 2
length: 34.0
feature_occurency: [50, 50, 50, 50, 50, 50, 50, 50, 50, 50, 50, 50, 50, 50, 50, 50, 50, 50, 50, 50, 50, 50, 50, 50, 50, 50, 50, 50, 50, 50, 50, 50, 50, 50]

Generation 11
Average: 0.8934 Best: 0.9202
Best Individual: 
C0 19|15|8|14|4|18|16|11|20|23|5|21|25|13|0|31|30|28|29|12|3|6|9|7|33|27|26|22|32|2|10|1|24|17|
Overall Best: 0.9316 Generation: 2
length: 34.0
feature_occurency: [50, 50, 50, 50, 50, 50, 50, 50, 50, 50, 50, 50, 50, 50, 50, 50, 50, 50, 50, 50, 50, 50, 50, 50, 50, 50, 50, 50, 50, 50, 50, 50, 50, 50]

Generation 12
Average: 0.8933 Best: 0.9288
Best Individual: 
C0 28|20|1|4|24|32|2|11|17|23|5|21|25|13|6|15|18|27|29|16|33|8|26|3|7|22|12|10|14|0|30|9|31|19|
Overall Best: 0.9316 Generation: 2
length: 34.0
feature_occurency: [50, 50, 50, 50, 50, 50, 50, 50, 50, 50, 50, 50, 50, 50, 50, 50, 50, 50, 50, 50, 50, 50, 50, 50, 50, 50, 50, 50, 50, 50, 50, 50, 50, 50]

Generation 13
Average: 0.8929 Best: 0.9288
Best Individual: 
C0 28|20|1|4|17|2|32|11|24|23|5|21|25|15|6|13|18|27|29|33|16|8|26|19|7|22|12|10|14|0|30|9|31|3|
Overall Best: 0.9316 Generation: 2
length: 34.0
feature_occurency: [50, 50, 50, 50, 50, 50, 50, 50, 50, 50, 50, 50, 50, 50, 50, 50, 50, 50, 50, 50, 50, 50, 50, 50, 50, 50, 50, 50, 50, 50, 50, 50, 50, 50]

Generation 14
Average: 0.8928 Best: 0.9288
Best Individual: 
C0 28|20|1|7|17|2|32|11|24|23|5|21|25|15|6|13|22|27|29|33|16|8|26|19|4|18|12|10|14|0|30|9|31|3|
Overall Best: 0.9316 Generation: 2
length: 34.0
feature_occurency: [50, 50, 50, 50, 50, 50, 50, 50, 50, 50, 50, 50, 50, 50, 50, 50, 50, 50, 50, 50, 50, 50, 50, 50, 50, 50, 50, 50, 50, 50, 50, 50, 50, 50]

Generation 15
Average: 0.8932 Best: 0.9288
Best Individual: 
C0 24|12|22|4|28|14|15|1|23|20|5|32|18|25|8|31|11|17|21|33|6|13|29|9|30|3|7|27|10|0|26|16|19|2|
Overall Best: 0.9316 Generation: 2
length: 34.0
feature_occurency: [50, 50, 50, 50, 50, 50, 50, 50, 50, 50, 50, 50, 50, 50, 50, 50, 50, 50, 50, 50, 50, 50, 50, 50, 50, 50, 50, 50, 50, 50, 50, 50, 50, 50]

Generation 16
Average: 0.8948 Best: 0.9288
Best Individual: 
C0 6|7|0|4|28|27|19|11|32|10|31|2|23|13|15|30|9|17|21|18|12|26|24|3|33|8|1|29|20|22|14|16|5|25|
Overall Best: 0.9316 Generation: 2
length: 34.0
feature_occurency: [50, 50, 50, 50, 50, 50, 50, 50, 50, 50, 50, 50, 50, 50, 50, 50, 50, 50, 50, 50, 50, 50, 50, 50, 50, 50, 50, 50, 50, 50, 50, 50, 50, 50]

Generation 17
Average: 0.8900 Best: 0.9288
Best Individual: 
C0 24|12|22|15|28|14|4|1|23|20|5|32|18|13|8|17|3|16|31|33|6|2|29|9|30|10|7|27|11|0|26|25|19|21|
Overall Best: 0.9316 Generation: 2
length: 34.0
feature_occurency: [50, 50, 50, 50, 50, 50, 50, 50, 50, 50, 50, 50, 50, 50, 50, 50, 50, 50, 50, 50, 50, 50, 50, 50, 50, 50, 50, 50, 50, 50, 50, 50, 50, 50]

Generation 18
Average: 0.8932 Best: 0.9259
Best Individual: 
C0 0|20|23|7|21|2|24|11|32|29|30|12|25|15|19|17|22|27|8|5|16|13|6|26|31|18|28|10|14|3|1|9|4|33|
Overall Best: 0.9316 Generation: 2
length: 34.0
feature_occurency: [50, 50, 50, 50, 50, 50, 50, 50, 50, 50, 50, 50, 50, 50, 50, 50, 50, 50, 50, 50, 50, 50, 50, 50, 50, 50, 50, 50, 50, 50, 50, 50, 50, 50]

Generation 19
Average: 0.8930 Best: 0.9259
Best Individual: 
C0 17|29|33|19|32|0|4|27|14|25|30|18|7|3|15|9|8|24|23|20|10|1|11|5|31|26|12|22|28|13|2|21|16|6|
Overall Best: 0.9316 Generation: 2
length: 34.0
feature_occurency: [50, 50, 50, 50, 50, 50, 50, 50, 50, 50, 50, 50, 50, 50, 50, 50, 50, 50, 50, 50, 50, 50, 50, 50, 50, 50, 50, 50, 50, 50, 50, 50, 50, 50]

Generation 20
Average: 0.8887 Best: 0.9117
Best Individual: 
C0 30|21|12|7|2|14|20|22|29|18|9|16|15|19|8|0|28|3|4|17|5|26|10|25|13|6|11|27|32|31|23|24|1|33|
Overall Best: 0.9316 Generation: 2
length: 34.0
feature_occurency: [50, 50, 50, 50, 50, 50, 50, 50, 50, 50, 50, 50, 50, 50, 50, 50, 50, 50, 50, 50, 50, 50, 50, 50, 50, 50, 50, 50, 50, 50, 50, 50, 50, 50]

Generation 21
Average: 0.8889 Best: 0.9202
Best Individual: 
C0 19|12|18|4|16|22|8|10|23|20|26|15|7|29|28|14|30|25|13|1|32|27|0|2|9|33|5|31|21|24|17|3|11|6|
Overall Best: 0.9316 Generation: 2
length: 34.0
feature_occurency: [50, 50, 50, 50, 50, 50, 50, 50, 50, 50, 50, 50, 50, 50, 50, 50, 50, 50, 50, 50, 50, 50, 50, 50, 50, 50, 50, 50, 50, 50, 50, 50, 50, 50]

Generation 22
Average: 0.8899 Best: 0.9202
Best Individual: 
C0 19|12|18|4|16|22|8|10|23|20|26|15|7|29|6|30|14|25|13|33|32|27|0|2|9|1|5|31|21|24|17|3|11|28|
Overall Best: 0.9316 Generation: 2
length: 34.0
feature_occurency: [50, 50, 50, 50, 50, 50, 50, 50, 50, 50, 50, 50, 50, 50, 50, 50, 50, 50, 50, 50, 50, 50, 50, 50, 50, 50, 50, 50, 50, 50, 50, 50, 50, 50]

Generation 23
Average: 0.8899 Best: 0.9259
Best Individual: 
C0 8|12|18|4|16|22|0|10|23|20|24|15|9|29|6|30|14|25|13|33|32|27|19|2|7|1|5|31|21|26|17|3|11|28|
Overall Best: 0.9316 Generation: 2
length: 34.0
feature_occurency: [50, 50, 50, 50, 50, 50, 50, 50, 50, 50, 50, 50, 50, 50, 50, 50, 50, 50, 50, 50, 50, 50, 50, 50, 50, 50, 50, 50, 50, 50, 50, 50, 50, 50]

Generation 24
Average: 0.8903 Best: 0.9202
Best Individual: 
C0 24|26|33|32|4|23|13|0|6|7|8|29|11|3|19|15|20|28|10|18|5|16|22|30|17|2|27|1|9|21|12|25|31|14|
Overall Best: 0.9316 Generation: 2
length: 34.0
feature_occurency: [50, 50, 50, 50, 50, 50, 50, 50, 50, 50, 50, 50, 50, 50, 50, 50, 50, 50, 50, 50, 50, 50, 50, 50, 50, 50, 50, 50, 50, 50, 50, 50, 50, 50]

Generation 25
Average: 0.8889 Best: 0.9088
Best Individual: 
C0 2|22|13|8|3|14|28|6|0|26|12|32|1|5|9|24|10|20|33|25|29|27|21|19|18|17|4|23|11|30|16|31|7|15|
Overall Best: 0.9316 Generation: 2
length: 34.0
feature_occurency: [50, 50, 50, 50, 50, 50, 50, 50, 50, 50, 50, 50, 50, 50, 50, 50, 50, 50, 50, 50, 50, 50, 50, 50, 50, 50, 50, 50, 50, 50, 50, 50, 50, 50]

Generation 26
Average: 0.8827 Best: 0.9117
Best Individual: 
C0 18|15|0|1|5|21|4|17|2|20|31|7|32|28|8|10|22|11|24|9|16|12|3|25|27|29|30|13|14|6|23|33|19|26|
Overall Best: 0.9316 Generation: 2
length: 34.0
feature_occurency: [50, 50, 50, 50, 50, 50, 50, 50, 50, 50, 50, 50, 50, 50, 50, 50, 50, 50, 50, 50, 50, 50, 50, 50, 50, 50, 50, 50, 50, 50, 50, 50, 50, 50]

Generation 27
Average: 0.8868 Best: 0.9117
Best Individual: 
C0 3|26|9|8|22|23|4|7|2|17|30|29|27|21|10|18|14|25|0|19|24|13|15|20|33|11|16|28|1|5|32|31|6|12|
Overall Best: 0.9316 Generation: 2
length: 34.0
feature_occurency: [50, 50, 50, 50, 50, 50, 50, 50, 50, 50, 50, 50, 50, 50, 50, 50, 50, 50, 50, 50, 50, 50, 50, 50, 50, 50, 50, 50, 50, 50, 50, 50, 50, 50]

Generation 28
Average: 0.8877 Best: 0.9202
Best Individual: 
C0 0|7|2|10|24|23|16|4|21|22|32|31|20|12|9|26|8|13|33|18|29|27|11|5|14|17|1|25|15|3|6|28|30|19|
Overall Best: 0.9316 Generation: 2
length: 34.0
feature_occurency: [50, 50, 50, 50, 50, 50, 50, 50, 50, 50, 50, 50, 50, 50, 50, 50, 50, 50, 50, 50, 50, 50, 50, 50, 50, 50, 50, 50, 50, 50, 50, 50, 50, 50]

Generation 29
Average: 0.8900 Best: 0.9174
Best Individual: 
C0 0|26|20|8|11|4|23|7|2|19|25|32|24|21|10|18|14|30|3|17|27|29|6|9|22|1|16|28|13|12|33|31|15|5|
Overall Best: 0.9316 Generation: 2
length: 34.0
feature_occurency: [50, 50, 50, 50, 50, 50, 50, 50, 50, 50, 50, 50, 50, 50, 50, 50, 50, 50, 50, 50, 50, 50, 50, 50, 50, 50, 50, 50, 50, 50, 50, 50, 50, 50]

Generation 30
Average: 0.8943 Best: 0.9145
Best Individual: 
C0 27|18|21|14|1|23|4|13|33|8|32|6|24|26|12|7|10|31|19|5|0|9|22|15|30|17|2|11|29|3|16|25|20|28|
Overall Best: 0.9316 Generation: 2
length: 34.0
feature_occurency: [50, 50, 50, 50, 50, 50, 50, 50, 50, 50, 50, 50, 50, 50, 50, 50, 50, 50, 50, 50, 50, 50, 50, 50, 50, 50, 50, 50, 50, 50, 50, 50, 50, 50]

Generation 31
Average: 0.8933 Best: 0.9259
Best Individual: 
C0 13|26|11|2|6|0|8|20|7|23|31|17|32|25|29|10|14|28|21|33|18|1|3|16|30|24|4|12|5|9|27|22|19|15|
Overall Best: 0.9316 Generation: 2
length: 34.0
feature_occurency: [50, 50, 50, 50, 50, 50, 50, 50, 50, 50, 50, 50, 50, 50, 50, 50, 50, 50, 50, 50, 50, 50, 50, 50, 50, 50, 50, 50, 50, 50, 50, 50, 50, 50]

Generation 32
Average: 0.8946 Best: 0.9402
Best Individual: 
C0 6|0|4|10|26|23|7|1|33|22|20|32|11|3|28|27|16|19|29|14|5|12|13|8|2|24|18|21|9|15|30|25|17|31|
Overall Best: 0.9402 Generation: 32
length: 34.0
feature_occurency: [50, 50, 50, 50, 50, 50, 50, 50, 50, 50, 50, 50, 50, 50, 50, 50, 50, 50, 50, 50, 50, 50, 50, 50, 50, 50, 50, 50, 50, 50, 50, 50, 50, 50]

Generation 33
Average: 0.8916 Best: 0.9288
Best Individual: 
C0 1|26|11|2|8|0|22|20|7|23|28|18|30|9|32|10|17|19|3|4|5|27|29|15|6|12|31|21|14|33|25|24|16|13|
Overall Best: 0.9402 Generation: 32
length: 34.0
feature_occurency: [50, 50, 50, 50, 50, 50, 50, 50, 50, 50, 50, 50, 50, 50, 50, 50, 50, 50, 50, 50, 50, 50, 50, 50, 50, 50, 50, 50, 50, 50, 50, 50, 50, 50]

Generation 34
Average: 0.8918 Best: 0.9288
Best Individual: 
C0 1|26|11|2|8|0|22|20|7|23|28|18|30|9|32|10|5|19|3|4|17|27|29|13|6|12|31|21|16|33|25|24|14|15|
Overall Best: 0.9402 Generation: 32
length: 34.0
feature_occurency: [50, 50, 50, 50, 50, 50, 50, 50, 50, 50, 50, 50, 50, 50, 50, 50, 50, 50, 50, 50, 50, 50, 50, 50, 50, 50, 50, 50, 50, 50, 50, 50, 50, 50]

Generation 35
Average: 0.8942 Best: 0.9231
Best Individual: 
C0 26|10|20|12|23|9|27|2|13|4|31|6|11|18|19|0|16|17|29|22|24|25|21|3|30|33|15|32|7|28|5|8|1|14|
Overall Best: 0.9402 Generation: 32
length: 34.0
feature_occurency: [50, 50, 50, 50, 50, 50, 50, 50, 50, 50, 50, 50, 50, 50, 50, 50, 50, 50, 50, 50, 50, 50, 50, 50, 50, 50, 50, 50, 50, 50, 50, 50, 50, 50]

Generation 36
Average: 0.8944 Best: 0.9231
Best Individual: 
C0 0|26|14|25|7|4|20|5|23|24|32|12|17|16|22|33|11|19|29|31|27|10|6|30|13|21|15|8|2|28|18|3|9|1|
Overall Best: 0.9402 Generation: 32
length: 34.0
feature_occurency: [50, 50, 50, 50, 50, 50, 50, 50, 50, 50, 50, 50, 50, 50, 50, 50, 50, 50, 50, 50, 50, 50, 50, 50, 50, 50, 50, 50, 50, 50, 50, 50, 50, 50]

Generation 37
Average: 0.8940 Best: 0.9316
Best Individual: 
C0 0|26|15|25|7|4|20|5|23|24|18|12|17|16|22|33|11|19|29|31|27|10|6|30|13|21|14|8|2|28|32|3|9|1|
Overall Best: 0.9402 Generation: 32
length: 34.0
feature_occurency: [50, 50, 50, 50, 50, 50, 50, 50, 50, 50, 50, 50, 50, 50, 50, 50, 50, 50, 50, 50, 50, 50, 50, 50, 50, 50, 50, 50, 50, 50, 50, 50, 50, 50]

Generation 38
Average: 0.8924 Best: 0.9316
Best Individual: 
C0 0|26|15|25|24|4|20|5|23|7|18|19|17|16|22|33|11|12|29|31|27|10|6|30|13|21|14|8|2|28|32|3|9|1|
Overall Best: 0.9402 Generation: 32
length: 34.0
feature_occurency: [50, 50, 50, 50, 50, 50, 50, 50, 50, 50, 50, 50, 50, 50, 50, 50, 50, 50, 50, 50, 50, 50, 50, 50, 50, 50, 50, 50, 50, 50, 50, 50, 50, 50]

Generation 39
Average: 0.8911 Best: 0.9288
Best Individual: 
C0 26|33|27|25|7|4|24|23|0|20|32|31|17|14|9|1|11|19|29|28|13|22|12|18|16|30|5|8|6|2|3|15|21|10|
Overall Best: 0.9402 Generation: 32
length: 34.0
feature_occurency: [50, 50, 50, 50, 50, 50, 50, 50, 50, 50, 50, 50, 50, 50, 50, 50, 50, 50, 50, 50, 50, 50, 50, 50, 50, 50, 50, 50, 50, 50, 50, 50, 50, 50]

Generation 40
Average: 0.8932 Best: 0.9288
Best Individual: 
C0 26|33|27|25|7|4|24|23|0|20|32|31|17|16|9|1|30|19|29|28|13|22|12|3|14|11|2|6|8|5|18|15|21|10|
Overall Best: 0.9402 Generation: 32
length: 34.0
feature_occurency: [50, 50, 50, 50, 50, 50, 50, 50, 50, 50, 50, 50, 50, 50, 50, 50, 50, 50, 50, 50, 50, 50, 50, 50, 50, 50, 50, 50, 50, 50, 50, 50, 50, 50]

Generation 41
Average: 0.8888 Best: 0.9316
Best Individual: 
C0 6|17|19|8|12|33|13|0|14|4|15|2|11|22|27|31|24|9|5|3|26|28|21|18|1|32|23|20|16|29|10|7|30|25|
Overall Best: 0.9402 Generation: 32
length: 34.0
feature_occurency: [50, 50, 50, 50, 50, 50, 50, 50, 50, 50, 50, 50, 50, 50, 50, 50, 50, 50, 50, 50, 50, 50, 50, 50, 50, 50, 50, 50, 50, 50, 50, 50, 50, 50]

Generation 42
Average: 0.8924 Best: 0.9231
Best Individual: 
C0 14|26|32|23|8|2|16|27|1|3|15|28|11|33|5|24|10|18|20|13|19|30|4|29|0|31|17|9|25|7|6|21|12|22|
Overall Best: 0.9402 Generation: 32
length: 34.0
feature_occurency: [50, 50, 50, 50, 50, 50, 50, 50, 50, 50, 50, 50, 50, 50, 50, 50, 50, 50, 50, 50, 50, 50, 50, 50, 50, 50, 50, 50, 50, 50, 50, 50, 50, 50]

Generation 43
Average: 0.8942 Best: 0.9231
Best Individual: 
C0 0|26|19|25|24|4|20|27|8|7|6|15|23|33|21|22|29|3|17|31|5|30|11|1|13|18|14|32|2|28|10|16|9|12|
Overall Best: 0.9402 Generation: 32
length: 34.0
feature_occurency: [50, 50, 50, 50, 50, 50, 50, 50, 50, 50, 50, 50, 50, 50, 50, 50, 50, 50, 50, 50, 50, 50, 50, 50, 50, 50, 50, 50, 50, 50, 50, 50, 50, 50]

Generation 44
Average: 0.8983 Best: 0.9231
Best Individual: 
C0 16|29|26|28|3|4|20|1|23|12|18|10|33|8|32|19|14|11|24|31|9|6|13|15|7|22|21|0|2|30|25|27|5|17|
Overall Best: 0.9402 Generation: 32
length: 34.0
feature_occurency: [50, 50, 50, 50, 50, 50, 50, 50, 50, 50, 50, 50, 50, 50, 50, 50, 50, 50, 50, 50, 50, 50, 50, 50, 50, 50, 50, 50, 50, 50, 50, 50, 50, 50]

Generation 45
Average: 0.8999 Best: 0.9345
Best Individual: 
C0 26|27|5|25|7|4|33|23|15|20|3|17|22|31|16|18|0|19|29|13|32|30|11|1|28|21|10|6|14|2|12|9|8|24|
Overall Best: 0.9402 Generation: 32
length: 34.0
feature_occurency: [50, 50, 50, 50, 50, 50, 50, 50, 50, 50, 50, 50, 50, 50, 50, 50, 50, 50, 50, 50, 50, 50, 50, 50, 50, 50, 50, 50, 50, 50, 50, 50, 50, 50]

Generation 46
Average: 0.8995 Best: 0.9259
Best Individual: 
C0 16|32|26|28|3|4|20|1|23|12|14|10|33|8|29|19|18|11|0|13|9|6|30|15|7|22|21|24|2|31|25|27|5|17|
Overall Best: 0.9402 Generation: 32
length: 34.0
feature_occurency: [50, 50, 50, 50, 50, 50, 50, 50, 50, 50, 50, 50, 50, 50, 50, 50, 50, 50, 50, 50, 50, 50, 50, 50, 50, 50, 50, 50, 50, 50, 50, 50, 50, 50]

Generation 47
Average: 0.9010 Best: 0.9316
Best Individual: 
C0 0|26|19|32|3|2|20|23|15|4|29|28|6|16|7|21|30|31|10|17|9|14|24|27|11|33|1|25|5|13|18|8|22|12|
Overall Best: 0.9402 Generation: 32
length: 34.0
feature_occurency: [50, 50, 50, 50, 50, 50, 50, 50, 50, 50, 50, 50, 50, 50, 50, 50, 50, 50, 50, 50, 50, 50, 50, 50, 50, 50, 50, 50, 50, 50, 50, 50, 50, 50]

Generation 48
Average: 0.8994 Best: 0.9259
Best Individual: 
C0 0|2|27|10|14|4|26|12|23|15|18|22|17|25|32|7|20|11|24|31|9|30|19|1|8|21|5|13|3|28|29|6|16|33|
Overall Best: 0.9402 Generation: 32
length: 34.0
feature_occurency: [50, 50, 50, 50, 50, 50, 50, 50, 50, 50, 50, 50, 50, 50, 50, 50, 50, 50, 50, 50, 50, 50, 50, 50, 50, 50, 50, 50, 50, 50, 50, 50, 50, 50]

Generation 49
Average: 0.8998 Best: 0.9288
Best Individual: 
C0 0|2|27|10|14|4|26|15|23|21|18|1|33|8|19|30|20|11|24|31|29|7|25|22|32|12|16|13|3|28|9|6|5|17|
Overall Best: 0.9402 Generation: 32
length: 34.0
feature_occurency: [50, 50, 50, 50, 50, 50, 50, 50, 50, 50, 50, 50, 50, 50, 50, 50, 50, 50, 50, 50, 50, 50, 50, 50, 50, 50, 50, 50, 50, 50, 50, 50, 50, 50]

Generation 50
Average: 0.9016 Best: 0.9345
Best Individual: 
C0 0|16|27|10|17|4|26|12|23|15|18|22|14|25|1|20|7|11|24|3|9|30|19|32|8|21|5|13|31|28|6|2|33|29|
Overall Best: 0.9402 Generation: 32
length: 34.0
feature_occurency: [50, 50, 50, 50, 50, 50, 50, 50, 50, 50, 50, 50, 50, 50, 50, 50, 50, 50, 50, 50, 50, 50, 50, 50, 50, 50, 50, 50, 50, 50, 50, 50, 50, 50]

Generation 51
Average: 0.8987 Best: 0.9259
Best Individual: 
C0 0|20|27|10|14|4|26|15|23|21|18|1|13|8|19|17|28|6|24|31|33|7|25|22|32|12|16|9|3|2|29|11|5|30|
Overall Best: 0.9402 Generation: 32
length: 34.0
feature_occurency: [50, 50, 50, 50, 50, 50, 50, 50, 50, 50, 50, 50, 50, 50, 50, 50, 50, 50, 50, 50, 50, 50, 50, 50, 50, 50, 50, 50, 50, 50, 50, 50, 50, 50]

Generation 52
Average: 0.9017 Best: 0.9231
Best Individual: 
C0 14|2|5|10|22|4|18|21|26|15|23|17|9|25|30|13|19|11|24|31|0|1|20|32|8|6|27|7|3|28|12|16|33|29|
Overall Best: 0.9402 Generation: 32
length: 34.0
feature_occurency: [50, 50, 50, 50, 50, 50, 50, 50, 50, 50, 50, 50, 50, 50, 50, 50, 50, 50, 50, 50, 50, 50, 50, 50, 50, 50, 50, 50, 50, 50, 50, 50, 50, 50]

Generation 53
Average: 0.8993 Best: 0.9345
Best Individual: 
C0 13|4|16|33|32|23|5|7|14|26|18|11|3|19|17|27|12|9|1|31|20|10|25|30|28|21|0|6|29|2|24|8|22|15|
Overall Best: 0.9402 Generation: 32
length: 34.0
feature_occurency: [50, 50, 50, 50, 50, 50, 50, 50, 50, 50, 50, 50, 50, 50, 50, 50, 50, 50, 50, 50, 50, 50, 50, 50, 50, 50, 50, 50, 50, 50, 50, 50, 50, 50]

Generation 54
Average: 0.8997 Best: 0.9345
Best Individual: 
C0 13|4|16|33|32|23|5|7|14|26|18|28|3|19|17|27|12|9|1|31|20|10|25|30|11|21|0|6|29|2|24|8|22|15|
Overall Best: 0.9402 Generation: 32
length: 34.0
feature_occurency: [50, 50, 50, 50, 50, 50, 50, 50, 50, 50, 50, 50, 50, 50, 50, 50, 50, 50, 50, 50, 50, 50, 50, 50, 50, 50, 50, 50, 50, 50, 50, 50, 50, 50]

Generation 55
Average: 0.8970 Best: 0.9316
Best Individual: 
C0 23|26|27|10|14|1|4|15|0|13|5|19|17|11|12|24|16|6|20|32|33|25|28|9|21|31|29|2|7|30|8|3|18|22|
Overall Best: 0.9402 Generation: 32
length: 34.0
feature_occurency: [50, 50, 50, 50, 50, 50, 50, 50, 50, 50, 50, 50, 50, 50, 50, 50, 50, 50, 50, 50, 50, 50, 50, 50, 50, 50, 50, 50, 50, 50, 50, 50, 50, 50]

Generation 56
Average: 0.8945 Best: 0.9231
Best Individual: 
C0 26|23|33|6|18|20|22|7|1|16|9|21|5|4|11|28|10|17|24|32|13|14|27|0|25|19|12|15|3|29|8|30|2|31|
Overall Best: 0.9402 Generation: 32
length: 34.0
feature_occurency: [50, 50, 50, 50, 50, 50, 50, 50, 50, 50, 50, 50, 50, 50, 50, 50, 50, 50, 50, 50, 50, 50, 50, 50, 50, 50, 50, 50, 50, 50, 50, 50, 50, 50]

Generation 57
Average: 0.8930 Best: 0.9202
Best Individual: 
C0 2|26|27|10|14|1|4|15|0|13|5|19|17|11|23|24|28|6|21|32|29|25|16|9|20|31|30|12|7|33|8|3|18|22|
Overall Best: 0.9402 Generation: 32
length: 34.0
feature_occurency: [50, 50, 50, 50, 50, 50, 50, 50, 50, 50, 50, 50, 50, 50, 50, 50, 50, 50, 50, 50, 50, 50, 50, 50, 50, 50, 50, 50, 50, 50, 50, 50, 50, 50]

Generation 58
Average: 0.8938 Best: 0.9145
Best Individual: 
C0 0|4|26|28|23|20|22|30|7|16|9|8|5|13|14|12|24|11|2|32|25|21|27|1|18|10|3|6|29|17|31|33|19|15|
Overall Best: 0.9402 Generation: 32
length: 34.0
feature_occurency: [50, 50, 50, 50, 50, 50, 50, 50, 50, 50, 50, 50, 50, 50, 50, 50, 50, 50, 50, 50, 50, 50, 50, 50, 50, 50, 50, 50, 50, 50, 50, 50, 50, 50]

Generation 59
Average: 0.8926 Best: 0.9202
Best Individual: 
C0 13|4|33|5|9|23|16|32|3|26|18|28|12|1|27|25|14|7|6|31|10|20|17|30|22|21|29|19|0|2|24|8|11|15|
Overall Best: 0.9402 Generation: 32
length: 34.0
feature_occurency: [50, 50, 50, 50, 50, 50, 50, 50, 50, 50, 50, 50, 50, 50, 50, 50, 50, 50, 50, 50, 50, 50, 50, 50, 50, 50, 50, 50, 50, 50, 50, 50, 50, 50]

Generation 60
Average: 0.8960 Best: 0.9288
Best Individual: 
C0 7|23|8|33|16|1|5|4|12|26|24|25|14|13|11|0|6|27|10|3|20|32|17|9|22|21|29|19|15|2|18|30|31|28|
Overall Best: 0.9402 Generation: 32
length: 34.0
feature_occurency: [50, 50, 50, 50, 50, 50, 50, 50, 50, 50, 50, 50, 50, 50, 50, 50, 50, 50, 50, 50, 50, 50, 50, 50, 50, 50, 50, 50, 50, 50, 50, 50, 50, 50]

Generation 61
Average: 0.8949 Best: 0.9231
Best Individual: 
C0 2|23|27|0|18|15|22|4|26|10|14|24|19|21|17|13|31|5|3|28|29|8|16|9|30|33|20|6|7|32|25|11|12|1|
Overall Best: 0.9402 Generation: 32
length: 34.0
feature_occurency: [50, 50, 50, 50, 50, 50, 50, 50, 50, 50, 50, 50, 50, 50, 50, 50, 50, 50, 50, 50, 50, 50, 50, 50, 50, 50, 50, 50, 50, 50, 50, 50, 50, 50]

Generation 62
Average: 0.8944 Best: 0.9202
Best Individual: 
C0 18|23|15|33|1|20|7|4|24|26|12|25|14|13|11|8|6|0|21|3|2|32|17|30|16|9|22|19|5|31|10|29|27|28|
Overall Best: 0.9402 Generation: 32
length: 34.0
feature_occurency: [50, 50, 50, 50, 50, 50, 50, 50, 50, 50, 50, 50, 50, 50, 50, 50, 50, 50, 50, 50, 50, 50, 50, 50, 50, 50, 50, 50, 50, 50, 50, 50, 50, 50]

Generation 63
Average: 0.8913 Best: 0.9316
Best Individual: 
C0 7|26|33|5|9|23|4|32|20|0|31|22|25|19|8|1|10|30|13|17|21|24|3|18|15|14|29|27|28|16|12|6|11|2|
Overall Best: 0.9402 Generation: 32
length: 34.0
feature_occurency: [50, 50, 50, 50, 50, 50, 50, 50, 50, 50, 50, 50, 50, 50, 50, 50, 50, 50, 50, 50, 50, 50, 50, 50, 50, 50, 50, 50, 50, 50, 50, 50, 50, 50]

Generation 64
Average: 0.8931 Best: 0.9259
Best Individual: 
C0 26|14|6|28|4|23|8|1|7|32|27|31|10|19|25|24|5|21|16|9|20|15|13|12|2|22|29|0|33|11|30|3|18|17|
Overall Best: 0.9402 Generation: 32
length: 34.0
feature_occurency: [50, 50, 50, 50, 50, 50, 50, 50, 50, 50, 50, 50, 50, 50, 50, 50, 50, 50, 50, 50, 50, 50, 50, 50, 50, 50, 50, 50, 50, 50, 50, 50, 50, 50]

Generation 65
Average: 0.8926 Best: 0.9259
Best Individual: 
C0 4|13|24|22|27|23|14|7|8|26|10|32|19|21|3|6|31|16|11|15|20|33|12|30|5|18|0|28|17|2|25|29|1|9|
Overall Best: 0.9402 Generation: 32
length: 34.0
feature_occurency: [50, 50, 50, 50, 50, 50, 50, 50, 50, 50, 50, 50, 50, 50, 50, 50, 50, 50, 50, 50, 50, 50, 50, 50, 50, 50, 50, 50, 50, 50, 50, 50, 50, 50]

Generation 66
Average: 0.8948 Best: 0.9316
Best Individual: 
C0 20|5|33|7|4|23|13|17|1|26|31|28|14|3|8|27|22|16|19|9|24|2|11|12|32|18|0|10|30|21|25|29|6|15|
Overall Best: 0.9402 Generation: 32
length: 34.0
feature_occurency: [50, 50, 50, 50, 50, 50, 50, 50, 50, 50, 50, 50, 50, 50, 50, 50, 50, 50, 50, 50, 50, 50, 50, 50, 50, 50, 50, 50, 50, 50, 50, 50, 50, 50]

Generation 67
Average: 0.8925 Best: 0.9288
Best Individual: 
C0 20|32|33|7|4|23|13|9|1|26|31|28|14|3|8|27|22|16|19|17|24|2|11|29|5|18|0|10|30|21|25|12|6|15|
Overall Best: 0.9402 Generation: 32
length: 34.0
feature_occurency: [50, 50, 50, 50, 50, 50, 50, 50, 50, 50, 50, 50, 50, 50, 50, 50, 50, 50, 50, 50, 50, 50, 50, 50, 50, 50, 50, 50, 50, 50, 50, 50, 50, 50]

Generation 68
Average: 0.8908 Best: 0.9231
Best Individual: 
C0 20|32|33|7|4|23|13|9|22|26|31|28|14|3|8|27|1|16|6|17|24|2|11|29|5|18|0|10|30|21|25|12|19|15|
Overall Best: 0.9402 Generation: 32
length: 34.0
feature_occurency: [50, 50, 50, 50, 50, 50, 50, 50, 50, 50, 50, 50, 50, 50, 50, 50, 50, 50, 50, 50, 50, 50, 50, 50, 50, 50, 50, 50, 50, 50, 50, 50, 50, 50]

Generation 69
Average: 0.8943 Best: 0.9174
Best Individual: 
C0 20|32|22|7|4|23|11|9|33|26|31|28|14|1|8|27|3|16|6|17|21|2|13|29|5|18|0|10|30|24|25|12|19|15|
Overall Best: 0.9402 Generation: 32
length: 34.0
feature_occurency: [50, 50, 50, 50, 50, 50, 50, 50, 50, 50, 50, 50, 50, 50, 50, 50, 50, 50, 50, 50, 50, 50, 50, 50, 50, 50, 50, 50, 50, 50, 50, 50, 50, 50]

Generation 70
Average: 0.8952 Best: 0.9259
Best Individual: 
C0 23|9|18|8|22|0|19|7|4|1|10|28|25|2|3|6|33|5|11|27|24|16|12|31|14|17|26|13|15|21|29|20|30|32|
Overall Best: 0.9402 Generation: 32
length: 34.0
feature_occurency: [50, 50, 50, 50, 50, 50, 50, 50, 50, 50, 50, 50, 50, 50, 50, 50, 50, 50, 50, 50, 50, 50, 50, 50, 50, 50, 50, 50, 50, 50, 50, 50, 50, 50]

Generation 71
Average: 0.8937 Best: 0.9202
Best Individual: 
C0 4|13|20|0|24|23|19|7|33|6|28|26|31|3|16|15|1|30|32|17|9|2|8|29|5|10|22|18|11|21|14|12|27|25|
Overall Best: 0.9402 Generation: 32
length: 34.0
feature_occurency: [50, 50, 50, 50, 50, 50, 50, 50, 50, 50, 50, 50, 50, 50, 50, 50, 50, 50, 50, 50, 50, 50, 50, 50, 50, 50, 50, 50, 50, 50, 50, 50, 50, 50]

Generation 72
Average: 0.8961 Best: 0.9288
Best Individual: 
C0 4|23|20|18|24|21|19|7|25|26|16|6|14|3|8|17|1|30|33|5|9|22|29|32|31|12|15|2|28|13|27|10|11|0|
Overall Best: 0.9402 Generation: 32
length: 34.0
feature_occurency: [50, 50, 50, 50, 50, 50, 50, 50, 50, 50, 50, 50, 50, 50, 50, 50, 50, 50, 50, 50, 50, 50, 50, 50, 50, 50, 50, 50, 50, 50, 50, 50, 50, 50]

Generation 73
Average: 0.8950 Best: 0.9202
Best Individual: 
C0 8|11|19|24|10|23|4|1|7|26|14|6|21|0|27|33|16|22|30|28|20|5|9|17|15|18|2|29|31|12|13|25|3|32|
Overall Best: 0.9402 Generation: 32
length: 34.0
feature_occurency: [50, 50, 50, 50, 50, 50, 50, 50, 50, 50, 50, 50, 50, 50, 50, 50, 50, 50, 50, 50, 50, 50, 50, 50, 50, 50, 50, 50, 50, 50, 50, 50, 50, 50]

Generation 74
Average: 0.8940 Best: 0.9202
Best Individual: 
C0 30|33|4|26|1|0|28|3|19|10|6|16|9|17|23|8|5|25|18|11|20|22|29|2|27|24|13|14|15|21|7|31|12|32|
Overall Best: 0.9402 Generation: 32
length: 34.0
feature_occurency: [50, 50, 50, 50, 50, 50, 50, 50, 50, 50, 50, 50, 50, 50, 50, 50, 50, 50, 50, 50, 50, 50, 50, 50, 50, 50, 50, 50, 50, 50, 50, 50, 50, 50]

Generation 75
Average: 0.8915 Best: 0.9202
Best Individual: 
C0 1|4|22|23|10|32|33|28|8|5|13|3|30|20|14|19|11|2|27|18|29|24|21|31|15|12|0|26|7|25|9|6|16|17|
Overall Best: 0.9402 Generation: 32
length: 34.0
feature_occurency: [50, 50, 50, 50, 50, 50, 50, 50, 50, 50, 50, 50, 50, 50, 50, 50, 50, 50, 50, 50, 50, 50, 50, 50, 50, 50, 50, 50, 50, 50, 50, 50, 50, 50]

Generation 76
Average: 0.8913 Best: 0.9202
Best Individual: 
C0 1|4|23|32|10|22|33|28|8|5|13|3|30|20|14|19|11|2|27|18|29|24|21|31|15|12|0|26|7|25|9|6|16|17|
Overall Best: 0.9402 Generation: 32
length: 34.0
feature_occurency: [50, 50, 50, 50, 50, 50, 50, 50, 50, 50, 50, 50, 50, 50, 50, 50, 50, 50, 50, 50, 50, 50, 50, 50, 50, 50, 50, 50, 50, 50, 50, 50, 50, 50]

Generation 77
Average: 0.8876 Best: 0.9316
Best Individual: 
C0 26|4|22|23|10|20|33|28|8|5|0|3|30|16|14|19|11|2|27|9|29|24|21|12|15|31|7|1|25|13|18|6|32|17|
Overall Best: 0.9402 Generation: 32
length: 34.0
feature_occurency: [50, 50, 50, 50, 50, 50, 50, 50, 50, 50, 50, 50, 50, 50, 50, 50, 50, 50, 50, 50, 50, 50, 50, 50, 50, 50, 50, 50, 50, 50, 50, 50, 50, 50]

Generation 78
Average: 0.8886 Best: 0.9174
Best Individual: 
C0 3|32|5|33|22|4|16|19|28|26|6|10|9|17|23|8|12|20|27|29|11|1|21|2|25|24|13|14|18|15|7|0|31|30|
Overall Best: 0.9402 Generation: 32
length: 34.0
feature_occurency: [50, 50, 50, 50, 50, 50, 50, 50, 50, 50, 50, 50, 50, 50, 50, 50, 50, 50, 50, 50, 50, 50, 50, 50, 50, 50, 50, 50, 50, 50, 50, 50, 50, 50]

Generation 79
Average: 0.8880 Best: 0.9202
Best Individual: 
C0 8|11|20|23|10|4|7|5|24|6|22|2|9|3|14|30|16|27|33|28|17|1|25|21|26|31|12|0|18|19|13|15|29|32|
Overall Best: 0.9402 Generation: 32
length: 34.0
feature_occurency: [50, 50, 50, 50, 50, 50, 50, 50, 50, 50, 50, 50, 50, 50, 50, 50, 50, 50, 50, 50, 50, 50, 50, 50, 50, 50, 50, 50, 50, 50, 50, 50, 50, 50]

Generation 80
Average: 0.8916 Best: 0.9231
Best Individual: 
C0 16|22|26|32|4|20|33|28|8|23|15|24|27|11|7|19|17|2|21|18|30|13|10|5|9|31|14|1|25|3|0|6|12|29|
Overall Best: 0.9402 Generation: 32
length: 34.0
feature_occurency: [50, 50, 50, 50, 50, 50, 50, 50, 50, 50, 50, 50, 50, 50, 50, 50, 50, 50, 50, 50, 50, 50, 50, 50, 50, 50, 50, 50, 50, 50, 50, 50, 50, 50]

Generation 81
Average: 0.8936 Best: 0.9231
Best Individual: 
C0 16|22|26|32|4|20|33|28|8|23|15|24|27|11|7|19|17|2|21|18|30|13|10|5|9|31|14|1|29|3|0|6|12|25|
Overall Best: 0.9402 Generation: 32
length: 34.0
feature_occurency: [50, 50, 50, 50, 50, 50, 50, 50, 50, 50, 50, 50, 50, 50, 50, 50, 50, 50, 50, 50, 50, 50, 50, 50, 50, 50, 50, 50, 50, 50, 50, 50, 50, 50]

Generation 82
Average: 0.8951 Best: 0.9231
Best Individual: 
C0 33|20|19|32|6|12|23|7|5|0|11|28|31|15|8|3|4|9|22|13|24|2|16|14|17|10|26|25|27|29|1|30|18|21|
Overall Best: 0.9402 Generation: 32
length: 34.0
feature_occurency: [50, 50, 50, 50, 50, 50, 50, 50, 50, 50, 50, 50, 50, 50, 50, 50, 50, 50, 50, 50, 50, 50, 50, 50, 50, 50, 50, 50, 50, 50, 50, 50, 50, 50]

Generation 83
Average: 0.8932 Best: 0.9259
Best Individual: 
C0 4|11|23|18|7|24|20|33|28|26|8|5|19|6|12|31|25|15|21|2|27|14|22|3|16|10|0|9|17|29|1|30|32|13|
Overall Best: 0.9402 Generation: 32
length: 34.0
feature_occurency: [50, 50, 50, 50, 50, 50, 50, 50, 50, 50, 50, 50, 50, 50, 50, 50, 50, 50, 50, 50, 50, 50, 50, 50, 50, 50, 50, 50, 50, 50, 50, 50, 50, 50]

Generation 84
Average: 0.8921 Best: 0.9373
Best Individual: 
C0 4|17|23|26|8|16|0|33|28|1|7|25|19|18|10|2|27|30|9|3|14|13|24|32|15|11|29|31|6|21|20|5|22|12|
Overall Best: 0.9402 Generation: 32
length: 34.0
feature_occurency: [50, 50, 50, 50, 50, 50, 50, 50, 50, 50, 50, 50, 50, 50, 50, 50, 50, 50, 50, 50, 50, 50, 50, 50, 50, 50, 50, 50, 50, 50, 50, 50, 50, 50]

Generation 85
Average: 0.8938 Best: 0.9373
Best Individual: 
C0 4|17|23|26|8|16|0|33|28|1|7|6|19|18|10|2|27|30|9|3|14|13|24|32|15|21|29|31|25|20|11|5|22|12|
Overall Best: 0.9402 Generation: 32
length: 34.0
feature_occurency: [50, 50, 50, 50, 50, 50, 50, 50, 50, 50, 50, 50, 50, 50, 50, 50, 50, 50, 50, 50, 50, 50, 50, 50, 50, 50, 50, 50, 50, 50, 50, 50, 50, 50]

Generation 86
Average: 0.8929 Best: 0.9373
Best Individual: 
C0 4|16|23|26|22|3|0|28|33|1|7|25|19|18|10|2|27|6|9|17|14|13|24|21|15|11|29|31|30|32|20|5|8|12|
Overall Best: 0.9402 Generation: 32
length: 34.0
feature_occurency: [50, 50, 50, 50, 50, 50, 50, 50, 50, 50, 50, 50, 50, 50, 50, 50, 50, 50, 50, 50, 50, 50, 50, 50, 50, 50, 50, 50, 50, 50, 50, 50, 50, 50]

Generation 87
Average: 0.8937 Best: 0.9231
Best Individual: 
C0 3|11|26|22|4|5|10|33|28|23|12|14|13|2|27|25|21|7|20|0|32|31|18|30|6|8|29|1|17|15|9|24|16|19|
Overall Best: 0.9402 Generation: 32
length: 34.0
feature_occurency: [50, 50, 50, 50, 50, 50, 50, 50, 50, 50, 50, 50, 50, 50, 50, 50, 50, 50, 50, 50, 50, 50, 50, 50, 50, 50, 50, 50, 50, 50, 50, 50, 50, 50]

Generation 88
Average: 0.8915 Best: 0.9345
Best Individual: 
C0 15|28|0|19|4|3|29|23|17|22|8|25|33|18|16|9|10|24|26|30|12|32|2|5|21|31|14|6|20|27|7|1|13|11|
Overall Best: 0.9402 Generation: 32
length: 34.0
feature_occurency: [50, 50, 50, 50, 50, 50, 50, 50, 50, 50, 50, 50, 50, 50, 50, 50, 50, 50, 50, 50, 50, 50, 50, 50, 50, 50, 50, 50, 50, 50, 50, 50, 50, 50]

Generation 89
Average: 0.8924 Best: 0.9202
Best Individual: 
C0 3|18|26|12|4|27|15|28|23|1|13|29|33|16|2|14|5|11|20|17|32|8|7|30|25|21|6|19|0|31|9|24|10|22|
Overall Best: 0.9402 Generation: 32
length: 34.0
feature_occurency: [50, 50, 50, 50, 50, 50, 50, 50, 50, 50, 50, 50, 50, 50, 50, 50, 50, 50, 50, 50, 50, 50, 50, 50, 50, 50, 50, 50, 50, 50, 50, 50, 50, 50]

Generation 90
Average: 0.8969 Best: 0.9316
Best Individual: 
C0 7|13|28|26|20|10|24|6|19|4|1|33|29|17|16|9|27|5|18|30|12|32|21|8|15|2|22|23|25|3|11|0|31|14|
Overall Best: 0.9402 Generation: 32
length: 34.0
feature_occurency: [50, 50, 50, 50, 50, 50, 50, 50, 50, 50, 50, 50, 50, 50, 50, 50, 50, 50, 50, 50, 50, 50, 50, 50, 50, 50, 50, 50, 50, 50, 50, 50, 50, 50]

Generation 91
Average: 0.8973 Best: 0.9231
Best Individual: 
C0 4|26|31|2|20|0|23|29|7|22|13|25|21|8|14|9|27|1|16|30|12|32|19|11|10|3|24|18|6|33|17|28|15|5|
Overall Best: 0.9402 Generation: 32
length: 34.0
feature_occurency: [50, 50, 50, 50, 50, 50, 50, 50, 50, 50, 50, 50, 50, 50, 50, 50, 50, 50, 50, 50, 50, 50, 50, 50, 50, 50, 50, 50, 50, 50, 50, 50, 50, 50]

Generation 92
Average: 0.8947 Best: 0.9231
Best Individual: 
C0 29|27|7|19|28|10|6|22|15|4|1|0|11|31|5|17|32|12|23|13|33|2|18|9|3|14|21|30|20|25|8|24|16|26|
Overall Best: 0.9402 Generation: 32
length: 34.0
feature_occurency: [50, 50, 50, 50, 50, 50, 50, 50, 50, 50, 50, 50, 50, 50, 50, 50, 50, 50, 50, 50, 50, 50, 50, 50, 50, 50, 50, 50, 50, 50, 50, 50, 50, 50]

Generation 93
Average: 0.8915 Best: 0.9202
Best Individual: 
C0 7|31|19|26|20|15|8|6|28|4|1|33|21|17|27|22|16|5|18|30|12|32|29|24|2|9|10|23|25|3|11|0|13|14|
Overall Best: 0.9402 Generation: 32
length: 34.0
feature_occurency: [50, 50, 50, 50, 50, 50, 50, 50, 50, 50, 50, 50, 50, 50, 50, 50, 50, 50, 50, 50, 50, 50, 50, 50, 50, 50, 50, 50, 50, 50, 50, 50, 50, 50]

Generation 94
Average: 0.8950 Best: 0.9259
Best Individual: 
C0 3|27|15|12|4|1|26|8|23|28|13|29|10|32|24|30|5|11|20|17|16|19|7|18|14|21|31|25|2|6|9|0|33|22|
Overall Best: 0.9402 Generation: 32
length: 34.0
feature_occurency: [50, 50, 50, 50, 50, 50, 50, 50, 50, 50, 50, 50, 50, 50, 50, 50, 50, 50, 50, 50, 50, 50, 50, 50, 50, 50, 50, 50, 50, 50, 50, 50, 50, 50]

Generation 95
Average: 0.8896 Best: 0.9259
Best Individual: 
C0 0|13|26|12|33|1|19|23|17|2|6|3|21|8|4|10|11|29|14|16|9|30|15|27|22|31|18|25|5|24|32|28|7|20|
Overall Best: 0.9402 Generation: 32
length: 34.0
feature_occurency: [50, 50, 50, 50, 50, 50, 50, 50, 50, 50, 50, 50, 50, 50, 50, 50, 50, 50, 50, 50, 50, 50, 50, 50, 50, 50, 50, 50, 50, 50, 50, 50, 50, 50]

Generation 96
Average: 0.8952 Best: 0.9231
Best Individual: 
C0 22|26|6|2|14|10|19|29|15|4|21|28|13|8|16|18|32|5|12|30|17|27|23|11|20|3|24|7|31|25|1|33|9|0|
Overall Best: 0.9402 Generation: 32
length: 34.0
feature_occurency: [50, 50, 50, 50, 50, 50, 50, 50, 50, 50, 50, 50, 50, 50, 50, 50, 50, 50, 50, 50, 50, 50, 50, 50, 50, 50, 50, 50, 50, 50, 50, 50, 50, 50]

Generation 97
Average: 0.8929 Best: 0.9231
Best Individual: 
C0 22|6|2|26|14|10|19|29|15|4|18|28|13|8|16|21|32|5|12|30|17|27|23|11|20|3|24|9|31|25|1|33|7|0|
Overall Best: 0.9402 Generation: 32
length: 34.0
feature_occurency: [50, 50, 50, 50, 50, 50, 50, 50, 50, 50, 50, 50, 50, 50, 50, 50, 50, 50, 50, 50, 50, 50, 50, 50, 50, 50, 50, 50, 50, 50, 50, 50, 50, 50]

Generation 98
Average: 0.8985 Best: 0.9288
Best Individual: 
C0 21|3|20|19|33|1|32|8|23|4|13|29|10|17|5|31|27|0|22|2|25|12|30|24|6|16|18|26|28|15|9|7|11|14|
Overall Best: 0.9402 Generation: 32
length: 34.0
feature_occurency: [50, 50, 50, 50, 50, 50, 50, 50, 50, 50, 50, 50, 50, 50, 50, 50, 50, 50, 50, 50, 50, 50, 50, 50, 50, 50, 50, 50, 50, 50, 50, 50, 50, 50]

Generation 99
Average: 0.8963 Best: 0.9288
Best Individual: 
C0 21|3|20|19|33|1|32|8|23|4|13|29|10|17|5|31|27|0|22|2|25|12|30|24|6|16|18|26|28|15|9|7|11|14|
Overall Best: 0.9402 Generation: 32
==================
    Best individual after 100 generations
    computed in 106.5920 seconds
    330 elements out of 351 correct.
    emerged in generation 32
    with fitness 0.9402
==================

6|0|4|10|26|23|7|1|33|22|20|32|11|3|28|27|16|19|29|14|5|12|13|8|2|24|18|21|9|15|30|25|17|31|
