Starting evolution...
length: 34.0
feature_occurency: [50, 50, 50, 50, 50, 50, 50, 50, 50, 50, 50, 50, 50, 50, 50, 50, 50, 50, 50, 50, 50, 50, 50, 50, 50, 50, 50, 50, 50, 50, 50, 50, 50, 50]

Generation 0
Average: 0.8661 Best: 0.8661
Best Individual: 
C0 4|16|2|12|11|1|8|20|3|9|10|0|17|21|7|15|25|18|5|19|32|13|22|23|24|6|26|27|28|29|30|31|14|33|
Overall Best: 0.8661 Generation: 0
length: 34.0
feature_occurency: [50, 50, 50, 50, 50, 50, 50, 50, 50, 50, 50, 50, 50, 50, 50, 50, 50, 50, 50, 50, 50, 50, 50, 50, 50, 50, 50, 50, 50, 50, 50, 50, 50, 50]

Generation 1
Average: 0.8661 Best: 0.8661
Best Individual: 
C0 0|33|16|3|24|5|21|7|18|11|4|25|12|13|14|23|1|19|8|2|9|20|31|15|28|26|6|27|17|29|30|10|32|22|
Overall Best: 0.8661 Generation: 0
length: 34.0
feature_occurency: [50, 50, 50, 50, 50, 50, 50, 50, 50, 50, 50, 50, 50, 50, 50, 50, 50, 50, 50, 50, 50, 50, 50, 50, 50, 50, 50, 50, 50, 50, 50, 50, 50, 50]

Generation 2
Average: 0.8661 Best: 0.8661
Best Individual: 
C0 0|16|5|3|33|4|24|22|18|7|12|11|25|13|14|23|1|19|8|2|9|20|31|15|28|26|6|27|17|29|30|10|32|21|
Overall Best: 0.8661 Generation: 0
length: 34.0
feature_occurency: [50, 50, 50, 50, 50, 50, 50, 50, 50, 50, 50, 50, 50, 50, 50, 50, 50, 50, 50, 50, 50, 50, 50, 50, 50, 50, 50, 50, 50, 50, 50, 50, 50, 50]

Generation 3
Average: 0.8661 Best: 0.8661
Best Individual: 
C0 19|10|30|7|4|8|6|5|12|22|21|23|11|3|26|15|16|9|29|1|20|17|13|2|24|25|33|32|31|27|18|28|14|0|
Overall Best: 0.8661 Generation: 0
length: 34.0
feature_occurency: [50, 50, 50, 50, 50, 50, 50, 50, 50, 50, 50, 50, 50, 50, 50, 50, 50, 50, 50, 50, 50, 50, 50, 50, 50, 50, 50, 50, 50, 50, 50, 50, 50, 50]

Generation 4
Average: 0.8661 Best: 0.8661
Best Individual: 
C0 21|16|20|4|27|1|6|8|3|29|23|0|31|12|7|15|26|18|28|19|11|13|22|2|24|25|33|32|5|9|17|30|10|14|
Overall Best: 0.8661 Generation: 0
length: 34.0
feature_occurency: [50, 50, 50, 50, 50, 50, 50, 50, 50, 50, 50, 50, 50, 50, 50, 50, 50, 50, 50, 50, 50, 50, 50, 50, 50, 50, 50, 50, 50, 50, 50, 50, 50, 50]

Generation 5
Average: 0.8661 Best: 0.8661
Best Individual: 
C0 4|21|6|17|28|18|26|32|1|27|15|11|29|30|22|16|13|14|3|2|0|9|7|10|8|25|20|33|5|23|19|24|12|31|
Overall Best: 0.8661 Generation: 0
length: 34.0
feature_occurency: [50, 50, 50, 50, 50, 50, 50, 50, 50, 50, 50, 50, 50, 50, 50, 50, 50, 50, 50, 50, 50, 50, 50, 50, 50, 50, 50, 50, 50, 50, 50, 50, 50, 50]

Generation 6
Average: 0.8661 Best: 0.8661
Best Individual: 
C0 20|12|9|17|28|18|26|32|1|16|15|31|29|21|14|7|4|2|11|13|5|0|24|22|19|27|8|30|23|6|3|25|10|33|
Overall Best: 0.8661 Generation: 0
length: 34.0
feature_occurency: [50, 50, 50, 50, 50, 50, 50, 50, 50, 50, 50, 50, 50, 50, 50, 50, 50, 50, 50, 50, 50, 50, 50, 50, 50, 50, 50, 50, 50, 50, 50, 50, 50, 50]

Generation 7
Average: 0.8661 Best: 0.8661
Best Individual: 
C0 23|26|2|4|11|1|9|32|31|17|13|24|14|15|7|22|10|6|25|20|12|19|21|16|0|18|8|5|28|29|27|30|3|33|
Overall Best: 0.8661 Generation: 0
length: 34.0
feature_occurency: [50, 50, 50, 50, 50, 50, 50, 50, 50, 50, 50, 50, 50, 50, 50, 50, 50, 50, 50, 50, 50, 50, 50, 50, 50, 50, 50, 50, 50, 50, 50, 50, 50, 50]

Generation 8
Average: 0.8661 Best: 0.8661
Best Individual: 
C0 11|4|17|27|3|32|1|26|2|31|9|8|14|15|7|22|10|6|19|20|12|25|21|16|0|18|24|5|28|29|30|33|23|13|
Overall Best: 0.8661 Generation: 0
length: 34.0
feature_occurency: [50, 50, 50, 50, 50, 50, 50, 50, 50, 50, 50, 50, 50, 50, 50, 50, 50, 50, 50, 50, 50, 50, 50, 50, 50, 50, 50, 50, 50, 50, 50, 50, 50, 50]

Generation 9
Average: 0.8661 Best: 0.8661
Best Individual: 
C0 29|5|17|20|26|7|31|32|18|12|13|6|14|15|1|33|0|3|23|9|24|4|19|28|16|22|8|11|10|2|27|25|21|30|
Overall Best: 0.8661 Generation: 0
length: 34.0
feature_occurency: [50, 50, 50, 50, 50, 50, 50, 50, 50, 50, 50, 50, 50, 50, 50, 50, 50, 50, 50, 50, 50, 50, 50, 50, 50, 50, 50, 50, 50, 50, 50, 50, 50, 50]

Generation 10
Average: 0.8661 Best: 0.8661
Best Individual: 
C0 13|19|11|3|23|6|28|14|15|32|8|31|10|22|30|7|16|9|17|26|2|20|0|33|24|4|27|25|5|12|1|29|21|18|
Overall Best: 0.8661 Generation: 0
length: 34.0
feature_occurency: [50, 50, 50, 50, 50, 50, 50, 50, 50, 50, 50, 50, 50, 50, 50, 50, 50, 50, 50, 50, 50, 50, 50, 50, 50, 50, 50, 50, 50, 50, 50, 50, 50, 50]

Generation 11
Average: 0.8661 Best: 0.8661
Best Individual: 
C0 2|11|10|9|6|27|3|32|5|18|28|15|26|20|13|7|14|1|29|17|31|8|22|25|23|21|12|4|33|24|19|30|16|0|
Overall Best: 0.8661 Generation: 0
length: 34.0
feature_occurency: [50, 50, 50, 50, 50, 50, 50, 50, 50, 50, 50, 50, 50, 50, 50, 50, 50, 50, 50, 50, 50, 50, 50, 50, 50, 50, 50, 50, 50, 50, 50, 50, 50, 50]

Generation 12
Average: 0.8661 Best: 0.8661
Best Individual: 
C0 8|7|18|14|22|25|32|21|30|31|29|13|2|3|10|19|16|4|17|26|28|20|0|24|33|9|27|6|1|12|5|11|23|15|
Overall Best: 0.8661 Generation: 0
length: 34.0
feature_occurency: [50, 50, 50, 50, 50, 50, 50, 50, 50, 50, 50, 50, 50, 50, 50, 50, 50, 50, 50, 50, 50, 50, 50, 50, 50, 50, 50, 50, 50, 50, 50, 50, 50, 50]

Generation 13
Average: 0.8661 Best: 0.8661
Best Individual: 
C0 10|32|17|11|8|33|26|29|15|2|14|28|16|13|5|9|4|31|22|18|3|20|12|7|19|24|25|6|27|0|21|1|23|30|
Overall Best: 0.8661 Generation: 0
length: 34.0
feature_occurency: [50, 50, 50, 50, 50, 50, 50, 50, 50, 50, 50, 50, 50, 50, 50, 50, 50, 50, 50, 50, 50, 50, 50, 50, 50, 50, 50, 50, 50, 50, 50, 50, 50, 50]

Generation 14
Average: 0.8661 Best: 0.8661
Best Individual: 
C0 32|2|16|23|10|15|30|33|21|8|11|17|28|13|5|9|4|31|22|12|3|20|25|7|19|24|18|6|27|0|1|29|14|26|
Overall Best: 0.8661 Generation: 0
length: 34.0
feature_occurency: [50, 50, 50, 50, 50, 50, 50, 50, 50, 50, 50, 50, 50, 50, 50, 50, 50, 50, 50, 50, 50, 50, 50, 50, 50, 50, 50, 50, 50, 50, 50, 50, 50, 50]

Generation 15
Average: 0.8661 Best: 0.8661
Best Individual: 
C0 9|22|14|8|15|7|28|0|19|10|13|1|30|24|18|32|11|17|2|4|5|21|25|16|12|26|31|23|27|29|3|6|20|33|
Overall Best: 0.8661 Generation: 0
length: 34.0
feature_occurency: [50, 50, 50, 50, 50, 50, 50, 50, 50, 50, 50, 50, 50, 50, 50, 50, 50, 50, 50, 50, 50, 50, 50, 50, 50, 50, 50, 50, 50, 50, 50, 50, 50, 50]

Generation 16
Average: 0.8661 Best: 0.8661
Best Individual: 
C0 26|23|2|6|15|25|32|31|30|27|29|13|18|3|10|19|28|9|17|7|12|20|22|24|16|11|5|33|1|14|0|8|4|21|
Overall Best: 0.8661 Generation: 0
length: 34.0
feature_occurency: [50, 50, 50, 50, 50, 50, 50, 50, 50, 50, 50, 50, 50, 50, 50, 50, 50, 50, 50, 50, 50, 50, 50, 50, 50, 50, 50, 50, 50, 50, 50, 50, 50, 50]

Generation 17
Average: 0.8661 Best: 0.8661
Best Individual: 
C0 19|10|25|8|13|11|32|28|30|17|14|9|22|1|23|26|12|15|27|4|18|21|24|16|31|2|29|0|20|5|33|6|7|3|
Overall Best: 0.8661 Generation: 0
length: 34.0
feature_occurency: [50, 50, 50, 50, 50, 50, 50, 50, 50, 50, 50, 50, 50, 50, 50, 50, 50, 50, 50, 50, 50, 50, 50, 50, 50, 50, 50, 50, 50, 50, 50, 50, 50, 50]

Generation 18
Average: 0.8661 Best: 0.8661
Best Individual: 
C0 7|0|18|4|14|24|17|1|30|33|11|10|22|8|13|12|25|15|16|29|3|5|6|31|32|23|2|27|28|9|21|19|26|20|
Overall Best: 0.8661 Generation: 0
length: 34.0
feature_occurency: [50, 50, 50, 50, 50, 50, 50, 50, 50, 50, 50, 50, 50, 50, 50, 50, 50, 50, 50, 50, 50, 50, 50, 50, 50, 50, 50, 50, 50, 50, 50, 50, 50, 50]

Generation 19
Average: 0.8661 Best: 0.8661
Best Individual: 
C0 20|29|30|14|17|21|33|19|24|0|11|10|22|8|13|12|27|15|16|26|3|5|6|31|32|23|2|9|28|18|1|7|4|25|
Overall Best: 0.8661 Generation: 0
length: 34.0
feature_occurency: [50, 50, 50, 50, 50, 50, 50, 50, 50, 50, 50, 50, 50, 50, 50, 50, 50, 50, 50, 50, 50, 50, 50, 50, 50, 50, 50, 50, 50, 50, 50, 50, 50, 50]

Generation 20
Average: 0.8661 Best: 0.8661
Best Individual: 
C0 8|18|13|12|26|7|32|9|0|22|14|25|27|16|4|33|11|17|5|1|28|20|6|2|21|30|29|24|3|19|31|23|15|10|
Overall Best: 0.8661 Generation: 0
length: 34.0
feature_occurency: [50, 50, 50, 50, 50, 50, 50, 50, 50, 50, 50, 50, 50, 50, 50, 50, 50, 50, 50, 50, 50, 50, 50, 50, 50, 50, 50, 50, 50, 50, 50, 50, 50, 50]

Generation 21
Average: 0.8661 Best: 0.8661
Best Individual: 
C0 13|1|28|5|4|10|18|29|8|11|19|25|16|30|21|17|15|0|3|23|2|20|6|14|27|7|9|12|26|31|33|24|22|32|
Overall Best: 0.8661 Generation: 0
length: 34.0
feature_occurency: [50, 50, 50, 50, 50, 50, 50, 50, 50, 50, 50, 50, 50, 50, 50, 50, 50, 50, 50, 50, 50, 50, 50, 50, 50, 50, 50, 50, 50, 50, 50, 50, 50, 50]

Generation 22
Average: 0.8661 Best: 0.8661
Best Individual: 
C0 24|10|25|8|22|14|29|28|19|13|2|15|5|3|11|31|18|4|27|16|32|17|6|23|20|7|9|12|26|1|33|30|0|21|
Overall Best: 0.8661 Generation: 0
length: 34.0
feature_occurency: [50, 50, 50, 50, 50, 50, 50, 50, 50, 50, 50, 50, 50, 50, 50, 50, 50, 50, 50, 50, 50, 50, 50, 50, 50, 50, 50, 50, 50, 50, 50, 50, 50, 50]

Generation 23
Average: 0.8661 Best: 0.8661
Best Individual: 
C0 11|14|13|12|26|7|28|9|32|22|18|25|27|16|4|33|8|29|5|1|0|20|19|21|2|10|17|24|30|6|31|23|15|3|
Overall Best: 0.8661 Generation: 0
length: 34.0
feature_occurency: [50, 50, 50, 50, 50, 50, 50, 50, 50, 50, 50, 50, 50, 50, 50, 50, 50, 50, 50, 50, 50, 50, 50, 50, 50, 50, 50, 50, 50, 50, 50, 50, 50, 50]

Generation 24
Average: 0.8661 Best: 0.8661
Best Individual: 
C0 21|5|30|33|4|8|12|29|2|0|18|11|23|24|15|28|20|9|26|22|1|27|6|7|25|32|17|19|14|13|16|10|31|3|
Overall Best: 0.8661 Generation: 0
length: 34.0
feature_occurency: [50, 50, 50, 50, 50, 50, 50, 50, 50, 50, 50, 50, 50, 50, 50, 50, 50, 50, 50, 50, 50, 50, 50, 50, 50, 50, 50, 50, 50, 50, 50, 50, 50, 50]

Generation 25
Average: 0.8661 Best: 0.8661
Best Individual: 
C0 14|6|12|5|19|10|18|20|15|28|4|11|8|26|21|13|17|29|16|30|1|27|9|31|33|23|24|2|3|0|22|25|7|32|
Overall Best: 0.8661 Generation: 0
length: 34.0
feature_occurency: [50, 50, 50, 50, 50, 50, 50, 50, 50, 50, 50, 50, 50, 50, 50, 50, 50, 50, 50, 50, 50, 50, 50, 50, 50, 50, 50, 50, 50, 50, 50, 50, 50, 50]

Generation 26
Average: 0.8661 Best: 0.8661
Best Individual: 
C0 22|7|17|5|18|10|3|20|15|28|24|11|8|26|21|16|12|29|13|30|1|27|14|6|0|31|32|33|2|19|25|4|23|9|
Overall Best: 0.8661 Generation: 0
length: 34.0
feature_occurency: [50, 50, 50, 50, 50, 50, 50, 50, 50, 50, 50, 50, 50, 50, 50, 50, 50, 50, 50, 50, 50, 50, 50, 50, 50, 50, 50, 50, 50, 50, 50, 50, 50, 50]

Generation 27
Average: 0.8661 Best: 0.8661
Best Individual: 
C0 14|9|17|5|18|10|3|20|15|28|24|11|31|26|21|16|23|4|27|7|32|12|1|19|8|33|2|13|29|30|22|25|6|0|
Overall Best: 0.8661 Generation: 0
length: 34.0
feature_occurency: [50, 50, 50, 50, 50, 50, 50, 50, 50, 50, 50, 50, 50, 50, 50, 50, 50, 50, 50, 50, 50, 50, 50, 50, 50, 50, 50, 50, 50, 50, 50, 50, 50, 50]

Generation 28
Average: 0.8661 Best: 0.8661
Best Individual: 
C0 24|5|28|19|21|12|20|3|17|0|15|7|22|16|9|33|11|13|30|26|14|2|25|32|18|23|10|8|1|4|31|27|6|29|
Overall Best: 0.8661 Generation: 0
length: 34.0
feature_occurency: [50, 50, 50, 50, 50, 50, 50, 50, 50, 50, 50, 50, 50, 50, 50, 50, 50, 50, 50, 50, 50, 50, 50, 50, 50, 50, 50, 50, 50, 50, 50, 50, 50, 50]

Generation 29
Average: 0.8661 Best: 0.8661
Best Individual: 
C0 21|22|4|5|18|10|3|20|15|28|24|11|31|25|16|33|6|26|1|14|9|23|30|29|13|12|32|8|17|27|0|19|7|2|
Overall Best: 0.8661 Generation: 0
length: 34.0
feature_occurency: [50, 50, 50, 50, 50, 50, 50, 50, 50, 50, 50, 50, 50, 50, 50, 50, 50, 50, 50, 50, 50, 50, 50, 50, 50, 50, 50, 50, 50, 50, 50, 50, 50, 50]

Generation 30
Average: 0.8661 Best: 0.8661
Best Individual: 
C0 28|11|4|2|24|22|26|16|27|3|19|23|7|32|10|5|13|17|8|14|12|25|30|33|18|9|1|31|20|15|29|6|0|21|
Overall Best: 0.8661 Generation: 0
length: 34.0
feature_occurency: [50, 50, 50, 50, 50, 50, 50, 50, 50, 50, 50, 50, 50, 50, 50, 50, 50, 50, 50, 50, 50, 50, 50, 50, 50, 50, 50, 50, 50, 50, 50, 50, 50, 50]

Generation 31
Average: 0.8661 Best: 0.8661
Best Individual: 
C0 26|21|7|10|28|30|22|5|27|19|0|25|3|18|16|6|9|32|12|20|2|31|24|13|17|29|1|33|15|8|4|23|14|11|
Overall Best: 0.8661 Generation: 0
length: 34.0
feature_occurency: [50, 50, 50, 50, 50, 50, 50, 50, 50, 50, 50, 50, 50, 50, 50, 50, 50, 50, 50, 50, 50, 50, 50, 50, 50, 50, 50, 50, 50, 50, 50, 50, 50, 50]

Generation 32
Average: 0.8661 Best: 0.8661
Best Individual: 
C0 28|30|4|2|11|22|26|27|16|3|0|23|7|18|10|5|13|17|8|14|12|25|24|33|32|9|1|31|20|15|29|6|19|21|
Overall Best: 0.8661 Generation: 0
length: 34.0
feature_occurency: [50, 50, 50, 50, 50, 50, 50, 50, 50, 50, 50, 50, 50, 50, 50, 50, 50, 50, 50, 50, 50, 50, 50, 50, 50, 50, 50, 50, 50, 50, 50, 50, 50, 50]

Generation 33
Average: 0.8661 Best: 0.8661
Best Individual: 
C0 2|26|14|15|19|6|7|30|16|1|31|24|32|3|9|33|4|27|21|22|12|8|11|17|18|25|23|20|0|29|13|10|28|5|
Overall Best: 0.8661 Generation: 0
length: 34.0
feature_occurency: [50, 50, 50, 50, 50, 50, 50, 50, 50, 50, 50, 50, 50, 50, 50, 50, 50, 50, 50, 50, 50, 50, 50, 50, 50, 50, 50, 50, 50, 50, 50, 50, 50, 50]

Generation 34
Average: 0.8661 Best: 0.8661
Best Individual: 
C0 13|10|30|7|31|32|5|2|29|20|0|6|14|12|26|24|33|3|21|22|4|8|11|17|18|25|28|19|16|15|9|23|27|1|
Overall Best: 0.8661 Generation: 0
length: 34.0
feature_occurency: [50, 50, 50, 50, 50, 50, 50, 50, 50, 50, 50, 50, 50, 50, 50, 50, 50, 50, 50, 50, 50, 50, 50, 50, 50, 50, 50, 50, 50, 50, 50, 50, 50, 50]

Generation 35
Average: 0.8661 Best: 0.8661
Best Individual: 
C0 30|24|14|29|23|1|7|5|8|25|10|9|33|27|18|26|32|2|4|17|19|6|22|12|21|0|31|28|3|16|13|11|20|15|
Overall Best: 0.8661 Generation: 0
length: 34.0
feature_occurency: [50, 50, 50, 50, 50, 50, 50, 50, 50, 50, 50, 50, 50, 50, 50, 50, 50, 50, 50, 50, 50, 50, 50, 50, 50, 50, 50, 50, 50, 50, 50, 50, 50, 50]

Generation 36
Average: 0.8661 Best: 0.8661
Best Individual: 
C0 30|24|14|29|23|1|7|12|8|25|10|9|33|4|20|19|21|13|15|5|2|31|22|0|6|32|17|18|28|11|3|27|26|16|
Overall Best: 0.8661 Generation: 0
length: 34.0
feature_occurency: [50, 50, 50, 50, 50, 50, 50, 50, 50, 50, 50, 50, 50, 50, 50, 50, 50, 50, 50, 50, 50, 50, 50, 50, 50, 50, 50, 50, 50, 50, 50, 50, 50, 50]

Generation 37
Average: 0.8661 Best: 0.8661
Best Individual: 
C0 9|4|5|20|27|28|3|2|30|12|17|32|21|10|6|29|0|25|1|22|13|8|33|26|16|19|23|11|7|15|14|24|18|31|
Overall Best: 0.8661 Generation: 0
length: 34.0
feature_occurency: [50, 50, 50, 50, 50, 50, 50, 50, 50, 50, 50, 50, 50, 50, 50, 50, 50, 50, 50, 50, 50, 50, 50, 50, 50, 50, 50, 50, 50, 50, 50, 50, 50, 50]

Generation 38
Average: 0.8661 Best: 0.8661
Best Individual: 
C0 15|17|26|16|32|24|9|13|27|31|23|6|1|4|20|18|33|22|25|7|10|12|8|21|30|14|29|3|11|5|19|0|28|2|
Overall Best: 0.8661 Generation: 0
length: 34.0
feature_occurency: [50, 50, 50, 50, 50, 50, 50, 50, 50, 50, 50, 50, 50, 50, 50, 50, 50, 50, 50, 50, 50, 50, 50, 50, 50, 50, 50, 50, 50, 50, 50, 50, 50, 50]

Generation 39
Average: 0.8661 Best: 0.8661
Best Individual: 
C0 15|17|26|27|9|24|4|18|11|30|21|12|16|13|19|14|2|1|23|7|28|31|5|29|3|22|0|32|20|33|8|6|25|10|
Overall Best: 0.8661 Generation: 0
length: 34.0
feature_occurency: [50, 50, 50, 50, 50, 50, 50, 50, 50, 50, 50, 50, 50, 50, 50, 50, 50, 50, 50, 50, 50, 50, 50, 50, 50, 50, 50, 50, 50, 50, 50, 50, 50, 50]

Generation 40
Average: 0.8661 Best: 0.8661
Best Individual: 
C0 31|28|15|25|18|4|17|23|8|1|2|30|21|7|11|10|22|13|12|29|32|33|19|27|9|26|0|24|5|16|6|14|3|20|
Overall Best: 0.8661 Generation: 0
length: 34.0
feature_occurency: [50, 50, 50, 50, 50, 50, 50, 50, 50, 50, 50, 50, 50, 50, 50, 50, 50, 50, 50, 50, 50, 50, 50, 50, 50, 50, 50, 50, 50, 50, 50, 50, 50, 50]

Generation 41
Average: 0.8661 Best: 0.8661
Best Individual: 
C0 27|26|31|15|9|24|1|5|11|30|21|12|28|33|19|14|2|0|23|17|16|32|18|29|7|22|3|20|4|8|10|6|25|13|
Overall Best: 0.8661 Generation: 0
length: 34.0
feature_occurency: [50, 50, 50, 50, 50, 50, 50, 50, 50, 50, 50, 50, 50, 50, 50, 50, 50, 50, 50, 50, 50, 50, 50, 50, 50, 50, 50, 50, 50, 50, 50, 50, 50, 50]

Generation 42
Average: 0.8661 Best: 0.8661
Best Individual: 
C0 25|33|24|15|31|5|2|20|22|19|30|26|7|16|23|6|18|4|32|13|10|11|17|12|9|3|8|28|0|29|1|21|27|14|
Overall Best: 0.8661 Generation: 0
length: 34.0
feature_occurency: [50, 50, 50, 50, 50, 50, 50, 50, 50, 50, 50, 50, 50, 50, 50, 50, 50, 50, 50, 50, 50, 50, 50, 50, 50, 50, 50, 50, 50, 50, 50, 50, 50, 50]

Generation 43
Average: 0.8661 Best: 0.8661
Best Individual: 
C0 31|33|24|28|25|17|12|18|22|19|30|26|7|16|23|6|20|4|32|1|29|11|5|2|9|3|13|10|0|15|8|21|27|14|
Overall Best: 0.8661 Generation: 0
length: 34.0
feature_occurency: [50, 50, 50, 50, 50, 50, 50, 50, 50, 50, 50, 50, 50, 50, 50, 50, 50, 50, 50, 50, 50, 50, 50, 50, 50, 50, 50, 50, 50, 50, 50, 50, 50, 50]

Generation 44
Average: 0.8661 Best: 0.8661
Best Individual: 
C0 2|30|27|9|12|33|25|7|22|19|18|17|31|8|29|24|3|6|4|28|13|11|20|5|15|14|16|10|0|23|1|21|26|32|
Overall Best: 0.8661 Generation: 0
length: 34.0
feature_occurency: [50, 50, 50, 50, 50, 50, 50, 50, 50, 50, 50, 50, 50, 50, 50, 50, 50, 50, 50, 50, 50, 50, 50, 50, 50, 50, 50, 50, 50, 50, 50, 50, 50, 50]

Generation 45
Average: 0.8661 Best: 0.8661
Best Individual: 
C0 25|31|27|26|23|14|18|7|33|11|10|4|29|2|5|8|12|22|9|28|0|19|6|17|13|24|32|16|30|3|15|21|1|20|
Overall Best: 0.8661 Generation: 0
length: 34.0
feature_occurency: [50, 50, 50, 50, 50, 50, 50, 50, 50, 50, 50, 50, 50, 50, 50, 50, 50, 50, 50, 50, 50, 50, 50, 50, 50, 50, 50, 50, 50, 50, 50, 50, 50, 50]

Generation 46
Average: 0.8661 Best: 0.8661
Best Individual: 
C0 25|31|27|26|23|14|18|7|33|11|10|4|29|2|5|8|12|22|9|28|0|19|6|16|13|24|15|17|21|30|1|20|32|3|
Overall Best: 0.8661 Generation: 0
length: 34.0
feature_occurency: [50, 50, 50, 50, 50, 50, 50, 50, 50, 50, 50, 50, 50, 50, 50, 50, 50, 50, 50, 50, 50, 50, 50, 50, 50, 50, 50, 50, 50, 50, 50, 50, 50, 50]

Generation 47
Average: 0.8661 Best: 0.8661
Best Individual: 
C0 13|22|21|15|10|18|8|11|24|29|27|4|26|12|31|6|14|30|2|28|9|16|3|20|0|32|1|23|7|19|33|25|5|17|
Overall Best: 0.8661 Generation: 0
length: 34.0
feature_occurency: [50, 50, 50, 50, 50, 50, 50, 50, 50, 50, 50, 50, 50, 50, 50, 50, 50, 50, 50, 50, 50, 50, 50, 50, 50, 50, 50, 50, 50, 50, 50, 50, 50, 50]

Generation 48
Average: 0.8661 Best: 0.8661
Best Individual: 
C0 20|32|5|0|19|18|31|15|29|7|23|14|17|11|22|8|33|12|2|28|1|26|24|30|10|21|6|9|13|3|16|25|4|27|
Overall Best: 0.8661 Generation: 0
length: 34.0
feature_occurency: [50, 50, 50, 50, 50, 50, 50, 50, 50, 50, 50, 50, 50, 50, 50, 50, 50, 50, 50, 50, 50, 50, 50, 50, 50, 50, 50, 50, 50, 50, 50, 50, 50, 50]

Generation 49
Average: 0.8661 Best: 0.8661
Best Individual: 
C0 32|20|18|26|19|31|27|15|29|7|23|16|17|11|22|8|33|12|0|28|1|2|5|10|30|21|6|9|13|3|14|25|4|24|
Overall Best: 0.8661 Generation: 0
length: 34.0
feature_occurency: [50, 50, 50, 50, 50, 50, 50, 50, 50, 50, 50, 50, 50, 50, 50, 50, 50, 50, 50, 50, 50, 50, 50, 50, 50, 50, 50, 50, 50, 50, 50, 50, 50, 50]

Generation 50
Average: 0.8661 Best: 0.8661
Best Individual: 
C0 11|29|9|26|19|20|23|6|17|33|7|4|27|12|24|14|32|3|21|15|13|28|5|10|1|30|16|2|0|18|31|25|8|22|
Overall Best: 0.8661 Generation: 0
length: 34.0
feature_occurency: [50, 50, 50, 50, 50, 50, 50, 50, 50, 50, 50, 50, 50, 50, 50, 50, 50, 50, 50, 50, 50, 50, 50, 50, 50, 50, 50, 50, 50, 50, 50, 50, 50, 50]

Generation 51
Average: 0.8661 Best: 0.8661
Best Individual: 
C0 22|23|20|28|19|1|18|16|24|30|10|6|8|0|29|11|26|3|7|13|31|4|17|15|32|21|14|25|9|27|33|2|5|12|
Overall Best: 0.8661 Generation: 0
length: 34.0
feature_occurency: [50, 50, 50, 50, 50, 50, 50, 50, 50, 50, 50, 50, 50, 50, 50, 50, 50, 50, 50, 50, 50, 50, 50, 50, 50, 50, 50, 50, 50, 50, 50, 50, 50, 50]

Generation 52
Average: 0.8661 Best: 0.8661
Best Individual: 
C0 26|20|23|24|19|1|18|16|15|30|33|31|8|21|27|6|28|13|22|9|25|4|12|17|2|10|0|14|11|29|7|5|3|32|
Overall Best: 0.8661 Generation: 0
length: 34.0
feature_occurency: [50, 50, 50, 50, 50, 50, 50, 50, 50, 50, 50, 50, 50, 50, 50, 50, 50, 50, 50, 50, 50, 50, 50, 50, 50, 50, 50, 50, 50, 50, 50, 50, 50, 50]

Generation 53
Average: 0.8661 Best: 0.8661
Best Individual: 
C0 0|6|16|2|33|27|5|30|13|31|9|4|23|19|17|10|24|20|7|18|14|1|28|26|15|32|25|29|11|12|8|3|22|21|
Overall Best: 0.8661 Generation: 0
length: 34.0
feature_occurency: [50, 50, 50, 50, 50, 50, 50, 50, 50, 50, 50, 50, 50, 50, 50, 50, 50, 50, 50, 50, 50, 50, 50, 50, 50, 50, 50, 50, 50, 50, 50, 50, 50, 50]

Generation 54
Average: 0.8661 Best: 0.8661
Best Individual: 
C0 13|1|25|23|33|27|5|15|21|31|6|4|29|9|26|11|2|20|14|18|28|12|16|10|30|32|17|0|24|19|7|22|8|3|
Overall Best: 0.8661 Generation: 0
length: 34.0
feature_occurency: [50, 50, 50, 50, 50, 50, 50, 50, 50, 50, 50, 50, 50, 50, 50, 50, 50, 50, 50, 50, 50, 50, 50, 50, 50, 50, 50, 50, 50, 50, 50, 50, 50, 50]

Generation 55
Average: 0.8661 Best: 0.8661
Best Individual: 
C0 14|0|20|9|26|12|15|16|8|5|28|11|18|21|32|1|33|23|6|13|31|2|25|27|3|29|17|30|24|19|7|22|10|4|
Overall Best: 0.8661 Generation: 0
length: 34.0
feature_occurency: [50, 50, 50, 50, 50, 50, 50, 50, 50, 50, 50, 50, 50, 50, 50, 50, 50, 50, 50, 50, 50, 50, 50, 50, 50, 50, 50, 50, 50, 50, 50, 50, 50, 50]

Generation 56
Average: 0.8661 Best: 0.8661
Best Individual: 
C0 27|6|31|33|2|3|29|22|17|5|18|32|23|1|25|26|11|20|21|28|14|12|16|7|10|15|30|0|24|9|4|8|13|19|
Overall Best: 0.8661 Generation: 0
length: 34.0
feature_occurency: [50, 50, 50, 50, 50, 50, 50, 50, 50, 50, 50, 50, 50, 50, 50, 50, 50, 50, 50, 50, 50, 50, 50, 50, 50, 50, 50, 50, 50, 50, 50, 50, 50, 50]

Generation 57
Average: 0.8661 Best: 0.8661
Best Individual: 
C0 28|3|11|13|18|29|12|31|32|22|5|17|25|20|0|33|15|19|8|2|21|1|23|30|27|24|7|4|9|26|16|6|10|14|
Overall Best: 0.8661 Generation: 0
length: 34.0
feature_occurency: [50, 50, 50, 50, 50, 50, 50, 50, 50, 50, 50, 50, 50, 50, 50, 50, 50, 50, 50, 50, 50, 50, 50, 50, 50, 50, 50, 50, 50, 50, 50, 50, 50, 50]

Generation 58
Average: 0.8661 Best: 0.8661
Best Individual: 
C0 9|26|11|6|13|29|22|31|32|12|5|17|25|28|0|33|15|19|8|2|21|1|23|30|27|24|7|16|18|4|14|20|10|3|
Overall Best: 0.8661 Generation: 0
length: 34.0
feature_occurency: [50, 50, 50, 50, 50, 50, 50, 50, 50, 50, 50, 50, 50, 50, 50, 50, 50, 50, 50, 50, 50, 50, 50, 50, 50, 50, 50, 50, 50, 50, 50, 50, 50, 50]

Generation 59
Average: 0.8661 Best: 0.8661
Best Individual: 
C0 27|31|32|24|23|22|19|3|0|9|4|17|21|16|25|26|11|2|20|28|14|12|1|7|10|18|30|29|6|13|8|15|5|33|
Overall Best: 0.8661 Generation: 0
length: 34.0
feature_occurency: [50, 50, 50, 50, 50, 50, 50, 50, 50, 50, 50, 50, 50, 50, 50, 50, 50, 50, 50, 50, 50, 50, 50, 50, 50, 50, 50, 50, 50, 50, 50, 50, 50, 50]

Generation 60
Average: 0.8661 Best: 0.8661
Best Individual: 
C0 7|21|27|6|4|15|24|25|28|14|10|26|32|3|22|11|18|20|1|13|9|12|16|29|17|23|2|0|8|19|30|33|5|31|
Overall Best: 0.8661 Generation: 0
length: 34.0
feature_occurency: [50, 50, 50, 50, 50, 50, 50, 50, 50, 50, 50, 50, 50, 50, 50, 50, 50, 50, 50, 50, 50, 50, 50, 50, 50, 50, 50, 50, 50, 50, 50, 50, 50, 50]

Generation 61
Average: 0.8661 Best: 0.8661
Best Individual: 
C0 12|33|24|15|30|5|9|23|27|0|19|31|16|2|18|21|22|20|25|26|14|32|1|7|10|29|8|4|11|13|3|28|6|17|
Overall Best: 0.8661 Generation: 0
length: 34.0
feature_occurency: [50, 50, 50, 50, 50, 50, 50, 50, 50, 50, 50, 50, 50, 50, 50, 50, 50, 50, 50, 50, 50, 50, 50, 50, 50, 50, 50, 50, 50, 50, 50, 50, 50, 50]

Generation 62
Average: 0.8661 Best: 0.8661
Best Individual: 
C0 9|29|16|31|24|19|13|21|32|22|33|26|3|4|11|17|25|12|6|28|20|8|14|5|7|18|0|10|15|2|23|27|30|1|
Overall Best: 0.8661 Generation: 0
length: 34.0
feature_occurency: [50, 50, 50, 50, 50, 50, 50, 50, 50, 50, 50, 50, 50, 50, 50, 50, 50, 50, 50, 50, 50, 50, 50, 50, 50, 50, 50, 50, 50, 50, 50, 50, 50, 50]

Generation 63
Average: 0.8661 Best: 0.8661
Best Individual: 
C0 30|1|17|3|16|28|0|18|23|2|10|29|11|32|8|6|26|14|31|13|4|12|22|33|25|15|7|19|24|5|27|21|20|9|
Overall Best: 0.8661 Generation: 0
length: 34.0
feature_occurency: [50, 50, 50, 50, 50, 50, 50, 50, 50, 50, 50, 50, 50, 50, 50, 50, 50, 50, 50, 50, 50, 50, 50, 50, 50, 50, 50, 50, 50, 50, 50, 50, 50, 50]

Generation 64
Average: 0.8661 Best: 0.8661
Best Individual: 
C0 20|23|15|7|31|28|0|18|30|2|10|29|11|32|8|6|26|14|21|1|5|16|27|17|33|24|9|19|12|3|25|22|4|13|
Overall Best: 0.8661 Generation: 0
length: 34.0
feature_occurency: [50, 50, 50, 50, 50, 50, 50, 50, 50, 50, 50, 50, 50, 50, 50, 50, 50, 50, 50, 50, 50, 50, 50, 50, 50, 50, 50, 50, 50, 50, 50, 50, 50, 50]

Generation 65
Average: 0.8661 Best: 0.8661
Best Individual: 
C0 17|33|12|15|2|19|9|0|14|18|13|4|23|32|7|20|21|24|3|10|30|11|27|31|6|1|28|29|22|25|16|8|5|26|
Overall Best: 0.8661 Generation: 0
length: 34.0
feature_occurency: [50, 50, 50, 50, 50, 50, 50, 50, 50, 50, 50, 50, 50, 50, 50, 50, 50, 50, 50, 50, 50, 50, 50, 50, 50, 50, 50, 50, 50, 50, 50, 50, 50, 50]

Generation 66
Average: 0.8661 Best: 0.8661
Best Individual: 
C0 15|24|7|10|18|32|26|0|20|30|9|31|16|27|13|8|17|5|12|33|3|2|29|25|6|4|19|28|22|23|11|1|21|14|
Overall Best: 0.8661 Generation: 0
length: 34.0
feature_occurency: [50, 50, 50, 50, 50, 50, 50, 50, 50, 50, 50, 50, 50, 50, 50, 50, 50, 50, 50, 50, 50, 50, 50, 50, 50, 50, 50, 50, 50, 50, 50, 50, 50, 50]

Generation 67
Average: 0.8661 Best: 0.8661
Best Individual: 
C0 21|14|28|18|13|33|8|15|5|17|9|23|25|32|7|20|2|24|3|10|30|11|27|31|6|1|0|29|22|12|16|4|19|26|
Overall Best: 0.8661 Generation: 0
length: 34.0
feature_occurency: [50, 50, 50, 50, 50, 50, 50, 50, 50, 50, 50, 50, 50, 50, 50, 50, 50, 50, 50, 50, 50, 50, 50, 50, 50, 50, 50, 50, 50, 50, 50, 50, 50, 50]

Generation 68
Average: 0.8661 Best: 0.8661
Best Individual: 
C0 26|19|15|23|27|1|22|0|29|7|12|8|20|6|5|4|11|21|10|28|31|2|3|13|17|33|30|25|16|9|32|18|24|14|
Overall Best: 0.8661 Generation: 0
length: 34.0
feature_occurency: [50, 50, 50, 50, 50, 50, 50, 50, 50, 50, 50, 50, 50, 50, 50, 50, 50, 50, 50, 50, 50, 50, 50, 50, 50, 50, 50, 50, 50, 50, 50, 50, 50, 50]

Generation 69
Average: 0.8661 Best: 0.8661
Best Individual: 
C0 13|25|3|5|2|33|31|1|4|14|6|17|32|0|11|24|20|16|22|18|23|9|12|10|21|7|15|26|8|28|19|30|27|29|
Overall Best: 0.8661 Generation: 0
length: 34.0
feature_occurency: [50, 50, 50, 50, 50, 50, 50, 50, 50, 50, 50, 50, 50, 50, 50, 50, 50, 50, 50, 50, 50, 50, 50, 50, 50, 50, 50, 50, 50, 50, 50, 50, 50, 50]

Generation 70
Average: 0.8661 Best: 0.8661
Best Individual: 
C0 17|25|1|15|2|33|14|32|4|12|21|13|24|16|7|3|29|23|19|10|0|28|8|18|6|11|5|26|31|9|22|30|27|20|
Overall Best: 0.8661 Generation: 0
length: 34.0
feature_occurency: [50, 50, 50, 50, 50, 50, 50, 50, 50, 50, 50, 50, 50, 50, 50, 50, 50, 50, 50, 50, 50, 50, 50, 50, 50, 50, 50, 50, 50, 50, 50, 50, 50, 50]

Generation 71
Average: 0.8661 Best: 0.8661
Best Individual: 
C0 0|8|29|11|28|12|7|5|2|25|6|33|31|30|32|19|22|1|4|9|16|14|21|13|24|27|20|15|10|3|23|26|17|18|
Overall Best: 0.8661 Generation: 0
length: 34.0
feature_occurency: [50, 50, 50, 50, 50, 50, 50, 50, 50, 50, 50, 50, 50, 50, 50, 50, 50, 50, 50, 50, 50, 50, 50, 50, 50, 50, 50, 50, 50, 50, 50, 50, 50, 50]

Generation 72
Average: 0.8661 Best: 0.8661
Best Individual: 
C0 14|2|7|27|6|3|15|28|21|8|29|24|13|17|25|32|22|19|18|12|20|26|16|4|10|23|11|0|1|5|33|31|9|30|
Overall Best: 0.8661 Generation: 0
length: 34.0
feature_occurency: [50, 50, 50, 50, 50, 50, 50, 50, 50, 50, 50, 50, 50, 50, 50, 50, 50, 50, 50, 50, 50, 50, 50, 50, 50, 50, 50, 50, 50, 50, 50, 50, 50, 50]

Generation 73
Average: 0.8661 Best: 0.8661
Best Individual: 
C0 16|33|20|27|18|10|3|31|14|1|25|29|24|6|9|11|21|15|17|32|13|22|30|23|19|12|7|2|4|26|5|28|0|8|
Overall Best: 0.8661 Generation: 0
length: 34.0
feature_occurency: [50, 50, 50, 50, 50, 50, 50, 50, 50, 50, 50, 50, 50, 50, 50, 50, 50, 50, 50, 50, 50, 50, 50, 50, 50, 50, 50, 50, 50, 50, 50, 50, 50, 50]

Generation 74
Average: 0.8661 Best: 0.8661
Best Individual: 
C0 4|27|15|14|0|5|29|18|22|26|10|32|20|23|24|2|25|21|7|31|13|17|11|6|8|12|19|16|30|9|3|28|33|1|
Overall Best: 0.8661 Generation: 0
length: 34.0
feature_occurency: [50, 50, 50, 50, 50, 50, 50, 50, 50, 50, 50, 50, 50, 50, 50, 50, 50, 50, 50, 50, 50, 50, 50, 50, 50, 50, 50, 50, 50, 50, 50, 50, 50, 50]

Generation 75
Average: 0.8661 Best: 0.8661
Best Individual: 
C0 11|12|31|13|22|32|21|5|18|25|6|33|28|20|10|30|8|1|4|2|24|17|3|23|29|15|14|0|7|27|9|16|19|26|
Overall Best: 0.8661 Generation: 0
length: 34.0
feature_occurency: [50, 50, 50, 50, 50, 50, 50, 50, 50, 50, 50, 50, 50, 50, 50, 50, 50, 50, 50, 50, 50, 50, 50, 50, 50, 50, 50, 50, 50, 50, 50, 50, 50, 50]

Generation 76
Average: 0.8661 Best: 0.8661
Best Individual: 
C0 4|27|31|23|22|12|8|20|33|19|13|6|26|7|30|24|3|2|14|10|18|0|11|15|29|17|25|32|16|9|28|21|5|1|
Overall Best: 0.8661 Generation: 0
length: 34.0
feature_occurency: [50, 50, 50, 50, 50, 50, 50, 50, 50, 50, 50, 50, 50, 50, 50, 50, 50, 50, 50, 50, 50, 50, 50, 50, 50, 50, 50, 50, 50, 50, 50, 50, 50, 50]

Generation 77
Average: 0.8661 Best: 0.8661
Best Individual: 
C0 29|23|28|31|7|26|30|18|3|17|2|15|8|16|4|6|10|33|13|24|0|25|14|20|27|21|11|1|5|9|19|32|22|12|
Overall Best: 0.8661 Generation: 0
length: 34.0
feature_occurency: [50, 50, 50, 50, 50, 50, 50, 50, 50, 50, 50, 50, 50, 50, 50, 50, 50, 50, 50, 50, 50, 50, 50, 50, 50, 50, 50, 50, 50, 50, 50, 50, 50, 50]

Generation 78
Average: 0.8661 Best: 0.8661
Best Individual: 
C0 30|11|27|14|18|32|15|12|22|4|29|24|0|31|13|2|9|6|3|10|17|7|8|19|33|26|16|1|20|5|28|25|21|23|
Overall Best: 0.8661 Generation: 0
length: 34.0
feature_occurency: [50, 50, 50, 50, 50, 50, 50, 50, 50, 50, 50, 50, 50, 50, 50, 50, 50, 50, 50, 50, 50, 50, 50, 50, 50, 50, 50, 50, 50, 50, 50, 50, 50, 50]

Generation 79
Average: 0.8661 Best: 0.8661
Best Individual: 
C0 6|32|29|21|1|9|7|25|12|22|19|4|24|14|33|11|10|27|31|15|16|18|0|30|3|2|26|5|23|20|28|8|17|13|
Overall Best: 0.8661 Generation: 0
length: 34.0
feature_occurency: [50, 50, 50, 50, 50, 50, 50, 50, 50, 50, 50, 50, 50, 50, 50, 50, 50, 50, 50, 50, 50, 50, 50, 50, 50, 50, 50, 50, 50, 50, 50, 50, 50, 50]

Generation 80
Average: 0.8661 Best: 0.8661
Best Individual: 
C0 6|7|4|20|1|13|17|21|12|2|28|19|8|9|33|11|10|27|31|15|16|18|0|30|3|23|5|26|14|22|32|25|29|24|
Overall Best: 0.8661 Generation: 0
length: 34.0
feature_occurency: [50, 50, 50, 50, 50, 50, 50, 50, 50, 50, 50, 50, 50, 50, 50, 50, 50, 50, 50, 50, 50, 50, 50, 50, 50, 50, 50, 50, 50, 50, 50, 50, 50, 50]

Generation 81
Average: 0.8661 Best: 0.8661
Best Individual: 
C0 27|0|18|16|17|12|23|9|32|4|28|15|5|14|21|11|3|25|8|1|7|30|10|2|13|20|19|24|29|26|6|22|31|33|
Overall Best: 0.8661 Generation: 0
length: 34.0
feature_occurency: [50, 50, 50, 50, 50, 50, 50, 50, 50, 50, 50, 50, 50, 50, 50, 50, 50, 50, 50, 50, 50, 50, 50, 50, 50, 50, 50, 50, 50, 50, 50, 50, 50, 50]

Generation 82
Average: 0.8661 Best: 0.8661
Best Individual: 
C0 18|31|2|6|29|12|23|9|32|4|28|15|5|14|21|26|3|25|8|1|7|30|10|16|13|20|19|27|33|22|11|0|24|17|
Overall Best: 0.8661 Generation: 0
length: 34.0
feature_occurency: [50, 50, 50, 50, 50, 50, 50, 50, 50, 50, 50, 50, 50, 50, 50, 50, 50, 50, 50, 50, 50, 50, 50, 50, 50, 50, 50, 50, 50, 50, 50, 50, 50, 50]

Generation 83
Average: 0.8661 Best: 0.8661
Best Individual: 
C0 0|4|26|5|10|27|33|28|18|6|25|24|23|32|21|3|9|16|20|12|13|15|2|30|7|19|11|1|31|14|22|8|17|29|
Overall Best: 0.8661 Generation: 0
length: 34.0
feature_occurency: [50, 50, 50, 50, 50, 50, 50, 50, 50, 50, 50, 50, 50, 50, 50, 50, 50, 50, 50, 50, 50, 50, 50, 50, 50, 50, 50, 50, 50, 50, 50, 50, 50, 50]

Generation 84
Average: 0.8661 Best: 0.8661
Best Individual: 
C0 29|26|31|9|11|32|16|28|4|2|1|12|24|21|30|33|5|10|19|8|13|0|18|23|27|7|17|6|25|22|3|15|14|20|
Overall Best: 0.8661 Generation: 0
length: 34.0
feature_occurency: [50, 50, 50, 50, 50, 50, 50, 50, 50, 50, 50, 50, 50, 50, 50, 50, 50, 50, 50, 50, 50, 50, 50, 50, 50, 50, 50, 50, 50, 50, 50, 50, 50, 50]

Generation 85
Average: 0.8661 Best: 0.8661
Best Individual: 
C0 28|0|6|18|25|32|16|9|4|2|1|12|24|21|30|33|5|10|26|13|29|15|23|11|27|31|8|14|20|19|22|17|3|7|
Overall Best: 0.8661 Generation: 0
length: 34.0
feature_occurency: [50, 50, 50, 50, 50, 50, 50, 50, 50, 50, 50, 50, 50, 50, 50, 50, 50, 50, 50, 50, 50, 50, 50, 50, 50, 50, 50, 50, 50, 50, 50, 50, 50, 50]

Generation 86
Average: 0.8661 Best: 0.8661
Best Individual: 
C0 7|32|3|25|31|9|18|21|23|30|10|2|0|14|19|33|13|17|27|11|8|4|24|6|1|29|15|16|12|28|22|5|20|26|
Overall Best: 0.8661 Generation: 0
length: 34.0
feature_occurency: [50, 50, 50, 50, 50, 50, 50, 50, 50, 50, 50, 50, 50, 50, 50, 50, 50, 50, 50, 50, 50, 50, 50, 50, 50, 50, 50, 50, 50, 50, 50, 50, 50, 50]

Generation 87
Average: 0.8661 Best: 0.8661
Best Individual: 
C0 19|14|16|0|10|17|32|18|11|7|8|3|20|22|1|25|30|4|33|24|28|15|2|31|26|21|23|29|13|6|9|5|12|27|
Overall Best: 0.8661 Generation: 0
length: 34.0
feature_occurency: [50, 50, 50, 50, 50, 50, 50, 50, 50, 50, 50, 50, 50, 50, 50, 50, 50, 50, 50, 50, 50, 50, 50, 50, 50, 50, 50, 50, 50, 50, 50, 50, 50, 50]

Generation 88
Average: 0.8661 Best: 0.8661
Best Individual: 
C0 1|7|25|0|19|10|17|3|27|12|8|2|5|16|11|20|30|4|15|22|28|24|18|31|26|21|23|29|13|6|32|33|14|9|
Overall Best: 0.8661 Generation: 0
length: 34.0
feature_occurency: [50, 50, 50, 50, 50, 50, 50, 50, 50, 50, 50, 50, 50, 50, 50, 50, 50, 50, 50, 50, 50, 50, 50, 50, 50, 50, 50, 50, 50, 50, 50, 50, 50, 50]

Generation 89
Average: 0.8661 Best: 0.8661
Best Individual: 
C0 23|18|9|27|12|6|32|4|33|19|2|31|26|30|3|24|11|10|17|1|13|21|16|28|0|7|29|5|22|25|8|15|14|20|
Overall Best: 0.8661 Generation: 0
length: 34.0
feature_occurency: [50, 50, 50, 50, 50, 50, 50, 50, 50, 50, 50, 50, 50, 50, 50, 50, 50, 50, 50, 50, 50, 50, 50, 50, 50, 50, 50, 50, 50, 50, 50, 50, 50, 50]

Generation 90
Average: 0.8661 Best: 0.8661
Best Individual: 
C0 21|28|27|23|3|19|1|20|18|25|9|13|33|11|22|15|17|2|14|31|7|30|24|12|4|29|16|10|26|8|32|5|6|0|
Overall Best: 0.8661 Generation: 0
length: 34.0
feature_occurency: [50, 50, 50, 50, 50, 50, 50, 50, 50, 50, 50, 50, 50, 50, 50, 50, 50, 50, 50, 50, 50, 50, 50, 50, 50, 50, 50, 50, 50, 50, 50, 50, 50, 50]

Generation 91
Average: 0.8661 Best: 0.8661
Best Individual: 
C0 6|32|9|3|8|33|5|21|15|1|23|28|18|20|22|25|27|10|14|31|7|30|24|12|4|29|16|2|26|17|0|19|13|11|
Overall Best: 0.8661 Generation: 0
length: 34.0
feature_occurency: [50, 50, 50, 50, 50, 50, 50, 50, 50, 50, 50, 50, 50, 50, 50, 50, 50, 50, 50, 50, 50, 50, 50, 50, 50, 50, 50, 50, 50, 50, 50, 50, 50, 50]

Generation 92
Average: 0.8661 Best: 0.8661
Best Individual: 
C0 7|30|28|10|17|22|14|20|23|1|31|13|27|21|29|12|5|18|24|4|3|19|26|25|0|15|16|6|33|11|8|32|9|2|
Overall Best: 0.8661 Generation: 0
length: 34.0
feature_occurency: [50, 50, 50, 50, 50, 50, 50, 50, 50, 50, 50, 50, 50, 50, 50, 50, 50, 50, 50, 50, 50, 50, 50, 50, 50, 50, 50, 50, 50, 50, 50, 50, 50, 50]

Generation 93
Average: 0.8661 Best: 0.8661
Best Individual: 
C0 7|0|16|13|1|26|5|6|27|17|4|19|23|21|10|33|31|8|11|32|14|29|9|28|30|25|15|12|20|24|2|3|22|18|
Overall Best: 0.8661 Generation: 0
length: 34.0
feature_occurency: [50, 50, 50, 50, 50, 50, 50, 50, 50, 50, 50, 50, 50, 50, 50, 50, 50, 50, 50, 50, 50, 50, 50, 50, 50, 50, 50, 50, 50, 50, 50, 50, 50, 50]

Generation 94
Average: 0.8661 Best: 0.8661
Best Individual: 
C0 26|27|24|28|0|2|22|4|23|17|20|14|3|13|1|33|31|8|11|32|7|19|18|16|9|15|25|6|5|30|21|10|29|12|
Overall Best: 0.8661 Generation: 0
length: 34.0
feature_occurency: [50, 50, 50, 50, 50, 50, 50, 50, 50, 50, 50, 50, 50, 50, 50, 50, 50, 50, 50, 50, 50, 50, 50, 50, 50, 50, 50, 50, 50, 50, 50, 50, 50, 50]

Generation 95
Average: 0.8661 Best: 0.8661
Best Individual: 
C0 31|3|24|28|0|2|22|4|23|29|27|14|19|12|30|5|18|1|21|20|7|33|8|25|13|32|11|6|16|10|17|15|9|26|
Overall Best: 0.8661 Generation: 0
length: 34.0
feature_occurency: [50, 50, 50, 50, 50, 50, 50, 50, 50, 50, 50, 50, 50, 50, 50, 50, 50, 50, 50, 50, 50, 50, 50, 50, 50, 50, 50, 50, 50, 50, 50, 50, 50, 50]

Generation 96
Average: 0.8661 Best: 0.8661
Best Individual: 
C0 31|17|33|22|24|19|20|6|15|28|3|1|18|25|30|14|27|23|11|10|2|32|12|4|7|0|13|8|21|9|16|29|5|26|
Overall Best: 0.8661 Generation: 0
length: 34.0
feature_occurency: [50, 50, 50, 50, 50, 50, 50, 50, 50, 50, 50, 50, 50, 50, 50, 50, 50, 50, 50, 50, 50, 50, 50, 50, 50, 50, 50, 50, 50, 50, 50, 50, 50, 50]

Generation 97
Average: 0.8661 Best: 0.8661
Best Individual: 
C0 33|26|5|20|15|14|18|2|11|28|32|1|31|21|3|6|8|25|30|16|17|23|22|29|4|10|12|7|13|9|24|27|0|19|
Overall Best: 0.8661 Generation: 0
length: 34.0
feature_occurency: [50, 50, 50, 50, 50, 50, 50, 50, 50, 50, 50, 50, 50, 50, 50, 50, 50, 50, 50, 50, 50, 50, 50, 50, 50, 50, 50, 50, 50, 50, 50, 50, 50, 50]

Generation 98
Average: 0.8661 Best: 0.8661
Best Individual: 
C0 18|26|29|33|14|5|24|20|15|28|32|1|31|21|3|6|8|25|30|16|17|23|22|9|4|10|12|7|13|0|2|11|27|19|
Overall Best: 0.8661 Generation: 0
length: 34.0
feature_occurency: [50, 50, 50, 50, 50, 50, 50, 50, 50, 50, 50, 50, 50, 50, 50, 50, 50, 50, 50, 50, 50, 50, 50, 50, 50, 50, 50, 50, 50, 50, 50, 50, 50, 50]

Generation 99
Average: 0.8661 Best: 0.8661
Best Individual: 
C0 7|26|11|10|17|27|22|30|6|25|23|18|31|21|3|32|8|12|2|0|19|1|14|20|16|29|5|9|4|13|24|28|15|33|
Overall Best: 0.8661 Generation: 0
==================
    Best individual after 100 generations
    computed in 126.2660 seconds
    304 elements out of 351 correct.
    emerged in generation 0
    with fitness 0.8661
==================

4|16|2|12|11|1|8|20|3|9|10|0|17|21|7|15|25|18|5|19|32|13|22|23|24|6|26|27|28|29|30|31|14|33|
