Starting evolution...
length: 21.04
feature_occurency: [25, 38, 45, 42, 52, 55, 58, 43, 49, 48, 53, 56, 45, 46, 53, 59, 51, 72, 50, 49, 54, 55, 41, 59, 64, 51, 44, 57, 48, 45, 57, 58, 56, 22]

Generation 0
Average: 0.8724 Best: 0.8974
Best Individual: 
C0 5|31|24|15|15|6|17|5|15|17|24|7|18|19|27|27|23|14|14|23|30|10|17|27|12|6|4|12|10|30|20|32|4|11|
Overall Best: 0.8974 Generation: 0
length: 21.46
feature_occurency: [28, 45, 48, 38, 67, 52, 59, 42, 46, 48, 48, 66, 47, 42, 64, 62, 48, 67, 40, 57, 50, 37, 43, 62, 51, 50, 40, 70, 45, 49, 60, 49, 60, 20]

Generation 1
Average: 0.8772 Best: 0.9088
Best Individual: 
C0 29|23|31|25|23|26|23|24|4|28|24|26|11|4|17|6|32|24|26|21|18|25|9|12|13|15|24|10|27|0|27|24|20|32|
Overall Best: 0.9088 Generation: 1
length: 21.14
feature_occurency: [25, 52, 43, 34, 69, 51, 75, 40, 50, 38, 48, 60, 54, 41, 61, 66, 40, 68, 49, 56, 58, 27, 37, 64, 55, 42, 48, 70, 35, 36, 77, 51, 57, 23]

Generation 2
Average: 0.8834 Best: 0.9145
Best Individual: 
C0 29|23|31|25|23|26|23|24|4|28|24|26|11|27|17|6|32|24|26|21|18|25|9|12|13|15|24|10|11|0|27|24|20|32|
Overall Best: 0.9145 Generation: 2
length: 20.56
feature_occurency: [32, 52, 45, 34, 74, 51, 75, 32, 40, 42, 47, 55, 52, 46, 59, 76, 35, 59, 48, 39, 56, 29, 33, 63, 69, 54, 51, 63, 29, 36, 83, 53, 66, 22]

Generation 3
Average: 0.8831 Best: 0.9145
Best Individual: 
C0 32|19|23|8|24|17|20|1|2|28|23|19|27|30|27|27|23|14|27|3|30|26|17|27|19|6|4|15|26|20|28|9|20|14|
Overall Best: 0.9145 Generation: 2
length: 20.84
feature_occurency: [32, 51, 37, 37, 73, 37, 79, 37, 41, 38, 44, 38, 61, 41, 57, 69, 37, 61, 39, 40, 68, 23, 20, 75, 74, 53, 58, 66, 48, 44, 77, 59, 58, 28]

Generation 4
Average: 0.8851 Best: 0.9117
Best Individual: 
C0 32|31|23|8|24|17|20|1|2|28|23|19|27|30|27|27|23|14|27|14|30|26|17|27|19|6|4|15|26|20|28|9|20|14|
Overall Best: 0.9145 Generation: 2
length: 21.0
feature_occurency: [42, 42, 41, 36, 63, 37, 85, 34, 31, 46, 37, 30, 77, 41, 64, 79, 32, 62, 35, 45, 67, 26, 23, 76, 65, 47, 59, 77, 43, 46, 75, 61, 47, 29]

Generation 5
Average: 0.8860 Best: 0.9145
Best Individual: 
C0 32|31|31|25|23|26|23|24|26|28|24|19|27|30|27|28|23|14|27|14|30|26|17|27|19|6|4|15|26|20|28|9|20|14|
Overall Best: 0.9145 Generation: 2
length: 20.94
feature_occurency: [45, 46, 39, 45, 62, 33, 70, 27, 41, 43, 26, 23, 77, 48, 71, 85, 29, 57, 41, 44, 74, 29, 19, 91, 71, 49, 62, 86, 46, 43, 67, 42, 38, 31]

Generation 6
Average: 0.8907 Best: 0.9088
Best Individual: 
C0 16|23|25|30|20|24|23|1|3|3|24|7|18|14|4|21|26|18|0|24|24|3|3|20|6|16|10|26|30|18|33|19|3|25|
Overall Best: 0.9145 Generation: 2
length: 21.14
feature_occurency: [40, 43, 32, 62, 61, 34, 73, 30, 50, 44, 31, 14, 74, 47, 70, 92, 32, 49, 38, 43, 70, 29, 14, 91, 79, 52, 62, 84, 46, 54, 54, 34, 38, 34]

Generation 7
Average: 0.8901 Best: 0.9145
Best Individual: 
C0 8|4|27|25|2|19|28|27|33|4|30|28|9|12|20|20|21|0|3|15|6|15|17|27|19|6|29|15|29|17|27|6|23|14|
Overall Best: 0.9145 Generation: 2
length: 21.2
feature_occurency: [31, 46, 37, 54, 68, 44, 85, 23, 47, 43, 30, 9, 68, 39, 80, 88, 28, 56, 40, 46, 69, 39, 18, 83, 82, 49, 55, 102, 41, 58, 47, 36, 27, 32]

Generation 8
Average: 0.8893 Best: 0.9145
Best Individual: 
C0 29|26|17|12|8|5|23|1|3|3|24|7|18|14|4|21|26|18|0|24|24|3|3|24|6|6|24|15|19|12|27|15|6|2|
Overall Best: 0.9145 Generation: 2
length: 21.28
feature_occurency: [31, 39, 34, 56, 74, 47, 78, 23, 53, 45, 29, 12, 71, 43, 85, 83, 34, 55, 42, 41, 62, 43, 21, 80, 84, 53, 65, 100, 34, 57, 40, 29, 28, 29]

Generation 9
Average: 0.8911 Best: 0.9231
Best Individual: 
C0 32|26|24|0|12|5|23|1|3|3|19|7|18|14|4|21|26|18|0|24|24|3|3|24|6|6|24|15|19|12|27|3|29|2|
Overall Best: 0.9231 Generation: 9
length: 21.1
feature_occurency: [39, 40, 41, 57, 69, 50, 80, 29, 47, 42, 20, 22, 63, 46, 79, 68, 33, 50, 36, 52, 67, 28, 26, 90, 81, 58, 74, 103, 39, 52, 44, 28, 20, 27]

Generation 10
Average: 0.8923 Best: 0.9145
Best Individual: 
C0 14|25|31|25|23|26|23|5|26|3|24|26|27|30|27|28|23|9|10|13|4|20|3|13|33|6|5|12|26|20|28|9|20|26|
Overall Best: 0.9231 Generation: 9
length: 21.2
feature_occurency: [30, 41, 37, 68, 70, 61, 72, 30, 49, 41, 24, 23, 64, 37, 69, 63, 34, 41, 35, 48, 79, 27, 20, 92, 83, 64, 74, 97, 42, 51, 46, 35, 24, 29]

Generation 11
Average: 0.8916 Best: 0.9174
Best Individual: 
C0 19|31|31|2|23|2|16|24|26|28|30|28|3|0|23|27|10|23|27|27|6|26|22|9|12|19|3|12|20|20|28|9|25|2|
Overall Best: 0.9231 Generation: 9
length: 20.82
feature_occurency: [23, 43, 43, 77, 68, 55, 73, 22, 48, 38, 31, 24, 51, 39, 61, 60, 36, 37, 30, 44, 86, 23, 28, 96, 72, 66, 81, 107, 40, 54, 45, 43, 23, 33]

Generation 12
Average: 0.8917 Best: 0.9174
Best Individual: 
C0 19|23|31|0|27|26|19|27|33|1|19|28|30|9|20|20|12|4|27|4|11|26|22|9|12|23|12|3|18|21|25|24|2|3|
Overall Best: 0.9231 Generation: 9
length: 21.32
feature_occurency: [24, 46, 54, 60, 59, 49, 70, 25, 43, 49, 29, 29, 56, 45, 55, 55, 30, 31, 33, 51, 96, 24, 29, 96, 67, 65, 74, 111, 49, 47, 43, 43, 33, 30]

Generation 13
Average: 0.8897 Best: 0.9174
Best Individual: 
C0 19|23|31|0|27|26|19|27|33|2|19|28|30|9|20|20|12|4|27|4|11|2|15|24|19|27|29|8|16|20|10|24|2|3|
Overall Best: 0.9231 Generation: 9
length: 21.02
feature_occurency: [28, 48, 46, 61, 56, 45, 67, 32, 41, 57, 31, 19, 55, 31, 44, 59, 33, 27, 46, 59, 101, 25, 28, 102, 55, 61, 80, 124, 55, 39, 37, 45, 28, 35]

Generation 14
Average: 0.8899 Best: 0.9088
Best Individual: 
C0 20|28|1|1|18|6|27|5|15|20|27|15|6|10|20|20|13|4|27|7|26|1|18|3|12|23|23|24|18|9|15|15|16|26|
Overall Best: 0.9231 Generation: 9
length: 20.8
feature_occurency: [24, 65, 41, 62, 64, 42, 65, 39, 36, 52, 28, 21, 43, 37, 45, 51, 33, 31, 56, 61, 82, 24, 30, 95, 50, 69, 85, 141, 50, 40, 34, 38, 25, 41]

Generation 15
Average: 0.8946 Best: 0.9174
Best Individual: 
C0 29|31|31|2|23|15|16|12|26|28|1|28|3|0|23|27|3|23|27|27|6|18|3|20|6|8|27|12|20|31|28|9|20|1|
Overall Best: 0.9231 Generation: 9
length: 20.76
feature_occurency: [26, 50, 45, 63, 55, 47, 71, 35, 32, 51, 34, 28, 53, 37, 42, 60, 26, 19, 54, 64, 93, 17, 31, 109, 54, 59, 89, 128, 52, 41, 30, 42, 22, 41]

Generation 16
Average: 0.8946 Best: 0.9288
Best Individual: 
C0 19|27|31|25|27|26|16|31|26|7|30|28|3|8|23|3|6|23|27|27|0|26|22|9|26|19|14|6|26|1|14|27|4|2|
Overall Best: 0.9288 Generation: 16
length: 21.02
feature_occurency: [27, 45, 47, 78, 50, 58, 74, 41, 36, 45, 25, 25, 46, 41, 47, 72, 29, 18, 42, 68, 79, 16, 33, 126, 40, 55, 89, 128, 54, 37, 31, 34, 19, 45]

Generation 17
Average: 0.8952 Best: 0.9145
Best Individual: 
C0 20|28|1|2|23|18|24|5|15|20|27|15|27|10|20|32|13|4|27|7|26|1|18|3|12|23|23|24|17|9|15|15|16|26|
Overall Best: 0.9288 Generation: 16
length: 20.88
feature_occurency: [35, 40, 46, 78, 49, 52, 70, 41, 38, 46, 24, 29, 44, 36, 54, 61, 36, 11, 38, 82, 75, 17, 27, 139, 36, 54, 92, 112, 55, 47, 34, 41, 15, 46]

Generation 18
Average: 0.8981 Best: 0.9202
Best Individual: 
C0 8|23|31|31|27|26|23|19|8|18|30|5|29|27|27|19|23|20|10|14|13|32|24|20|6|15|11|29|7|18|33|29|6|26|
Overall Best: 0.9288 Generation: 16
length: 20.62
feature_occurency: [39, 41, 39, 85, 45, 54, 70, 44, 47, 41, 20, 25, 44, 28, 56, 48, 36, 9, 43, 92, 72, 19, 26, 137, 42, 42, 100, 117, 53, 47, 45, 45, 12, 37]

Generation 19
Average: 0.8991 Best: 0.9202
Best Individual: 
C0 19|23|31|0|23|3|28|23|26|26|27|24|27|30|20|0|5|7|27|4|9|25|26|24|23|10|29|24|19|5|29|14|30|3|
Overall Best: 0.9288 Generation: 16
length: 20.52
feature_occurency: [37, 40, 48, 91, 52, 52, 78, 48, 41, 41, 20, 27, 47, 40, 61, 39, 39, 11, 40, 93, 61, 19, 22, 132, 39, 38, 96, 120, 53, 32, 50, 46, 14, 33]

Generation 20
Average: 0.8951 Best: 0.9145
Best Individual: 
C0 19|23|31|31|27|26|23|19|8|18|30|5|10|27|27|19|23|20|26|28|26|1|7|3|1|19|14|6|13|30|13|27|4|3|
Overall Best: 0.9288 Generation: 16
length: 20.46
feature_occurency: [36, 46, 42, 81, 58, 48, 77, 43, 42, 37, 24, 28, 52, 37, 54, 44, 38, 12, 39, 106, 57, 19, 29, 133, 55, 38, 76, 110, 58, 31, 55, 49, 12, 34]

Generation 21
Average: 0.8951 Best: 0.9145
Best Individual: 
C0 19|23|19|0|27|1|28|23|26|26|27|24|3|16|9|27|5|23|17|16|3|1|13|3|4|19|14|6|13|30|33|19|6|1|
Overall Best: 0.9288 Generation: 16
length: 20.4
feature_occurency: [38, 54, 33, 70, 58, 50, 63, 42, 30, 33, 32, 31, 49, 49, 54, 35, 50, 14, 31, 119, 68, 17, 29, 134, 57, 42, 75, 129, 46, 24, 45, 46, 17, 36]

Generation 22
Average: 0.8985 Best: 0.9202
Best Individual: 
C0 2|19|31|4|27|4|23|13|26|3|1|13|27|19|27|19|23|28|24|27|26|11|8|9|32|19|14|6|26|1|14|4|4|5|
Overall Best: 0.9288 Generation: 16
length: 20.44
feature_occurency: [32, 55, 29, 83, 70, 55, 62, 37, 34, 39, 34, 27, 37, 49, 60, 26, 55, 20, 29, 119, 65, 16, 20, 130, 66, 29, 87, 121, 45, 25, 49, 46, 24, 25]

Generation 23
Average: 0.8976 Best: 0.9174
Best Individual: 
C0 19|23|19|0|27|1|28|26|25|4|6|7|24|12|27|26|5|23|17|16|27|1|13|3|4|19|14|6|13|30|33|19|6|1|
Overall Best: 0.9288 Generation: 16
length: 20.76
feature_occurency: [31, 55, 34, 79, 73, 54, 75, 34, 33, 34, 35, 30, 43, 58, 57, 30, 45, 23, 32, 121, 57, 16, 18, 117, 57, 28, 88, 123, 51, 22, 40, 53, 33, 21]

Generation 24
Average: 0.8990 Best: 0.9259
Best Individual: 
C0 2|19|31|4|27|32|23|16|13|31|1|13|23|19|27|19|23|28|3|27|26|24|6|9|32|19|14|6|26|30|22|4|4|5|
Overall Best: 0.9288 Generation: 16
length: 20.5
feature_occurency: [36, 65, 35, 81, 91, 58, 72, 32, 31, 32, 36, 30, 36, 69, 49, 35, 36, 30, 28, 124, 49, 14, 24, 112, 51, 20, 93, 117, 47, 20, 39, 52, 40, 16]

Generation 25
Average: 0.8996 Best: 0.9288
Best Individual: 
C0 2|19|31|12|27|32|23|13|13|31|1|13|23|19|27|19|3|28|7|27|26|24|1|24|20|19|14|6|26|30|14|4|4|27|
Overall Best: 0.9288 Generation: 16
length: 20.1
feature_occurency: [30, 78, 33, 79, 93, 49, 66, 32, 28, 31, 23, 20, 40, 75, 58, 24, 34, 29, 37, 137, 43, 14, 27, 107, 41, 27, 96, 128, 44, 18, 49, 45, 48, 17]

Generation 26
Average: 0.9010 Best: 0.9259
Best Individual: 
C0 19|3|19|33|26|8|13|27|11|19|12|7|24|12|27|32|5|23|17|6|27|1|13|3|4|19|14|6|13|30|18|19|18|1|
Overall Best: 0.9288 Generation: 16
length: 20.58
feature_occurency: [26, 74, 25, 76, 105, 53, 62, 36, 31, 25, 19, 25, 44, 72, 67, 25, 32, 24, 41, 143, 36, 23, 14, 110, 46, 27, 90, 118, 46, 25, 52, 44, 47, 17]

Generation 27
Average: 0.9014 Best: 0.9231
Best Individual: 
C0 2|19|31|12|27|32|23|13|13|31|1|13|23|18|18|19|26|28|7|19|26|16|7|26|6|4|14|28|25|14|33|30|4|32|
Overall Best: 0.9288 Generation: 16
length: 20.64
feature_occurency: [20, 74, 26, 74, 104, 57, 61, 45, 34, 24, 26, 19, 44, 75, 64, 25, 36, 24, 43, 151, 32, 22, 11, 102, 39, 27, 89, 111, 49, 16, 50, 44, 59, 23]

Generation 28
Average: 0.9007 Best: 0.9373
Best Individual: 
C0 0|23|19|0|27|20|28|26|25|4|4|23|14|27|27|25|23|23|21|19|26|33|6|3|4|19|14|14|3|16|32|27|4|25|
Overall Best: 0.9373 Generation: 28
length: 20.64
feature_occurency: [23, 66, 29, 75, 103, 52, 58, 47, 38, 24, 19, 20, 43, 80, 72, 27, 48, 23, 47, 156, 28, 28, 11, 106, 35, 35, 89, 97, 42, 22, 36, 36, 63, 22]

Generation 29
Average: 0.8982 Best: 0.9259
Best Individual: 
C0 0|23|19|0|27|14|28|26|25|4|4|8|14|27|27|25|23|23|21|26|22|27|7|5|12|19|14|9|3|16|32|27|4|25|
Overall Best: 0.9373 Generation: 28
length: 20.56
feature_occurency: [20, 70, 30, 83, 111, 54, 53, 51, 35, 26, 16, 24, 43, 68, 71, 30, 37, 21, 46, 157, 27, 29, 12, 112, 28, 32, 88, 93, 41, 21, 40, 47, 61, 23]

Generation 30
Average: 0.8991 Best: 0.9288
Best Individual: 
C0 19|28|1|26|1|1|28|26|25|4|33|23|14|27|10|19|23|20|15|6|27|19|7|5|23|19|31|32|13|19|13|23|30|5|
Overall Best: 0.9373 Generation: 28
length: 20.46
feature_occurency: [29, 63, 35, 76, 112, 60, 53, 51, 24, 23, 13, 22, 42, 73, 80, 25, 43, 13, 34, 142, 33, 24, 17, 122, 29, 33, 99, 88, 45, 29, 42, 37, 61, 28]

Generation 31
Average: 0.9022 Best: 0.9316
Best Individual: 
C0 2|4|27|6|15|1|12|26|27|13|5|13|14|19|27|26|23|4|4|19|23|33|6|3|4|1|3|21|1|32|0|23|4|2|
Overall Best: 0.9373 Generation: 28
length: 20.72
feature_occurency: [23, 57, 37, 68, 105, 67, 48, 61, 28, 23, 26, 28, 36, 76, 68, 25, 36, 11, 42, 141, 37, 21, 12, 123, 33, 32, 100, 91, 43, 29, 40, 40, 60, 33]

Generation 32
Average: 0.9001 Best: 0.9259
Best Individual: 
C0 19|3|19|29|32|3|23|13|13|31|1|19|23|27|18|19|24|26|26|31|29|23|7|4|6|4|14|28|25|30|33|8|5|23|
Overall Best: 0.9373 Generation: 28
length: 20.42
feature_occurency: [21, 59, 31, 75, 95, 67, 49, 62, 37, 28, 23, 25, 40, 74, 64, 22, 41, 14, 47, 141, 31, 18, 17, 118, 32, 36, 101, 98, 40, 28, 42, 32, 57, 35]

Generation 33
Average: 0.9002 Best: 0.9231
Best Individual: 
C0 19|9|14|33|26|26|23|19|27|18|13|8|2|18|27|19|6|28|3|19|4|26|23|3|4|30|14|3|32|7|22|7|5|23|
Overall Best: 0.9373 Generation: 28
length: 20.58
feature_occurency: [23, 62, 34, 72, 98, 50, 59, 62, 30, 29, 29, 29, 35, 75, 77, 18, 30, 14, 46, 149, 28, 19, 20, 108, 38, 35, 97, 96, 38, 28, 39, 36, 54, 43]

Generation 34
Average: 0.9013 Best: 0.9231
Best Individual: 
C0 23|0|6|12|32|32|23|13|26|1|4|32|27|26|25|19|19|10|7|19|26|16|7|4|6|14|14|18|25|14|33|30|4|14|
Overall Best: 0.9373 Generation: 28
length: 19.92
feature_occurency: [18, 59, 33, 74, 109, 49, 51, 67, 41, 30, 27, 26, 39, 71, 71, 17, 25, 13, 32, 134, 28, 18, 21, 126, 45, 39, 116, 83, 31, 26, 39, 37, 56, 49]

Generation 35
Average: 0.9040 Best: 0.9402
Best Individual: 
C0 12|23|33|23|11|25|4|23|25|23|4|8|23|27|23|19|19|10|7|19|4|16|7|4|6|14|14|18|25|14|33|23|6|1|
Overall Best: 0.9402 Generation: 35
length: 20.14
feature_occurency: [28, 67, 41, 75, 109, 48, 48, 74, 34, 23, 22, 26, 44, 62, 68, 27, 21, 22, 31, 127, 13, 22, 22, 124, 45, 43, 124, 87, 34, 22, 34, 38, 40, 55]

Generation 36
Average: 0.9010 Best: 0.9259
Best Individual: 
C0 12|23|33|23|11|25|4|23|25|23|4|8|23|27|23|19|19|10|7|1|4|16|7|4|6|14|17|18|25|14|33|23|6|1|
Overall Best: 0.9402 Generation: 35
length: 20.4
feature_occurency: [16, 69, 37, 68, 97, 55, 43, 68, 30, 27, 19, 34, 47, 57, 83, 26, 26, 22, 40, 107, 20, 19, 14, 126, 55, 52, 135, 82, 36, 23, 32, 41, 36, 58]

Generation 37
Average: 0.9006 Best: 0.9259
Best Individual: 
C0 19|3|19|20|12|32|23|13|26|1|7|32|27|26|31|19|6|4|7|33|23|8|2|24|12|19|24|32|26|7|4|29|31|23|
Overall Best: 0.9402 Generation: 35
length: 20.16
feature_occurency: [18, 67, 33, 57, 104, 50, 50, 65, 31, 23, 34, 29, 49, 39, 76, 41, 26, 14, 36, 115, 23, 21, 17, 129, 51, 46, 137, 80, 36, 19, 37, 43, 32, 72]

Generation 38
Average: 0.9036 Best: 0.9373
Best Individual: 
C0 19|3|19|20|12|32|23|15|26|26|19|26|27|19|31|19|6|4|7|33|23|8|2|24|12|19|24|32|26|7|4|29|31|23|
Overall Best: 0.9402 Generation: 35
length: 20.52
feature_occurency: [20, 49, 30, 65, 119, 64, 52, 65, 32, 21, 32, 34, 51, 35, 65, 37, 28, 16, 33, 128, 33, 19, 20, 114, 55, 43, 128, 71, 40, 17, 39, 51, 34, 60]

Generation 39
Average: 0.9004 Best: 0.9259
Best Individual: 
C0 19|3|14|33|26|21|23|20|27|18|4|23|31|18|4|19|6|4|7|33|23|8|2|24|12|19|24|32|26|7|4|29|31|23|
Overall Best: 0.9402 Generation: 35
length: 20.64
feature_occurency: [24, 35, 29, 71, 123, 69, 46, 68, 30, 18, 20, 32, 52, 35, 62, 33, 31, 18, 40, 116, 33, 18, 18, 111, 58, 31, 148, 71, 42, 20, 44, 49, 45, 60]

Generation 40
Average: 0.9028 Best: 0.9288
Best Individual: 
C0 28|19|29|12|14|4|12|27|11|7|14|32|20|19|6|19|23|19|25|4|23|33|25|32|4|14|2|32|26|7|24|30|4|14|
Overall Best: 0.9402 Generation: 35
length: 20.3
feature_occurency: [22, 30, 38, 64, 128, 68, 36, 71, 25, 12, 20, 33, 57, 30, 64, 37, 31, 18, 38, 126, 35, 17, 21, 123, 41, 35, 139, 61, 49, 23, 40, 54, 55, 59]

Generation 41
Average: 0.9032 Best: 0.9288
Best Individual: 
C0 23|3|19|30|15|29|23|20|27|18|4|24|2|19|13|23|7|26|0|19|26|31|19|24|3|7|23|7|5|26|31|30|4|5|
Overall Best: 0.9402 Generation: 35
length: 20.16
feature_occurency: [24, 31, 43, 68, 116, 66, 31, 68, 28, 12, 20, 32, 54, 31, 55, 39, 27, 22, 45, 143, 46, 11, 19, 134, 36, 30, 152, 57, 34, 23, 42, 43, 62, 56]

Generation 42
Average: 0.9041 Best: 0.9288
Best Individual: 
C0 19|8|19|23|26|26|23|17|27|1|19|26|6|19|12|24|23|26|18|3|18|23|15|33|4|30|30|3|0|7|2|19|5|4|
Overall Best: 0.9402 Generation: 35
length: 20.16
feature_occurency: [32, 41, 41, 70, 111, 74, 38, 65, 30, 9, 21, 29, 54, 26, 53, 39, 25, 28, 48, 136, 42, 14, 29, 142, 39, 34, 135, 50, 21, 21, 50, 38, 62, 53]

Generation 43
Average: 0.9025 Best: 0.9345
Best Individual: 
C0 6|22|29|12|14|26|23|26|26|1|14|29|23|19|6|19|23|19|25|4|12|23|7|16|20|32|20|19|0|33|33|1|4|14|
Overall Best: 0.9402 Generation: 35
length: 19.64
feature_occurency: [41, 37, 49, 65, 108, 72, 39, 69, 22, 12, 24, 26, 53, 26, 63, 30, 19, 25, 52, 144, 50, 14, 29, 139, 34, 42, 130, 46, 20, 26, 47, 30, 63, 54]

Generation 44
Average: 0.9052 Best: 0.9288
Best Individual: 
C0 23|2|19|19|26|26|23|26|20|4|33|23|23|19|11|19|12|19|25|14|23|32|7|2|4|5|2|32|26|7|3|27|13|5|
Overall Best: 0.9402 Generation: 35
length: 19.9
feature_occurency: [37, 27, 50, 55, 111, 63, 40, 67, 34, 13, 28, 20, 41, 27, 51, 29, 23, 27, 53, 145, 55, 8, 23, 149, 48, 40, 133, 47, 27, 28, 53, 30, 64, 54]

Generation 45
Average: 0.9062 Best: 0.9259
Best Individual: 
C0 27|5|30|12|5|6|19|23|14|14|0|26|27|19|18|0|23|7|2|19|23|3|4|5|33|8|26|20|14|30|30|32|30|7|
Overall Best: 0.9402 Generation: 35
length: 19.88
feature_occurency: [39, 37, 49, 52, 112, 77, 43, 68, 31, 14, 26, 19, 49, 28, 46, 31, 28, 24, 51, 139, 66, 15, 22, 144, 44, 26, 122, 48, 27, 34, 50, 23, 58, 58]

Generation 46
Average: 0.9062 Best: 0.9345
Best Individual: 
C0 23|2|19|19|26|26|23|26|6|4|33|23|2|25|11|20|12|19|1|14|23|32|7|2|4|5|28|32|1|7|3|27|13|5|
Overall Best: 0.9402 Generation: 35
length: 19.94
feature_occurency: [42, 40, 40, 55, 90, 72, 34, 69, 25, 11, 14, 18, 50, 31, 53, 35, 29, 22, 63, 139, 71, 15, 28, 137, 33, 22, 147, 47, 35, 43, 59, 25, 58, 48]

Generation 47
Average: 0.9052 Best: 0.9373
Best Individual: 
C0 23|2|19|19|26|26|23|26|26|1|14|4|20|19|6|19|5|26|18|27|15|23|15|23|8|5|16|32|26|19|3|27|13|5|
Overall Best: 0.9402 Generation: 35
length: 20.24
feature_occurency: [43, 40, 35, 55, 93, 75, 42, 64, 24, 16, 13, 15, 48, 31, 56, 28, 34, 21, 67, 131, 71, 22, 19, 139, 29, 21, 142, 57, 38, 47, 47, 30, 57, 50]

Generation 48
Average: 0.9058 Best: 0.9402
Best Individual: 
C0 23|2|19|19|26|26|23|26|26|1|14|4|20|19|6|19|5|3|18|27|15|23|7|16|8|29|16|32|26|19|3|27|13|5|
Overall Best: 0.9402 Generation: 35
length: 20.36
feature_occurency: [39, 37, 30, 57, 94, 80, 46, 65, 31, 18, 11, 16, 42, 35, 48, 27, 27, 20, 71, 138, 52, 26, 17, 138, 33, 16, 139, 72, 38, 50, 46, 25, 58, 58]

Generation 49
Average: 0.9051 Best: 0.9288
Best Individual: 
C0 26|3|19|23|26|26|23|17|27|32|27|26|6|27|5|19|23|26|18|27|18|23|28|33|7|13|30|3|0|32|14|19|19|4|
Overall Best: 0.9402 Generation: 35
length: 20.48
feature_occurency: [35, 47, 29, 59, 87, 79, 40, 56, 44, 15, 11, 17, 38, 33, 54, 21, 35, 21, 65, 134, 58, 16, 16, 139, 34, 15, 152, 74, 34, 62, 38, 38, 55, 49]

Generation 50
Average: 0.9058 Best: 0.9316
Best Individual: 
C0 23|4|24|7|18|26|23|26|26|1|14|29|0|19|12|19|23|30|1|4|26|23|7|16|16|32|20|19|0|1|33|31|3|17|
Overall Best: 0.9402 Generation: 35
length: 20.72
feature_occurency: [39, 49, 41, 54, 78, 78, 37, 57, 39, 18, 13, 16, 38, 43, 61, 15, 44, 19, 59, 133, 53, 16, 18, 126, 36, 22, 165, 70, 31, 57, 47, 34, 48, 46]

Generation 51
Average: 0.9048 Best: 0.9345
Best Individual: 
C0 23|4|19|23|26|26|23|26|26|1|30|29|0|19|12|19|23|30|1|4|26|23|7|16|16|32|20|19|0|1|33|31|3|17|
Overall Best: 0.9402 Generation: 35
length: 20.2
feature_occurency: [43, 43, 42, 60, 67, 77, 43, 59, 32, 18, 11, 17, 36, 47, 51, 15, 46, 23, 49, 138, 42, 16, 12, 136, 29, 28, 176, 90, 30, 50, 49, 32, 44, 49]

Generation 52
Average: 0.9077 Best: 0.9316
Best Individual: 
C0 23|4|24|7|18|26|23|26|26|1|14|29|0|19|12|19|30|30|1|4|26|23|7|16|22|32|20|19|0|20|33|31|3|29|
Overall Best: 0.9402 Generation: 35
length: 20.24
feature_occurency: [41, 52, 42, 64, 72, 63, 36, 46, 36, 15, 16, 21, 40, 40, 54, 18, 50, 32, 38, 133, 45, 23, 16, 132, 28, 30, 175, 90, 27, 53, 47, 30, 44, 51]

Generation 53
Average: 0.9051 Best: 0.9402
Best Individual: 
C0 26|3|4|23|26|26|23|16|27|2|25|26|21|27|5|7|23|3|4|19|23|12|26|33|32|22|24|3|16|32|14|28|19|4|
Overall Best: 0.9402 Generation: 35
length: 20.02
feature_occurency: [40, 42, 37, 67, 81, 62, 27, 42, 27, 12, 10, 29, 46, 33, 55, 21, 48, 41, 26, 150, 40, 27, 20, 131, 30, 27, 178, 90, 30, 53, 53, 25, 50, 50]

Generation 54
Average: 0.9064 Best: 0.9259
Best Individual: 
C0 26|3|4|23|26|26|23|16|27|2|25|26|21|27|5|30|23|3|4|19|23|12|29|33|32|22|24|3|16|32|14|19|19|4|
Overall Best: 0.9402 Generation: 35
length: 20.28
feature_occurency: [38, 41, 25, 62, 90, 52, 22, 48, 39, 8, 14, 43, 46, 36, 63, 25, 42, 41, 23, 136, 37, 30, 23, 131, 38, 28, 169, 89, 21, 49, 59, 31, 53, 48]

Generation 55
Average: 0.9059 Best: 0.9288
Best Individual: 
C0 19|2|4|23|26|26|1|17|5|32|11|26|33|23|5|19|28|30|4|20|26|1|7|3|32|27|30|17|27|19|14|19|19|4|
Overall Best: 0.9402 Generation: 35
length: 20.38
feature_occurency: [42, 33, 22, 53, 84, 51, 25, 42, 37, 11, 9, 41, 47, 40, 62, 29, 45, 42, 17, 140, 36, 32, 19, 119, 48, 34, 162, 101, 27, 53, 60, 24, 60, 53]

Generation 56
Average: 0.9055 Best: 0.9373
Best Individual: 
C0 26|8|4|23|11|26|23|16|12|26|25|26|21|27|24|7|23|31|4|19|23|12|26|33|32|22|24|23|26|32|14|19|19|4|
Overall Best: 0.9402 Generation: 35
length: 20.08
feature_occurency: [41, 41, 19, 58, 83, 51, 28, 33, 35, 10, 9, 35, 53, 38, 66, 21, 41, 45, 16, 137, 47, 29, 20, 105, 50, 36, 171, 104, 30, 41, 52, 29, 65, 61]

Generation 57
Average: 0.9056 Best: 0.9316
Best Individual: 
C0 20|3|4|23|26|26|23|16|27|2|25|7|21|27|5|24|4|3|7|19|15|12|18|20|32|33|12|3|25|32|14|19|19|4|
Overall Best: 0.9402 Generation: 35
length: 20.66
feature_occurency: [31, 52, 25, 54, 87, 59, 36, 46, 26, 9, 14, 28, 60, 39, 54, 28, 47, 35, 18, 138, 50, 37, 21, 109, 47, 35, 147, 98, 29, 36, 46, 32, 69, 58]

Generation 58
Average: 0.9046 Best: 0.9288
Best Individual: 
C0 33|27|13|31|26|26|23|19|26|27|14|4|20|18|23|19|14|21|23|20|26|1|7|8|3|11|30|33|27|32|14|6|19|15|
Overall Best: 0.9402 Generation: 35
length: 20.62
feature_occurency: [26, 51, 34, 62, 81, 51, 33, 55, 39, 7, 18, 33, 63, 24, 55, 38, 43, 33, 25, 131, 55, 30, 14, 121, 46, 42, 130, 100, 31, 28, 39, 29, 75, 58]

Generation 59
Average: 0.9017 Best: 0.9259
Best Individual: 
C0 33|27|6|31|26|26|23|19|26|27|14|4|14|18|23|19|14|21|30|20|26|1|7|8|3|11|30|5|27|31|5|6|19|15|
Overall Best: 0.9402 Generation: 35
length: 20.7
feature_occurency: [22, 54, 24, 49, 82, 50, 38, 46, 29, 4, 15, 39, 66, 26, 59, 38, 39, 27, 32, 116, 62, 39, 11, 121, 46, 38, 151, 92, 46, 27, 42, 40, 71, 59]

Generation 60
Average: 0.9017 Best: 0.9231
Best Individual: 
C0 12|2|0|23|27|23|6|17|5|18|11|26|33|27|5|19|28|2|23|20|26|1|4|21|3|12|30|7|8|33|14|19|19|4|
Overall Best: 0.9402 Generation: 35
length: 20.44
feature_occurency: [19, 50, 26, 44, 87, 46, 39, 41, 26, 6, 19, 41, 50, 27, 60, 41, 31, 32, 39, 129, 52, 42, 17, 135, 38, 26, 156, 98, 49, 27, 51, 35, 62, 59]

Generation 61
Average: 0.9035 Best: 0.9259
Best Individual: 
C0 26|8|4|13|6|31|23|13|31|26|8|2|11|27|5|20|23|26|18|1|4|12|26|11|33|22|24|23|5|23|19|14|19|6|
Overall Best: 0.9402 Generation: 35
length: 20.38
feature_occurency: [15, 48, 28, 45, 88, 33, 52, 44, 28, 7, 15, 42, 64, 28, 61, 43, 28, 30, 46, 121, 50, 42, 21, 133, 46, 25, 162, 85, 55, 18, 49, 31, 61, 56]

Generation 62
Average: 0.9035 Best: 0.9259
Best Individual: 
C0 26|13|31|23|26|26|28|19|26|30|25|26|21|27|24|7|1|15|4|19|17|12|4|33|32|23|16|32|25|6|33|19|19|20|
Overall Best: 0.9402 Generation: 35
length: 20.54
feature_occurency: [14, 41, 35, 37, 97, 38, 41, 42, 22, 9, 12, 49, 67, 22, 52, 47, 29, 23, 42, 118, 52, 45, 26, 132, 56, 25, 175, 75, 50, 19, 56, 32, 63, 57]

Generation 63
Average: 0.9053 Best: 0.9316
Best Individual: 
C0 26|22|4|15|4|31|20|1|26|19|14|0|20|19|24|7|17|31|4|2|4|26|26|11|33|22|24|23|5|32|19|15|19|7|
Overall Best: 0.9402 Generation: 35
length: 20.44
feature_occurency: [22, 47, 31, 29, 103, 39, 40, 36, 19, 17, 13, 54, 67, 30, 63, 44, 33, 25, 34, 122, 46, 29, 40, 129, 67, 32, 183, 59, 40, 20, 38, 38, 56, 55]

Generation 64
Average: 0.9043 Best: 0.9288
Best Individual: 
C0 17|18|19|23|26|6|4|19|26|26|14|4|24|7|23|28|12|30|6|25|13|19|23|33|32|23|16|32|25|32|14|3|3|20|
Overall Best: 0.9402 Generation: 35
length: 20.46
feature_occurency: [32, 43, 41, 29, 88, 32, 36, 36, 21, 16, 25, 48, 62, 31, 64, 42, 30, 28, 36, 137, 56, 25, 44, 136, 63, 37, 181, 50, 33, 21, 40, 29, 58, 50]

Generation 65
Average: 0.9052 Best: 0.9259
Best Individual: 
C0 26|22|23|23|26|27|14|26|26|32|25|7|21|8|29|11|18|3|4|20|26|19|25|2|1|31|20|23|22|12|14|19|24|20|
Overall Best: 0.9402 Generation: 35
length: 20.5
feature_occurency: [34, 45, 51, 31, 86, 28, 36, 41, 35, 9, 23, 46, 58, 28, 72, 41, 26, 18, 29, 141, 61, 37, 53, 129, 59, 35, 175, 42, 29, 25, 43, 29, 56, 49]

Generation 66
Average: 0.9035 Best: 0.9259
Best Individual: 
C0 26|13|31|23|26|26|28|19|26|32|10|26|22|27|24|7|1|15|4|3|24|0|4|20|32|12|0|23|26|32|0|19|19|32|
Overall Best: 0.9402 Generation: 35
length: 20.12
feature_occurency: [38, 41, 38, 29, 87, 33, 37, 36, 31, 11, 32, 48, 50, 27, 78, 31, 29, 19, 26, 155, 66, 30, 67, 130, 61, 32, 181, 35, 25, 24, 41, 23, 60, 49]

Generation 67
Average: 0.9061 Best: 0.9345
Best Individual: 
C0 26|22|4|22|25|6|4|11|26|26|14|4|33|26|7|19|12|2|13|20|14|1|26|11|33|22|24|23|19|32|19|10|10|7|
Overall Best: 0.9402 Generation: 35
length: 20.08
feature_occurency: [42, 41, 42, 41, 88, 33, 39, 40, 20, 12, 22, 52, 51, 23, 70, 45, 28, 26, 34, 145, 73, 34, 59, 120, 50, 32, 185, 30, 29, 22, 39, 22, 64, 47]

Generation 68
Average: 0.9096 Best: 0.9316
Best Individual: 
C0 26|22|4|22|25|6|4|11|26|26|14|4|33|26|7|19|12|2|13|20|14|1|26|11|33|22|24|18|19|32|19|10|23|7|
Overall Best: 0.9402 Generation: 35
length: 20.02
feature_occurency: [48, 41, 37, 33, 95, 39, 40, 44, 21, 15, 21, 53, 64, 23, 69, 33, 41, 24, 34, 150, 61, 35, 50, 122, 45, 36, 184, 23, 31, 21, 40, 24, 58, 45]

Generation 69
Average: 0.9096 Best: 0.9288
Best Individual: 
C0 19|29|19|23|15|26|2|26|14|20|11|26|16|27|24|19|24|1|4|3|4|26|3|15|4|22|0|23|26|8|0|0|6|18|
Overall Best: 0.9402 Generation: 35
length: 20.12
feature_occurency: [51, 42, 37, 33, 107, 44, 50, 43, 26, 15, 25, 53, 50, 18, 66, 36, 38, 25, 29, 142, 59, 40, 47, 119, 44, 33, 188, 29, 27, 24, 40, 23, 55, 42]

Generation 70
Average: 0.9073 Best: 0.9345
Best Individual: 
C0 26|22|23|23|30|13|4|6|26|1|14|4|33|26|20|16|1|26|4|20|10|19|6|2|1|5|20|23|32|12|23|19|12|19|
Overall Best: 0.9402 Generation: 35
length: 19.86
feature_occurency: [53, 41, 45, 27, 114, 47, 51, 46, 25, 17, 28, 46, 52, 22, 74, 41, 38, 25, 30, 149, 66, 43, 39, 113, 42, 26, 190, 38, 20, 22, 33, 21, 42, 34]

Generation 71
Average: 0.9091 Best: 0.9345
Best Individual: 
C0 17|21|19|23|26|26|4|19|23|26|14|4|20|21|24|32|23|7|4|28|2|5|11|33|24|12|0|6|26|32|0|19|19|10|
Overall Best: 0.9402 Generation: 35
length: 20.04
feature_occurency: [42, 47, 46, 22, 99, 51, 52, 46, 31, 26, 29, 47, 55, 25, 70, 40, 35, 35, 22, 142, 53, 45, 42, 115, 47, 28, 198, 33, 18, 26, 32, 17, 44, 40]

Generation 72
Average: 0.9067 Best: 0.9345
Best Individual: 
C0 17|21|19|23|26|26|4|19|23|26|14|4|20|21|24|32|23|7|4|28|2|5|11|33|24|12|0|6|26|32|0|19|19|10|
Overall Best: 0.9402 Generation: 35
length: 20.08
feature_occurency: [39, 49, 50, 28, 101, 54, 56, 38, 26, 23, 24, 43, 57, 26, 79, 40, 31, 36, 25, 134, 60, 46, 43, 111, 37, 27, 194, 29, 22, 27, 34, 20, 50, 41]

Generation 73
Average: 0.9076 Best: 0.9288
Best Individual: 
C0 26|22|4|25|26|25|23|5|26|26|17|19|1|33|28|12|28|26|4|20|10|14|6|23|1|5|9|23|32|25|33|27|19|19|
Overall Best: 0.9402 Generation: 35
length: 19.88
feature_occurency: [34, 41, 46, 21, 99, 45, 59, 30, 24, 24, 32, 40, 58, 33, 79, 46, 38, 34, 24, 138, 67, 46, 39, 114, 42, 27, 196, 31, 28, 23, 38, 12, 46, 46]

Generation 74
Average: 0.9057 Best: 0.9231
Best Individual: 
C0 17|1|19|23|26|12|5|26|26|20|30|11|33|6|20|30|23|26|4|20|33|11|23|9|32|14|8|26|16|26|0|19|19|10|
Overall Best: 0.9402 Generation: 35
length: 20.06
feature_occurency: [36, 43, 40, 18, 88, 47, 58, 40, 21, 24, 41, 33, 67, 32, 71, 36, 35, 34, 26, 135, 80, 47, 42, 122, 44, 23, 195, 29, 29, 26, 32, 17, 40, 49]

Generation 75
Average: 0.9059 Best: 0.9259
Best Individual: 
C0 17|1|19|23|26|12|5|26|26|20|30|11|33|23|20|30|23|26|4|20|33|11|23|9|32|14|8|26|16|26|0|19|19|10|
Overall Best: 0.9402 Generation: 35
length: 20.6
feature_occurency: [27, 50, 37, 15, 95, 44, 51, 29, 26, 26, 48, 34, 67, 37, 57, 34, 41, 39, 26, 135, 76, 47, 43, 124, 40, 23, 202, 28, 27, 24, 36, 19, 43, 50]

Generation 76
Average: 0.9069 Best: 0.9316
Best Individual: 
C0 2|2|32|16|0|6|4|19|23|26|12|13|3|33|28|12|28|26|4|20|10|19|14|10|6|23|26|23|26|12|33|19|19|6|
Overall Best: 0.9402 Generation: 35
length: 20.32
feature_occurency: [29, 44, 33, 11, 92, 41, 48, 24, 32, 27, 45, 40, 81, 36, 53, 30, 35, 38, 24, 128, 73, 45, 50, 127, 41, 25, 207, 29, 33, 20, 47, 23, 38, 51]

Generation 77
Average: 0.9044 Best: 0.9402
Best Individual: 
C0 2|2|32|16|0|6|4|19|23|22|12|13|3|33|14|19|12|26|4|20|10|19|14|10|6|23|26|23|26|12|33|19|19|6|
Overall Best: 0.9402 Generation: 35
length: 20.3
feature_occurency: [26, 45, 37, 13, 100, 43, 54, 25, 26, 22, 43, 36, 71, 38, 51, 31, 40, 35, 26, 124, 82, 43, 55, 111, 47, 28, 207, 31, 38, 25, 42, 18, 40, 47]

Generation 78
Average: 0.9056 Best: 0.9402
Best Individual: 
C0 2|2|32|16|0|6|4|19|23|22|12|13|3|33|14|19|12|26|4|20|10|19|14|10|6|23|26|23|26|12|33|19|19|6|
Overall Best: 0.9402 Generation: 35
length: 19.62
feature_occurency: [27, 54, 37, 13, 106, 44, 44, 23, 30, 27, 41, 41, 74, 37, 49, 34, 35, 37, 35, 126, 66, 35, 44, 115, 35, 32, 197, 35, 34, 31, 46, 18, 44, 54]

Generation 79
Average: 0.9035 Best: 0.9288
Best Individual: 
C0 24|29|0|23|27|12|18|26|16|1|21|4|18|4|26|33|1|32|4|25|4|12|14|10|6|23|26|23|26|12|33|19|19|6|
Overall Best: 0.9402 Generation: 35
length: 19.7
feature_occurency: [19, 48, 34, 19, 109, 46, 42, 19, 27, 26, 46, 45, 70, 39, 59, 28, 43, 32, 35, 137, 55, 30, 37, 131, 36, 32, 193, 41, 26, 30, 57, 14, 32, 63]

Generation 80
Average: 0.9090 Best: 0.9373
Best Individual: 
C0 24|29|0|23|27|12|18|26|16|18|21|4|15|4|26|33|1|32|4|25|4|12|14|10|6|23|26|23|26|12|33|19|19|6|
Overall Best: 0.9402 Generation: 35
length: 20.1
feature_occurency: [28, 37, 30, 26, 97, 49, 38, 19, 36, 22, 47, 46, 77, 41, 64, 27, 40, 33, 48, 124, 52, 31, 35, 126, 45, 22, 183, 48, 25, 39, 53, 14, 32, 66]

Generation 81
Average: 0.9047 Best: 0.9288
Best Individual: 
C0 17|1|19|23|19|12|5|26|14|2|30|11|33|23|20|30|23|26|4|20|4|27|9|33|24|10|13|10|16|26|5|5|19|10|
Overall Best: 0.9402 Generation: 35
length: 20.38
feature_occurency: [34, 40, 25, 20, 101, 46, 34, 21, 40, 17, 52, 44, 76, 44, 62, 21, 35, 37, 53, 111, 49, 27, 38, 130, 43, 32, 182, 53, 21, 40, 48, 21, 38, 65]

Generation 82
Average: 0.9059 Best: 0.9345
Best Individual: 
C0 17|1|19|23|18|2|5|26|26|32|30|33|33|23|20|19|24|29|18|28|2|4|14|10|6|26|26|23|26|12|33|19|19|6|
Overall Best: 0.9402 Generation: 35
length: 20.82
feature_occurency: [40, 49, 28, 26, 96, 48, 34, 27, 43, 30, 48, 51, 72, 49, 48, 26, 31, 34, 54, 105, 50, 22, 39, 118, 42, 34, 169, 54, 16, 37, 53, 22, 42, 63]

Generation 83
Average: 0.9017 Best: 0.9259
Best Individual: 
C0 13|31|22|23|18|2|5|26|26|32|30|15|33|23|20|19|24|29|18|6|2|4|14|10|6|26|26|23|26|12|32|19|19|6|
Overall Best: 0.9402 Generation: 35
length: 20.66
feature_occurency: [40, 51, 34, 32, 93, 52, 38, 24, 38, 24, 42, 42, 71, 54, 56, 30, 27, 27, 49, 117, 47, 17, 35, 120, 49, 38, 169, 54, 18, 38, 47, 22, 45, 60]

Generation 84
Average: 0.9009 Best: 0.9316
Best Individual: 
C0 13|31|22|23|18|2|5|26|26|32|30|15|33|23|20|19|24|29|18|6|2|4|14|10|6|26|26|27|26|12|13|19|19|6|
Overall Best: 0.9402 Generation: 35
length: 20.84
feature_occurency: [30, 54, 39, 31, 106, 45, 47, 27, 33, 32, 36, 36, 79, 49, 57, 31, 30, 23, 48, 135, 38, 19, 38, 127, 45, 36, 137, 65, 16, 43, 45, 26, 50, 47]

Generation 85
Average: 0.9011 Best: 0.9231
Best Individual: 
C0 22|1|19|23|27|12|18|26|16|18|16|27|9|4|0|33|32|32|23|1|4|14|14|13|24|23|19|23|26|12|33|26|19|18|
Overall Best: 0.9402 Generation: 35
length: 20.44
feature_occurency: [22, 64, 30, 30, 105, 46, 44, 37, 42, 33, 43, 38, 81, 41, 62, 24, 33, 21, 42, 134, 32, 19, 45, 120, 39, 28, 154, 65, 13, 35, 39, 28, 60, 51]

Generation 86
Average: 0.9038 Best: 0.9259
Best Individual: 
C0 8|1|7|7|31|12|5|26|1|32|26|11|4|26|22|33|1|32|4|13|20|27|23|1|24|12|23|6|3|12|19|19|19|19|
Overall Best: 0.9402 Generation: 35
length: 20.64
feature_occurency: [23, 78, 30, 32, 103, 40, 47, 33, 35, 34, 39, 35, 84, 36, 61, 26, 31, 26, 48, 129, 31, 17, 45, 109, 35, 27, 153, 67, 19, 36, 32, 37, 73, 49]

Generation 87
Average: 0.9017 Best: 0.9288
Best Individual: 
C0 22|1|13|23|27|12|18|26|16|25|5|12|1|4|14|33|32|20|23|32|4|5|2|10|6|23|26|23|26|19|33|1|19|18|
Overall Best: 0.9402 Generation: 35
length: 20.56
feature_occurency: [16, 92, 31, 38, 110, 40, 46, 32, 35, 36, 36, 30, 89, 45, 57, 25, 27, 24, 41, 124, 31, 27, 44, 129, 30, 30, 134, 63, 19, 30, 32, 34, 77, 46]

Generation 88
Average: 0.9019 Best: 0.9259
Best Individual: 
C0 29|20|8|26|32|12|11|19|23|22|24|27|3|33|23|19|3|26|4|29|4|8|4|18|6|26|25|23|12|26|27|19|19|7|
Overall Best: 0.9402 Generation: 35
length: 20.48
feature_occurency: [14, 95, 33, 37, 111, 46, 45, 28, 39, 31, 34, 34, 88, 49, 63, 27, 27, 28, 38, 132, 28, 25, 40, 122, 27, 31, 137, 62, 24, 22, 29, 37, 75, 42]

Generation 89
Average: 0.9044 Best: 0.9231
Best Individual: 
C0 4|1|26|14|23|3|21|32|23|26|22|6|31|11|22|16|4|26|4|29|4|8|2|22|19|23|26|23|32|5|7|1|19|10|
Overall Best: 0.9402 Generation: 35
length: 20.18
feature_occurency: [14, 99, 27, 43, 107, 51, 41, 31, 32, 29, 46, 36, 87, 58, 70, 34, 15, 23, 28, 125, 29, 28, 48, 124, 25, 34, 141, 65, 13, 21, 27, 32, 66, 51]

Generation 90
Average: 0.9058 Best: 0.9373
Best Individual: 
C0 8|30|22|24|26|14|5|26|16|26|30|9|33|19|4|4|12|23|23|32|4|5|4|10|6|23|26|2|7|23|6|19|23|11|
Overall Best: 0.9402 Generation: 35
length: 20.04
feature_occurency: [15, 89, 28, 44, 102, 50, 42, 28, 33, 23, 42, 36, 90, 54, 80, 38, 21, 20, 23, 138, 27, 41, 41, 123, 29, 32, 125, 68, 9, 26, 23, 34, 73, 53]

Generation 91
Average: 0.9050 Best: 0.9316
Best Individual: 
C0 8|30|22|24|26|14|5|26|16|26|30|9|33|19|4|4|12|23|23|32|4|5|4|10|6|23|26|2|7|23|6|19|10|11|
Overall Best: 0.9402 Generation: 35
length: 20.04
feature_occurency: [13, 92, 31, 40, 116, 52, 46, 36, 35, 20, 42, 49, 90, 53, 68, 30, 19, 26, 21, 126, 24, 39, 40, 133, 29, 28, 132, 60, 10, 14, 32, 30, 72, 52]

Generation 92
Average: 0.9069 Best: 0.9316
Best Individual: 
C0 8|21|22|1|26|14|5|26|16|4|30|1|33|19|20|4|6|23|23|32|1|5|4|10|33|23|26|2|8|23|6|19|23|11|
Overall Best: 0.9402 Generation: 35
length: 20.1
feature_occurency: [12, 87, 30, 36, 108, 55, 55, 32, 38, 23, 38, 56, 78, 47, 57, 30, 23, 30, 20, 116, 29, 47, 45, 154, 37, 29, 130, 64, 22, 11, 40, 27, 53, 41]

Generation 93
Average: 0.9077 Best: 0.9316
Best Individual: 
C0 20|1|25|25|27|12|23|25|1|32|26|11|7|19|26|26|1|26|19|14|4|22|22|4|24|23|19|23|26|28|13|31|19|18|
Overall Best: 0.9402 Generation: 35
length: 20.28
feature_occurency: [13, 79, 36, 31, 102, 60, 53, 30, 32, 19, 38, 46, 80, 39, 66, 23, 24, 41, 26, 106, 36, 48, 51, 160, 37, 45, 127, 67, 23, 12, 32, 24, 55, 39]

Generation 94
Average: 0.9066 Best: 0.9288
Best Individual: 
C0 20|1|24|25|27|12|23|25|1|32|26|11|7|19|26|26|1|26|19|14|4|22|21|4|24|23|19|23|26|28|13|31|19|18|
Overall Best: 0.9402 Generation: 35
length: 20.36
feature_occurency: [17, 71, 40, 30, 109, 56, 48, 23, 26, 17, 25, 47, 79, 44, 63, 26, 22, 39, 34, 117, 40, 55, 53, 155, 39, 47, 133, 64, 26, 9, 38, 20, 45, 43]

Generation 95
Average: 0.9070 Best: 0.9316
Best Individual: 
C0 27|1|25|25|27|12|23|19|4|32|26|21|4|23|23|33|32|26|23|32|4|5|4|4|6|23|26|19|7|23|6|22|26|11|
Overall Best: 0.9402 Generation: 35
length: 20.1
feature_occurency: [12, 79, 37, 25, 111, 61, 43, 25, 32, 17, 30, 43, 70, 36, 60, 21, 30, 37, 19, 111, 42, 50, 56, 163, 36, 45, 146, 65, 18, 10, 53, 14, 55, 48]

Generation 96
Average: 0.9084 Best: 0.9316
Best Individual: 
C0 25|12|17|23|19|12|6|21|33|26|26|11|4|30|30|1|17|24|23|14|4|18|14|9|33|23|27|19|26|26|27|4|19|22|
Overall Best: 0.9402 Generation: 35
length: 19.98
feature_occurency: [15, 76, 43, 30, 107, 54, 49, 30, 31, 21, 37, 36, 75, 47, 62, 30, 25, 29, 19, 122, 38, 43, 50, 157, 37, 45, 146, 58, 12, 8, 55, 20, 53, 40]

Generation 97
Average: 0.9070 Best: 0.9316
Best Individual: 
C0 25|30|16|23|32|12|6|19|1|32|26|32|7|19|26|7|1|26|23|25|4|13|31|1|24|20|23|1|30|26|27|19|19|22|
Overall Best: 0.9402 Generation: 35
length: 20.1
feature_occurency: [14, 75, 38, 37, 104, 53, 46, 35, 27, 21, 55, 43, 68, 43, 61, 39, 28, 45, 23, 117, 33, 39, 50, 147, 37, 37, 148, 58, 12, 11, 40, 22, 50, 44]

Generation 98
Average: 0.9060 Best: 0.9259
Best Individual: 
C0 7|7|21|23|26|14|19|21|23|11|26|11|4|4|26|16|5|23|4|14|31|19|14|10|1|20|23|23|26|1|24|20|10|11|
Overall Best: 0.9402 Generation: 35
length: 20.12
feature_occurency: [15, 80, 37, 40, 107, 54, 50, 42, 32, 24, 61, 48, 66, 42, 58, 34, 23, 39, 17, 110, 31, 35, 56, 147, 35, 39, 137, 52, 14, 17, 34, 22, 59, 43]

Generation 99
Average: 0.9049 Best: 0.9259
Best Individual: 
C0 7|7|21|23|26|14|19|21|23|11|16|11|4|4|26|16|5|23|4|14|31|19|14|10|1|20|11|23|26|1|24|20|10|17|
Overall Best: 0.9402 Generation: 35
==================
    Best individual after 100 generations
    computed in 126.9060 seconds
    330 elements out of 351 correct.
    emerged in generation 35
    with fitness 0.9402
==================

12|23|33|23|11|25|4|23|25|23|4|8|23|27|23|19|19|10|7|19|4|16|7|4|6|14|14|18|25|14|33|23|6|1|
